#2020-10-17	/home/chrisz/programs/bursting/txburst_inference.py infer -c Gm12603_sh2_cast.csv --njobs 200 --method max-likelihood --bootstrap --output Gm12603_sh2_cast.ml.bootstrap.csv --binitrandom	2:11:28.346024	0.1
ENSMUSG00000000001,4.240316833873064,999.9999999112215,1936.538009283186,2.9214793791667697,5.877080993640027,1.3723501570676733,3.6505025161828484,100,100
ENSMUSG00000000028,0.04062985237942127,1.163705287407833,11.27553057910717,0.01698122408220392,0.08897601751011594,2.7810407992625463,22.535954031974107,100,100
ENSMUSG00000000037,0.02317861724264834,20.44139171329351,14.862247291524824,0.001,9.655910088989959,0.0010158825891668174,12.504581093160333,100,100
ENSMUSG00000000049,0.10090132003654612,10.582072081956815,6.100851517852728,0.001,27.201486862174008,0.0012033048551488303,20.779769259892333,100,100
ENSMUSG00000000056,0.3847355689192709,0.7017351923972429,4.008611418441684,0.11411133912457803,0.8672243272537568,1.8026700510736706,22.715026481790616,100,100
ENSMUSG00000000058,1.0773206605077545,34.4064519395802,105.63221651351793,0.6817356016548115,2.4865176760506347,1.286968583959918,5.810450335393669,100,100
ENSMUSG00000000078,0.4810946752402159,2.321186076698864,49.57928869053796,0.35280336995385686,0.6620738541561562,15.465158761211415,29.484258971337432,100,100
ENSMUSG00000000085,0.27579041589154224,0.7650274187380511,6.344684023142725,0.14395413730548604,0.5993904610057277,3.026187133970475,15.798868337075428,100,100
ENSMUSG00000000088,2.8052634286229026,324.52203272314955,414.698772504454,1.801592254919181,4.2353990094121725,0.8027706735596865,2.784413459340306,100,100
ENSMUSG00000000093,0.005017077737395911,15.766495320974077,65.82562336196189,0.001,0.16207833066480165,0.005256588890372128,47.25199807308964,100,100
ENSMUSG00000000094,5.876119951007304,714.6535840616135,1.017782823937638,0.001,16.81567662498171,0.0010000000000320406,0.014056696602440043,100,100
ENSMUSG00000000120,0.001,62.31581250733508,1.0,0.001,0.001,0.0018675879221589876,0.09099336606003267,100,100
ENSMUSG00000000126,0.08265978108629515,48.377920557230105,318.6087555730962,0.04573826086286563,0.12308883527485295,2.812311657527842,15.17278668735226,100,100
ENSMUSG00000000127,0.3987970435945837,0.4441505309178422,4.2418674139310975,0.16367573955962278,1.2997059629905299,1.6373528202194443,28.8214711071753,100,100
ENSMUSG00000000131,1.318255714760956,9.791249541807142,18.687114816317486,0.6286028873381528,2.151125130840932,1.0999157878138897,4.839524563412295,100,100
ENSMUSG00000000134,0.18636071381639344,0.21478928978658457,7.556341919336606,0.11030881387375677,0.3116616621084003,16.78591342791151,67.68574003306216,100,100
ENSMUSG00000000142,0.2153763711821662,17.70051078574523,3.465528185941209,0.007197931012108384,39.25332652391354,0.0010392399224186531,2.4081362229889764,100,100
ENSMUSG00000000148,0.32144533289549343,0.9595144479654749,3.605102159740266,0.08910153289008022,0.7499590368887177,1.3348778129200478,21.079072260656197,100,100
ENSMUSG00000000149,0.16815150291673672,0.15959156449632705,5.915881057891146,0.054479057360144044,0.5341050929610249,10.445617716629913,155.48624777468336,100,100
ENSMUSG00000000154,0.2501995560843048,3.4032040279036497,4.8459751273455165,0.031086612024062557,0.5409043991535792,0.5594633381843341,13.53151431765814,100,100
ENSMUSG00000000159,0.001,62.31581250733508,1.0,0.001,0.0010000000000000005,0.0014391566654889097,0.1530091248483908,100,100
ENSMUSG00000000167,0.1260037060356648,31.217406118909725,25.27518301762541,0.001,0.49487812230172146,0.09625753217537104,68.802013122907,100,100
ENSMUSG00000000168,2.7580175861703586,173.1870589284245,182.42131665822907,1.4708506782783153,4.584469529405855,0.6299199087684275,3.0925808908011794,100,100
ENSMUSG00000000171,0.05727717856554109,0.11339666476385633,29.52205176754491,0.001,0.2233027118652085,0.1411369676490751,28097.035356209362,100,100
ENSMUSG00000000182,1.5172437438947775,363.64103982169183,1.0,0.001,12.276195136463823,0.0010000155627348279,0.17941546197150646,100,100
ENSMUSG00000000184,1.585961540852796,64.25444035576392,517.1943174579006,1.1986523690270372,6.825420615342059,1.9409036996306117,12.04811348410566,100,100
ENSMUSG00000000194,2.6173802850430397,7.163251094932428,26.701110177221477,1.5745818077663136,4.898939619263932,1.4759519570579287,9.765766020818711,100,100
ENSMUSG00000000214,0.001,62.31581250733508,1.0,0.001,0.001,0.001552901737664444,0.18606587464408816,100,100
ENSMUSG00000000223,0.0035090191634001545,8.115615402350885,74.86571962174428,0.001,6.53684832300386,0.001177846674033001,30.24572516613818,100,100
ENSMUSG00000000244,0.04036360632078203,5.666183473141475,4.866503999181449,0.004374471732175707,24.186402612133364,0.0010477344731889813,3.335287883828236,100,100
ENSMUSG00000000247,0.001,61.024058264401226,1.0,0.001,0.0010000000000000005,0.0018549407677294154,0.40801890785921563,100,100
ENSMUSG00000000248,0.06110457832682761,0.23713868283023806,2.211906177222833,0.005731587541860325,0.3604679316825908,1.0973896771929597,272.58748134817563,100,100
ENSMUSG00000000253,0.14421280077994048,0.490409028201002,1.6266796003265753,0.014026549328241891,0.5485296109963899,0.6328985189731986,38.88634482943031,100,100
ENSMUSG00000000263,0.001,59.75744064589286,1.0,0.001,0.001,0.0019412465753385977,0.17079502543831815,100,100
ENSMUSG00000000266,0.6269425087871157,34.11843179821677,9.818725479485806,0.17007230012901597,3.6428653100667923,0.056825435361986525,1.0261636893063353,100,100
ENSMUSG00000000275,1.2566916731775044,3.6206582158928144,11.209050926842428,0.7716213243615526,2.091689730301821,1.355893739716414,5.968621595966408,100,100
ENSMUSG00000000282,0.4939414804391293,2.7045820623092807,8.423960722155531,0.15437255899524074,0.7354586447837106,1.836388532626304,15.216360802291444,100,100
ENSMUSG00000000290,0.20222647972677663,32.557078112343305,24.951807752889735,0.010700059360518634,0.4944264327697182,0.2809092711312575,22.668577161229287,100,100
ENSMUSG00000000295,1.8032428606630622,23.915869500701568,34.981982657612015,0.9332442157318469,3.2343021243267507,0.6986399184181109,5.168024521406187,100,100
ENSMUSG00000000296,0.26269184050422095,44.043514972282324,35.55402342178502,0.1202017472541401,0.9877235572157105,0.20218034859213924,1.9916572653351419,100,100
ENSMUSG00000000301,0.40166748459866364,1.8137547564608691,2.918241596204324,0.001020628102806145,0.9166580563215476,0.5936821115662532,875.7261095927095,100,100
ENSMUSG00000000303,7.896569946564488,955.7341732634085,1.0044984255574154,0.001,16.744897087540878,0.001,0.05663562445458249,100,100
ENSMUSG00000000305,0.001,62.31581250733508,1.0,0.001,0.0010000000000000009,0.0017383572804810967,0.12955203520862532,100,100
ENSMUSG00000000308,0.003069677883040197,0.6267688755410777,13.870762446244173,0.001,6.2629223463507655,0.001148239878509023,47.9880604197558,100,100
ENSMUSG00000000317,0.001,62.31581250733508,1.0,0.001,0.001,0.0014649142039760573,0.33229379666206693,100,100
ENSMUSG00000000318,1.2942464081253242,312.7073817864961,1.0,0.001,10.672968471636965,0.0010221377837633288,0.15560095082426956,100,100
ENSMUSG00000000320,16.128514097889536,971.2217559601833,1.033357291432956,0.001,26.237044269479746,0.0010000000000000443,0.009017410583037191,100,100
ENSMUSG00000000325,0.050875067835836695,0.18747149551446615,2.864307978121321,0.001,0.2692576029833817,2.2310470632164323,1119.0552690168383,100,100
ENSMUSG00000000326,3.7921701306673596,311.5957823784225,748.851246322026,2.3837145976453313,5.237688263761849,1.706623097105275,6.066358311971426,100,100
ENSMUSG00000000339,1.5663491686468347,4.485120151495504,12.424193287785524,0.9908251502924463,3.132947519437897,1.0432501098841471,5.383066422080757,100,100
ENSMUSG00000000340,0.9804306936186937,3.1204753371533913,7.393826632155613,0.3459669208858798,1.8719448319232326,0.9704588738999448,14.84796039566529,100,100
ENSMUSG00000000346,1.980091143094258,3.0041140451626624,35.031367200780345,1.2929769420520836,4.602228125449377,3.032425323010841,21.2628409406424,100,100
ENSMUSG00000000359,0.1672634229769596,0.9919373461990936,7.580974616168343,0.08114896919683293,0.2816225161061494,3.7852043475822104,17.217384727440304,100,100
ENSMUSG00000000365,0.001,62.31581250733508,1.0,0.001,0.001,0.0019633039211234184,0.20268306765369237,100,100
ENSMUSG00000000374,1.1682216453701915,2.346651043016363,5.810443652553647,0.3804347560822541,4.129970329096611,0.459898840688673,13.425975650497946,100,100
ENSMUSG00000000378,3.4353267050863887,159.20018972072072,293.1962232104822,2.1064522001109536,7.059483169206502,0.9491522557897418,4.6699331230157535,100,100
ENSMUSG00000000384,0.2620841140719488,0.20697258034429372,2.9100563970917555,0.05326317704548762,1.2356918801767454,1.6125424001348119,93.15900175686949,100,100
ENSMUSG00000000385,0.001,62.31581250733508,1.0,0.001,0.0010000000000000009,0.0018063398848952108,0.19530025645484247,100,100
ENSMUSG00000000386,0.016207865998123076,1.3764565234174926,3.960036982176704,0.001,12.002456195192988,0.0011528101684357048,12.517255505864227,100,100
ENSMUSG00000000392,0.053870728591576836,2.1765587603568037,5.589952666945546,0.001021303922592994,0.1386790976529193,0.6195584717728878,90.23309755804951,100,100
ENSMUSG00000000399,15.283293387220397,0.001,35.0017867914512,0.05493550906656311,36.90700144165335,1.7813306646470926,35005.33396376627,100,100
ENSMUSG00000000402,0.001,62.31581250733508,1.0,0.001,0.0010000000000000009,0.0016232522784315807,0.12499744973731652,100,100
ENSMUSG00000000409,2.0826313051015224,503.49146876914733,1.0,0.001,6.763233921266195,0.001079882385871665,0.09996712477190131,100,100
ENSMUSG00000000411,0.001,62.31581250733508,1.0,0.001,0.001,0.0016859288748439978,0.20809076256301579,100,100
ENSMUSG00000000416,0.03317660682903805,7.518054202609077,10.435211883469215,0.001,13.554208912420908,0.0014457483347351577,5.011912252497752,100,100
ENSMUSG00000000420,2.22310430685641,8.199037738233205,21.215169102742237,1.1866086553469377,7.573275481586294,0.6318951878761286,7.751242832436605,100,100
ENSMUSG00000000439,0.46011522997348836,6.21248751691184,5.335103129889229,0.001,0.9755647337443347,0.3977283809846044,740.8624293653982,100,100
ENSMUSG00000000440,0.08918949218594077,33.27900791334767,91.63728660814989,0.036863228298077325,0.18589313534260044,1.0523491201945918,7.293379965053875,100,100
ENSMUSG00000000441,0.4611112539119545,1.3331732783531232,19.01839398393469,0.2156508650565818,0.6656904794315563,9.163129447421792,38.975774829115736,100,100
ENSMUSG00000000486,0.1078359375066299,0.30745359242313325,2.2075527670553474,0.001,0.4362718463485197,1.2261029691527892,866.5789362380576,100,100
ENSMUSG00000000489,0.001,62.31581250733508,1.0,0.001,0.0010000000000000009,0.0016220539029968082,0.1739605149102394,100,100
ENSMUSG00000000530,0.04820850694846814,1.519347584624053,12.995675309867567,0.01833201301647399,0.0937226369874874,3.1871104376847956,25.300497798752296,100,100
ENSMUSG00000000531,0.001,45.37980714614509,1.0,0.001,0.001,0.001885690986164957,0.1511989480659085,100,100
ENSMUSG00000000532,0.06608077475371199,0.7599201336896488,4.154001063349793,0.001,0.21422661382681596,1.3737102157726429,476.3462781111441,100,100
ENSMUSG00000000538,1.1037574416527112,0.5790650767766146,6.0968160076775355,0.5159675529358865,6.231588740428084,0.687748229124518,35.07667553874617,100,100
ENSMUSG00000000544,0.001,62.31581250733508,1.0,0.001,0.001,0.0016415710644414705,0.07282142057381219,100,100
ENSMUSG00000000552,0.8253020799899331,113.59649682646408,190.97641179473365,0.0055109849012373955,1.1076705020222697,1.3352553942954184,685.9713987627943,100,100
ENSMUSG00000000555,1.4290510611047602,180.92999964523773,2240.1359703055036,1.2371479006818729,1.7728025665116884,9.930745683903947,15.413078569436806,100,100
ENSMUSG00000000560,0.001,62.31581250733508,1.0,0.001,0.001,0.0018498863568335207,0.14355280541843374,100,100
ENSMUSG00000000561,2.024133088340632,526.5191207742782,307.07447273189894,0.4343894309016304,3.981851678558201,0.293542772055864,7.8716114744254115,100,100
ENSMUSG00000000563,6.735399268061438,195.963030445414,818.2553870796116,4.478734333235282,8.07172853198334,3.4599791845891934,8.843072863732617,100,100
ENSMUSG00000000567,0.24648026218607977,18.003901273243724,37.36658141002859,0.16512294060761692,0.4172903977625647,1.0743382662109555,3.6447354614633123,100,100
ENSMUSG00000000568,0.5163576314444928,1.3685108633375862,10.845438603607452,0.23096046273400622,0.7681112981100391,4.332767497259079,27.203664365416948,100,100
ENSMUSG00000000579,0.08612539203357773,0.19619186155797305,22.444940710709652,0.026878982496327045,0.2430584259167548,33.60499034852086,403.66151878351127,100,100
ENSMUSG00000000581,0.9152759043576844,0.6794505266909474,7.653164753034465,0.5463109232071903,3.7904451125910814,1.2394321774089296,25.786502215930916,100,100
ENSMUSG00000000594,0.1596107723268041,0.8008561520890511,2.5470193612625502,0.02146510493101026,0.4635104070748596,0.8186159621421267,24.38325622194076,100,100
ENSMUSG00000000600,2.1312308314608077,19.119068097658705,22.16623933016511,0.4671008620091379,3.893578323532221,0.6106457190979566,16.646713727009544,100,100
ENSMUSG00000000605,0.2363602323107589,0.3683973142903769,14.910481393580234,0.1207284585249721,0.558111418767588,11.63244253749981,86.43826966504088,100,100
ENSMUSG00000000627,0.001,61.259704531272526,1.0,0.001,0.001,0.0017395996542320076,0.0820190629765528,100,100
ENSMUSG00000000628,1.607110040869749,103.6104470355744,308.01512930487837,1.0596152892631174,2.6458462614517675,1.7696497933987794,5.7767446159565194,100,100
ENSMUSG00000000631,1.7016667312509897,999.9999999312975,2163.0364501772347,0.5312806519332466,2.39147975067079,1.5199854767674235,15.489308540879696,100,100
ENSMUSG00000000632,0.001,62.31581250733508,1.0,0.001,0.0010000000000000005,0.0018257019884200926,0.1903628601338218,100,100
ENSMUSG00000000673,1.827408594187776,433.33200259696997,1.0,0.001,9.514953522537498,0.0010000015489161655,0.10131258494382187,100,100
ENSMUSG00000000682,0.001,62.31581250733508,1.0,0.001,0.001,0.0015627485123664354,0.09494755789612415,100,100
ENSMUSG00000000686,0.01834022235794464,2.434281065726946,8.46853196351328,0.001,4.607194864521271,0.0018245823652931906,40.17230564297722,100,100
ENSMUSG00000000690,0.098440694948398,0.12165359046984435,7.5812167727493796,0.00557606360988046,0.3226036455269031,13.941367844257309,3264.957066156975,100,100
ENSMUSG00000000693,0.6665433703629764,19.92926829758951,130.89315199671904,0.5200831863041614,0.8291923591107728,5.0192310722733495,10.603174778631109,100,100
ENSMUSG00000000708,0.006803908725444021,0.03958497931976595,1.35328876638385,0.001,0.22050389573472703,0.7446325062842518,280.6047394119986,100,100
ENSMUSG00000000711,0.6268486118573308,0.5769517785397658,9.369188922217631,0.47863334375481326,1.8178894889256856,2.9645401563365334,24.71667820513799,100,100
ENSMUSG00000000724,0.001,59.75744064589286,1.0,0.001,0.001,0.0018011602787188028,0.11408160535286938,100,100
ENSMUSG00000000730,0.1407695795699865,55.85239205005398,201.0885708742459,0.046849475231072656,0.22300243721110474,1.8809822096951734,9.04064228364403,100,100
ENSMUSG00000000731,0.001,62.31581250733508,1.0,0.001,0.001,0.002201787404092278,0.23501715091316128,100,100
ENSMUSG00000000732,0.039128097672301326,20.222431806499156,10.684098692582708,0.001,16.812660524097033,0.0010496558468449059,4.347844374677362,100,100
ENSMUSG00000000738,0.739965886724403,0.742164970318996,3.784521532597388,0.20688647998921628,2.8837068406684443,0.7023479727897102,29.8642359042663,100,100
ENSMUSG00000000739,0.001,61.45463549419866,1.0,0.001,0.0010000000000000005,0.0017604879674467514,0.23304986840473269,100,100
ENSMUSG00000000740,5.194080516237541,131.28798129717043,4831.599076448115,0.04510416872374362,6.28685577138763,1.23723385033419,515.8145879199595,100,100
ENSMUSG00000000743,2.245275344468849,5.872870521934403,23.893612413112912,1.1149001550313429,6.56182309299538,0.9838299556700436,12.690360721290912,100,100
ENSMUSG00000000751,0.7806414342803983,363.94433218593133,1560.7974282957318,0.6126380589326287,1.0461257450131871,3.051369138136063,5.684597443952888,100,100
ENSMUSG00000000753,2.0563257188489734,153.8405504552969,4474.728146043452,1.3980732260722726,2.925967141454673,20.743899731979973,67.06208062611776,100,100
ENSMUSG00000000759,0.7223905129655366,0.3779533484708166,3.0140942818175462,0.20573783438059362,2.769637813355995,1.0834504885138876,50.67359983879741,100,100
ENSMUSG00000000776,1.3473186053929882,3.509723508060872,13.86541150818147,0.8243757290493203,2.429349187156902,1.634279322389646,8.690602734523065,100,100
ENSMUSG00000000782,0.03504514355042696,20.41337039104865,22.760452670816942,0.001,14.066006183906193,0.001609728436683068,19.590587051047006,100,100
ENSMUSG00000000787,0.43973600821226116,0.45498605731407327,15.175458956903185,0.2751615893797368,1.3560916550267454,5.803007518768948,66.4955899100188,100,100
ENSMUSG00000000791,1.6567945766216425,390.5042082831539,1.0,0.001,6.755434323043481,0.0010000003239129655,0.22841652012109584,100,100
ENSMUSG00000000792,0.6437621963837976,154.64850262092747,1.0,0.001,4.2353138614958965,0.0011541382168048368,0.10314623534296712,100,100
ENSMUSG00000000794,0.001,61.88525872635182,1.0,0.001,0.001,0.0018442894229713071,0.07988251040879712,100,100
ENSMUSG00000000804,0.527123040087047,2.8491168652848065,5.773718567347658,0.0011812993449717268,0.9924388280079128,0.9644714058275409,1575.656935542937,100,100
ENSMUSG00000000805,0.003287900118923213,10.712309588871499,26.189860279174738,0.001,0.03373759582366618,0.002090526895496216,16.851548710119616,100,100
ENSMUSG00000000811,0.42625448099796265,32.17799009210199,12.573160962686696,0.05212151601657099,1.9539239760013245,0.09395054557703714,2.9526956323803795,100,100
ENSMUSG00000000823,0.0821444254392676,0.4647390968137364,4.394248304038343,0.004689190396616252,0.21950839809912964,2.8362315535401503,230.9863785817143,100,100
ENSMUSG00000000826,4.0792132206210505,680.0527320015609,776.991267809892,2.5295646973177632,6.223354454825771,0.7641732852413736,2.961376702990978,100,100
ENSMUSG00000000827,5.433259344442445,855.5311419435642,1103.7151326798587,3.799888399678064,10.294890511944438,0.6880925861772464,2.472881128546139,100,100
ENSMUSG00000000838,0.08950799512046866,0.18503875785549742,3.067508474918438,0.0016779290290667704,0.3171128163620214,2.93158093151483,880.902935238352,100,100
ENSMUSG00000000861,0.006599503661675087,16.241534448102218,40.6405295624208,0.001,7.720129327607199,0.001116468836486508,36.805964350191836,100,100
ENSMUSG00000000869,0.001,62.31581250733508,1.0,0.001,0.0010000000000000005,0.0015115172466743329,0.22604273852246393,100,100
ENSMUSG00000000876,0.18786013999791032,0.25911588021165993,2.6443246862955347,0.0011723768105986712,0.8452370550300543,1.4335930589677957,2041.0125204631745,100,100
ENSMUSG00000000881,0.10143624224547296,0.17350063071342112,5.105811368411397,0.001,0.32927024829079815,7.598428414362482,2989.974749508382,100,100
ENSMUSG00000000884,0.3385596658794304,0.5310617223233312,1.8436119716605013,0.05698351459711238,1.3856024807537828,0.5325338554048653,29.785873896514282,100,100
ENSMUSG00000000889,0.001,62.31581250733508,1.0,0.001,0.001,0.0016873223350067866,0.1044287635111267,100,100
ENSMUSG00000000901,0.5055046015522051,34.4650622681198,147.5596007959357,0.21738145860471028,0.623120985112618,3.3048378879469413,14.314846729137571,100,100
ENSMUSG00000000902,2.4998822184456646,65.79934654952208,120.10406739297059,1.5240219721661714,3.9761017259815916,1.0551564894276066,3.9082663423764608,100,100
ENSMUSG00000000903,0.001,62.31581250733508,1.0,0.001,0.0010000000000000005,0.0017662541993951212,0.1334720185534071,100,100
ENSMUSG00000000915,0.19956580849397373,2.0867386350632935,3.310958884686983,0.09285763763166693,0.47978322670622664,0.5118743634369025,3.03053128532857,100,100
ENSMUSG00000000916,0.6032881407452557,1.0635577745674083,3.0119748257202543,0.216759838098778,1.30752279884774,0.77880701570722,11.342881765648482,100,100
ENSMUSG00000000934,0.25028598498862054,0.33475332230208227,3.1432411898724504,0.03156580021271579,0.7931028605758028,1.779480010757591,1208.2481003696769,100,100
ENSMUSG00000000938,0.3427548176724924,2.3123935514814153,16.736444957762828,0.23836632327552504,0.5023126510756872,4.426594324792948,10.832826950120985,100,100
ENSMUSG00000000942,15.776033941387949,944.2435404846863,1.0267828848154705,0.001,24.508800472796366,0.0010000000000006855,0.009017471095617149,100,100
ENSMUSG00000000948,0.001,61.674132606755,1.0,0.001,0.001,0.0016317238487315814,0.1283232472585955,100,100
ENSMUSG00000000957,1.8071763330586483,351.72919500159963,1177.9562122018147,1.2526992561487007,3.0790483868267735,1.8506738497503545,8.322659656361536,100,100
ENSMUSG00000000958,0.6368108453146443,2.032701770354823,4.472723609000196,0.21380275094836543,1.244536523939518,1.002395850914696,10.730950906649511,100,100
ENSMUSG00000000959,2.1978097516862576,13.196358590533057,23.19470769899116,1.272796796406457,4.217723509916569,0.7873976235316404,4.876252707731022,100,100
ENSMUSG00000000976,1.0634887973752205,17.844638150813605,25.91327000049966,0.024155544107668105,1.3214026017699187,1.2106433492491941,253.68377323496784,100,100
ENSMUSG00000000982,0.001,62.31581250733508,1.0,0.001,0.001,0.001799171159885305,0.09687446483336289,100,100
ENSMUSG00000000983,0.008052363278030474,75.21597379361243,80.80932956997583,0.001,0.009391628873864038,0.0016134591391410752,24.172437572314173,100,100
ENSMUSG00000001014,0.001,61.88525872635182,1.0,0.001,0.001,0.0018564080587481204,0.12605985734180825,100,100
ENSMUSG00000001016,1.701478685616225,28.408433394524533,74.3209028774385,0.9999733409095148,4.145224830941819,1.0012338549270852,5.573623441071167,100,100
ENSMUSG00000001017,0.28505707526670065,0.1915132376040721,9.984768173148142,0.14331892225708265,1.3534631101300305,4.342982061287801,128.89380455697847,100,100
ENSMUSG00000001018,2.7568937493861787,392.119526499174,612.4397171320594,1.4466797565214722,3.7684306534168943,1.1950233986244219,5.031328979269963,100,100
ENSMUSG00000001020,0.17607496862580932,0.8409833510813866,380.5489991383178,0.001,0.22826019175819023,0.005625886997913797,543.1691421064113,100,100
ENSMUSG00000001021,0.2916896148721174,66.31569515728378,407.4894483763579,0.20979858640958815,0.421014874051303,3.4669672880094815,9.706781647565684,100,100
ENSMUSG00000001023,0.5964455327572611,32.76786221168832,13.629171860605064,0.11991404672488784,1.761223942328209,0.16577137758081006,2.8809467570407623,100,100
ENSMUSG00000001025,3.884459809412515,149.91794288414508,9451.57906082276,0.017837500327997195,3.992925948344821,1.399824499763557,118334.6337715749,100,100
ENSMUSG00000001027,0.001,66.84427540036525,1.0,0.001,0.001,0.0020057482162130153,0.6146442711482739,100,100
ENSMUSG00000001029,0.001,62.31581250733508,1.0,0.001,0.001,0.0017008992433701245,0.4119842780059624,100,100
ENSMUSG00000001034,0.936493892376922,1.2845377900475836,6.255449300883438,0.28384993849471996,2.6931183366881197,1.0648362714949084,28.295323599928246,100,100
ENSMUSG00000001036,0.3997472691811454,1.7488388220999866,3.4277741720095323,0.001,0.5657988515943326,1.1471859280420704,1167.1632271571711,100,100
ENSMUSG00000001039,3.0616729817498896,101.66931309439659,107.03326164783506,1.1774596018585566,5.062240142033865,0.6371896615360368,6.914296357147077,100,100
ENSMUSG00000001052,1.8488088382478955,21.66728059767514,18.332605791552247,0.03274293888849662,4.931539326596733,0.31336031253855634,260.39678684857387,100,100
ENSMUSG00000001053,0.007054306322972246,1.3250066056753957,4.7290116984309405,0.001,8.96474982430719,0.0015756501708306088,16.14117761729427,100,100
ENSMUSG00000001054,1.4127437484929315,800.2859962161505,1018.5197744255124,0.22209824421484942,1.5659067849156578,1.2278844442877805,20.62229127899151,100,100
ENSMUSG00000001056,1.4027316639329999,21.893524469559626,112.68973773255118,0.963263051274573,1.9293618985044816,3.410906185474575,9.001445281556888,100,100
ENSMUSG00000001062,0.05541606459543414,0.04881155660096564,1.5460237332148439,0.0012055183902582559,1.0304470955347895,0.9635275154479471,1370.9184952183095,100,100
ENSMUSG00000001065,0.2612789943579671,1.5760666096118294,4.121179207402705,0.007068438658114597,0.5414419960820763,1.064795393284258,113.88760186704044,100,100
ENSMUSG00000001076,0.001,62.31581250733508,1.0,0.001,0.001,0.0020146111022885708,0.15081483500065226,100,100
ENSMUSG00000001082,2.541106424891712,30.008770457686467,47.91190515958776,1.1370583335276003,4.2631192828474695,0.9428528291714094,6.637453439051648,100,100
ENSMUSG00000001089,0.2283910824572921,0.20249638563457004,3.9234631263723942,0.04533921760163262,0.5634347772487571,5.987053462159425,144.53297955928858,100,100
ENSMUSG00000001095,0.001,62.31581250733508,1.0,0.001,0.001,0.0018593105581113708,0.09503718738936145,100,100
ENSMUSG00000001098,2.83267986530738,51.890147873921336,152.7306042605605,1.9682273867423676,7.758874071069968,1.0640456280625292,5.281293925418959,100,100
ENSMUSG00000001100,3.361692081691559,132.39320754591418,319.76092181578116,2.5811606848972506,6.982846892970881,1.084931499379833,3.262861922238427,100,100
ENSMUSG00000001103,0.001,66.84427540036525,1.0,0.001,0.001,0.0014449230238135094,0.2045317139426301,100,100
ENSMUSG00000001105,0.6389052024290849,1.3077136142268155,33.31184085316562,0.4900415438995941,1.0293552516476472,10.913862714510472,33.878139573115455,100,100
ENSMUSG00000001119,1.5997027182344152,52.89860022788082,944.2917920884156,1.1818043551886532,5.5739532365965,5.53560310117458,29.523885617388736,100,100
ENSMUSG00000001120,0.15815578844121153,0.811878315222054,2.2694914841936518,0.001,0.5216117975905716,0.7096478348722148,430.81162841884645,100,100
ENSMUSG00000001123,0.22167385330411296,0.8357706590142053,29.20895972554422,0.16376250233356843,0.32464181553245475,18.315911581325047,48.34464764267911,100,100
ENSMUSG00000001127,0.1152211395133104,0.10371960210436154,14.796615340636166,0.06858697426193958,0.5208306362407522,15.137690381991447,265.1903693741606,100,100
ENSMUSG00000001128,0.1296790987457412,0.4462878641501347,1.7688299547586837,0.001,0.5547766110420712,0.6969631344800509,731.0899785419804,100,100
ENSMUSG00000001131,0.22906786359279047,2.1237802014015816,1234.70609304069,0.001,40.941510355118,0.0026892933974724106,808401.760055024,100,100
ENSMUSG00000001134,0.1865205603904914,0.1889361632986247,6.347923965562186,0.061961883841353135,0.5982364705462603,6.418762343845636,116.92067199012553,100,100
ENSMUSG00000001138,0.24049792699001465,0.7887229768942177,1.0,0.15548731178081182,1.8116545953382803,0.1450241612099173,2.1584456367364453,100,100
ENSMUSG00000001143,0.21108620012518944,0.17141323730826144,2.159773613271193,0.027430200427804335,1.2364235256962943,1.1400517819687899,391.1243239032037,100,100
ENSMUSG00000001150,2.1588925261699554,97.88535874097032,147.47555698331564,0.7650646108243064,3.326715377875793,0.9712751460433366,8.888720940461404,100,100
ENSMUSG00000001151,0.06233431873213026,0.0879284433965994,1.001131490085594,0.001,0.9899806248377703,0.3842538982947804,790.045176536704,100,100
ENSMUSG00000001155,0.001,62.31581250733508,1.0,0.001,0.001,0.0022398191520714415,0.15786311662191663,100,100
ENSMUSG00000001156,0.22084961081079305,30.166213411745364,23.504403082437094,0.001423980702118665,0.43518673243579914,0.3199789515819117,136.85761078479817,100,100
ENSMUSG00000001157,0.476352159812062,3.153978907317537,4.278188329048705,0.017745847545557587,1.0873236958853607,0.5253879658080747,517.0923945361429,100,100
ENSMUSG00000001158,0.48129280097740545,0.18724336252058257,13.150962854478527,0.001488390019979342,10.582506908324461,6.080409639581999,14105.87495586145,100,100
ENSMUSG00000001166,0.08956279897067286,6.093547430777198,12.691497371800821,0.0018337315075965094,0.21393472653120424,0.6175231493126276,134.79350417752784,100,100
ENSMUSG00000001168,0.001,62.31581250733508,1.0,0.001,0.001,0.001843511625526606,0.15362528701247913,100,100
ENSMUSG00000001173,0.23033248152339053,0.273556030015993,5.583241402723535,0.08706224315254299,0.47933926717625563,7.503265851184893,59.84778911891198,100,100
ENSMUSG00000001175,3.24308428714393,31.944667283739975,468.41485399247324,1.9528780307158118,4.565697936517978,9.795020601366723,32.64083151749634,100,100
ENSMUSG00000001211,0.32134663318011075,0.26461267357611273,2.7462434010310957,0.0774193003445572,1.2575443266567472,1.7621021829974377,62.1105376793336,100,100
ENSMUSG00000001227,0.02553468444218053,21.037298255525265,28.340020328458188,0.001,0.5027911715416409,0.012201498958565078,63.73913268581535,100,100
ENSMUSG00000001228,0.032554376452402146,2.62562053173428,21.87701290060063,0.007839328299101417,0.11794517120649527,0.367688054926627,24.56900354676336,100,100
ENSMUSG00000001229,0.4474555907259578,0.5251959401582036,4.7848578263312485,0.2211645233659741,1.0595933352441946,2.449039025090581,23.020481218925532,100,100
ENSMUSG00000001240,0.16106240875771555,31.162635291964186,24.794153823574543,0.001,0.37641347233843464,0.3674064918274811,146.25883734578636,100,100
ENSMUSG00000001247,0.033724963811384234,19.697776154862037,21.634393519744233,0.001,3.4078305572235896,0.0017719677646630743,54.472458474572875,100,100
ENSMUSG00000001248,0.2818201981689014,0.3039612152192778,3.5710972760754363,0.09176529006009503,0.8236570037926676,2.4134953715518,43.111586817247414,100,100
ENSMUSG00000001249,0.03399076634167701,20.908817278652496,35.61017221220169,0.001,0.23856632670336458,0.11511035059388297,89.51150337334383,100,100
ENSMUSG00000001270,0.17764563159231656,2.1082089332207334,29.749000821976523,0.11125719982771681,0.22944583504033234,10.941492078999458,25.630596935133973,100,100
ENSMUSG00000001280,0.4787451096576868,1.7177200426426773,7.2342119349314356,0.05275714100944964,0.9295557252006306,1.7099579577756325,90.07319022783082,100,100
ENSMUSG00000001281,0.03083910522602844,2.5511208610460208,13.151981944556416,0.001,0.21759690608605814,0.5624625191813897,81.91982351818535,100,100
ENSMUSG00000001285,0.001,0.0033960134552856744,8.413193022269938,0.001,0.01641987470370478,18.92944019259046,5555.021366730141,100,100
ENSMUSG00000001288,0.5815752898187583,1.2841576413161344,9.094439638557022,0.36086698320882094,1.0047528659684186,3.314707513570611,14.545908340382278,100,100
ENSMUSG00000001289,3.260475566717539,14.265466794710735,113.01941597983196,1.7495567631368392,6.010621378226736,3.5736843473212554,23.631101682216716,100,100
ENSMUSG00000001300,0.803923335807594,2.9855519902902152,7.479675090019369,0.5137951229491116,1.325322070265682,1.1690158839474427,4.834139713954011,100,100
ENSMUSG00000001305,2.0130603763634536,351.33598752335223,613.9647004929001,1.2589667037050765,2.971821145314043,1.1600175615818258,3.70865294653562,100,100
ENSMUSG00000001313,0.08725683649376906,0.13998257909942954,4.1666396939991195,0.001,0.3352387628584991,5.287342802757131,2918.996372146066,100,100
ENSMUSG00000001323,2.307813784461169,20.708590236631302,44.605440988827404,1.1055790671600185,3.866548287154325,1.1754924242742888,8.439695272471004,100,100
ENSMUSG00000001333,0.24905502984477795,47.1736837350881,27.014579169948572,0.09397700566464987,15.080489268270181,0.0025068221612310473,1.6279280899292385,100,100
ENSMUSG00000001334,0.0301308695795375,12.988793039250849,27.6761290574702,0.001,15.889220828175329,0.0016148342173138523,9.97025343752189,100,100
ENSMUSG00000001348,0.021984466399007637,11.37493212208819,23.37905965249062,0.0015972112230273586,10.062628853931681,0.0015138036673715135,17.65898306830556,100,100
ENSMUSG00000001349,0.07765507830414867,1.4184687095398805,80.31485808997057,0.03319330902370733,0.10917964842107775,22.359291036413765,1264.0343153080962,100,100
ENSMUSG00000001366,0.6170571101662584,19.17841225471398,16.86327006824861,0.0010255848112612517,1.0616388296176478,0.48016196818812285,947.0320036126745,100,100
ENSMUSG00000001376,0.1700336141102983,0.20734317218399273,3.1993847653497216,0.06809499640701346,0.7539936872043254,2.688028862029912,45.62547574607939,100,100
ENSMUSG00000001380,2.105815321760151,6.834142118731361,20.925464076244417,1.2550676494342312,3.900434747148334,1.1416126070654786,7.64687531790284,100,100
ENSMUSG00000001383,0.14230589876478827,0.09001217248351498,11.862087042867772,0.02836703244720945,0.9411854418884467,9.376888820036301,797.7114199412193,100,100
ENSMUSG00000001403,0.0333159045450509,2.116128189498333,77.01203968599737,0.006292112405589161,0.1149705995655527,3.1454687256418428,234.47038502898425,100,100
ENSMUSG00000001415,0.3645223314091095,0.6134689073800458,3.245958707406877,0.09135298518961368,0.8619937896626757,1.378347243998753,27.273918661649475,100,100
ENSMUSG00000001416,0.32733874200922597,0.9368424569285431,104.56186523926102,0.18074531671446087,0.5898083016068707,54.377769449900555,191.01048744013215,100,100
ENSMUSG00000001418,4.298224930392347,24.094225176789966,164.5596148882158,2.7150651675930346,7.829478603501801,3.288011483201288,15.669049606373775,100,100
ENSMUSG00000001419,0.8733416379246728,1.2957281452383926,8.954793647433085,0.32188668212355265,1.9097279552808821,2.0798656007194665,38.827976223262695,100,100
ENSMUSG00000001420,0.18509252570165827,17.6818942826054,6.860479571386033,0.011285502756427306,32.87662130150952,0.0020623874438194414,4.256897448062401,100,100
ENSMUSG00000001424,0.8856699171419042,1.0947048215972195,6.726777865423879,0.2743738900092917,2.324887847095617,1.3984488882303574,34.55933107562574,100,100
ENSMUSG00000001435,0.10218214923584014,2.2418936635694573,11.701468723309333,0.058535678138965756,0.1810636507577118,2.4286030486932972,10.805292540647274,100,100
ENSMUSG00000001436,0.4181178863605546,3.623681910741331,12.371165942300292,0.12286793796942297,0.6046189606666124,2.2511399270432624,11.303757104275256,100,100
ENSMUSG00000001440,2.5777019634445777,5.514870386237407,89.96283024260502,1.91269073377739,4.978507610673687,5.5882838537010215,23.716267450989363,100,100
ENSMUSG00000001441,1.7930998847438886,10.046403245322637,35.47660985191988,1.1097575598786082,2.691120972986683,1.9342199869524936,7.70314532627291,100,100
ENSMUSG00000001444,0.001,62.31581250733508,1.0,0.001,0.001,0.0019517573553873451,0.09416632060846675,100,100
ENSMUSG00000001445,1.631897923078448,2.83161028489816,13.061105020456413,1.171232011157744,6.243229871212095,0.7843316092607832,7.918086769115875,100,100
ENSMUSG00000001467,0.7959406497780284,2.643924013484274,23.28622430070639,0.6411366176183626,1.0807090723340902,5.7247226019586535,11.809114102648788,100,100
ENSMUSG00000001472,3.9245898270384147,22.404891599995878,81.90809153202957,2.416004167753786,6.646615326607513,1.851321289723999,8.198441819001445,100,100
ENSMUSG00000001473,1.637043792948972,14.000686711175362,228.91697074347647,1.30503324187238,2.4814674621278163,9.3116136108471,23.71663312186495,100,100
ENSMUSG00000001482,1.1554911970274748,4.303063902743009,11.936630733895683,0.7090035650930948,4.928040034817534,0.56218667145746,5.826142347758197,100,100
ENSMUSG00000001493,0.001,62.31581250733508,1.0,0.001,0.0010000000000000009,0.0019322017014215716,0.07566568992482321,100,100
ENSMUSG00000001497,0.14763011103293536,1.2685568804410488,2.4600911176629565,0.009214897982400244,0.37496309792832355,0.612278725906525,86.12138099811523,100,100
ENSMUSG00000001504,0.16028918689721278,2.3368320722975713,2.586236250481743,0.0408695157507263,0.7579000186787055,0.199372368388471,5.150029165922014,100,100
ENSMUSG00000001506,1.6724876384589111,10.49732211888412,904.1967871680548,1.211138632813722,2.295007765540266,53.13654820833102,154.7520298546438,100,100
ENSMUSG00000001507,0.23774711398136045,9.989672297509031,207.36890838335412,0.16442254660470293,0.28271886903626403,16.399886528857397,35.30108036409629,100,100
ENSMUSG00000001508,1.421002959611816,340.4393560865186,1.0,0.001,6.598654185574282,0.0011853623758539432,0.024420223389024456,100,100
ENSMUSG00000001510,0.052584846627863016,0.861023736619612,4.295623858059418,0.006556252203747352,0.17938093399349014,1.0549481766936357,106.77919469477024,100,100
ENSMUSG00000001517,0.05783188160639266,2.6794509771027655,14.659284393651767,0.01539438337252082,0.12962429765122468,1.7367035046185582,33.65800499840303,100,100
ENSMUSG00000001518,0.12096416702336174,0.15343202576983178,1.7103328906651893,0.0010043982220830706,1.120206698399897,0.7941216322403355,1333.2571676718417,100,100
ENSMUSG00000001520,4.42394888846714,529.7820837246334,1.0,0.001,18.891924316431464,0.00100000000000533,0.011441683328549161,100,100
ENSMUSG00000001521,1.8497956433818972,9.777241370331584,18.464748295347118,0.922606696813381,4.061843481196946,0.719487980010417,6.417125449792858,100,100
ENSMUSG00000001524,0.041547454402660264,3.5882536212756095,51.3477234654778,0.001,0.04176568155729772,0.02750262845009936,1447.1158263583256,100,100
ENSMUSG00000001525,0.4067974645384526,1.53014885255164,273.5939550616467,0.001,2.475218018641727,0.017043581855680803,41474.58008520848,100,100
ENSMUSG00000001542,0.1971692415955188,0.2630872540565659,6.866731471986651,0.023196428595823267,0.39093386203294067,10.51286216906454,302.0674252046321,100,100
ENSMUSG00000001552,0.32521676247315395,67.86578654736213,171.42023307085424,0.21436192155937417,0.4672607744803414,1.5475765763623546,4.665124372369829,100,100
ENSMUSG00000001555,2.791016928929411,72.15277981881681,629.3405817714726,1.8346833489956804,3.7197439899164704,6.375718924457853,16.913885366401864,100,100
ENSMUSG00000001558,0.040961462572220664,0.38970511072275676,1.0,0.001,0.39459978833266174,0.1285678571383183,81.40622651724752,100,100
ENSMUSG00000001569,0.8144259106217573,56.49338686318183,145.4811540018742,0.33501655969522204,1.0384996694557136,1.970424282625163,11.552139931392283,100,100
ENSMUSG00000001576,3.2736961556259505,30.634056222099012,151.2889643997676,2.421292427105179,6.819324952842581,2.2070165294109265,8.581254665147329,100,100
ENSMUSG00000001583,0.0033235897614220565,14.488535258769591,35.59853821215411,0.001,0.05072618938839178,0.0016889960908829666,21.607690489261692,100,100
ENSMUSG00000001588,0.001,61.674132606755,1.0,0.001,0.0010000000000000005,0.0016340956729946408,0.2097921778933259,100,100
ENSMUSG00000001604,0.2685686514835554,54.96025797396408,29.136320828068232,0.11915226464053727,20.29706658943736,0.004997745849546537,1.2174653752327447,100,100
ENSMUSG00000001627,1.0829249648690462,166.933050711389,796.6839069458724,0.7740542280453313,1.5469933816203971,2.98306120418352,7.26764388750146,100,100
ENSMUSG00000001630,0.9270027169779711,6.002890475376155,10.55111100446281,0.4766321349290804,1.6160886309024187,0.8768104196723415,4.800579713777138,100,100
ENSMUSG00000001632,0.11193756415123535,0.19104645664144865,2.9280277261981094,0.001,0.6147354959389513,1.815094326481532,2180.0595475461046,100,100
ENSMUSG00000001642,2.0239790382263783,359.2897829132165,834.0161967132286,0.5654840499533996,3.5293750445113936,1.3533699854395596,21.054546842757848,100,100
ENSMUSG00000001655,0.10436075712776186,0.2808077097607252,4.20485346630564,0.028148479255361174,0.28720730428713404,3.6490231874257546,54.995068207444746,100,100
ENSMUSG00000001656,0.011920808362746027,0.09184080604212386,5.103656996842972,0.001,0.08187902437369074,6.419304360242828,923.407327640193,100,100
ENSMUSG00000001657,0.04434463764666597,7.965352732250875,10.900305498063606,0.001,28.909686456364224,0.0010981305707179298,10.312407767948908,100,100
ENSMUSG00000001661,0.001,52.46404042838654,1.0,0.001,0.001,0.0020413092590851564,0.0884028275326395,100,100
ENSMUSG00000001663,0.033413271300703394,0.8532335761927751,2.4060234634843765,0.001,0.42013730442491304,0.16624803438714425,107.3499121132271,100,100
ENSMUSG00000001665,0.3024828136687533,0.7772972981650823,8.81134435504535,0.18958931769079146,0.4437727089766925,6.5950106936943165,21.853015115222227,100,100
ENSMUSG00000001666,1.4269826947483593,2.291619425425754,5.645286210484678,0.562384348119236,4.166601759626743,0.5246359096729609,9.939652165284375,100,100
ENSMUSG00000001670,0.001,62.31581250733508,1.0,0.001,0.001,0.0017411756444816848,0.09104871407744865,100,100
ENSMUSG00000001672,0.001,62.31581250733508,1.0,0.001,0.0010000000000000005,0.0015379090468483135,0.14066281162540056,100,100
ENSMUSG00000001674,1.182174430708077,4.063988095612871,13.237060032124521,0.6519784604873394,2.2026886487035204,1.437863237334094,8.27886693841908,100,100
ENSMUSG00000001687,2.8125638540739457,325.7993133905939,635.3286089534821,1.8135381516289808,3.8969951186606044,1.3270331080855278,3.795585482274225,100,100
ENSMUSG00000001700,1.0730534502095077,2.787603142729976,10.402292706932768,0.6669910642076242,2.638453610719738,1.1069451635463707,8.123213881695653,100,100
ENSMUSG00000001707,1.7934948534447708,48.969925460203,215.02301388050657,1.217650636211268,2.2854974806314035,3.2977964802458906,8.432452593479901,100,100
ENSMUSG00000001729,3.5548474628743083,9.20446273086481,66.56426441260592,2.5764903309475398,7.104229740047814,2.7276152496824055,11.383356559089078,100,100
ENSMUSG00000001739,0.09417417843856705,18.02386214506937,17.44480351137575,0.008100165677044389,0.6244699497563146,0.10153229493116303,12.942545687760154,100,100
ENSMUSG00000001741,0.021695741915515942,0.2309260344897811,2.474943548229298,0.001,0.12214196958510691,1.4376741048999953,281.39161367740235,100,100
ENSMUSG00000001750,0.0033771696650548196,8.154845908667854,72.82809514011923,0.001,0.01042550920700986,0.0033039923372916048,83.09487256047537,100,100
ENSMUSG00000001751,1.034034856832362,4.731664199010255,6.686940180731297,0.44743000472817035,1.9727571223855143,0.5882253233953489,4.858856306899172,100,100
ENSMUSG00000001755,0.25476284686280387,0.3568895666824958,2.6741444669848518,0.027566509775721507,0.9482958297590576,1.441184631906017,1043.2731180150986,100,100
ENSMUSG00000001761,0.35636902281050464,0.5185058194739026,5.935562329802895,0.1746170483511144,0.8069222543108496,3.3609381341666054,27.126257399571756,100,100
ENSMUSG00000001763,0.0066533004130785054,16.268825170705146,39.9608977778331,0.001,0.09518711351866496,0.002674456437732441,20.778585966712605,100,100
ENSMUSG00000001767,0.11728707840973375,0.06746061926818604,1.788149606088728,0.002117332712710609,1.7487053365137755,0.7853482204705653,1690.8302368075847,100,100
ENSMUSG00000001768,0.5132528685042815,184.10576676717258,484.49690935562467,0.3552415757350176,0.7391461797272258,1.6992013170150404,3.899961731773983,100,100
ENSMUSG00000001774,0.5737186971137349,1.3462393379612245,9.01202818559134,0.3590686363731382,0.8600413491308412,3.9158042848552457,12.527960857907694,100,100
ENSMUSG00000001783,1.3825488460748157,2.905041050717212,26.641944364358306,0.9109218823321987,2.8258299346982167,3.1388406439272227,16.84147279897757,100,100
ENSMUSG00000001785,0.8301985823996118,1.9010277146255175,4.89059140145228,0.14948341314390107,1.6546934331395282,0.8661711491598201,28.261854602024528,100,100
ENSMUSG00000001786,0.3407290482065292,0.39876248480682835,2.055761608361935,0.028276040098780438,1.2838857197087425,0.7994647563087486,94.65971945422692,100,100
ENSMUSG00000001794,5.0923116214008735,6.936243489955969,29.007559654262923,2.924899293853948,13.909031761398257,0.8793626194890594,10.432496614650212,100,100
ENSMUSG00000001802,0.18936178220552483,4.281202801863204,12.056009231609456,0.0971067481517324,0.325155821639823,1.4369749570360986,5.442968012480937,100,100
ENSMUSG00000001819,0.007212093442989683,6.429979639841457,107.31330846401724,0.001,0.031167100540789715,0.00201529117730103,264.9716796501275,100,100
ENSMUSG00000001823,0.001,62.31581250733508,1.0,0.001,0.001,0.0017282276182003166,0.1583126056921983,100,100
ENSMUSG00000001827,0.001,62.31581250733508,1.0,0.001,0.001,0.0016834320434239388,0.12020250560375276,100,100
ENSMUSG00000001829,1.042314330260087,1.4336288932705241,5.829212906897097,0.3956374131717953,2.4218345745777343,1.1619144667593835,18.124464130090864,100,100
ENSMUSG00000001833,3.7997964232176016,54.95896937662891,176.71498497190916,2.1135358822439163,6.336059724834595,1.7988701684217165,9.299721097754315,100,100
ENSMUSG00000001844,2.607515788978544,106.38786464638852,141.34096581552976,1.5234241799602632,4.110160425833746,0.7897725314894127,3.2879941174502902,100,100
ENSMUSG00000001847,5.9951665156946925,713.5498049938388,1572.7774341295606,4.008420832459177,7.90307950016532,1.737407951625804,4.573608302542007,100,100
ENSMUSG00000001870,0.760439547798237,1.7939921912111174,26.53254249419075,0.5773248557672688,1.480598798140361,5.455788182663882,20.957692381826558,100,100
ENSMUSG00000001891,2.0306970818879937,165.10352287146299,977.2649511721022,1.7017298709659614,5.577224082405699,2.085050471242716,7.550723360415274,100,100
ENSMUSG00000001909,0.7145503870627042,0.9666641089703997,6.643634669851941,0.48039096795760683,1.7460902608876734,1.7538127775876167,12.483669738961684,100,100
ENSMUSG00000001910,0.5053220684240941,0.48099548884936927,5.6599891368902435,0.22341705401385714,2.5821878277942782,1.1486818470914106,35.338395840198466,100,100
ENSMUSG00000001911,0.28426109310351755,0.3811748331005749,27.170228954590176,0.14317970674519065,0.6980268377893355,18.88266466114461,172.67375082341167,100,100
ENSMUSG00000001918,0.9530972555263415,147.6954693001713,353.88794879598396,0.6333683729673363,1.9707733958175442,1.2741870866664797,4.489367702192974,100,100
ENSMUSG00000001924,0.11879608030024043,0.12328844955291778,59.67684081265627,0.015008901789514736,16.716441743824426,0.0030875459732499473,1125.977532879886,100,100
ENSMUSG00000001930,4.924642261062224,590.4512981103302,1.0,0.001,14.302563816132292,0.0010000000000028341,0.05694658450194121,100,100
ENSMUSG00000001942,0.18028345299245893,0.612899439828371,2.0395332976738434,0.0010029089732539228,0.5839241290430571,0.8456324607438834,712.0889685238275,100,100
ENSMUSG00000001943,0.001,62.31581250733508,1.0,0.001,0.001,0.001685080795288306,0.12624920065265674,100,100
ENSMUSG00000001946,0.022685801715822383,20.61563313118934,14.99870548995577,0.001,12.680295751200648,0.0010498064065177666,29.72532113050379,100,100
ENSMUSG00000001948,0.011286540054342964,18.790334841893607,21.422642358701637,0.001,7.71164483087116,0.0010000000000453541,24.62007801110231,100,100
ENSMUSG00000001962,0.33198910996380127,0.9272158108751835,21.499413118877673,0.1294471395221531,0.49904460262597394,12.885643366216929,78.99685784620553,100,100
ENSMUSG00000001964,0.5209437692144535,19.586533405336162,220.3824134580765,0.27535803468596487,0.6028286646050117,10.642446743835384,30.664010741745994,100,100
ENSMUSG00000001983,0.35618211130180616,1.1476901708827743,2.6432487785178496,0.003607547895715717,0.8662341814080171,0.7331986457321151,589.0714964426629,100,100
ENSMUSG00000001986,0.0018416290396607144,0.0073038425420514416,5.648105059457736,0.001,0.0955281018138037,10.131776770550134,2010.4672738026588,100,100
ENSMUSG00000001988,0.001,62.31581250733508,1.0,0.001,0.001,0.001504266828038707,0.39551977360571255,100,100
ENSMUSG00000001995,0.28364065433052116,0.9112014768706657,4.906662118247436,0.15007994793211998,0.4836645895837627,2.599461652755843,11.975605950278656,100,100
ENSMUSG00000001998,0.1827693263437638,0.6428859409147932,2.5966390439011278,0.001,0.5207740959052135,0.9328212042680626,1000.554224946995,100,100
ENSMUSG00000001999,1.44059895160628,278.3357905687036,344.8093204599037,0.639198993812155,2.0626365090291987,0.7868469281182291,4.795906397971379,100,100
ENSMUSG00000002006,0.1579683705414807,5.336114853552549,9.90198137577421,0.001,0.2735126794152881,0.9808383420663666,363.3035314840847,100,100
ENSMUSG00000002007,0.001,62.31581250733508,1.0,0.001,0.001,0.001511597185061064,0.17199454952965332,100,100
ENSMUSG00000002010,0.09927026468558356,0.08587736057129175,14.227605201855159,0.037883164931551194,0.5016915923597581,16.120647779234982,459.2986740261471,100,100
ENSMUSG00000002012,0.01685613764137657,2.0850574206596924,3.1225444304773924,0.001,20.30370960142654,0.0010513081398171877,12.24876077194184,100,100
ENSMUSG00000002014,0.15859515861267914,0.22615885449049822,64.89228972065831,0.001,0.4225258359814074,0.01600891022766135,26860.490921214157,100,100
ENSMUSG00000002015,0.13110683110303423,0.14867873903670842,45.559374808313386,0.07838040888195635,0.8148178119539717,9.70182163972311,524.0020604942351,100,100
ENSMUSG00000002017,0.3580249544688082,0.34259944904587386,12.562689542074358,0.1959780607959204,1.0770448445618837,6.441387256808886,80.50770716063012,100,100
ENSMUSG00000002020,1.0919885179259592,254.39824533314916,4799.0428407835,0.8388668343629828,1.4297563681991696,13.521278515923166,25.072993213278743,100,100
ENSMUSG00000002028,0.1976941861717119,0.18249115660682885,8.67784810043983,0.1031709490627167,0.8094197878919336,6.147841762916224,106.84254492148983,100,100
ENSMUSG00000002031,0.40871758161551347,0.9167474648372786,3.9474033867589964,0.19851911319642962,0.7312947183128136,1.7999903420235914,12.676989915618503,100,100
ENSMUSG00000002032,1.6262619868264967,395.3519615968364,1.004113302142248,0.001,4.380160385885567,0.0014015601846974674,0.22613523549904824,100,100
ENSMUSG00000002043,2.705996847791481,345.5977973419123,630.4632743646441,1.4697797648230289,3.698453225159656,1.3107863914688391,5.268530024652099,100,100
ENSMUSG00000002052,1.148153769499246,1.3995693668684812,6.33006124650402,0.4766653285222284,3.507491808020721,0.8237690260935169,14.95063815209332,100,100
ENSMUSG00000002055,0.028559144530338365,0.675426628116636,5.359626552471959,0.008639681778759095,0.13699454519958476,0.5559328968602144,23.735979951645003,100,100
ENSMUSG00000002057,0.08559717327253936,16.973218119459386,5.83323460497526,0.0014509148430081964,21.147346058695224,0.001103513779909648,2.935467585642809,100,100
ENSMUSG00000002058,0.538408881006519,28.38814176970191,52.36975274115642,0.33800901468389993,0.7596387581053916,1.1881872612903543,3.749251155271793,100,100
ENSMUSG00000002059,1.705660021516995,5.055580896968141,19.647514925720632,1.0470959878359136,3.6982738840443448,1.448614625927235,8.575564460775603,100,100
ENSMUSG00000002064,4.184235861623623,34.794353811912636,112.1495120385818,2.2577647009071713,6.853380024300419,1.8268986137684202,11.77236516894617,100,100
ENSMUSG00000002068,0.37028421802426315,24.102724882649696,51.67857970030077,0.001044405148586221,0.5081428593151915,1.46983412086753,992.267094449749,100,100
ENSMUSG00000002076,1.3128903256840494,35.70560495601976,3.4809279829220197,0.3164134165350927,127.44362500143721,0.0011904162514612027,0.3016171241679872,100,100
ENSMUSG00000002083,0.1552278302108566,0.5683067137693822,7.537498788834298,0.028342257507294098,0.2832966092500667,6.864720538972458,81.43110503639866,100,100
ENSMUSG00000002100,0.001,62.31581250733508,1.0,0.001,0.001,0.0015672654484262872,0.2011750503835972,100,100
ENSMUSG00000002102,3.660516573282542,12.241044836232549,55.90084856564809,2.681727655232595,7.898620193686153,1.7035868094771618,8.31532091070731,100,100
ENSMUSG00000002103,1.0318971393643863,2.1573189637552197,10.252115003718814,0.4117126815438988,1.8930370564051153,1.8850962043321875,19.903326383704815,100,100
ENSMUSG00000002104,0.2931404742361623,3.2769786220939006,1.471644839163985,0.04518882053157817,40.79573228582739,0.0020414986938056285,2.24839884266165,100,100
ENSMUSG00000002105,1.9822580402258994,26.261878200194808,63.69645226561698,1.1907966791966198,2.9057733258511185,1.5239282891937043,5.427213009192329,100,100
ENSMUSG00000002107,0.1870692983037559,0.6193364163081296,5.146315422803309,0.09006079597901255,0.34256502410453327,3.457845918060505,18.20118871638055,100,100
ENSMUSG00000002108,0.001,0.001352191380500668,1.3792914080061447,0.001,0.6424447055852717,0.8756070711194328,1173.1278565849084,100,100
ENSMUSG00000002109,0.05535383757617475,0.3455278087343046,2.103215901939414,0.001,0.22949575804757383,1.0150975024100823,307.9622072722284,100,100
ENSMUSG00000002111,0.001,62.31581250733508,1.0,0.001,0.001,0.0016474511972136292,0.11132931673815073,100,100
ENSMUSG00000002129,1.9531616886412204,737.5890496818613,915.9972254780458,1.3458719462192947,4.516289427938415,0.5446556065237294,2.2551062300936104,100,100
ENSMUSG00000002147,1.9321764493208538,3.463994961459787,17.46422001286145,1.2173900646503104,6.089465295166605,1.1523875012532347,11.442876978417889,100,100
ENSMUSG00000002190,0.003272094247093233,10.904616368804046,26.588246441302896,0.001,0.07997628133932361,0.00208378919083308,16.259944857143026,100,100
ENSMUSG00000002204,0.001,62.31581250733508,1.0,0.001,0.001,0.0015982624480842598,0.3473926936322584,100,100
ENSMUSG00000002205,0.42388512382024507,0.597607851265776,3.421771049201948,0.17718331785451802,1.0053913920921465,2.0570717224599213,16.737390621356372,100,100
ENSMUSG00000002210,0.4324949020788619,1.7935488103330854,2.1594564757263166,0.05371495342282011,1.6224392763955555,0.2329347158031212,15.885466545450313,100,100
ENSMUSG00000002221,0.047185833372359175,0.0863381486692771,3.22608696507583,0.001,0.34415879800047633,3.1393937129820744,2141.29116051866,100,100
ENSMUSG00000002222,0.2334601577124307,0.11431268061546826,2.3337935834686534,0.011481283381192673,2.4896913713696116,0.6546066302620159,580.0102596922902,100,100
ENSMUSG00000002227,0.33712543192735656,0.617880035421436,2.4680352456378025,0.005358489581081798,1.1026859007613268,0.8234929135546628,372.43378057013524,100,100
ENSMUSG00000002228,12.114818918386986,999.9999999592382,1.0447360198939546,0.001,21.282455955486807,0.001,0.00908305422329418,100,100
ENSMUSG00000002233,4.156096075503324,175.06076000299245,1313.5561447536354,3.245084879772464,5.407038328506914,5.654426021887631,11.816660731961413,100,100
ENSMUSG00000002249,0.23861784575854025,1.0834211043480233,4.647222541704248,0.0916301272787595,0.47124154054980927,1.9439918072784867,13.867701400711177,100,100
ENSMUSG00000002250,1.1898962544826166,1.3609244960464053,5.740786259781246,0.6000751819764468,3.136867279141966,0.9045030791827611,11.655156699704659,100,100
ENSMUSG00000002257,0.9200761960020492,9.567835884462413,17.432090886016752,0.44446425481284957,1.4123882321728838,1.106200090124639,4.8961527180314315,100,100
ENSMUSG00000002265,0.001,61.88525872635182,1.0,0.001,0.001,0.0014523330470020779,0.08346529992964251,100,100
ENSMUSG00000002266,0.001,62.31581250733508,1.0,0.001,0.001,0.0015229259214090407,0.23874145213431008,100,100
ENSMUSG00000002274,0.006468283630901482,0.041600586062796485,1.8487132643008923,0.001,0.15775531242887375,1.3078561420244914,271.4154648095981,100,100
ENSMUSG00000002279,0.539561782136897,0.4782967011769976,6.0775835352222645,0.27330305816832745,1.6560896675865517,2.0917944982967596,45.20990996781448,100,100
ENSMUSG00000002280,0.09619833988902643,0.09884444154042044,3.0504011602514987,0.0011298480122669619,0.632731927215555,3.103063770199924,2750.4281419229674,100,100
ENSMUSG00000002289,0.5169199419713214,1.7969239959658432,40.86029535880544,0.3790455244390467,0.9477216216020805,11.697887605081544,31.06679449800688,100,100
ENSMUSG00000002297,0.13195620651676596,2.4013628150640436,2.884897636050097,0.01306894180321143,0.38624409642325597,0.3214842562970951,7.488269712224736,100,100
ENSMUSG00000002307,0.26136763845145644,0.2668161722710189,3.433480729416461,0.009984239570991559,0.9539377411826744,2.330891446157616,470.3379104330438,100,100
ENSMUSG00000002308,1.1133966338962733,3.2011858162207183,10.393378751873941,0.5198088935120946,5.650346566353116,0.5109491632922798,12.51072359323673,100,100
ENSMUSG00000002319,2.8849006426320467,558.6459095229158,1093.2192128352838,1.9782779164612267,4.962374222427309,1.2027793713456894,3.415672897226027,100,100
ENSMUSG00000002320,2.180408303886621,4.187980726370743,12.406043264155315,0.9133184772445185,7.083967219290388,0.634408113909677,13.980847096484759,100,100
ENSMUSG00000002324,0.001,66.84427540036525,1.0,0.001,0.001,0.001675239302201406,0.3377661470226705,100,100
ENSMUSG00000002325,0.8939634538774512,14.517988475244037,32.74926472638091,0.3691776997505033,1.3828640253172142,1.3737516522766895,8.472889848561994,100,100
ENSMUSG00000002326,0.6505020794924354,0.982801121602087,7.636816840738283,0.2588319900612388,1.5212818255921625,2.2420348414435374,27.616647002374677,100,100
ENSMUSG00000002329,1.9085828922489412,327.77667147607684,572.2957522249496,1.208896209335395,2.5715620308829896,1.2532484175394711,4.017585981786706,100,100
ENSMUSG00000002332,1.4773795789516422,24.66013796497919,75.76300261007923,0.7982997685223208,2.177021305718679,2.1474296540359674,8.954262838684148,100,100
ENSMUSG00000002341,0.001,62.31581250733508,1.0,0.001,0.001,0.0016286658809369751,0.15178896078333703,100,100
ENSMUSG00000002342,2.3991008910477576,6.675243417903691,26.032396845242403,1.4290811885101098,6.071616339205603,1.1862535893606339,9.69900510424873,100,100
ENSMUSG00000002343,0.1300002550509617,0.23507710329739842,2.4910579619487105,0.0022781917517615538,0.5624653345207531,1.7724745164406925,763.6694592687894,100,100
ENSMUSG00000002345,0.7000630695621467,1.0976961998816175,13.684534381336398,0.4705082913007347,1.4530737521286636,3.8397762026440296,23.366728399896562,100,100
ENSMUSG00000002346,0.028171088222517772,0.18044962926699765,1.7758341037690044,0.003974570610189819,0.25467112590160423,0.8386351093290103,75.81737912674524,100,100
ENSMUSG00000002365,1.5689085258036157,3.4307938623209853,12.636102765428546,1.1533529292730873,5.559805090216739,0.7400963343157669,6.04096711776284,100,100
ENSMUSG00000002372,0.6117971167817396,1.007541888999621,12.024390945992664,0.3867300964097762,1.1858289877450374,3.8673235251376834,22.67904011902386,100,100
ENSMUSG00000002379,0.08857723352247877,0.3538989257433731,64.61644588887295,0.001,0.1353199231289961,0.004740148533364674,1110.7116452862233,100,100
ENSMUSG00000002384,0.001,62.31581250733508,1.0,0.001,0.001,0.0018442281380404452,0.12852671897719548,100,100
ENSMUSG00000002393,0.7842854444354107,1.1407410507371865,3.9790198419452905,0.0033964654970362208,1.6514994960382556,1.092779971358825,1746.3986715002043,100,100
ENSMUSG00000002395,4.275386781115805,634.3298676228602,919.9606380468271,2.416287383262971,8.072293572843975,0.7659755385267478,4.481458490539891,100,100
ENSMUSG00000002396,1.2729205089037479,25.313957677919543,25.388260199191144,0.5103373734067811,2.228425069356195,0.5467960706733344,4.067657885708931,100,100
ENSMUSG00000002409,0.38987692601006546,2.258297354276294,2.840055399507523,0.001,0.9485260627978578,0.4323593415339032,813.3161155911021,100,100
ENSMUSG00000002413,0.08248826785347528,0.09691956022326423,1.3275994126077486,0.001,1.0233787969453612,0.5689853842083479,1239.007075980516,100,100
ENSMUSG00000002416,4.209574019642228,282.57513487362723,911.4706066293127,2.4001853723682247,5.259754955177922,2.485398199403754,9.531318791161336,100,100
ENSMUSG00000002428,0.2963601674727849,0.9233521025818384,1.9717733612492634,0.001,0.9574156984976903,0.5104081806803704,1000.2433240516227,100,100
ENSMUSG00000002455,0.36238815749332676,0.31840567804669495,8.155972626630987,0.169719399641089,1.9623204757535901,2.7391913267004484,76.00388210180954,100,100
ENSMUSG00000002458,1.1845613823615775,558.647551730969,1028.3276291747552,0.8674019215986299,1.8097843177293909,1.047934378871023,2.741341698396351,100,100
ENSMUSG00000002459,0.29060260239532276,65.18723159398282,1.0,0.001,9.30476726074883,0.001103764491614276,0.08144281350713246,100,100
ENSMUSG00000002475,0.038745413457603135,14.21312024368572,12.106004951998445,0.001,14.846526605292517,0.0011446126156924013,45.35576558108889,100,100
ENSMUSG00000002477,2.5712668178198315,294.4456562158848,829.8684055949687,1.6272103460459597,6.3745357522064765,1.146255007707659,5.3852316206623865,100,100
ENSMUSG00000002486,0.5594360821123189,3.058952403382323,4.1300013111333636,0.001,0.7269769936388929,0.9273739681783453,1378.8039441980472,100,100
ENSMUSG00000002489,0.1546515832278516,0.5728024971996294,3.4909400603801695,0.0440394586632715,0.4004751887365558,1.9662363571674843,30.182366297224178,100,100
ENSMUSG00000002496,0.4028182132126641,0.4456686299511539,4.350608434602562,0.05483392264711563,1.0160945203442455,2.265887555535033,160.54749885081387,100,100
ENSMUSG00000002500,0.001,62.31581250733508,1.0,0.001,0.001,0.0015365126257520048,0.1505925056500509,100,100
ENSMUSG00000002504,0.15509198980887853,15.88958113157498,53.7189879977144,0.10675315528777451,0.23725355037397064,1.853839679100195,6.141778553313588,100,100
ENSMUSG00000002524,1.608739645405482,4.087587546488384,34.75423331102651,1.156658445385451,2.938004129402989,3.5261436561271298,12.31578942195872,100,100
ENSMUSG00000002546,0.18305864980311315,0.27445433601519925,13.164117706865174,0.05285698993220039,0.37305123653633393,20.677378839345433,274.6141813801933,100,100
ENSMUSG00000002550,0.1393789399567599,0.21600440021664724,3.1273236995362397,0.022071805617779466,0.5183776242998177,3.1470653248516474,114.2861191502235,100,100
ENSMUSG00000002565,0.001,66.84427540036525,1.0,0.001,0.001,0.0017948993355365653,0.1735603854152703,100,100
ENSMUSG00000002578,2.1505155831353595,560.8317307299595,1.0847189835481421,0.001,6.996599406439118,0.0011829514352886313,0.025543609599027864,100,100
ENSMUSG00000002580,3.2483998727363725,24.639259514855137,101.29625352862512,2.100103324322564,7.299277125064812,1.6295181859216181,8.79283797146333,100,100
ENSMUSG00000002588,0.001,62.31581250733508,1.0,0.001,0.001,0.0015577233311237638,0.13777374785862412,100,100
ENSMUSG00000002602,2.3843080624169555,4.881992061274844,76.32016170385172,1.9310087570707535,6.548012326050987,3.8989959256966698,23.434403509776473,100,100
ENSMUSG00000002603,0.498461037937907,1.7630384300195185,5.913483040544558,0.1365858990494886,0.8436422970010871,1.6571688726033322,16.25798380055213,100,100
ENSMUSG00000002608,0.2427400054887272,0.11398903071551285,1.9045940732816824,0.008730360135030934,2.5598736079792213,0.48143573989936816,623.2999503525401,100,100
ENSMUSG00000002617,0.5902032596055917,17.232668691471808,1.7913947669050836,0.11085328493155092,58.55626520349611,0.0010780622896043365,0.4498004637100522,100,100
ENSMUSG00000002635,0.5173870252112786,0.6300971421940869,3.725485578130025,0.1982419141084077,1.1362284571849148,1.9096952460606422,20.198330859851264,100,100
ENSMUSG00000002658,0.8878647044227866,1.667945316704655,24.34904635489032,0.5992624515931249,1.9733410216788343,4.487338037503289,25.624863042076658,100,100
ENSMUSG00000002660,3.8690401363908276,17.10113086749544,35.148273091846924,1.6959630663679972,8.673655074277054,0.7640826478353964,7.42218971417798,100,100
ENSMUSG00000002661,0.0451083322816391,0.2795072897159926,5.710214168619948,0.001,0.1980947490152581,3.0922931778111455,1117.8291048457374,100,100
ENSMUSG00000002664,0.001,62.31581250733508,1.0,0.001,0.001,0.0018807315506222846,0.14655162165925917,100,100
ENSMUSG00000002679,0.06816124054143582,0.0740671094330887,3.969952043374148,0.0011064535629277705,0.20871106689076102,15.236792652531399,3637.4480318812557,100,100
ENSMUSG00000002688,0.04861531045764329,0.11240658846233717,3.77930843711746,0.001,0.30715941167737865,3.2425055158195355,1571.3713488340727,100,100
ENSMUSG00000002699,0.001,62.31581250733508,1.0,0.001,0.001,0.0017134489739590274,0.157165355391122,100,100
ENSMUSG00000002718,1.3801515004063165,30.65015467311527,41.844781425102575,0.39317208299634127,3.353772062077155,0.5115353529981848,10.016125600167598,100,100
ENSMUSG00000002728,1.8266521199961725,2.0587900004626634,20.044363769496165,1.2316273933569901,4.577046855896315,2.033927911015823,18.96038875376931,100,100
ENSMUSG00000002731,0.3875307527612613,0.6930161175199965,3.586808962387421,0.04734072557931796,0.838849178127663,1.7321650226057006,112.82669759524524,100,100
ENSMUSG00000002732,1.4088030045787758,329.47687722262344,699.7763508245857,0.6771992531876986,1.919389347068039,1.6192501828126629,7.687241085412582,100,100
ENSMUSG00000002733,0.0012398271693615656,0.0037918327718782343,1.2432661767386002,0.001,0.39777769131195284,0.843521025588792,400.76813509687815,100,100
ENSMUSG00000002741,5.447685159544588,423.7105703812524,700.6454150496298,2.894049019803764,7.757841739312989,1.139383087252277,4.659846299392325,100,100
ENSMUSG00000002748,0.7927476297098203,0.6114448138246029,5.028581954479238,0.41604265633002896,2.72505990746171,1.0770634895784736,20.609450759869986,100,100
ENSMUSG00000002763,1.4932293892198307,4.695535970886276,3.8929624456454706,0.007698572150219888,1.658432471649486,0.676508881568319,343.01450974973545,100,100
ENSMUSG00000002767,0.14132107916559458,0.19613112925425358,14.264469147406352,0.07457060367368674,0.3287734493521539,19.87242896735701,151.6169331360271,100,100
ENSMUSG00000002768,2.241939040440168,9.462808689527552,49.593910769459995,1.4312439630841558,5.558788822730422,1.9636809326532316,10.730258661740297,100,100
ENSMUSG00000002769,0.001,66.84427540036525,1.0,0.001,0.001,0.002141509476839747,0.13960815638505725,100,100
ENSMUSG00000002771,0.05063147799951825,19.258705920043006,13.522230558783658,0.001,18.108794404743065,0.0010263030305780827,6.844153728405959,100,100
ENSMUSG00000002778,3.2357703080174622,24.73130670199344,126.52598022725972,2.2711139729716554,5.706536613162809,2.649411743350164,10.217125006456813,100,100
ENSMUSG00000002781,0.56177080962189,1.0899586429159627,3.3610826677872563,0.0018662947595960563,1.043106178284473,1.4490748006176872,1591.0749094678313,100,100
ENSMUSG00000002797,0.256830706813178,83.85835744549844,79.74581393158246,0.03291772205404617,0.5914768154447596,0.41291542017782035,11.709374381119558,100,100
ENSMUSG00000002799,0.001,62.06959248523811,1.0,0.001,0.001,0.001521004275887169,22.243563648923296,100,100
ENSMUSG00000002803,0.40990226344323066,17.28674929187546,3.264801871582602,0.10249449722204615,61.36637284604198,0.001123140423131512,0.6222557771500069,100,100
ENSMUSG00000002804,0.41629667254001657,1.6035464762645935,5.3031725570318695,0.16619154455320684,0.6880494629145604,1.7963996776031714,10.992626644850564,100,100
ENSMUSG00000002808,1.7186748835515464,16.991567251725634,38.82785487532173,1.106548137085833,2.586006059343272,1.3585361196422316,4.776089360016002,100,100
ENSMUSG00000002812,2.66600553965062,49.73414789789914,100.78954174675586,1.4742707106895117,5.8167251822992405,1.0321920035957506,5.591216774007709,100,100
ENSMUSG00000002814,0.20949640356022756,2.140756191227039,3.9115327259513273,0.014518727882301071,0.5250132797501403,0.5937860824539777,31.355252527978145,100,100
ENSMUSG00000002820,0.8368452285884579,10.94046901548286,15.185035346156349,0.320837494423423,1.340093494969448,0.8504524275376961,5.426397200203263,100,100
ENSMUSG00000002825,0.29245140054702806,0.23657622213891377,3.4601455047969774,0.029345436099899244,0.9208555536070776,3.225185194768877,197.2573067100808,100,100
ENSMUSG00000002831,0.006668581638904685,17.324180118574457,43.26515612171581,0.001,3.6893608202086847,0.0018435357115017428,12.519674891059084,100,100
ENSMUSG00000002833,1.3574116785197867,2.9576976211052366,16.578566977976234,0.7518096630178084,2.6738699124535366,1.925114876134625,14.329659521613348,100,100
ENSMUSG00000002835,0.1512418305168712,23.02693995203869,77.14471451456622,0.0864913111222159,0.25893691331682345,1.7029809879099507,7.029643889392709,100,100
ENSMUSG00000002844,0.006142154412484053,0.012255631689122505,10.001686999775592,0.001,0.04698045396431117,0.24027754583077265,11003.226423526108,100,100
ENSMUSG00000002847,0.08026972527313689,1.357070211328819,29.189821465810677,0.044567568115877754,0.10691294483819992,10.101648484706285,45.681588114117744,100,100
ENSMUSG00000002870,0.25622879447545466,13.763028473416902,57.647006177701535,0.17367364990381562,0.43222579552808127,1.9570209792276674,7.186782980532345,100,100
ENSMUSG00000002871,0.2696368716474498,0.24487355440366648,2.8731213859942177,0.002299777828201601,1.298539323335882,1.2925002387074627,2099.6007361924676,100,100
ENSMUSG00000002881,2.302967826642466,508.86951472355355,339.10015692430085,0.1475393066037336,3.876586627175146,0.42887061465691045,35.010615211640825,100,100
ENSMUSG00000002885,1.0406837839017264,5.834019239110454,25.876351959057278,0.6598785997550463,1.6648301145551412,2.4555462749011823,8.572872175661093,100,100
ENSMUSG00000002897,1.3501149952847438,21.804099249059608,70.7973960133547,0.8467656622728681,1.6389317222369053,2.5143982717249775,7.547860149169185,100,100
ENSMUSG00000002900,0.23104201532189866,0.8378811864691577,9.490689764440825,0.15575708366196106,0.37537684167954477,6.433044865886702,18.742110236204113,100,100
ENSMUSG00000002908,0.34441707360405244,83.29299348520529,48.429334226347706,0.1612725426665479,1.6386981751802308,0.10213716142635242,1.365794970347766,100,100
ENSMUSG00000002910,0.396377929678584,0.752093142175274,1.0,0.20664951388706662,17.60198290897212,0.02691169468078805,2.8558811731515137,100,100
ENSMUSG00000002944,0.0389716508483374,20.23396375325736,10.688073691805872,0.001,10.369235234616825,0.0010490695677544321,6.852863784706909,100,100
ENSMUSG00000002948,1.8294406371009855,18.32607476807497,30.19015416431319,1.1918689707096441,3.6746761068827514,0.7638099724367389,3.3726321958914127,100,100
ENSMUSG00000002949,1.1582672468996962,1.5555063645333638,8.110711130069701,0.3902602842268793,4.565548448167874,0.8132878240465278,34.66730101216662,100,100
ENSMUSG00000002957,0.9482726642525068,1.4329328184357164,5.318433726674128,0.2685411640923812,5.2686486230018,0.4166082938656862,22.130974385388818,100,100
ENSMUSG00000002963,0.9140036553802957,2.7191047179013883,8.321633123859574,0.392783380059768,1.7452269470973087,1.2159437739165155,10.700371788463908,100,100
ENSMUSG00000002968,1.7594203202012169,3.3885719231141587,10.265666151538975,1.0119165276568864,3.732760854601006,0.9583225029187216,8.629592245833066,100,100
ENSMUSG00000002980,0.21312709600284793,2.165254843934358,4.011212096477738,0.001,0.3399519401907323,1.0890845680033874,623.5693701799141,100,100
ENSMUSG00000002981,2.078830292575839,15.985152581396932,35.85498550768956,1.3068514135402536,3.186234684072878,1.2714478185709261,4.333421802747327,100,100
ENSMUSG00000002983,0.2262620861302914,0.6163955971843939,9.195842704021729,0.09308755011281794,0.3497547011357685,9.64769141867717,58.0784804080481,100,100
ENSMUSG00000002984,1.5868190039243877,4.216771645370423,13.069246209305977,1.0333446456286959,3.502436826083512,1.0985327594868832,6.9180360607562985,100,100
ENSMUSG00000002985,0.05987511816516085,2.6974277829066793,126.0141750317406,0.03653573843945558,0.11026676860168902,9.02441079519424,114.41008280654717,100,100
ENSMUSG00000002996,1.0399658454055454,34.230873586672274,134.48785677559235,0.4452594730387094,1.1650413340834276,3.4698757003466167,15.382577949227034,100,100
ENSMUSG00000002997,0.14990460705435446,27.722433959273086,33.30912314122161,0.001,0.2692525458995101,0.5849082470510534,229.81521637175425,100,100
ENSMUSG00000003031,0.16592230349907408,1.059358566455917,2.2056228788521755,0.0016144656826937377,0.5733334256323372,0.6050380904158705,278.1202313465142,100,100
ENSMUSG00000003032,1.03158257986262,16.512369945316625,171.26146353499004,0.7587322935230159,1.4577915452482855,7.269617396779873,15.391649871571925,100,100
ENSMUSG00000003033,2.530161183471935,20.334546423813944,51.47145393164354,1.628233766746309,4.184932358875679,1.315344351629117,5.386063434078304,100,100
ENSMUSG00000003037,1.7631154684875867,1.4521161744621727,13.247786599229709,1.100094301952863,6.007935446397868,1.316830308889783,17.861523530886963,100,100
ENSMUSG00000003038,0.15095275830733945,7.758544596427373,445.2890569421748,0.008077073308885772,0.1921895797829567,40.509254146367134,7937.0895483512595,100,100
ENSMUSG00000003039,5.485544479521637,999.9999876553991,2219.8505383208517,3.9829092874619336,8.975033033943182,1.3488101623180935,3.821969595652143,100,100
ENSMUSG00000003051,0.001,62.31581250733508,1.0,0.001,0.001,0.0016010786261018294,0.13429297177345023,100,100
ENSMUSG00000003062,0.6737300319839169,1.0601306267469666,11.27989850355045,0.2849731436699133,1.6064147937047744,2.8055448414768485,35.56757408110296,100,100
ENSMUSG00000003068,1.2108465212737307,3.0541039015564255,15.550284368781618,0.6445650595980748,1.990227267339617,2.3009100068434245,11.969951867435348,100,100
ENSMUSG00000003070,9.099070456945533,999.9999999725289,1.0,0.001,15.40300480630258,0.001000000906403793,0.040562684093498266,100,100
ENSMUSG00000003072,3.9205264492951417,9.389622636454774,86.78224577357935,2.3487264342826446,9.734539459173618,2.69157823664649,20.21225140146752,100,100
ENSMUSG00000003099,1.5407142440377137,2.9299555753452844,19.260758566214506,1.0663435004270116,4.67417483073903,1.4294947539178766,13.167060646181145,100,100
ENSMUSG00000003119,0.5570103172759205,3.7567155912338923,7.430641939723897,0.11820689790238628,0.9456156829336324,1.142901667458654,18.593883089277906,100,100
ENSMUSG00000003123,0.025873524428378952,0.532058046925759,1.859566060898648,0.001,0.19655707641194503,0.2146941844788794,90.26967340608502,100,100
ENSMUSG00000003131,2.7078005543131445,382.74879590736504,892.1776768838062,2.0486886852720856,4.423924488433301,1.381880355942879,3.517222666804527,100,100
ENSMUSG00000003134,0.001,61.45463549419866,1.0,0.001,0.001,0.0018096446094740804,0.1564209140343033,100,100
ENSMUSG00000003135,0.3000909254146514,0.3789383910838469,2.1463539018404876,0.14393134008060926,1.2237204032688243,0.9005738535610899,12.56138171752923,100,100
ENSMUSG00000003153,0.08900257732940542,14.828708087261411,11.473900607039962,0.001,33.41776081334175,0.001171133990833757,2.8271781007949626,100,100
ENSMUSG00000003154,0.06295157040757726,0.04404790761476811,1.6407643891850394,0.013146413219868265,1.3781067192759486,0.7923336207648917,233.663532892477,100,100
ENSMUSG00000003161,3.3017094501090094,33.206197446247444,263.988568025306,2.309504651363604,7.687405881940228,2.9857508096936645,15.273962713160898,100,100
ENSMUSG00000003166,2.406669722662556,314.00184863078044,462.4426954056836,0.9795160637952868,4.537837775021929,0.7400170622751581,7.152329962916954,100,100
ENSMUSG00000003184,1.7033321632288896,139.90429859392637,236.5822114119297,0.5673638443003165,2.5610033275020347,1.1304376677067272,12.340425700227287,100,100
ENSMUSG00000003190,0.5237180774204626,0.6832594947750122,2.6776576423828122,0.06372863530852024,1.935591915391764,0.5763764304637142,89.37679891310079,100,100
ENSMUSG00000003198,0.0835934458893403,0.8029486639885025,1.7188960466331777,0.00541584449034247,0.32812315280850857,0.2654329125696095,22.261297211105024,100,100
ENSMUSG00000003199,0.7509504164080159,2.750848133256789,7.07032391335214,0.41766950145918436,1.523990721990685,0.9464850017456268,5.692269644749719,100,100
ENSMUSG00000003200,2.6849403769744766,9.874908758343787,31.112208261229195,1.8008087397690058,4.420382973743885,1.525040100585807,6.333152528219438,100,100
ENSMUSG00000003206,0.001,62.31581250733508,1.0,0.001,0.001,0.0015750277976025293,0.2593988304205459,100,100
ENSMUSG00000003208,0.12076085019932722,0.16960315677650623,4.131916942097522,0.0010009502107860408,0.5765051224335909,4.050714071190602,3233.499867325099,100,100
ENSMUSG00000003226,0.1574979016826978,0.1577266881963677,5.739450695553305,0.03565259634351611,0.3864065230240576,12.469174188540231,173.41069085542148,100,100
ENSMUSG00000003227,0.001,62.31581250733508,1.0,0.001,0.001,0.001364525661597524,0.4495108156145414,100,100
ENSMUSG00000003228,0.263372782163572,1.7837079089478323,10.08323868077169,0.13228182985698655,0.4503044209868429,3.0714309527538077,13.114083650409508,100,100
ENSMUSG00000003233,0.2802392430306453,1.1291570035011589,2.1173570972879925,0.001,0.9947794049289977,0.43610111018072206,798.1943694839883,100,100
ENSMUSG00000003234,0.21089499522214694,0.274066456802743,9.37837834174462,0.10138532374021961,0.429929068259142,12.492138664329316,79.77675059961524,100,100
ENSMUSG00000003235,0.29894282932859867,0.5433167034440426,4.404416730299539,0.08256541137306397,0.7527494570392727,2.2421116861421098,40.68318699701909,100,100
ENSMUSG00000003269,1.4615846181363783,3.111078526134936,21.93431814754961,0.998427685013326,2.684177296132529,2.6059601801253054,13.062298674151991,100,100
ENSMUSG00000003271,0.00422681834221981,9.635946836349392,20.314244899239416,0.001,0.17083565794672517,0.0023254348400594763,17.003085976253818,100,100
ENSMUSG00000003273,0.11747310106603773,0.6397493802052308,2.734655937298189,0.001,0.35394540578065026,1.2245637891145096,491.7043382183837,100,100
ENSMUSG00000003279,0.026851088036645935,22.73328990057209,34.9997586215541,0.0015499724081196589,8.817660007108834,0.001462501523053147,12.259718330548576,100,100
ENSMUSG00000003282,19.547591654332102,653.1551908037218,1.0079035007146366,1.2591449997206206,39.039700645619504,0.001,0.008935554496373066,100,100
ENSMUSG00000003283,0.09562377189912086,7.261718902910063,13.270757836234129,0.026897268199194885,0.2887994954194077,0.4953859465987472,5.201707331051582,100,100
ENSMUSG00000003299,1.9502788162737206,1.6974792856028689,11.604404274597808,1.2266068911979917,5.854913736785987,1.1088590178883342,19.08165654733585,100,100
ENSMUSG00000003308,0.8044560742922046,1.0020669224416257,8.761617287789345,0.4748311454596089,2.3694433580134735,1.5989124707926223,19.454992887121755,100,100
ENSMUSG00000003309,0.001,61.88525872635182,1.0,0.001,0.001,0.0018434006730343802,0.1512949104323653,100,100
ENSMUSG00000003316,nan,nan,nan,nan,nan,nan,nan,0,0
ENSMUSG00000003341,0.001,62.31581250733508,1.0,0.001,0.001,0.0018835429339517653,0.10208031757328889,100,100
ENSMUSG00000003344,0.4242597503084286,1.6156625797780129,3.977647326535348,0.18593836377454892,1.0663841803942415,0.8129149304824868,7.342823169417862,100,100
ENSMUSG00000003345,1.0725117390246064,1.0234255177994356,8.876643121030833,0.37350670392435137,4.115076209561118,1.1330980633433616,39.583164955807135,100,100
ENSMUSG00000003346,1.0366990884789176,1.7632765411401237,6.841162267936324,0.4689875419816506,3.9687118484681134,0.6343593186463865,12.436476374650859,100,100
ENSMUSG00000003348,1.5608425184078338,6.076581784171485,16.310689515155993,0.8969850288606727,2.735987186319079,1.1618171152276644,7.551501777644882,100,100
ENSMUSG00000003352,0.9852131767911871,1.5861048478180866,11.422639237424223,0.7263551722409389,2.257421694332481,1.9852347217533683,11.23477481626717,100,100
ENSMUSG00000003354,0.1993939205321784,33.255959345824124,16.135837438852384,0.041302812162367954,1.1903920065879139,0.07156121259210477,3.188947283053313,100,100
ENSMUSG00000003355,1.5199206549841522,9.09633396348179,63.83676762101549,1.175141561794275,2.293914139193463,4.23890624845188,10.063503314150907,100,100
ENSMUSG00000003360,1.128239150096605,2.3056795291774157,3.592106116024356,0.13038196802202723,2.806316027255857,0.42085698932664894,85.17051087278452,100,100
ENSMUSG00000003363,2.99674474572195,917.9767059090392,3777.1499219412476,1.97815636198528,5.140653501875466,2.4201064928394587,8.213188490412417,100,100
ENSMUSG00000003378,5.660843363194081,656.055343331842,1.0,0.001,17.639262085401565,0.0010000000000005586,0.0406222832513251,100,100
ENSMUSG00000003379,0.001,66.84427540036525,1.0,0.001,0.001,0.0016570228385778206,0.1272357150641605,100,100
ENSMUSG00000003380,1.730702724457459,30.325132311402072,283.6223194188267,0.7958351683869618,2.491008308718794,6.065926258788265,32.70617009774629,100,100
ENSMUSG00000003382,0.20142051581778744,1.124143610600809,2.352075671313193,0.003911651719566339,0.6885342614196952,0.43490599336541214,338.1624404846097,100,100
ENSMUSG00000003402,3.3003726433398226,7.309289738779316,60.46638823701213,2.2176961757331304,6.076819380305969,3.1093773872847965,15.292692927148954,100,100
ENSMUSG00000003410,0.001,62.31581250733508,1.0,0.001,0.001,0.002207043651505225,0.16658672084252374,100,100
ENSMUSG00000003411,0.034576705861452416,0.8801933579901466,7.653644766666945,0.014177565265508871,0.13005290893376809,1.1247659197388846,23.718410149447156,100,100
ENSMUSG00000003418,0.001,62.31581250733508,1.0,0.001,0.001,0.0016417458583964676,0.21051517380933654,100,100
ENSMUSG00000003420,1.1556424228009698,7.007992882499612,30.36174311377476,0.7983884566902402,1.893877277103876,2.339628691870793,7.3859662251695655,100,100
ENSMUSG00000003421,0.9419661727712518,0.843825477836828,5.652057800153125,0.39444509068967276,3.3230968698106302,0.9136728342465597,28.492689957656737,100,100
ENSMUSG00000003423,2.6748263322723984,634.7343637401976,561.3257318681441,1.0065637862427295,5.055107778348418,0.46769305956684026,5.3049480423288635,100,100
ENSMUSG00000003429,10.0,9.999818101074696,10.000363797850609,0.05637636789086345,8.764946034261893,1.3834088984961035,100.77538105412792,100,100
ENSMUSG00000003435,1.432936258868768,2.8871320671974585,20.430614528642582,0.8466473743242272,2.579256185008283,2.4769621436600433,17.75832242746729,100,100
ENSMUSG00000003436,0.001,62.31581250733508,1.0,0.001,0.001,0.0015867083813633407,0.07710545893568876,100,100
ENSMUSG00000003437,1.0267520489059152,1.8238561473837027,10.571331265881895,0.6553288126744319,6.854249649189812,0.562170733641288,12.672178108244253,100,100
ENSMUSG00000003438,1.6474700777385392,4.985528516179622,9.085894881514143,0.9602418653686614,3.2838540346753566,0.6754775707095543,4.369688472692169,100,100
ENSMUSG00000003444,0.3782589630441456,0.17495257549154147,5.868310420668411,0.1602834700751244,3.2540060050482236,1.3099455526852297,96.37723678504634,100,100
ENSMUSG00000003452,0.051574703942094645,17.994472214674772,19.64164053323616,0.001,6.2990130527965205,0.0019342655436294471,58.774182309982436,100,100
ENSMUSG00000003458,2.2868257760038713,4.126136820877109,25.48918771088578,1.7270055473147385,4.668780216588697,1.930967630227282,10.323821790755163,100,100
ENSMUSG00000003464,1.578120981017999,4.64322606868029,14.37739621936716,0.9480208575914854,2.4748204050596714,1.4405552688302916,7.371199239166583,100,100
ENSMUSG00000003469,0.0020730639936706566,6.197348688991679,36.543054345804855,0.001,0.027851467787099578,0.0015951582183067166,22.424159920045696,100,100
ENSMUSG00000003476,0.001,62.31581250733508,1.0,0.001,0.001,0.0015665510967741336,0.1399552051067447,100,100
ENSMUSG00000003477,0.001,62.31581250733508,1.0,0.001,0.0010000000000000009,0.0019917586697653193,0.1686976892574511,100,100
ENSMUSG00000003484,0.001,62.31581250733508,1.0,0.001,0.001,0.0018228732103305952,0.08163696491465343,100,100
ENSMUSG00000003500,1.3629133750004139,136.33286457136953,301.4391364881696,0.7168573370577633,1.8120047804620005,1.6918704186608708,5.756909705326137,100,100
ENSMUSG00000003518,1.5468404945147582,6.7788031939326325,24.68809271943187,0.986839560225827,2.8430596472833303,1.5950137955817545,7.828753583373231,100,100
ENSMUSG00000003526,16.483173709737056,999.9999998986793,1.0193055675037639,0.001,23.291619679821537,0.001,0.008942471895275375,100,100
ENSMUSG00000003527,0.9066652438735633,5.1940266527575485,11.947866335865971,0.2703378966154877,1.7010351900280192,1.0208615199292792,12.536371041725783,100,100
ENSMUSG00000003528,3.747760099942182,191.09559819339134,183.52732463043233,1.82178046471837,6.63870062331327,0.535997873457278,3.252714162042138,100,100
ENSMUSG00000003531,0.714264813232714,2.189949571365507,8.842285840315805,0.494469098947551,1.1677867936926916,2.1095400977852976,6.713508645331066,100,100
ENSMUSG00000003534,1.3835144255201224,21.856728284465504,112.08646782530714,0.9733761645140433,2.2061434317033424,2.8800692316471546,9.090650927108962,100,100
ENSMUSG00000003541,0.001,13.390426730109503,1.0,0.001,0.001,0.03808063307872289,3.4619197524599477,100,100
ENSMUSG00000003545,0.006630396859945525,1.140214423573731,17.06428217656066,0.001,7.488228087026805,0.001528506281374817,64.46145244535197,100,100
ENSMUSG00000003546,1.1296859282170302,9.353470082547958,14.700093668889865,0.5303780468425672,1.8529141903205666,0.8988269543669365,5.851780293055837,100,100
ENSMUSG00000003549,1.2179844162182683,3.954633008169144,27.276220598914662,0.8692963817457002,1.856436510964554,3.565533596131397,11.60318198365946,100,100
ENSMUSG00000003555,0.001,62.31581250733508,1.0,0.001,0.001,0.0016107521528869965,0.15826464784746838,100,100
ENSMUSG00000003559,1.1595472011892975,1.673683682855645,12.361218168101118,0.6584267095390448,3.314427028273329,1.5814286481364435,17.52701983516538,100,100
ENSMUSG00000003573,0.5160871429502197,0.9193779479633191,9.429562932355617,0.1369551073133981,1.2950433734805529,2.8407531250315596,59.817376660450876,100,100
ENSMUSG00000003575,0.28563118386071235,0.5758848680380454,3.4037646232679166,0.10141152083648697,0.6722525682538492,1.4592991302989984,22.473415201632186,100,100
ENSMUSG00000003581,0.007139226329500001,0.007035876300366716,1.2452741797062175,0.001,0.974602402548338,0.6408274829542828,1177.445677459566,100,100
ENSMUSG00000003585,0.22442656948029513,21.060013833869444,35.180242763978825,0.001,0.3217368782085993,0.9839018132679623,565.2559100018539,100,100
ENSMUSG00000003604,0.04599576592962936,0.08372906502742936,2.567936253544634,0.001,0.42691604621365087,2.17713970270814,1824.027594543589,100,100
ENSMUSG00000003617,9.916052582845385,389.4760089814326,1.0,0.001,35.62314342800255,0.001,0.008929255411618705,100,100
ENSMUSG00000003623,0.5366020787479777,0.7682328123851891,3.0967900624876163,0.14588205707737192,1.3455854463786596,1.2520957917365108,20.958396726117208,100,100
ENSMUSG00000003644,0.21498676626845742,31.821094428890333,19.731592041972895,0.001,0.5141745212115975,0.187411753445465,146.75205858241964,100,100
ENSMUSG00000003657,0.001,62.31581250733508,1.0,0.001,0.001,0.002237738059305425,0.18197068198542998,100,100
ENSMUSG00000003660,0.85787716875595,1.3292151230487368,8.017083361644854,0.4537433395106247,2.0755321753948968,1.604317001028763,14.475101195452304,100,100
ENSMUSG00000003662,0.7173601095309289,0.9002668574982593,4.97918969389943,0.17269986855887837,2.6119699539257155,0.8449386936018131,44.80651189527743,100,100
ENSMUSG00000003665,0.1090433857135773,35.90723387870975,247.8704395414704,0.06354668691280468,0.14342200814058484,4.291201722539668,12.857797755842068,100,100
ENSMUSG00000003680,1.5261208585353139,12.344885408000874,13.730882940487323,0.7270207912057483,2.7160204171193265,0.5534969888465232,3.135364141987918,100,100
ENSMUSG00000003721,0.8905649289905493,7.249363666678319,42.66551535392203,0.6792278226041479,1.1488277076856703,4.0222780795206505,9.078805915772993,100,100
ENSMUSG00000003731,0.6705010067588475,0.3949498255640229,6.613145740294959,0.35639061613175793,3.2358048722151764,1.2622014419640528,45.82524148438539,100,100
ENSMUSG00000003746,1.4978769980607276,124.80815557937527,235.48511070732852,1.0453672282676125,2.2682533106422236,1.2568218574651675,3.391973738345124,100,100
ENSMUSG00000003752,0.2649341748104987,0.3478929022328311,3.4128378865827576,0.004673869736584354,0.8041247383997981,2.2695454518813287,900.0726593788281,100,100
ENSMUSG00000003762,0.27977500672662853,0.2397785435010629,3.4341578003055355,0.04519369371777231,1.5686311116224658,1.692862855291267,132.1484366004408,100,100
ENSMUSG00000003778,0.6158817075809528,0.8071705689296415,7.741194349812074,0.3492783545163525,1.472582308718128,2.413367239341648,22.360637368916585,100,100
ENSMUSG00000003779,0.03209664286648817,0.8141323027372401,18.869729035236546,0.01877255282331744,0.06920415859293093,5.317208696090381,95.42938303183232,100,100
ENSMUSG00000003808,2.9130380825664304,115.1704285566806,186.31386431115453,1.1247341734140652,4.1247901560018505,1.1312919556772565,10.013990904685667,100,100
ENSMUSG00000003809,0.6000577836003643,2.193120824760787,4.893879821291808,0.1077715529531524,0.9949282273134155,1.088829572160558,19.822786780783126,100,100
ENSMUSG00000003810,0.8785901962914702,1.480578092224377,5.106177793713359,0.13347846700345603,1.9027772170987018,1.1260293804118358,46.60875342232624,100,100
ENSMUSG00000003812,0.11911114993205801,0.28072355873353105,2.386089537283084,0.001,0.5353765126655321,1.4064477213583024,1004.6184065475263,100,100
ENSMUSG00000003813,0.02056055824086229,0.03141725400354033,10.549947160482327,0.001,0.1361702543536536,37.35560493441244,8533.10218287705,100,100
ENSMUSG00000003814,4.999501481846069,336.33531446082907,6140.936861950999,1.6464621903824688,5.826432751304871,9.428429570843605,39.88226302885929,100,100
ENSMUSG00000003824,0.04487150046533864,0.36173397756398745,3.7753202587911985,0.010361379138964032,0.14977256209578882,2.5248469207164685,39.65173168309557,100,100
ENSMUSG00000003847,1.287930857166141,4.105617508682053,17.50562580815816,0.6725949139687681,2.213030932310056,1.88556459577532,12.512210397144369,100,100
ENSMUSG00000003848,1.8883080391847071,10.947044196309154,28.823079661563963,1.2651990387354455,3.2306823368092736,1.3694373429288056,5.370134692361653,100,100
ENSMUSG00000003849,0.8442554762344938,289.18589255767597,2103.154434095325,0.6389131320750956,1.1885737671457002,4.478262534222794,10.5853908522985,100,100
ENSMUSG00000003863,0.02349213475366379,20.02586194264887,22.32963029164012,0.001,3.1934711783474334,0.0018318813052160998,45.65612534115636,100,100
ENSMUSG00000003865,1.2955248281803025,9.869523417273184,95.67948545581989,0.8832905520570582,1.915731012565932,6.278504145319397,18.111265983277413,100,100
ENSMUSG00000003868,2.2458764457106453,439.396315545532,1339.751262441673,1.7368967594470313,5.036365911516093,1.3395626073028362,4.294316541276236,100,100
ENSMUSG00000003872,0.0034345309592427146,11.098205385410735,26.671596098290518,0.001,0.07411044960409807,0.001653303999529441,17.66736914144724,100,100
ENSMUSG00000003873,2.8621043270722666,11.050134567773023,110.2962778554272,1.9661143678081086,4.374425459514081,5.346552745437263,17.919677103751162,100,100
ENSMUSG00000003882,0.001,62.31581250733508,1.0,0.001,0.001,0.0016272489744960945,0.15101488507378838,100,100
ENSMUSG00000003923,0.7621099077923655,1.640579047548898,5.411489304660876,0.43703583098875276,1.608142219487175,1.1340725716851507,7.401543266299962,100,100
ENSMUSG00000003929,0.48024003220550104,2.1426470957675097,2.026396825907414,0.006625863039075592,1.0929593992396405,0.36511205650726086,349.4482515840136,100,100
ENSMUSG00000003934,0.0037416767597857475,10.074790666179092,19.741236088465552,0.001,0.03474174586093116,0.0024625356382283105,18.760258717006998,100,100
ENSMUSG00000003948,0.9494126235424268,21.985921115261636,158.99744901663553,0.7447418242299729,3.3222094969220155,3.091548612017708,10.781357017929098,100,100
ENSMUSG00000003949,0.022689124220997295,20.65967909961423,15.027594273669944,0.001,12.558532373243242,0.001,2.7361691392573766,100,100
ENSMUSG00000003955,1.2204223198591484,4.23754947857016,110.70985936246174,0.9609282077902201,2.1780478700146895,11.929772443766797,40.243486405388424,100,100
ENSMUSG00000003970,0.001,13.180527957584744,1.0,0.001,0.6549007787350335,0.10363632643025489,46.32206076391233,100,100
ENSMUSG00000003992,0.8784407868470548,3.30240879065074,25.236075598516305,0.648071039877351,1.8497994637275148,3.1671824306561813,11.856264707869144,100,100
ENSMUSG00000004018,0.4418529797875776,31.564159882759487,18.56789614141418,0.19943176970870619,2.33332699243337,0.10989628977403104,1.3610449229572992,100,100
ENSMUSG00000004031,0.001,62.31581250733508,1.0,0.001,0.001,0.0019642589837019727,0.17135906732632664,100,100
ENSMUSG00000004032,0.3908106556726435,0.6419471312701857,7.982208489960632,0.21801863081319645,0.7421129049003269,4.0020288198474026,29.03560053078332,100,100
ENSMUSG00000004035,0.13479981135885513,0.6881175344614411,4.714953563058265,0.0022042452279019045,0.2991450170315392,2.3802165387493806,504.98522424222483,100,100
ENSMUSG00000004038,3.9276406581767263,942.1623723314058,1.0,0.001,12.594343354758234,0.0010000001431633746,0.024375330552215364,100,100
ENSMUSG00000004040,4.266547615663129,341.87893447357544,589.3842524545743,1.819026661606053,9.384707759741307,0.7862468508849926,7.6205229871441755,100,100
ENSMUSG00000004043,0.31445430437849115,2.5089665526536957,11.15928707099902,0.20906093763913908,0.4688223638816046,2.507005290993953,8.60602252572417,100,100
ENSMUSG00000004044,5.484196672261646,111.36241849638928,585.3138101379261,3.584242295910343,7.895677067697338,3.5166304394185666,9.679282775987085,100,100
ENSMUSG00000004054,0.2898301678703321,0.5294859029004029,3.285874580501387,0.012159025555687698,0.7694542528433987,1.8632562123087855,240.02812055587458,100,100
ENSMUSG00000004056,1.2403214572444585,1.5704569602286498,17.99423728350458,0.8576645600756863,2.8367316648994025,2.9311186424665743,20.572900118482735,100,100
ENSMUSG00000004069,0.9532247362608507,1.63024519948893,6.4024687253706825,0.3911467167454633,2.012265807459935,1.1956852639339677,15.663049777987421,100,100
ENSMUSG00000004070,0.001,0.0010003393573111909,12.932355505031333,0.001,0.2594695197239235,43.92948149832107,14621.183446922465,100,100
ENSMUSG00000004071,0.004054770616786701,0.002962089573714967,2.1662680965121974,0.0011855981431683903,0.7751944174147767,1.6479171327124646,2311.6915018320783,100,100
ENSMUSG00000004085,1.2280114273680025,121.62191819414606,142.26110963142256,0.46112096292906324,2.073714561210603,0.6977484653431163,6.207269066946024,100,100
ENSMUSG00000004096,1.1237025023051899,0.7194521709587122,7.656279312943597,0.6669952399817373,5.263463661014807,0.90995032751701,21.91376494898427,100,100
ENSMUSG00000004098,1.135040756193002,102.21044813998567,987.5157021597669,0.8851404934478689,5.918626256617666,3.4532841435525885,13.654856491514712,100,100
ENSMUSG00000004099,0.39079306520265344,2.975956654742187,7.561284501272606,0.159679564863542,0.6429538653883844,1.1912455485513895,7.921955805274529,100,100
ENSMUSG00000004100,1.3321817876816253,2.480512198479805,24.608997435486007,1.047849935510305,6.653538975889321,1.2580965200894698,14.197532693278982,100,100
ENSMUSG00000004105,2.3247198395466397,326.9408215709163,3874.2509051285024,1.868930353623367,3.5708024100477638,7.548908477411407,15.203623491814568,100,100
ENSMUSG00000004113,12.477224308162825,1000.0,1.0101133059943104,0.001,22.414373663842074,0.001,0.009663822834068893,100,100
ENSMUSG00000004127,0.7823570210907953,30.20702896716581,17.431348314199663,0.3190658677026168,2.0601091139559156,0.18716970322253507,3.1810861136583113,100,100
ENSMUSG00000004151,0.0938650937786542,0.543923291175725,7.295901343536202,0.018652148954673233,0.17847088663293073,6.0651464101992065,87.76416074566087,100,100
ENSMUSG00000004187,0.0011169763337362533,0.03189487381982881,1.4196308764564085,0.001,5.4102168496370355,0.001560083686373433,52.699747859723026,100,100
ENSMUSG00000004207,3.951210465880251,17.915092878734843,604.6652863337217,0.001,5.731024768712208,1.1409854362340632,414030.71147373976,100,100
ENSMUSG00000004221,0.2816807816368712,1.2033387206836197,11.093024817147548,0.18388357609746941,0.38253649682616647,6.04885366480247,16.620854006870733,100,100
ENSMUSG00000004231,0.881564516204355,212.83947995384116,1.0,0.001,6.950486956057817,0.0011777634623927674,0.0959805879113936,100,100
ENSMUSG00000004233,0.36197982410243357,0.4156031338435687,1.5522627630430006,0.005134436018970642,1.699903792505033,0.5113891337602802,516.7742607796526,100,100
ENSMUSG00000004263,0.026220413984685186,0.038863615038497966,7.805005134098404,0.001,0.17468552214715657,23.489756597885286,6892.447345868456,100,100
ENSMUSG00000004264,5.66748676714895,492.8875503683562,1991.1742514518164,4.824238686367263,8.697127444937689,2.6558228981007015,4.786692356997468,100,100
ENSMUSG00000004266,0.001,66.84427540036525,1.0,0.001,0.001,0.0016336199376017619,0.15149943183717215,100,100
ENSMUSG00000004267,0.8785457753402933,5.370755472158267,19.074363627673115,0.6181103057745342,1.4139622558054827,1.9482672909351855,5.5965588751645265,100,100
ENSMUSG00000004268,0.9694567072814172,1.03534762489433,14.343773277857474,0.5630108693834479,2.706966364291209,2.640089440442426,34.303235420302016,100,100
ENSMUSG00000004270,0.07385746682859079,0.09501520586133881,16.77638484318653,0.001,0.4642999674626896,22.26931029981987,17647.947744808327,100,100
ENSMUSG00000004285,5.303607953296524,16.225278433590965,69.64374020872683,3.8897609531684654,8.999765003993229,1.9543107489317273,7.675559967309393,100,100
ENSMUSG00000004296,0.001,62.31581250733508,1.0,0.001,0.001,0.0016484448926205098,0.2323065460410436,100,100
ENSMUSG00000004317,0.1895205325534747,0.22606339367072603,5.778669991954048,0.09769945031823352,1.150896060147475,2.2133529344594147,55.879168867136386,100,100
ENSMUSG00000004319,0.1649660497337285,0.5854387393966819,2.8009601194456013,0.05156675842939906,0.4494354652950091,1.5253934620158627,15.596775820285597,100,100
ENSMUSG00000004328,0.001,62.31581250733508,1.0,0.001,0.0010000000000000005,0.001517342496760451,0.38232026626313254,100,100
ENSMUSG00000004347,0.001,62.31581250733508,1.0,0.001,0.001,0.0017723790677852357,0.20234971233176213,100,100
ENSMUSG00000004356,0.15267001059577714,0.13374279463347813,4.425687642282935,0.029967218702016817,0.3329833861895479,13.323874517903857,204.14106648211026,100,100
ENSMUSG00000004360,0.005589309845266193,0.04050812843562876,1.0447248942453176,0.001,0.21975836528882575,0.40653525665577644,140.5012325977787,100,100
ENSMUSG00000004364,0.2653376645417547,0.4094172575541818,5.88421300077923,0.0018650881504479163,0.6471791364308935,4.4830842659150285,2830.9643056264836,100,100
ENSMUSG00000004366,0.001,62.31581250733508,1.0,0.001,0.001,0.0019230812190307288,0.2826272184986579,100,100
ENSMUSG00000004371,0.05632830333058211,0.8389115928849498,19.490723921409568,0.032984895887125734,0.09714028154050725,12.552374742351706,35.316465154656946,100,100
ENSMUSG00000004383,1.554912856011803,15.168255329990567,28.69435581353434,0.6784228680168949,2.4780193824629704,1.0798109228832176,8.707871827297728,100,100
ENSMUSG00000004393,1.2634226755034115,4.92651958644217,13.138836117995945,0.5613524284101924,2.074681959950568,1.3518132509809053,10.322078970784865,100,100
ENSMUSG00000004394,3.0196593486428616,8.426279238292006,28.161881717119332,2.0325908377649444,5.254952375656867,1.435898210738087,6.15916159069897,100,100
ENSMUSG00000004415,4.131519129298434,1000.0,1.000247281024765,0.001,7.8549661047781925,0.0010706969354602862,0.051206411415857675,100,100
ENSMUSG00000004446,1.1507129939751104,151.4906201538812,264.79050452011575,0.7011571768864983,1.6767157472086307,1.2114610112403517,3.710556287207808,100,100
ENSMUSG00000004451,2.437208353024007,5.517864754501044,19.730314217847084,1.5319083283004673,4.990605890409035,1.2743078845091165,6.972192137628702,100,100
ENSMUSG00000004455,0.24001011568604957,0.5536552080153941,26.075613796639654,0.03960486674213878,0.5064736107337365,20.042927734918706,388.77554316995725,100,100
ENSMUSG00000004460,2.097416213194819,3.3038873067580776,29.841952725394364,1.4133021968519563,9.206265753134991,1.5128467958337621,15.452046856489696,100,100
ENSMUSG00000004462,0.5057643969552325,31.156621854034512,16.615541777982266,0.020644224250166637,1.033120890600717,0.21357327170883803,39.566888527077026,100,100
ENSMUSG00000004473,0.0449990539148849,19.624412054321414,18.40918231636016,0.001,11.559952715848503,0.0018547611810300947,48.35766455345128,100,100
ENSMUSG00000004500,0.34807096841792196,4.899688902083994,5.308251533034599,0.001,0.6858217909651927,0.537446934568089,545.5237054948551,100,100
ENSMUSG00000004508,0.39016511301048185,15.802559496048884,12.284238083328152,0.0457889615486463,1.030587570775495,0.27963310946069053,13.671790646148198,100,100
ENSMUSG00000004530,1.3986162005959306,8.429659427348463,40.89149312783036,0.9409904725684529,1.9671333843814494,2.981187088298295,8.280544637546079,100,100
ENSMUSG00000004535,6.815548665153982,457.6015355914923,534.4761131456969,4.980000487494205,11.219643792623913,0.6809379283714994,2.0314843156507543,100,100
ENSMUSG00000004540,0.001,62.31581250733508,1.0,0.001,0.001,0.0017681121405320578,0.11338624183189294,100,100
ENSMUSG00000004552,0.001,62.31581250733508,1.0,0.001,0.001,0.0019213838496529155,0.24699278767525268,100,100
ENSMUSG00000004558,0.09119103522652099,3.384846492730704,11.732818797395051,0.05098832897037054,0.18326836618394524,1.389595421781062,7.974611827338752,100,100
ENSMUSG00000004561,1.332128287440702,8.70900625197382,5.590615538363164,0.291993906799606,4.119321578229992,0.1866428796023652,5.621719676060186,100,100
ENSMUSG00000004562,0.3152487690284682,0.600804766220055,7.59817805330246,0.11911413249916497,0.5748980200336198,5.801019800936102,42.11313867255317,100,100
ENSMUSG00000004565,1.8050508800862188,4.41628015004126,14.083387772546269,1.1246496068499314,4.782452808335057,0.8732864566348171,7.384273699514408,100,100
ENSMUSG00000004567,0.6079001783618051,1.5560328809160204,7.578849226384184,0.24704486528301778,2.229090807188893,0.9696696372802133,17.301654063240335,100,100
ENSMUSG00000004568,0.9841400965908513,118.84123357744538,92.08728203337361,0.4943184511459309,1.9690536055530348,0.3540643765890041,1.6063497407493212,100,100
ENSMUSG00000004591,0.5050824308509155,0.7811165141744122,2.7323821816159306,0.012782064642685878,1.4992359648601987,0.7453662959262242,277.2199448619979,100,100
ENSMUSG00000004609,0.001,62.31581250733508,1.0,0.001,0.001,0.0016447089014236835,0.1595117466073597,100,100
ENSMUSG00000004610,0.13689684446782702,0.18235623986506416,9.181963982801141,0.03980351246004396,0.3974874858494567,10.942644015082518,210.4281641251194,100,100
ENSMUSG00000004612,0.001,62.31581250733508,1.0,0.001,0.0010000000000000005,0.001927470884070941,0.14178421453977846,100,100
ENSMUSG00000004626,0.08048054554884036,0.1546256387003213,3.118546925162036,0.003928969106201975,0.4158929729200924,2.731326327635273,606.2476267853604,100,100
ENSMUSG00000004630,0.001,66.84427540036525,1.0,0.001,0.001,0.0024652679821124063,0.25483013793979803,100,100
ENSMUSG00000004631,0.06337484290359507,19.209514450063583,7.8582287371818,0.001,19.087084214536826,0.0010532771817542866,5.059392657207452,100,100
ENSMUSG00000004633,0.001,62.31581250733508,1.0,0.001,0.001,0.0016402495394805157,0.05059135007914911,100,100
ENSMUSG00000004637,0.15972036982898485,0.15364385184720378,1.8186608201369117,0.0021656538311945516,1.4800617375621377,0.5992233996043175,1080.104656720949,100,100
ENSMUSG00000004642,1.118632716444857,167.34706103751918,445.6844796344831,0.8100618312192287,2.1698257100936305,1.1859800925461892,5.512577043100128,100,100
ENSMUSG00000004654,0.001,62.31581250733508,1.0,0.001,0.001,0.0018364379206344942,0.0747483017415789,100,100
ENSMUSG00000004655,0.21255659374639843,1.9140424489564456,44.800058254966494,0.1664711447719884,0.2723702314668863,14.992041092307979,32.78790188774155,100,100
ENSMUSG00000004661,0.2608822906656154,17.40358237136875,5.518632085086338,0.053963202093604445,22.37833593723613,0.0018013775339836323,1.3242361254071389,100,100
ENSMUSG00000004665,0.9181979606390226,8.137787037798342,179.003854396268,0.7222121619807838,1.376965710690707,14.790611259809857,31.592820575406677,100,100
ENSMUSG00000004667,4.105962596487183,38.98287579521501,178.64871382434555,2.665787279028034,6.8698911244961804,2.4627806879354326,9.212890294097413,100,100
ENSMUSG00000004668,0.001,62.31581250733508,1.0,0.001,0.001,0.0015663765231582138,0.16920307796977763,100,100
ENSMUSG00000004677,2.8468425168662437,35.547464453880806,39.05807257903884,0.8548023810751236,4.677416973386917,0.6418157943520753,10.000289042874469,100,100
ENSMUSG00000004698,0.011087844069603113,19.164758797979204,21.872669393712126,0.001,3.4916970620048327,0.0015543257526973828,20.402049745321992,100,100
ENSMUSG00000004707,0.001,62.31581250733508,1.0,0.001,0.001,0.0018473322523410703,0.19271073938831934,100,100
ENSMUSG00000004709,0.001,62.31581250733508,1.0,0.001,0.001,0.0019248049642313502,0.06964195275265643,100,100
ENSMUSG00000004730,0.001,62.31581250733508,1.0,0.001,0.001,0.0020037056479470616,0.22342701454891445,100,100
ENSMUSG00000004748,0.038317435654999024,20.481664412853434,28.57592411948823,0.001,1.4327348897955552,0.0015873252663339199,64.28244741316749,100,100
ENSMUSG00000004768,1.4290602835955843,313.9141805823893,551.9153722834973,1.0760446991943207,2.252573707824223,0.9456742569182848,2.5703239515631706,100,100
ENSMUSG00000004771,0.3130804885532382,1.0195643183716296,33.915373196413576,0.22274859478665668,0.47357551292785294,20.264577855098615,50.03604035913542,100,100
ENSMUSG00000004788,1.2692893766023072,2.5334101543642182,29.528793672364657,0.9251097775926764,2.6289087497226586,3.623221620437983,19.57335707482742,100,100
ENSMUSG00000004789,2.8020712111998978,5.3559023339615965,38.52980948786462,1.6488945025912236,7.761154908145883,1.7331715178877505,19.385708969211244,100,100
ENSMUSG00000004791,0.09185777665374599,48.2078469211129,102.7202908666075,0.028308410242826633,1.7569761604708494,0.04293680423537942,6.594596053645128,100,100
ENSMUSG00000004798,0.02826274305683396,0.08209262901032238,4.510123470918198,0.001,0.16725683701935712,6.4756093856702055,2392.592270836398,100,100
ENSMUSG00000004814,0.001,62.31581250733508,1.0,0.001,0.001,0.0014334227829999597,0.10713277839535451,100,100
ENSMUSG00000004815,0.09183837040202388,0.10363822951249689,1.2268150804411022,0.001,1.2250926802537334,0.4542770690099843,1016.7448166240824,100,100
ENSMUSG00000004837,1.2942464081253242,312.7073817864961,1.0,0.001,6.346787906341717,0.0010386154815270384,0.09750965014820694,100,100
ENSMUSG00000004842,0.001,62.31581250733508,1.0,0.001,0.001,0.0016093897443760475,0.2246256149423877,100,100
ENSMUSG00000004843,1.6846470021042357,609.2134589653411,1679.720473147569,1.3982892696930405,3.0757941979107173,1.3829829209366906,3.446474156941016,100,100
ENSMUSG00000004846,3.1066484529043747,7.372996511110998,71.57437977781255,2.254630786231435,5.4900158913693655,3.7436033601937355,16.022928523816926,100,100
ENSMUSG00000004849,3.2744087189646125,6.871140569961014,73.72994244924537,2.338053763771416,11.874699088936651,1.99360673772196,18.173098323457964,100,100
ENSMUSG00000004864,1.025049802825376,56.1925620648375,239.98840031155862,0.7113326948481907,1.3698118193649962,3.3130433717768204,8.278884458015426,100,100
ENSMUSG00000004865,2.0202151870761993,37.61544216812396,59.66709886697821,0.6215968665953893,5.7179758994888115,0.5937981712533833,12.401986790005163,100,100
ENSMUSG00000004872,0.00968490605705477,0.488626868320937,9.397367085137894,0.001,0.06888947906152308,0.8286186458971232,59.185541201334445,100,100
ENSMUSG00000004880,0.6771993864870702,1.3633317526231858,4.078186279726939,0.21177402525003614,1.7001946762659519,0.803228208542691,17.252332631359728,100,100
ENSMUSG00000004885,0.2687450302134111,8.66220584344323,288.3913791983026,0.19391196701655983,0.33535987373574194,27.24496487626398,50.3979242951306,100,100
ENSMUSG00000004891,0.05348629453186088,1.7973630802545697,7.118748470668027,0.0012786990749040989,0.13149899256863767,1.1002839221723995,96.22504834299065,100,100
ENSMUSG00000004892,0.0059785928899986135,10.87204844736353,45.72122057366774,0.001,4.038513495287342,0.0012863759699739616,46.17673831518303,100,100
ENSMUSG00000004895,0.05112299435166088,5.429689179147486,28.39019869737774,0.001,0.09410503476140877,2.3358129144707815,370.21199029654156,100,100
ENSMUSG00000004896,0.3757591414014218,4.901474027714952,10.43762844427057,0.002059524564945917,0.658645483091063,1.0655919934661258,630.5022475717524,100,100
ENSMUSG00000004897,1.9404846097905557,5.05308817514161,30.93635346541927,1.4241859110365027,3.8206856248361563,2.2514678905880103,9.616503629849566,100,100
ENSMUSG00000004902,0.001,66.84427540036525,1.0,0.001,0.001,0.0016487555757919285,0.3526787562312259,100,100
ENSMUSG00000004929,1.4968158685771669,17.73596657128117,31.845378256930996,0.7115217922918474,2.2348050091974496,1.1626276615263473,6.010787220624522,100,100
ENSMUSG00000004931,2.070201299298789,422.74775647854074,672.3070097689348,1.3077609041700424,3.5378945863396054,0.8987050562345174,3.289076089764345,100,100
ENSMUSG00000004933,3.056214351663582,736.0513408990713,1.0,0.001,6.3195257185903255,0.0010153485178191778,0.052803832242212564,100,100
ENSMUSG00000004934,0.6101134710078998,0.8552812079580456,7.9199635957326215,0.33827284010675673,1.4854220345018556,2.367169557321046,19.108427077613875,100,100
ENSMUSG00000004936,2.1623105217070324,2.4817697733058295,14.565234711442667,1.1230140794376697,6.040765072783927,1.1195597737389438,16.780328511868447,100,100
ENSMUSG00000004937,2.3767002166737985,3.9963390473509155,18.3309371437079,1.3230051184601623,5.752527294679333,1.229494683638567,13.088198634445442,100,100
ENSMUSG00000004945,3.3801475782879744,12.462569918813955,30.031029907222972,1.8150182660605143,8.67401937130273,0.7186355166280096,7.451291147099863,100,100
ENSMUSG00000004947,0.12334808512464021,0.1824227138119415,2.2338733252152703,0.0014371293581402433,0.6305870882903899,1.6420991980194577,1100.5366529872294,100,100
ENSMUSG00000004948,0.001,0.04217984076502023,1.3090761478747919,0.001,7.8204217020666205,0.001130258117755178,60.65050488798734,100,100
ENSMUSG00000004951,0.5434995532875959,120.25961583682414,845.7796722896795,0.41109453399309215,0.7755600598760658,4.780132551283248,9.914111153022853,100,100
ENSMUSG00000004952,0.0021117763261193087,0.00395793928174417,1.0871808617302672,0.0011770056221013967,0.4966435049558269,0.6140999311740044,593.5675250080153,100,100
ENSMUSG00000004961,0.016644528615796683,8.776031848297823,28.24518179795904,0.005943467046973039,20.45992784468994,0.0010003345337268326,16.497004151223933,100,100
ENSMUSG00000004980,5.360041431686886,236.72815717747528,1716.6476727747204,4.1124897013531,7.368445655982551,5.4165082386050205,10.997244892878994,100,100
ENSMUSG00000004988,3.515802310580829,835.7109520225664,1.0,0.001,8.452733204982584,0.001000000000103167,0.06810450676225449,100,100
ENSMUSG00000004994,0.06648438308008135,0.07199477272766573,2.502446510240247,0.0010071940850805753,0.6734388918900849,2.092413243109328,2231.18582083034,100,100
ENSMUSG00000004996,0.16972424212449438,0.7638831736044485,7.0897807019302395,0.09190523454401944,0.2647147956290833,3.8933002115645294,21.195256987242203,100,100
ENSMUSG00000005034,2.768576326777283,339.9626685509689,348.6164041636775,1.4517445695853883,4.014557588469518,0.7012198448076593,2.953167229755082,100,100
ENSMUSG00000005043,0.5594316160653056,0.8411502900017919,3.971379674824955,0.11525882147449654,2.216833610955714,0.786794866730942,38.80140870750719,100,100
ENSMUSG00000005045,0.021917990695506234,1.1655381626248564,3.1555898915495297,0.004476752472819992,4.864911968677946,0.001979232794481856,12.193625440008024,100,100
ENSMUSG00000005054,2.8991521315233517,863.8961065899326,9412.916238022714,2.408731709677168,4.150315405766918,7.301498832215017,14.028722469438513,100,100
ENSMUSG00000005057,0.5193670694009277,4.17146826586955,3.453614366061814,0.001,1.2526890226874645,0.34653635578354003,830.1780952669419,100,100
ENSMUSG00000005069,2.5283432423797603,6.54592184626122,26.355957148513504,1.6637029700487194,5.138828965854528,1.4654723076545841,8.416634675556802,100,100
ENSMUSG00000005078,0.5527620997248925,1.7085725914243168,6.269484587423567,0.21218299390848966,1.0214593985513476,1.6610008910885492,12.69888573609526,100,100
ENSMUSG00000005087,1.9044213716039762,316.34142795546677,2809.493622647463,1.4733022762717995,7.010096430884474,2.284167104194564,13.226389920890687,100,100
ENSMUSG00000005089,15.28097412910569,505.9438874770772,1.0,0.7703590244897217,46.30994745935747,0.0010000005380926351,0.006130337708356406,100,100
ENSMUSG00000005102,0.5543470081004898,2.0780683404183082,3.3481005170598004,0.0014099809261285145,1.0456047467991498,0.8890606631217468,984.79832330354,100,100
ENSMUSG00000005103,2.431895452045012,146.62171335360833,1157.4494586555156,1.860611695632022,3.2789439591598235,5.893568299580685,12.347779756601394,100,100
ENSMUSG00000005107,0.3972845080373352,3.122262352634665,8.496396226302245,0.23231602044149283,0.6782897216757133,1.2473807308776457,5.063345740248446,100,100
ENSMUSG00000005124,0.6044939891883954,20.870670614364812,162.4989401922221,0.49394188844176945,0.7941237173852065,4.9150555183003775,10.06950198925339,100,100
ENSMUSG00000005125,0.5941709266308152,32.14098621131754,145.8635775500865,0.41489166002764866,0.7366393838579537,3.5377695531680406,7.409906706775146,100,100
ENSMUSG00000005131,0.03462880736121246,20.635816919449006,17.862953512319393,0.001,10.885522940317887,0.0011355950262363673,22.63086447267859,100,100
ENSMUSG00000005142,0.8509552275564757,0.7394327329636619,8.118455726430783,0.5096458110911788,4.591407825723094,1.1770311565603397,25.251609763852418,100,100
ENSMUSG00000005148,0.1554559718214957,27.66440552311262,23.667197169963586,0.0012830848875830612,0.3723291208512939,0.37014477816508035,129.63303517841257,100,100
ENSMUSG00000005150,0.0653415709500607,0.26934087443095467,3.006037325687243,0.001,0.2409828093377554,2.054869051128157,894.770808714515,100,100
ENSMUSG00000005161,5.085808902233789,56.082998192328866,552.9874521639258,4.1507327988523315,6.422440067420099,7.373713505569375,13.628195028847141,100,100
ENSMUSG00000005198,0.09600211409202168,0.07749068094467566,3.952828634149857,0.0014190305813090761,0.5900511175152241,4.642114320682879,3466.7052095595163,100,100
ENSMUSG00000005202,0.001,62.31581250733508,1.0,0.001,0.001,0.0018034461670517012,0.1316986936987514,100,100
ENSMUSG00000005204,3.217353509255645,44.886846535044,61.7298564031701,0.9746201063464501,5.38786969025786,0.791112679644801,12.023249003857405,100,100
ENSMUSG00000005220,0.001,62.31581250733508,1.0,0.001,0.001,0.0015761193141508134,0.20258985784363462,100,100
ENSMUSG00000005225,0.6288176922459202,3.601032798926135,4.082100263474866,0.0020915320343488706,0.8328893691109795,0.8013457688115004,650.7682853564921,100,100
ENSMUSG00000005233,0.10082062514300717,39.50369767034845,304.57297291124627,0.07296618128789298,0.1796869561754424,2.464374860479955,13.70645791526838,100,100
ENSMUSG00000005237,0.001,61.674132606755,1.0,0.001,0.001,0.0015064878224782694,0.10474069240061133,100,100
ENSMUSG00000005251,0.001,66.84427540036525,1.0,0.001,0.001,0.001686114031908193,0.08382088072582722,100,100
ENSMUSG00000005262,1.8582582420387481,5.870581352604445,17.677267778171984,1.1254116760176107,3.685857689692961,1.1441526682331022,7.211354373797796,100,100
ENSMUSG00000005267,0.6173016347146695,32.707993420182746,10.324586154215405,0.11432184894407767,2.9953594396561707,0.08201871236445359,2.293563554543179,100,100
ENSMUSG00000005268,0.004204847837714939,13.831174129226653,19.884656824807006,0.001,0.017730846198590937,0.00222644947225632,15.021954308411765,100,100
ENSMUSG00000005299,1.0798671112570042,1.1482510446305478,4.9322229957151515,0.38862100091301943,3.7061480356467236,0.6676385481416804,21.5303522307539,100,100
ENSMUSG00000005312,4.036872956443493,16.543841474513773,43.240986459330266,2.636449976806267,10.38523832050316,0.8384915835199697,6.726820533274776,100,100
ENSMUSG00000005320,0.001,62.31581250733508,1.0,0.001,0.001,0.001543062746161396,0.20900918748814043,100,100
ENSMUSG00000005338,0.003187314744809363,11.008311262188817,28.254790821369774,0.001,0.08540017802441219,0.0016636830583157999,16.802291589566927,100,100
ENSMUSG00000005354,4.699001332013003,125.06451403191342,468.6830753721337,3.1803145696691715,6.8443045259295525,2.4942477617064593,7.5635615754157,100,100
ENSMUSG00000005355,0.07297480556450421,18.939054145418382,12.936696285694303,0.003992481032998497,5.106354188413414,0.004095483201139156,20.092895716013047,100,100
ENSMUSG00000005357,0.13529857246647792,0.8093090384558127,12.076409340434465,0.0718132899897293,0.19452789668074563,9.71613557970796,28.091887246422008,100,100
ENSMUSG00000005360,0.05898702140802908,7.927084105344626,88.63053512390421,0.03750061754126159,0.09690185145305083,4.662269410872849,23.51814238859363,100,100
ENSMUSG00000005362,1.5759862899557122,7.958741658370017,11.624546630751967,0.9783588284320299,2.707876449223942,0.6994792473681879,2.9385133306433295,100,100
ENSMUSG00000005370,0.1796431166995306,15.883448934724367,16.793839944588374,0.05204193034872556,0.4132048581971205,0.3158302497100259,4.810656342325329,100,100
ENSMUSG00000005371,0.18686066748328573,0.4699868444116286,3.0223399905603006,0.001,0.4064238922141147,2.3219820992086646,1856.699731171711,100,100
ENSMUSG00000005373,0.004204847837714939,13.831174129226653,19.884656824807006,0.001,0.09232196714211888,0.0018435668733560603,21.44813688021229,100,100
ENSMUSG00000005374,0.514444481854448,4.052090990816636,8.611746399301296,0.2297572416503582,0.8557055846886563,1.166111428351331,6.832944960648998,100,100
ENSMUSG00000005378,1.253804130840295,5.641517547422279,12.099395762131204,0.6789591430394415,2.2984929198275887,0.979821265765279,5.197927014787007,100,100
ENSMUSG00000005397,0.9013523728933821,88.22317146227674,802.5586673035885,0.7324235343753003,1.0780862179175754,7.093561814597768,11.428081224311864,100,100
ENSMUSG00000005410,0.14929565097803152,606.321742178725,5161.71107602929,0.1044581429724191,0.22559610887454606,4.1657569481442955,11.596728065082608,100,100
ENSMUSG00000005413,1.1841798100492065,49.6611953271962,3503.499006899422,0.9493188218025717,2.3139443661998254,35.29104598601209,96.82579787986089,100,100
ENSMUSG00000005417,4.333090429242168,31.458734871367486,112.00837585957106,2.3532015593735673,8.013174603964528,1.672213575095916,12.072812245515408,100,100
ENSMUSG00000005442,0.12500759756036303,0.11855439106917905,5.087560814936652,0.022979494715910466,0.2723301955359742,14.815633544888414,246.02953939500793,100,100
ENSMUSG00000005447,1.2343996816478877,2.8206339569729133,13.93209723828992,0.7372225193418136,2.5030630592040595,1.9092222863036654,11.448702840083019,100,100
ENSMUSG00000005465,0.08942889509988675,103.29842666382558,62.42978191144977,0.014421298664262342,37.67657773380981,0.0011901429331396558,3.1972990565151482,100,100
ENSMUSG00000005469,0.004884149266518974,0.03412982050589208,2.0153902934995918,0.001,0.1343246195678303,1.7390808205397215,371.66038092821884,100,100
ENSMUSG00000005470,0.023222457085730227,7.161356853804732,63.48274901807573,0.001,0.06025836970902809,1.6836967817090742,348.4788311473175,100,100
ENSMUSG00000005474,5.925854637533637,710.6073977934514,1.0,0.001,15.044031597375774,0.001,0.036352164868985175,100,100
ENSMUSG00000005481,2.6969040735523078,33.20457863177721,133.88517207649198,1.936550459870816,4.63636304527145,2.081453880147148,7.571294707774731,100,100
ENSMUSG00000005483,1.6309327359666748,27.24459063641429,65.25594904965509,0.9785447837082342,2.2732998743618147,1.616475986391206,5.680267443835205,100,100
ENSMUSG00000005493,12.503151135055633,999.9999999667891,1.0,0.001,21.066830127560664,0.0010000000000245648,0.020346671123859586,100,100
ENSMUSG00000005501,0.11638437898968655,0.12237593344988053,1.9809565252255918,0.0011122419480283723,0.8100770811693881,1.1916662756182315,1858.5582766841808,100,100
ENSMUSG00000005503,0.001,62.31581250733508,1.0,0.001,0.001,0.001621706993532403,0.1403178264018884,100,100
ENSMUSG00000005505,0.02574991584457609,0.017408934572445762,2.6218984502755314,0.0012550412554889203,0.9271375914907134,2.123234782727134,2705.919441876361,100,100
ENSMUSG00000005506,0.7156537331181131,0.3809221642213933,7.723382029886697,0.40807467464716496,3.836587729590211,1.3287051221069512,49.25603449235608,100,100
ENSMUSG00000005510,0.09569738375882109,0.1901499154840639,25.670786619600744,0.02099028556706154,0.19726573995642271,55.52187855567769,599.4303977731561,100,100
ENSMUSG00000005514,1.7705316937469344,145.0706206699366,560.2838549536388,1.2119694005397494,5.544315799485315,1.7818060976144188,6.648789493629726,100,100
ENSMUSG00000005533,1.3557371537823726,16.772577375036818,79.70640544375922,0.8959606723916423,2.06923366909294,2.9303741289965854,9.217207732058085,100,100
ENSMUSG00000005534,0.22972413445087997,0.3545659971690737,2.873378034908645,0.0796444179853652,0.8766253099768417,1.4608141087878361,26.941879692245433,100,100
ENSMUSG00000005540,0.001,61.88525872635182,1.0,0.001,0.001,0.0016646772993091008,0.24062222006444606,100,100
ENSMUSG00000005553,0.001,62.31581250733508,1.0,0.001,0.001,0.0020427050952422487,0.17893268683037328,100,100
ENSMUSG00000005566,2.903401112814636,513.7959182435776,1077.6317893582186,2.2146475215865937,3.948375224711949,1.5089237406957143,2.940449181303872,100,100
ENSMUSG00000005575,0.7514549037290855,1.3957847032944526,11.917674641677355,0.4348720519823009,1.3499164471098068,3.4322019199153986,17.642864907085595,100,100
ENSMUSG00000005580,0.04725087737115685,0.44719995244104815,1.3703175595173618,0.001,0.5159051321843622,0.22246703793060213,102.99197673381451,100,100
ENSMUSG00000005583,0.06078437132898545,4.568322095728665,11.276610808051464,0.02913205608081012,0.2989455620700006,0.32133615082775824,6.641938625116287,100,100
ENSMUSG00000005609,0.027781425404593413,0.025003545641786827,3.4300777710980617,0.0010252112099129332,0.4611229595736155,4.927838289136334,3503.2784566049436,100,100
ENSMUSG00000005610,0.9391597132645427,1.1630065331934576,37.6580656035748,0.7023488761705152,2.1150289211306834,8.262293190658617,45.31625034893192,100,100
ENSMUSG00000005611,0.10873726755577309,2.042241249849511,2.280724375634266,0.018553622768849226,0.4030205980918937,0.2545381316216321,8.183299514201007,100,100
ENSMUSG00000005615,0.1960585982432749,0.11980880647616382,4.617163904257169,0.024025611472604014,1.2582721982625034,2.277378636241813,589.8777164763475,100,100
ENSMUSG00000005621,0.6542175225117367,75.69537624386244,70.37876599953944,0.0010212075939248456,1.3537682963656086,0.3929669245045515,1126.5947745897433,100,100
ENSMUSG00000005625,0.3586909549701681,0.5719531588526922,34.87829001485884,0.06749262784693816,0.8369274042280515,17.93841270988499,461.07426840415576,100,100
ENSMUSG00000005628,8.270373913966738,668.0104678818947,1.0105819244503942,0.001,22.34936444830155,0.0010000000000006887,0.009019689081385226,100,100
ENSMUSG00000005649,0.001,62.31581250733508,1.0,0.001,0.001,0.0016326173627830716,0.16939754045003935,100,100
ENSMUSG00000005656,1.6750029952982972,2.853937858101677,13.521852555921285,1.1383242730027001,3.695099744823766,1.2938245512282227,9.228583228684123,100,100
ENSMUSG00000005667,0.6306629407492113,4.46464024207785,44.86422528446494,0.5062959836417624,1.005011244793173,5.419726042861732,13.91918045447343,100,100
ENSMUSG00000005672,0.001,62.31581250733508,1.0,0.001,0.001,0.00192384700552831,0.07033407038202769,100,100
ENSMUSG00000005674,0.0031504063547804257,0.008465637699985632,9.001963184688067,0.001,0.03605516639088121,0.22709064805566043,7937.168656143937,100,100
ENSMUSG00000005677,0.001,62.31581250733508,1.0,0.001,0.0010000000000000005,0.001468154505934914,0.18120393272691895,100,100
ENSMUSG00000005681,0.001,52.5155361231892,1.0,0.001,0.001,0.00203433046274696,0.6840927878778615,100,100
ENSMUSG00000005682,0.2240738942380343,67.91904834876271,106.18573251081608,0.10897661941771336,0.5542554262030982,0.5183698383376225,3.963395351611676,100,100
ENSMUSG00000005683,5.466641471481819,449.62307133680105,1461.6522154701458,3.5996919186339738,8.889856177244624,1.9625028069826627,5.809718813326645,100,100
ENSMUSG00000005686,2.0689503538184217,66.07247829078709,255.06197734663724,1.395969339771919,3.4647013454330353,2.1831082578003156,7.355366230036707,100,100
ENSMUSG00000005687,2.6781991564182053,14.367271772833849,41.15981303502474,1.3503420793389604,4.602283874492448,1.4302034077851196,9.470483278627404,100,100
ENSMUSG00000005698,0.06858276409772471,0.06614809065921215,5.088066217765882,0.0011551432132295143,0.3470999721991642,10.015794523359064,4671.2516861494405,100,100
ENSMUSG00000005699,0.001,0.002044936467020159,2.047857736336795,0.001,0.381068070418291,1.725087904825736,1249.160096675611,100,100
ENSMUSG00000005705,12.54458262235601,994.7913548891173,1.0,0.001,20.305592849969393,0.0010000000000050194,0.00980809288989103,100,100
ENSMUSG00000005718,0.001,0.00860843820940697,1.465762214678604,0.001,0.1390997138674735,0.8533683306782551,163.88569112995606,100,100
ENSMUSG00000005732,0.4290991778177706,2.3200521448218003,47.1116458259894,0.33301305469629866,0.6316344114097783,13.396957033870137,29.009719610696294,100,100
ENSMUSG00000005763,0.001,62.31581250733508,1.0,0.001,0.001,0.0016120705480277592,0.24050337931764781,100,100
ENSMUSG00000005774,0.45286642965802093,26.33615890368772,24.707073470261502,0.0010334458167562436,0.7057394358192481,0.5553250900721471,801.4042832114542,100,100
ENSMUSG00000005779,5.854689287524118,692.2299028602239,1934.5658306136331,4.702575691451571,10.222544832542537,1.6564270449750937,4.314904171982782,100,100
ENSMUSG00000005800,4.146906333238779,999.9999999237627,1.0,0.001,9.143203081070272,0.001,0.12153081252698147,100,100
ENSMUSG00000005802,0.1485613788326107,1.4928978002552662,3.138831329879092,0.001170688147297086,0.43291460537166965,0.5975056405622587,254.2582650427247,100,100
ENSMUSG00000005803,1.4722144699162643,172.0093235576956,359.70685359408134,1.1168784539526206,1.9554720913768615,1.5095783947705563,2.707837030021657,100,100
ENSMUSG00000005804,0.5688388563620583,0.5463257511188044,2.4927321407817162,0.01716952354979956,1.7336103881002685,0.8611112975031163,278.7079031135529,100,100
ENSMUSG00000005813,1.965519251367869,80.95762114032144,175.18002932704658,1.2162606727946619,2.506568400064147,1.685507615920388,5.807251199476268,100,100
ENSMUSG00000005823,1.9115814302918543,2.5236476076135737,11.117504558831648,0.959828483223133,8.908252948138337,0.5889851328296299,13.582358825107885,100,100
ENSMUSG00000005824,0.001,62.31581250733508,1.0,0.001,0.001,0.0019741689230225023,0.09354955463476763,100,100
ENSMUSG00000005836,0.004522184376626631,1.0101762844900015,10.389438547882778,0.001,17.74061491577796,0.0010000014765119123,24.640060451954938,100,100
ENSMUSG00000005846,2.387809654805716,19.15984855404544,48.76075784793966,1.5899996226747686,3.4763364180793976,1.5905050153700433,5.306764098546583,100,100
ENSMUSG00000005871,1.3937830336409738,10.551207045269354,18.738818886860265,0.6637617351167339,2.1053913912408784,1.07597183163237,5.088326550056424,100,100
ENSMUSG00000005873,4.951205188635542,31.096695004262248,211.46901563597623,2.6968058237012413,7.226405678792975,4.166931311302244,18.16616073385593,100,100
ENSMUSG00000005881,4.6116730866192155,777.2004414863384,4277.619963502266,3.3034279368726875,6.092045438018472,4.102563620747449,9.83580863479139,100,100
ENSMUSG00000005882,0.801848390295938,1.0404537637712872,5.093206783632805,0.27827613567469045,4.6649394931974175,0.6505371334343313,22.416849176134406,100,100
ENSMUSG00000005886,0.46683969056669866,1.9085087153418647,3.5117499202356,0.10422616312563474,1.0499010361607435,0.6466629615944564,13.448320238356061,100,100
ENSMUSG00000005892,0.001,62.31581250733508,1.0,0.001,0.001,0.0017503946445325395,0.2831434000892793,100,100
ENSMUSG00000005893,0.40940365520716404,1.4918796379656367,3.4545987843372066,0.001,0.6471292807331961,1.477819270443213,1779.8335824012045,100,100
ENSMUSG00000005897,0.0670837475617983,0.07736625987328286,1.6776846302084532,0.001,0.8631472920389365,0.8374666868867856,1512.2177886676834,100,100
ENSMUSG00000005899,0.8594499918350185,39.62682071014668,58.86091524574869,0.25849523451894296,1.2694443983978245,1.012506146338556,7.963243255340528,100,100
ENSMUSG00000005907,0.05180653712270186,0.08027713730572765,1.6154963368225128,0.001,0.7414886482793842,1.0094209421668585,1244.393829299356,100,100
ENSMUSG00000005917,0.001,62.31581250733508,1.0,0.001,0.001,0.001281751098011512,0.20182749609891135,100,100
ENSMUSG00000005936,0.40132474799390566,0.3587209908856557,5.119799317551117,0.16376349337256083,2.1557663085508727,1.3905908104764637,49.039387213063435,100,100
ENSMUSG00000005947,0.001,60.60768216058454,1.0,0.001,0.001,0.0016004792803823776,0.23964699079231716,100,100
ENSMUSG00000005949,0.009861877508205392,5.43338464793894,47.22212884791056,0.001,0.04313341372537703,0.010536418479393583,192.78445175944938,100,100
ENSMUSG00000005950,0.0045471798434556085,7.612709733008155,19.061984268136474,0.001,0.036297402140949106,0.0021545938425564814,17.993461084425398,100,100
ENSMUSG00000005951,0.02537607026443298,6.024476670885214,20.837076268466546,0.001,24.207997470300846,0.001191783492433268,10.179890595247354,100,100
ENSMUSG00000005952,0.001,66.84427540036525,1.0,0.001,0.0010000000000000009,0.0019014561718095372,0.2685904237453673,100,100
ENSMUSG00000005958,0.33409498334239984,1.4515403896704104,4.04566523460023,0.0010673474602500015,0.6767253086360394,1.1044551408198264,1160.476104961584,100,100
ENSMUSG00000005968,0.29001074867773513,37.28495136031378,749.761101500123,0.237082819052912,0.3693402333971332,12.789947960093858,27.872591511728793,100,100
ENSMUSG00000005973,3.923027466239431,499.4452962839384,2112.828831493612,3.0552588474637776,5.290277852719138,3.078136450055763,5.686811746084594,100,100
ENSMUSG00000005980,4.203795467877943,1000.0,1.0,0.001,10.506736907081827,0.001,0.03371273000576777,100,100
ENSMUSG00000005981,1.6489044191753248,2.4202037445904696,16.829673296422357,0.9955661656348882,4.833297440209823,1.4369993487407502,13.039446580852365,100,100
ENSMUSG00000005982,0.6400920048120718,0.8629213665718221,5.543616844015309,0.3267669468993867,1.3233976982553595,2.08712574611405,16.36009055578989,100,100
ENSMUSG00000005983,0.09290331085533181,16.96810970824041,17.453773608045484,0.001,0.19534834552815183,0.3869091429205795,125.03597636854106,100,100
ENSMUSG00000005986,0.15041374645226258,31.555777172167623,20.96910485106074,0.001,0.8039756523403284,0.002490687952120728,16.631494511152273,100,100
ENSMUSG00000006005,2.6793753750581084,351.9493530473798,840.8050876853364,1.464576338338102,3.746214917933123,1.6832219986824035,6.020250690875576,100,100
ENSMUSG00000006007,0.001,0.010826964996667012,1.0,0.001,0.2136418517756966,0.37258155664367676,116.0937911779765,100,100
ENSMUSG00000006010,0.22070972026546154,0.3166303607142227,4.732210418286857,0.07566201641906485,0.4714557941443409,6.320499199489305,60.19195491898579,100,100
ENSMUSG00000006014,0.47492637522114134,4.066237707249802,1881.5554295221264,0.17314647085513907,0.5951527312576677,360.4660538962749,274576.8143523763,100,100
ENSMUSG00000006019,0.7655884622882067,29.46867244222964,21.183401669362503,0.001,1.0277045151780138,0.490636658113639,1178.5041563617833,100,100
ENSMUSG00000006021,0.2732025901207766,18.13012127903748,33.44958986352192,0.11110548847910402,0.531058930670301,0.874998398060175,6.007666111919885,100,100
ENSMUSG00000006024,6.3571639979504315,399.4989798945702,993.0800449566624,4.9512939086325805,8.407082364630924,1.8775350640686421,3.783475125725193,100,100
ENSMUSG00000006050,2.828187530992942,9.113222274104656,34.46737124111358,1.8935311246164745,9.108728506224194,0.9292293510985417,7.805154092456116,100,100
ENSMUSG00000006056,1.2942464081253242,312.7073817864961,1.0,0.001,8.3029223949521,0.0011929151040410216,0.056986058592205124,100,100
ENSMUSG00000006057,4.5328641353064105,29.753148907810072,131.9697035822841,3.1177029770635034,7.2619395735401016,2.424363314938053,9.056030789095637,100,100
ENSMUSG00000006058,0.06870407978083853,0.08040115751362267,8.278343972481885,0.0018214681147431964,0.1863719471884072,27.068189053283486,3226.744766554256,100,100
ENSMUSG00000006095,4.864711760632067,750.7140174088387,1541.8978525835198,3.449846676109326,6.637289883940185,1.558907358000308,3.0086676143468134,100,100
ENSMUSG00000006127,0.5649444602214494,1.2055062069178368,3.90323067019427,0.13618137273787992,1.1106183475353446,1.1839765898334598,23.69224451279075,100,100
ENSMUSG00000006134,0.08596677308454007,0.05979700629700281,1.064451151720652,0.0012454582878048818,2.6953959859164094,0.2903342972166637,1092.3824345099647,100,100
ENSMUSG00000006143,0.043898777851816194,20.57145408788969,19.289232865108467,0.001,6.00345163266576,0.0016681949730808542,18.138203917662157,100,100
ENSMUSG00000006154,0.2781400163102996,17.54748605567569,2.9371200715799652,0.001,52.636716515797886,0.0011030454706622763,0.5819447506591241,100,100
ENSMUSG00000006169,3.110650977721493,4.987308802326242,23.372449378593263,2.263923552236129,8.256789152432866,1.0858899282488825,8.853056488683398,100,100
ENSMUSG00000006179,0.0014980534964932274,0.421562927318806,3.5233907146355605,0.001,0.09479354562130163,0.0031036877517550106,25.19956283184008,100,100
ENSMUSG00000006191,0.5585730990998323,1.45828423193879,4.158818966991716,0.2709877061285556,1.2077429821206014,0.9722778991096255,6.6158651696173605,100,100
ENSMUSG00000006205,0.435942114808529,46.2856357459787,896.7517124917124,0.3217016341961619,0.5190907913124126,14.772166679555982,29.73684051556041,100,100
ENSMUSG00000006215,0.6833877581643325,1.4262207303093077,4.926732912600094,0.20258468903401633,1.808216574800509,0.9465659356838854,18.412129688968907,100,100
ENSMUSG00000006216,0.03316644251108259,35.24221766133388,41.121801048978995,0.002398403450251158,28.120230366038758,0.001,8.970896960405106,100,100
ENSMUSG00000006219,0.22950271666842856,0.8758734483640419,3.55148523384662,0.057917081418661684,0.4900360956919856,1.4617433964271158,23.472368301226062,100,100
ENSMUSG00000006221,1.6948000680909736,574.7991300879672,1483.9316751284791,0.3714194517918671,0.6125949421419876,9.283339182479846,17.35201488174704,100,100
ENSMUSG00000006235,1.827408594187776,433.33200259696997,1.0,0.001,9.717238780150986,0.00100000000226943,0.045137035252350306,100,100
ENSMUSG00000006241,0.14223067704112002,2.0240568106147117,4.156200117853879,0.001,0.2708004564887009,1.1531883397393357,438.0680919567185,100,100
ENSMUSG00000006262,0.5048445385710659,0.33271234516680737,8.561786535923227,0.2746837973366759,2.5486934480024197,2.1370469198864606,52.010393504752116,100,100
ENSMUSG00000006273,1.1657777234606235,1000.0,6888.394225579563,1.9192295675973456,4.2003484632284955,1.5652477253724846,3.9548015708406514,100,100
ENSMUSG00000006276,0.001,0.0026775900184773526,7.021510001905343,0.001,0.03732396069209331,38.00986720285452,6003.46731980395,100,100
ENSMUSG00000006281,0.5663200206371657,1.116624556541953,4.105481640373958,0.2385313421079028,1.1118233167822322,1.4476272436834303,12.154843114231149,100,100
ENSMUSG00000006288,2.3677465155891473,12.61265787451583,14.106155316696666,0.01779207042481173,4.875326658986815,0.4691497351424276,1164.1025123467064,100,100
ENSMUSG00000006289,1.889679948754138,355.8274893789302,665.8364743093227,1.236460865574998,4.4158351734573476,0.8412672174592238,3.408485267368137,100,100
ENSMUSG00000006299,4.578153792715594,41.214139685337635,237.72045337662522,2.6136327512618465,6.05696494230438,4.0618181223773355,16.418560252255674,100,100
ENSMUSG00000006301,1.6186671522792362,11.06932025394153,44.36143083712526,1.1240684819724218,4.135222397850988,1.5532178905854621,7.796201312670387,100,100
ENSMUSG00000006304,0.9152945337672692,1.4296635003823708,73.21128410574961,0.6083351394621328,1.698010170731016,18.33873144897021,70.51802431019121,100,100
ENSMUSG00000006307,0.011115681328743642,0.03308967336950505,2.1185280692811075,0.001,0.2999589836066956,1.8654578177861292,764.9555975381622,100,100
ENSMUSG00000006310,0.001,62.31581250733508,1.0,0.001,0.001,0.0016461808944798037,0.261540937225256,100,100
ENSMUSG00000006313,0.010961309765697135,19.790981547078072,22.55653511473086,0.001,8.443006568726911,0.0010000094242468116,12.345550404103271,100,100
ENSMUSG00000006315,2.7036284718529897,19.461028410771743,137.46169539614277,1.6033564382006533,4.509167877391784,3.894044269694536,17.661871969743036,100,100
ENSMUSG00000006333,0.30836338152165843,0.9254376702424314,457.4252609573625,0.001,0.40467345159307583,0.006179795001492138,41810.06835441927,100,100
ENSMUSG00000006335,1.4347830429871706,14.823658469102604,33.04107162646255,0.508086047975991,2.3023413165954363,1.3783878644643361,10.965541249331576,100,100
ENSMUSG00000006342,0.0704115828558643,19.466042621948038,18.25020538574058,0.001,0.5324637869623207,0.05406979822732473,94.3174696153697,100,100
ENSMUSG00000006344,0.03914781921969157,20.29960441167693,10.71857845916071,0.001,19.917928920989716,0.0010391280793263626,9.162844727013008,100,100
ENSMUSG00000006345,0.4282965282830732,103.14966607220127,1.0,0.001,8.72730535698661,0.0011915191138233898,0.03654791189947152,100,100
ENSMUSG00000006360,0.20261419954572987,1.375376929422497,60.617920167362506,0.16409106522052655,0.2825390212972637,25.67849546365543,62.84329988165379,100,100
ENSMUSG00000006362,0.001,62.31581250733508,1.0,0.001,0.001,0.0023402039933339176,0.24785383579036782,100,100
ENSMUSG00000006369,0.22948431866891134,4.896875432738343,27.029305619686475,0.14971966680668508,0.3207762095625949,3.4231291919250113,9.614173195128497,100,100
ENSMUSG00000006373,0.26617320952338686,0.6177967219602293,36.49985615042295,0.17292674494355725,0.4498865786874109,28.50607004011734,99.1260090723053,100,100
ENSMUSG00000006378,0.20208751450030052,29.28578204415581,42.21602945153425,0.11785432912448784,0.5643372408348163,0.37835786286713774,2.842807283109103,100,100
ENSMUSG00000006386,0.08954231549055884,3.734146277498284,18.84562549314911,0.001,0.1373455557251338,3.0349212925763602,450.05201199115135,100,100
ENSMUSG00000006389,0.001,62.31581250733508,1.0,0.001,0.001,0.0017057730535571572,0.22287567681650805,100,100
ENSMUSG00000006390,2.7711556836667457,28.821060533296443,114.95248578170835,1.416656700093847,5.153675049381914,2.09613837536459,13.829648335641796,100,100
ENSMUSG00000006392,0.05458878457462124,0.08477660808084832,15.610701164017826,0.001,0.22298084056056022,34.29111609690412,12323.166178052312,100,100
ENSMUSG00000006395,0.08492542643590158,0.21066301876442795,2.7034357390892145,0.0019012747337757564,0.3235581938540374,2.2986318319031205,796.0259244939664,100,100
ENSMUSG00000006398,0.02972983437908682,1.1866094514742327,38.47904875383482,0.016170744355271473,0.07661073580407249,4.289452410251954,87.62563660640765,100,100
ENSMUSG00000006411,0.001,0.037616180041622295,2.5533539735767476,0.001,0.13929906207242385,0.30210642772986473,76.8379829865585,100,100
ENSMUSG00000006412,3.0212295908484994,46.675912144977914,116.55754244107155,1.7188647782323332,5.697497893672081,1.2874774280835886,6.99720500185896,100,100
ENSMUSG00000006418,0.2718341481179825,0.42496742086660383,11.272939802915046,0.13281977433511066,0.4457988909611281,14.682195926907136,66.36339119131651,100,100
ENSMUSG00000006423,0.001,13.688377568927335,1.0,0.001,0.001,0.0273565233195226,3.00258088663216,100,100
ENSMUSG00000006435,0.2720438827257386,0.9318240136261318,2.2639503543495856,0.001,0.7893447481881583,0.6183702100846874,1016.9464583540394,100,100
ENSMUSG00000006442,1.2135048683899075,2.9690275150892744,13.64084265209168,0.3967049383844199,2.9851799210940944,1.323990894677309,27.755180138525223,100,100
ENSMUSG00000006445,0.7100973343508642,18.4039397217446,85.01705578121056,0.4517318942659144,0.932075925145282,3.1276465220764917,9.665057174867993,100,100
ENSMUSG00000006456,0.402970858183463,6.577327589704119,13.560170006116781,0.1954028796100189,0.6357041766747662,1.0759197144907255,5.352175445152488,100,100
ENSMUSG00000006457,0.039309651293020324,20.217281708675394,10.67556778843176,0.001,13.357650748918488,0.0010148572635190036,26.540534901941992,100,100
ENSMUSG00000006462,0.00355331674294901,0.007333776965677759,1.3090707656319391,0.001,0.5627727987938002,0.6820323716908165,755.5228944638243,100,100
ENSMUSG00000006463,1.132041719477616,3.5871348267312873,5.392112468555714,0.13873789628957928,2.1595622572716477,0.6262393634898801,28.17613131667028,100,100
ENSMUSG00000006464,0.7887752117303904,32.69806850716497,9.881819897687164,0.27979725483951856,79.62313797014386,0.0035810723243857204,1.0714845039845824,100,100
ENSMUSG00000006469,0.001,62.31581250733508,1.0,0.001,0.001,0.0017189847305028741,0.07009630322482432,100,100
ENSMUSG00000006471,0.1850822319666016,17.694155117669577,6.865657560136106,0.011713359849095014,13.378007313522371,0.01726899947989847,3.409078694282455,100,100
ENSMUSG00000006476,0.5133655167793493,0.7842010252954996,5.626179142310317,0.21272868680695806,0.9364992188123911,3.288136563649683,21.8342740943705,100,100
ENSMUSG00000006488,0.001,66.84427540036525,1.0,0.001,0.001,0.0015427461006344498,0.3330768810652747,100,100
ENSMUSG00000006490,0.001,61.674132606755,1.0,0.001,0.0010000000000000005,0.0017003007245605093,0.1624770944648488,100,100
ENSMUSG00000006494,0.7276374336831415,13.474329724414831,21.85816207025756,0.40670188558772574,1.1354562995519204,1.0193572533611168,3.8226542132963788,100,100
ENSMUSG00000006498,0.11370636252394618,0.57205322764783,22.15200106694375,0.001,0.25795989813742265,19.297876337451658,9241.738068424072,100,100
ENSMUSG00000006517,0.7428466007490819,6.063640394017181,37.328233441107116,0.5569423748125025,1.0037266611241964,3.951400770852241,9.694274147345652,100,100
ENSMUSG00000006519,0.7163369356551331,1.7589854111642445,29.8031295387038,0.5677773444363358,1.3089131068890927,6.960143738904639,22.30306935785283,100,100
ENSMUSG00000006522,8.302678529787482,1000.0,1.0,0.001,18.328884214686866,0.001000000009914284,0.020320495648340535,100,100
ENSMUSG00000006526,0.3854759165138344,0.48725842169515676,2.060157103745063,0.021771209850113778,1.6831852131328255,0.613160309538878,107.81811342577782,100,100
ENSMUSG00000006527,0.3274222633462727,1.948464813277692,3.8737967367283184,0.001244754682790541,0.6762114919795958,0.723910003161337,654.7749499702538,100,100
ENSMUSG00000006529,0.001,66.84427540036525,1.0,0.001,0.001,0.0016438076394787492,0.37128153719156337,100,100
ENSMUSG00000006538,4.132577005576439,999.9999999828615,1.0,0.001,5.6562049136483346,0.001471258920588503,0.15045999432263787,100,100
ENSMUSG00000006542,10.743663193357792,423.8614297267918,1.0,0.49751632358987397,36.94544395635047,0.0010000000000130308,0.00901434189723099,100,100
ENSMUSG00000006567,0.02259984857962868,20.8487813826046,15.162568326001272,0.001,7.9661563442051895,0.0012338313569470118,20.993602729807222,100,100
ENSMUSG00000006575,4.146906333238779,999.9999999237627,1.0,0.001,4.6907330622182,0.00139876644536402,0.14565129116936956,100,100
ENSMUSG00000006576,0.20443415917956823,25.91999742712662,36.71645265218058,0.001,0.291947766813325,0.9509885625322068,462.376376016648,100,100
ENSMUSG00000006585,0.27944950393822476,3.580041777080877,9.931666019479955,0.1657566210231935,0.4640799519037485,1.3550933844554982,4.794517243150938,100,100
ENSMUSG00000006586,0.057462023726053864,16.349064983252763,19.79411073910489,0.001,1.1864178652420292,0.005226240487904386,100.5274823494617,100,100
ENSMUSG00000006587,0.001,62.31581250733508,1.0,0.001,0.001,0.0018140280624739796,0.11199311846838889,100,100
ENSMUSG00000006589,2.973887197938215,35.57212511904016,175.28095169408175,1.9934465928543728,10.798321707325005,1.2252511141553826,9.797831244456788,100,100
ENSMUSG00000006599,1.4830673591079802,134.4600995528698,138.8563118218494,0.9087801514226896,2.7441268606072846,0.6130989316465247,2.0890595572994024,100,100
ENSMUSG00000006611,0.5896776869377977,15.620700354639533,43.05091042902167,0.035089174672485804,0.6890693148923444,2.472852354717074,89.47796698077808,100,100
ENSMUSG00000006638,0.021322006093707754,0.01614607979395357,1.675661454037247,0.0013268953387896218,1.467629802308038,0.7636633422570395,1561.7429200415802,100,100
ENSMUSG00000006641,0.4362608909532916,31.331488434258635,17.427306274442525,0.002748532221938399,0.8219671112167733,0.2497392074419067,118.50683944199889,100,100
ENSMUSG00000006642,0.001,62.31581250733508,1.0,0.001,0.0010000000000000005,0.0015930132111954553,0.11588873089340118,100,100
ENSMUSG00000006649,0.001,61.45463549419866,1.0,0.001,0.001,0.00205180429736586,0.5145015104881806,100,100
ENSMUSG00000006651,0.45976677260089477,3.8112001722941664,20.97235552237777,0.3317302401271845,0.6363988731990606,3.625191792779826,9.271019621195116,100,100
ENSMUSG00000006673,2.510263296550664,261.3052663694867,210.21643303465794,1.3453624270451163,4.345215923191682,0.42354128045832545,2.166673054602216,100,100
ENSMUSG00000006675,0.10045009765678009,1.3860198881694477,4.381284971505213,0.024516331970041848,0.2919519127748198,0.9964599351861725,14.05859784980385,100,100
ENSMUSG00000006676,0.5280671297699093,0.488730991269696,9.904562984402506,0.32794585356242856,1.8392343922269574,2.8332825953639715,39.66203316678505,100,100
ENSMUSG00000006678,0.004771109466674636,0.09913700035823196,4.0709652631430515,0.001,0.05931237193997538,1.759607604220138,282.6332119666358,100,100
ENSMUSG00000006699,4.337769617935415,7.549935168384801,120.2795049405863,3.094161274778784,13.08067797673453,3.658500595894756,28.44855644703052,100,100
ENSMUSG00000006705,0.5784883087154599,1.555581846575651,3.5027861547803147,0.27313487483873633,1.4215687862070263,0.6812575963334423,5.560004066059545,100,100
ENSMUSG00000006711,0.001,61.88525872635182,1.0,0.001,0.001,0.001612401007060578,0.4014147606252473,100,100
ENSMUSG00000006715,0.045995034974050636,1.18180465689961,9.45926572187074,0.023754321927408638,0.10632614317525117,2.384232341631445,15.470625221471451,100,100
ENSMUSG00000006717,0.6894844188132024,1.6229916518217173,6.192546429287004,0.30472363950673576,1.2344977404707993,1.6183547637126166,13.535602698900787,100,100
ENSMUSG00000006720,0.046082089191760496,0.5931873644238541,1.0,0.001466938892716087,1.224261000261582,0.06999607576507984,44.89608174624333,100,100
ENSMUSG00000006724,0.022607741669178286,20.973853076335168,15.247425462095693,0.001,8.245505999718972,0.0016290764338610494,20.995192767034375,100,100
ENSMUSG00000006728,2.8286049539903915,172.82879948150622,1258.1796871545273,2.08110524236635,3.7560367033119464,5.397497854566204,10.935522539945087,100,100
ENSMUSG00000006731,0.46582396497333656,0.6173240981315221,4.709888703259954,0.197299327207346,1.2621004021217934,1.7098045434706313,24.431935548814764,100,100
ENSMUSG00000006732,0.3956217201696467,0.4578917568249607,2.3908915967944537,0.014739724366369809,1.223183832681689,0.9842649008612031,205.77234961658232,100,100
ENSMUSG00000006736,3.7143294539459943,388.9910290238395,1025.8645123353426,2.496807200237221,6.010239049711443,1.652890726843669,4.995564600851837,100,100
ENSMUSG00000006740,1.886066424986208,4.923499269297682,23.227573293332796,1.315865613688638,4.012384319225008,1.6469947015327682,7.656442903097446,100,100
ENSMUSG00000006763,0.13821190243124515,0.08792341857799787,3.064261503502741,0.005570552683771089,1.1011254650626117,2.103001140409181,853.3156267313517,100,100
ENSMUSG00000006777,0.001,62.31581250733508,1.0,0.001,0.001,0.001965163795991828,0.12150773115026886,100,100
ENSMUSG00000006782,0.06295550676376853,0.17972303303390189,2.2619884467657325,0.0014386095833613653,0.34526617107758495,1.5012510400510486,664.212920412368,100,100
ENSMUSG00000006784,0.012743579772058896,1.367096884050553,6.433909051191152,0.001,7.039680691569114,0.00127045561720201,47.0988793013267,100,100
ENSMUSG00000006800,1.8251832245130177,421.11052519108904,2023.891738612433,1.4744024989477136,7.9717701250618145,1.126047466446876,6.822137901792155,100,100
ENSMUSG00000006818,1.5845777627953148,348.4447498587915,3982.372814429241,1.1144392772787417,3.703223890547708,4.766675227488692,18.765815095064113,100,100
ENSMUSG00000006850,0.716643871364026,35.104173517523705,5.414607336624533,0.10959565659602527,72.882900416367,0.0013977618994254748,0.763943942494339,100,100
ENSMUSG00000006906,0.6684190741317955,0.8061008664180791,2.861298502728921,0.04183207990201994,2.527535284001397,0.53674828286042,97.05390725260108,100,100
ENSMUSG00000006920,0.7211170494679727,23.40688085358443,32.40940114978678,0.1987909638003028,1.0019594367925195,0.9997360882921413,7.776725986673155,100,100
ENSMUSG00000006930,5.278622511474296,648.670515431966,1.029249580209954,0.001,20.293627233329605,0.0010000000407602474,0.049560948914904174,100,100
ENSMUSG00000006931,2.477872743775033,156.07852443136574,702.6181737736862,1.9241130670250564,5.862529911836707,1.8414799796059391,6.620095466693977,100,100
ENSMUSG00000006932,8.671761875542307,316.52909710372006,798.037150472787,5.926189352113766,11.644836390086992,1.8975789836331034,5.527432391970443,100,100
ENSMUSG00000006941,0.8945671057777498,1.130017955144565,8.891628369482117,0.3831470436153892,2.0147160210604156,2.4187697941977113,25.75312989610111,100,100
ENSMUSG00000006958,0.22514443741880966,3.3630338972139335,3.624416277839206,0.001,0.40661218387771847,0.5028555610757699,316.722699339614,100,100
ENSMUSG00000006998,2.5260153183522376,3.3274438813537297,33.89068023089635,1.7038141797055308,6.234591329662505,2.345675964764032,17.188954205915934,100,100
ENSMUSG00000007021,7.50521408249973,892.6445514542897,1.0,0.001,20.734788024236117,0.0010002516091824482,0.028962160953548276,100,100
ENSMUSG00000007029,0.001,15.168301407099863,1.0,0.001,0.001,0.00835497672104434,1.657169775547591,100,100
ENSMUSG00000007030,0.004462015635897209,9.367247606564858,43.84201739718037,0.001,6.876432653214497,0.0012168301543143884,38.28704345284929,100,100
ENSMUSG00000007034,4.132577005576439,999.9999999828615,1.0,0.001,9.702081272475292,0.0010000000067578656,0.0650772588954718,100,100
ENSMUSG00000007035,0.07201658778579945,18.437467548090215,15.546215485573489,0.001,12.705541411592291,0.0017310338579847179,48.1399470918482,100,100
ENSMUSG00000007036,1.9575542618049813,28.080942563366495,80.24427328805163,1.010019475853882,5.505244547058004,0.9785235861100958,8.137674003108005,100,100
ENSMUSG00000007038,0.4251088631297587,0.6693965440811043,3.9268385597021065,0.05593968136283007,1.1985239590867496,1.364749618235968,83.23718709650008,100,100
ENSMUSG00000007039,0.2881753943555407,1.22093400590863,16.275527873621048,0.2056513403386851,0.37468126090504894,10.035854362653895,21.666082043062833,100,100
ENSMUSG00000007041,4.568689404558187,201.0277075660185,1180.785611312675,2.8946328121596885,8.959260995851018,3.0462277679787286,13.01970792115743,100,100
ENSMUSG00000007050,0.001,26.801138440773038,1.0,0.001,0.001,0.005250676720393092,0.631461735404336,100,100
ENSMUSG00000007080,0.02756975348160172,0.6060197536371424,2.249659505475373,0.0028631701561267786,0.5394209828410603,0.10203629653694363,27.368774936848403,100,100
ENSMUSG00000007097,0.001,62.31581250733508,1.0,0.001,0.001,0.0017322741156361526,0.23408913722792868,100,100
ENSMUSG00000007107,0.004346180214324306,6.342349791166554,35.748021455684054,0.001,2.897795400690337,0.001705212562146816,18.348506387458336,100,100
ENSMUSG00000007122,3.408459036368276,408.93862586395426,1.0,0.001,16.81338836321428,0.0010000000000005365,0.016161843494198084,100,100
ENSMUSG00000007207,0.19479957339785026,2.387569000903028,2.9092653593743787,0.0456148324508936,0.4963089913462845,0.39235864948406024,4.471985921128384,100,100
ENSMUSG00000007216,0.42587084071009323,2.4232973041804478,2.8355769460493248,0.08233210061666305,1.1268587202722715,0.37287906801356185,10.087036297901937,100,100
ENSMUSG00000007279,8.372227635401085,1000.0,1.0,0.001,15.212450585114887,0.001,0.022548776137045905,100,100
ENSMUSG00000007338,2.3441148164276195,27.68469481849976,54.02608714622174,0.8491040995592107,4.290722760640756,1.0038947539744019,12.030638939654189,100,100
ENSMUSG00000007379,50.93803095498527,622.0431015825083,1.0,4.861797092603977,93.60006580665657,0.001075320994672376,0.01125554867686136,100,100
ENSMUSG00000007411,0.20562159072358357,0.12255811626592222,4.46722296486737,0.016667713561223377,1.3421456370632958,2.3395401296549077,748.926235012363,100,100
ENSMUSG00000007415,0.0837380092825517,0.068176181704629,4.895852940234387,0.0012454186275867394,0.49571368562031837,8.360671751566818,4712.741564818727,100,100
ENSMUSG00000007440,4.80862262855219,577.8187884677511,1.0,0.001,16.36302057998379,0.001,0.014929120551270006,100,100
ENSMUSG00000007458,2.511382508955909,6.727845784652462,60.17281390522089,1.6391866240500943,4.147158284947198,4.125717529166346,18.914177049222282,100,100
ENSMUSG00000007476,2.3740176430958155,21.976462780339773,13.012047804708313,0.029290971989928,6.293802380189039,0.21631187064326707,194.36985458378993,100,100
ENSMUSG00000007480,0.001,62.31581250733508,1.0,0.001,0.001,0.001449779730279716,0.4594701154253439,100,100
ENSMUSG00000007564,4.94842516575892,465.00720195337254,822.635377833332,3.228834358801807,8.52154273983551,1.0224318934101193,3.721611580171486,100,100
ENSMUSG00000007570,0.18689389536181203,0.21336191757092027,2.204819996975433,0.006767822074029199,1.2041304898325542,1.014101427482316,1021.7709980925506,100,100
ENSMUSG00000007589,0.3000778388801652,135.50407981630156,286.6584559179244,0.04895586659512052,0.6117844765181886,0.9470254403222469,19.51037524896972,100,100
ENSMUSG00000007591,0.06225054138260019,19.314180712622452,7.906854340500896,0.003687593274015093,24.422701655865033,0.0010077893828262514,3.7397627925947554,100,100
ENSMUSG00000007594,4.015008538119686,473.26667264210414,1.0,0.001,17.1008132759059,0.001,0.015803918122422506,100,100
ENSMUSG00000007603,0.6895012749377571,1.550400817475403,6.435178134015322,0.36926423404678443,3.8677310495423116,0.5327011197832714,10.023836197533656,100,100
ENSMUSG00000007610,0.3257091735273772,1.127946438330014,3.4280040095685544,0.10907059291364833,0.6930762171626788,1.1740233249151246,9.756455378061762,100,100
ENSMUSG00000007613,0.10449445894174125,21.252359985781165,36.652284577740076,0.001,0.21496698661864644,0.682475826099886,270.9938678385972,100,100
ENSMUSG00000007617,0.32828456302736386,131.57667080333607,255.5108693551423,0.032352139440487156,0.6272966706000335,0.9333315031974727,242.49766986221303,100,100
ENSMUSG00000007646,0.06869057784521361,4.222030561364271,6.064724815997706,0.002826535364421699,0.4285613828752254,0.018746603188813892,5.466103783295612,100,100
ENSMUSG00000007653,0.001,66.84427540036525,1.0,0.001,0.001,0.0016354686383345859,0.16390206914498362,100,100
ENSMUSG00000007655,1.9529771043346351,9.4193078388595,241.18103402473218,1.5857416729017184,2.622512820302987,16.1386765848517,36.81826991734964,100,100
ENSMUSG00000007656,0.8888007148201302,3.5545270480334916,72.73849044694681,0.6067233137202719,1.2622750631238682,11.812835337476226,35.951370114548766,100,100
ENSMUSG00000007659,1.9915085661832843,106.32095542871267,175.25043839527328,0.9902391825534802,2.9665328242917584,1.0728013092367368,5.785881591995423,100,100
ENSMUSG00000007670,0.2460625242262103,0.09135954412136717,2.1868076049048883,0.010905048654505327,2.856286884537276,0.7190476940739727,858.5320110307613,100,100
ENSMUSG00000007682,0.00491569556872008,6.778294018947011,27.229238587483074,0.001,3.129720038463126,0.001612123375697016,26.122819205048458,100,100
ENSMUSG00000007721,4.35570307579336,242.77972440140226,875.7256318291259,3.090965104056828,7.813815217489658,2.015605084137073,6.349538735832268,100,100
ENSMUSG00000007739,3.8316523244057463,74.30404969277832,229.28348775413315,2.8861943989431884,8.113784972594207,1.3241820003911333,5.285920330433718,100,100
ENSMUSG00000007777,0.373225006482944,0.2365025122487229,5.537776672301134,0.16505349805850605,3.344235915475651,1.2005850147464763,64.21128415046826,100,100
ENSMUSG00000007783,2.0537104210176973,10.627155770711822,38.40850674349699,1.3517763579211612,3.1758094183990417,2.0459049558443123,7.378330011855676,100,100
ENSMUSG00000007805,0.6925022972991954,34.79071889905113,91.67890248761275,0.4403648231144982,0.9350922322373134,1.9804091403790043,5.471151181701153,100,100
ENSMUSG00000007812,0.3482723949012761,0.24059751579809197,2.8865183559224823,0.018378057197720402,2.3507401890413613,0.7433387212573699,543.2170186060093,100,100
ENSMUSG00000007815,3.5707824924892497,7.258208223829054,78.39291170786066,2.5250806455736274,7.390802740398923,3.7038263378364933,18.77242207045187,100,100
ENSMUSG00000007817,2.7204267843268077,66.092408121631,189.92968762785122,1.7230301830581927,4.874063747339877,1.5137658227795445,5.559242202834228,100,100
ENSMUSG00000007827,1.0425580232485843,35.47044379834297,3.6636965885192962,0.16364698929063465,87.59147981130167,0.0012235195235042525,0.571610478989236,100,100
ENSMUSG00000007833,0.6532601928383821,1.5009553002634848,4.52203013983182,0.20782372355070158,1.2439081885251237,1.1542695386176924,15.578606838500027,100,100
ENSMUSG00000007836,2.8170759581861806,282.9631270110913,218.91314683201188,1.3973465117223653,4.573956850536599,0.4679366818294786,2.377182273917475,100,100
ENSMUSG00000007837,0.11660557909739586,0.09601093834088666,3.3280489479977216,0.0019277655362253,0.4929718568408878,6.119012759067052,2940.798385752594,100,100
ENSMUSG00000007850,1.07171797750911,2.050826950984484,29.766266244940564,0.775105742403347,3.935298827754128,2.732327359838216,23.63101671432409,100,100
ENSMUSG00000007867,2.1639397928431037,6.703176996999967,12.055878801355101,0.9959210682494528,7.057811086954583,0.4336392234694418,7.6775905419497015,100,100
ENSMUSG00000007872,1.5598968228833427,17.57737580908718,548.6142695372847,1.1408623509923745,2.1820361066316765,20.467616846068363,49.01008972254101,100,100
ENSMUSG00000007877,0.0064713514978703805,17.198052430720036,43.01628080332471,0.001,2.5485895163863277,0.0018056357786185456,26.091283299347765,100,100
ENSMUSG00000007880,0.08451975885426093,0.15833355899978138,6.425738297697787,0.0012289418556533614,0.1763847678049135,13.74771385247945,3860.9808500519684,100,100
ENSMUSG00000007888,0.4754102768799936,1.161037377059522,42.64724672008224,0.33562448388363164,0.6785635069989914,19.83831088822517,53.03369801273557,100,100
ENSMUSG00000007891,4.325955569402348,119.96263044363178,2233.1021786289057,0.32280812365969813,5.113993218279043,1.819216064825425,22.354224168828623,100,100
ENSMUSG00000007892,2.0973392909842854,36.756112319680895,1949.86187201509,0.001,2.98279328245356,3.6967215844270656,299.2559226834813,100,100
ENSMUSG00000007908,0.0394298053983606,19.06874122370486,26.63610213849398,0.001,0.42125665025047404,0.0020146222576165242,73.85871140984494,100,100
ENSMUSG00000007944,0.001,62.31581250733508,1.0,0.001,0.0010000000000000005,0.001615434658553434,0.07041055463819873,100,100
ENSMUSG00000007946,0.020252789978329848,23.020290166613865,73.90043232432852,0.001,0.3029091918695732,0.14758130879029263,99.7419227757726,100,100
ENSMUSG00000007950,0.4109497277619115,0.46264521030337274,3.7875487650581348,0.17970741931580864,1.0576737978953692,2.1687586660278937,23.70872048704249,100,100
ENSMUSG00000007987,1.6146531635687795,10.47749139874361,16.27885390755398,0.8231755336857995,2.752946465491765,0.7635167343915826,4.66701140161305,100,100
ENSMUSG00000007989,0.7116940294104417,33.75849500996687,8.936465284184733,0.10042641134564409,6.3082113453588455,0.027311270859299075,2.7986151969156907,100,100
ENSMUSG00000008028,8.622257295913105,999.9999999977599,1.0,0.001,16.955598248584387,0.001,0.10258348756670763,100,100
ENSMUSG00000008035,0.05208634531585744,0.4578872520036823,13.193482949932742,0.001,0.10630470885672,9.066873645374638,2227.6993319221783,100,100
ENSMUSG00000008036,5.491498174015603,127.75282778601913,392.82307016184245,3.6857580220269455,9.377009021825334,2.135820778056076,7.008600812501106,100,100
ENSMUSG00000008090,0.17795872226921897,2.3566169942192015,5.953461388670699,0.08258546771361819,0.38699138811150635,1.083633126729958,6.795514345714486,100,100
ENSMUSG00000008129,0.001,62.31581250733508,1.0,0.001,0.001,0.0013924955891380158,0.32348116352252,100,100
ENSMUSG00000008136,0.6226993968311504,4.3882680475126445,22.24959318858796,0.45617888851253013,0.8526991338230663,3.083075516826444,8.499448569425146,100,100
ENSMUSG00000008140,3.6945528099776554,182.20730501752718,346.906678193502,1.8078092106484003,5.136044838657765,1.3211246975988764,7.622997766445106,100,100
ENSMUSG00000008153,4.280028004011447,513.1455820103474,1.0,0.001,16.81560243742501,0.001,0.014907109386950407,100,100
ENSMUSG00000008167,0.4389747506867177,0.5349157759869604,3.751787415994836,0.14537600475161702,1.058172882471808,2.094896634056994,29.102839528171586,100,100
ENSMUSG00000008193,2.3992539462854334,631.6350691373558,1.0917831779394422,0.001,9.821990232913294,0.0010005540800973128,0.05707742291821941,100,100
ENSMUSG00000008200,0.07921899270764977,0.09098889416382241,3.3438317508733983,0.0010922866778832671,0.49875195431291197,4.798175688930975,2894.488541111342,100,100
ENSMUSG00000008206,0.4947242024398814,18.40319796685621,47.078031625054166,0.1075029708792901,0.7592425583151289,1.7131257202507986,15.534912708623729,100,100
ENSMUSG00000008226,0.22128600324533335,0.7742845731301472,5.758473867351681,0.04482816036844707,0.41491006052523405,3.2888922955330897,49.536314828333694,100,100
ENSMUSG00000008301,0.7662701246578595,1.0427908518779332,9.736437806056623,0.5171141626751252,2.03100344231046,2.0274731645598787,16.524098171022942,100,100
ENSMUSG00000008305,0.27822207869479915,1.0754776854167347,3.777081821361556,0.020840871778609354,0.3735273988966355,2.1165435389266856,64.71284329572289,100,100
ENSMUSG00000008307,0.026668898982293476,22.904878005545374,35.39130007740454,0.001,12.077595378889518,0.0013021553423259724,38.446229675365956,100,100
ENSMUSG00000008318,0.2681861152247246,28.745960587751274,30.60542617172515,0.1422713113387015,0.608681300937094,0.35675310693280327,2.1865705833307345,100,100
ENSMUSG00000008333,2.8088139156363763,4.208675703564651,11.092635601811276,1.3812997837461187,9.26536836996898,0.5083583588440517,11.17072198680623,100,100
ENSMUSG00000008348,1.4662539755022301,3.621179450349364,64.0762310681142,1.1768389674157387,2.566536147381883,7.403468947685406,23.53489289243881,100,100
ENSMUSG00000008373,1.1900326196926412,1.9676505268233628,10.547523071640931,0.7309532242515657,5.772509261216859,0.7409703545952111,11.456828687927661,100,100
ENSMUSG00000008384,1.3875738247963165,1.9739469779602206,16.80717589700841,0.9754488039213229,4.601799111553772,1.5391000036164941,13.551796959782717,100,100
ENSMUSG00000008393,0.9639970698043163,3.150426161800239,21.928057001358226,0.5592716526674507,1.3887811052930437,4.144338035331883,16.952557372480676,100,100
ENSMUSG00000008398,1.262728481500342,2.122376050928316,8.55606867580191,0.7181663298102938,4.088467420175649,0.9464651779094335,9.375871124794683,100,100
ENSMUSG00000008429,0.507470547296166,1.2548337662010172,3.1211119775676393,0.1916895867504675,1.431855324979427,0.6309034627704753,8.44048666284619,100,100
ENSMUSG00000008435,1.556281076135514,28.13244237317808,9.499904835197551,0.4206575215844552,5.694471208623826,0.08732213561100226,2.4085108519682588,100,100
ENSMUSG00000008450,0.16337416749518882,0.6123420261478885,24.152443304896856,0.014148731620962054,0.35131593014697315,23.280040014922616,2091.294702453339,100,100
ENSMUSG00000008475,3.0880159884592384,7.859629063901106,100.81183388979682,2.117482762815757,4.947470367076024,5.8282991749740205,24.621722912342506,100,100
ENSMUSG00000008482,0.001,61.88525872635182,1.0,0.001,0.001,0.00144404263420213,0.08557323119414942,100,100
ENSMUSG00000008489,0.001,62.31581250733508,1.0,0.001,0.001,0.001796575988444589,0.25449609159813746,100,100
ENSMUSG00000008496,0.001,66.84427540036525,1.0,0.001,0.001,0.0015524625916795622,0.3782919550917544,100,100
ENSMUSG00000008540,0.6873852233153956,125.9615687520121,1340.724818709147,0.5307486117377305,0.866130765583017,7.907605716303346,14.571421523289665,100,100
ENSMUSG00000008575,0.04389086535682076,0.5429761231781872,3.8005096297790377,0.0016203607146307282,0.16459355360750755,1.2334364624696534,181.62628322161711,100,100
ENSMUSG00000008601,0.001,61.45463549419866,1.0,0.001,0.001,0.00167047353674176,0.10749684474477178,100,100
ENSMUSG00000008604,1.1488468056737535,2.7611626315396216,10.26426791179119,0.6853618987933794,2.3066323841070218,1.3659411919949602,8.544265107030137,100,100
ENSMUSG00000008658,0.055064010617937136,17.052362341839427,28.372634449176537,0.001,0.16555125794229236,0.13491376864262403,122.98963824865203,100,100
ENSMUSG00000008668,0.2594184977096446,0.7491795493661257,621.3714569884036,0.001,0.2639244944206749,0.006558970897084194,1014.2823814202163,100,100
ENSMUSG00000008682,0.22250823841569514,0.39358085705609697,152.7431367509117,0.001,0.9519592120226996,2.1606689702684543,4349056.863711027,100,100
ENSMUSG00000008683,5.690269138702752,116.31656167124,2092.497382511114,0.2634107578549559,6.856450717661261,1.4429136271039678,29.096630199855888,100,100
ENSMUSG00000008730,0.8837146251593216,1.7002684202360299,7.058628914638003,0.5342905809477256,2.044252022944464,1.1417683916000847,9.004702279034046,100,100
ENSMUSG00000008734,0.03077972382460174,1.2208166010000303,5.892264622579679,0.001,0.1618748796793505,0.26528855237105564,107.2957687144893,100,100
ENSMUSG00000008763,2.1838914862635366,4.0885403990336915,14.20810110726904,1.287633691531854,6.730154653955397,0.7699547134375686,8.982040982279825,100,100
ENSMUSG00000008822,0.013213925793491416,0.018121466610725792,1.5323793813923503,0.001,0.6303777020857687,1.076338081567623,1144.1354091325493,100,100
ENSMUSG00000008843,0.001,62.31581250733508,1.0,0.001,0.001,0.0015943573682858292,0.19155327835890448,100,100
ENSMUSG00000008855,0.22045534183412951,0.8589868811178589,5.990170726536174,0.05234856126089091,0.34819858021394556,3.4577844432115317,36.37191346837486,100,100
ENSMUSG00000008859,0.9210804985383293,2.3110138390749886,15.768404725881245,0.5979600047631282,1.8777997526786399,2.4232611205249306,13.05888208508549,100,100
ENSMUSG00000008892,1.1464107486760544,2.9551569733962904,48.16527511383179,0.7397153802158435,2.1181362820713088,6.63785768066095,34.95290220115641,100,100
ENSMUSG00000008932,0.001,62.31581250733508,1.0,0.001,0.0010000000000000009,0.0016599449224191452,0.2319166704917262,100,100
ENSMUSG00000008958,0.47323689805797053,0.4957992972650075,4.103690171599381,0.2008158033474731,2.187419592002589,0.9535267769344778,27.491460817357144,100,100
ENSMUSG00000008976,0.6943116154652744,0.5038905699615454,3.591545301190923,0.22009775151482808,4.337892907934846,0.5053551435368385,30.846070238598777,100,100
ENSMUSG00000008999,3.3467679826601007,809.4058638924901,1.0,0.001,6.904433189985114,0.0010017896680199912,0.02818593609548397,100,100
ENSMUSG00000009013,0.09767552404846999,0.7539368619740772,170.09387088665355,0.001,0.1575806281956484,0.01401719426451906,1427.136561860501,100,100
ENSMUSG00000009030,0.7218288289601331,0.49390244410127804,2.69374051039111,0.04187607132755758,4.897221115867193,0.36015324067528637,272.31596754916507,100,100
ENSMUSG00000009035,3.0485782748109997,250.01557803325252,397.24226701471906,1.4601645035044521,4.241773932334432,1.0849637170536437,6.472553183786015,100,100
ENSMUSG00000009070,0.001,61.259704531272526,1.0,0.001,0.001,0.0017792254247287528,1.0219519780075457,100,100
ENSMUSG00000009073,1.3538164261691843,1.997488160128546,9.188042306763995,0.70849729352696,5.613035956703673,0.642632214856563,14.932153063146924,100,100
ENSMUSG00000009075,4.132577005576439,999.9999999828615,1.0,0.001,10.909307778663607,0.0010000000004132792,0.17374341717256064,100,100
ENSMUSG00000009076,0.11832466246241923,0.06643118396797044,2.265641673107054,0.002881805838933058,1.8354415406333335,0.9034608753850646,1581.0831778132647,100,100
ENSMUSG00000009079,3.776986265339011,291.98038950724447,946.9881251917686,1.7906867769455763,4.92032940376776,2.516549338147591,12.153215287067997,100,100
ENSMUSG00000009090,2.3215514874052463,100.8860431779893,115.08885606298008,0.4428166278753191,3.3040325898751934,0.8474261271444341,18.307850517125623,100,100
ENSMUSG00000009092,0.010778937026800762,19.584354218201725,22.321791336496304,0.001,4.114100709534782,0.0013684875680884988,4.304706789477722,100,100
ENSMUSG00000009093,0.001,60.37820284006485,1.0,0.001,0.001,0.0016051644631590125,0.3419149879955773,100,100
ENSMUSG00000009097,0.001,62.31581250733508,1.0,0.001,0.0010000000000000005,0.0015293294944008545,0.1909612472473528,100,100
ENSMUSG00000009108,0.014251963798930293,20.59695649501708,74.05775215012929,0.001,1.3076932479484642,0.002345664160381024,64.73842157632411,100,100
ENSMUSG00000009112,1.579362615014599,2.0026446085460075,6.926809378324885,0.8079692420498956,4.105407529926627,0.7839937171569138,10.105594700584742,100,100
ENSMUSG00000009114,0.001,66.84427540036525,1.0,0.001,0.001,0.001561202000591794,0.1569083821034704,100,100
ENSMUSG00000009145,0.013287774760475324,2.1195115637480764,146.8228740360656,0.0012384306736718338,0.15417992903025257,0.43544208700826015,86.31305151564146,100,100
ENSMUSG00000009185,0.20105660389866312,32.211346965779796,2087.4478739243477,0.16839402345196444,0.3003690649900089,27.990202754723295,107.07081794003031,100,100
ENSMUSG00000009207,0.32271725412354213,0.753052398626226,3.375546177387994,0.052137623791068344,0.8180440574198116,1.2359261185577068,38.21996050017399,100,100
ENSMUSG00000009216,0.001,62.31581250733508,1.0,0.001,0.001,0.0015180251764929566,0.13212581518403396,100,100
ENSMUSG00000009246,1.2943246951304563,16.972229249599312,1.0209184836873069,0.1684200818978321,74.42177940580999,0.001097201063761676,0.26608474458888653,100,100
ENSMUSG00000009248,0.022599402551096055,20.74413135699104,15.086365390540447,0.001,12.194657662767066,0.0013023231984069235,10.004695171620376,100,100
ENSMUSG00000009281,0.0032222999488793987,9.242822517890364,24.54084500051924,0.001,0.035404108468643176,0.0015587523958049908,17.507983097232426,100,100
ENSMUSG00000009291,4.36123394114064,331.4090919414815,776.6355375899451,3.100360416504337,8.901470108853992,1.129031854405679,4.754356523216607,100,100
ENSMUSG00000009292,0.001,62.31581250733508,1.0,0.001,0.001,0.0013527503895004271,0.24730170239719979,100,100
ENSMUSG00000009293,1.0579088849584346,3.0851589535222343,34.596910447423035,0.7499650194444694,4.342510897577833,2.274822684916602,17.18874188076834,100,100
ENSMUSG00000009350,0.001,62.31581250733508,1.0,0.001,0.0010000000000000005,0.001551626763860834,0.15565089692746337,100,100
ENSMUSG00000009376,0.14417070740373927,0.486938657072469,2.5311580635009876,0.03371041221932341,0.38946811994765285,1.3835386222268253,28.013401593042804,100,100
ENSMUSG00000009378,0.001,62.31581250733508,1.0,0.001,0.001,0.0019273135519112742,0.21750259787416804,100,100
ENSMUSG00000009394,0.001,66.84427540036525,1.0,0.001,0.001,0.0016565495318909013,0.1807974098832378,100,100
ENSMUSG00000009406,0.3333657396611837,0.876067129311549,4.98929390983669,0.17213582029915667,0.6012448909599852,2.8469567388412544,11.514082987306136,100,100
ENSMUSG00000009418,0.7954890113531731,12.82882177306246,43.949798600371764,0.416892790881055,1.0431527464815118,2.462930333064417,9.323832526089,100,100
ENSMUSG00000009470,1.606922028862608,3.1700866979900493,15.051478782566655,1.1559417629502569,3.1616683434714656,1.534982557407558,7.6631574555454804,100,100
ENSMUSG00000009535,2.3605977390334134,9.17442945061356,26.298090102563517,1.137773966231178,7.347993733796466,0.7778238284093681,10.683935464431466,100,100
ENSMUSG00000009545,0.001,62.31581250733508,1.0,0.001,0.0010000000000000005,0.0016428484513030623,0.2888383333718759,100,100
ENSMUSG00000009549,6.209847525752136,414.077045785482,1557.6268526440529,4.810082276020995,10.233290785858038,2.2154376530886464,4.966455306586529,100,100
ENSMUSG00000009555,0.1367059130103974,0.20384180085411713,8.854147173881044,0.027986142404825054,0.3071243704236147,14.334434442404111,269.3351983923909,100,100
ENSMUSG00000009563,0.003629371971799485,0.002227450955888073,3.3092094008656074,0.0013023570056736038,0.38970836141104603,9.212415621997968,3418.956336535769,100,100
ENSMUSG00000009566,0.0870065663231105,0.12577477134919082,4.457410440206835,0.001,0.2492435374235245,10.496839126988615,3419.909802719455,100,100
ENSMUSG00000009569,0.998132562565004,2.7939647917115065,8.963617655470115,0.5483265828239163,1.9986312810824542,1.2151404564499715,8.518194405758022,100,100
ENSMUSG00000009575,1.159769416907547,27.062181154016823,69.47927026267674,0.7126273230927882,3.8800505009487574,1.0626094077901533,5.420265742269949,100,100
ENSMUSG00000009585,0.7643045852393635,2.869592800056275,5.1115045393867256,0.27415985614784877,1.4673929162200507,0.7614220028652756,9.059454034516216,100,100
ENSMUSG00000009596,1.4264657657904025,341.6272039188167,1.0,0.001,7.127793165646429,0.001,0.477535836675408,100,100
ENSMUSG00000009614,0.8890205753162242,4.394107455463859,15.16310544993744,0.47248587730243874,1.3908290886989656,1.9067838185889703,7.874297045388126,100,100
ENSMUSG00000009621,0.2567751248599901,1.9137410703013327,4.476409798484869,0.003546656956942416,0.502012265658283,0.9849116314175326,331.3578371450923,100,100
ENSMUSG00000009628,0.004541587195931627,14.58836400748127,17.39203348125328,0.001,0.09421588747318028,0.00218656876649835,16.838183748991828,100,100
ENSMUSG00000009630,0.13319649509400613,0.13201521779773612,6.4982280045350995,0.0043883043044046655,1.2258050468542538,3.191447398088845,2593.0040373560078,100,100
ENSMUSG00000009633,0.03176983723162534,8.392161327999384,111.43679105866008,0.010274197524770665,0.13253172450724118,0.9137640494551884,83.1595782572323,100,100
ENSMUSG00000009640,0.1590795877342832,0.13855951052947021,3.2794941811169194,0.008552532424874902,0.7966662751165225,3.153019893531499,1396.9604407103775,100,100
ENSMUSG00000009646,0.001,62.31581250733508,1.0,0.001,0.0010000000000000005,0.0013308017492775642,0.2796828495935397,100,100
ENSMUSG00000009647,3.167581165894291,629.9239181238711,455.3727008456043,1.7840926794642273,5.926014032678442,0.37295714591301166,1.4946897723958874,100,100
ENSMUSG00000009654,0.001,61.88525872635182,1.0,0.001,0.001,0.0018581762714386994,0.3807537508042658,100,100
ENSMUSG00000009670,0.001,62.31581250733508,1.0,0.001,0.001,0.0018313439966473914,0.2276855016748449,100,100
ENSMUSG00000009681,0.2627934214838132,0.5445766131105753,3.0707205070797023,0.028980003864260646,0.7269036734689925,1.5598746682523976,65.37758820840557,100,100
ENSMUSG00000009687,0.6625369443739747,4.307682837285192,51.8146690083132,0.500085413817678,0.9736264401037813,7.046319712943699,18.606211054043182,100,100
ENSMUSG00000009731,0.05839358084347843,0.31302960746482855,1.3803598785129465,0.001,0.37665278423424453,0.6088873590054174,251.48490267920965,100,100
ENSMUSG00000009733,0.6302852464447569,3.6288380485968865,6.538382076372681,0.16164131584169888,1.1480019656757765,0.8946276907614367,13.090661954869773,100,100
ENSMUSG00000009734,0.001,62.31581250733508,1.0,0.001,0.0010000000000000002,0.001725076664032047,0.13826036035731812,100,100
ENSMUSG00000009739,0.5199904944592828,29.127335120417147,21.42227409511122,0.0010000286148303841,0.7608904155938874,0.46461937245832674,702.3242111629952,100,100
ENSMUSG00000009741,3.808412371385404,431.0271942201116,488.97062299685814,2.4192714147585725,5.5509721377556565,0.7633506773062373,2.889917186177159,100,100
ENSMUSG00000009772,0.3740847727147029,1.543086159563964,6.7021110515836275,0.19161081479384134,0.563799336007246,2.4297197086919278,10.317256918126304,100,100
ENSMUSG00000009828,1.6029554179994172,16.798251051321383,15.598024029811178,0.7811885905996194,3.1642238284702526,0.44029231632707844,2.738587970017181,100,100
ENSMUSG00000009863,4.047324346184728,5.9120996390334595,42.77763131318242,2.833939919577082,8.925245424574946,2.0594618364041266,14.884094383994432,100,100
ENSMUSG00000009876,0.006623640553366952,0.794056187137081,9.065673260399434,0.001,3.546179914352926,0.0018904198987122682,64.04005750458667,100,100
ENSMUSG00000009894,1.13246446858639,3.2664310218878465,25.825363246544956,0.7306123624815893,3.4591648948278455,2.198998113413695,15.841387934348706,100,100
ENSMUSG00000009905,1.5923555934155782,6.070599480112242,14.892071227456066,0.7342030816228495,2.655269660614705,1.1080211314750206,9.10660559844828,100,100
ENSMUSG00000009907,1.6881250258797496,4.747740774942946,19.843011555614336,1.2127271251685205,3.8272343989142312,1.3566483571195707,7.330496056814443,100,100
ENSMUSG00000009927,0.24912511241280805,0.6883753318512669,255.30222879503378,0.001,0.41597071546161835,0.1094740580667988,10000000.0,100,100
ENSMUSG00000009941,0.001,61.88525872635182,1.0,0.001,0.001,0.001842500499582065,0.21246367593002471,100,100
ENSMUSG00000009995,0.05180225300362247,0.052965952218125,3.317976762410771,0.001,0.4355282400778917,5.111699743892554,3309.4867605644063,100,100
ENSMUSG00000010025,1.2162250412091822,4.706095354077065,9.438628617159186,0.6829955025227714,2.3243457798750535,0.8075858535735758,5.236689661358426,100,100
ENSMUSG00000010044,0.006586449466261564,17.52667010466225,43.748710793184955,0.001,4.225914432385949,0.0017589015793300286,33.19170352087815,100,100
ENSMUSG00000010045,1.4813422618875831,2.244858713720624,14.057185949655427,0.8278412826027647,3.952480019823902,1.4132946848037404,15.426329091373423,100,100
ENSMUSG00000010047,1.055271857763284,2.9534083966181264,13.7794708199885,0.6218494106845733,2.0334913370382277,1.7620518030125456,10.82320200586117,100,100
ENSMUSG00000010048,0.6887412342436552,18.781351999439774,33.69770513003966,0.13629868125686295,0.9777228503096668,1.2771370552471504,16.141323719645392,100,100
ENSMUSG00000010051,0.2643512127924492,24.530049095559168,26.118040149112446,0.001,0.41751135837638076,0.6076738064524898,418.228547235037,100,100
ENSMUSG00000010054,0.0010118694935051591,0.0011878870134316415,1.3125051350840462,0.001,0.6896725556515053,0.8975748984003171,1284.5563641368883,100,100
ENSMUSG00000010057,0.8903520050368257,4.164722101787003,4.18557525012254,0.0013915445351277158,1.6889970284184945,0.45710418435741973,1189.3085337774967,100,100
ENSMUSG00000010064,0.001,62.31581250733508,1.0,0.001,0.001,0.002157260429982136,0.14190503006164729,100,100
ENSMUSG00000010067,1.2808002100703741,5.659219943907086,22.684211395845054,0.8376916183453105,2.2451835956135464,1.9796547922651282,8.438498021845518,100,100
ENSMUSG00000010080,0.046024754118140034,17.509907494127795,12.755600919742731,0.0050158956450885575,29.005774480399037,0.0010000000008224953,2.7907012586534132,100,100
ENSMUSG00000010095,2.3376607262687212,505.2542596263154,2927.9662233699464,1.5542988823114157,4.90578517124781,2.5424954988957795,10.464308100564274,100,100
ENSMUSG00000010097,3.1401716427190496,4.425722100201265,17.77674160221807,1.7879044397424957,9.161703060318729,0.8590450069620108,11.132666437092507,100,100
ENSMUSG00000010110,0.6969928961065897,0.791818081301841,13.78243973375276,0.46988831593905067,4.441469114810273,2.2603574397676423,34.24589016429745,100,100
ENSMUSG00000010122,0.001,62.31581250733508,1.0,0.001,0.001,0.00165368369646346,0.1755810913716711,100,100
ENSMUSG00000010136,0.001,62.31581250733508,1.0,0.001,0.001,0.0019682932621415527,0.1642084753223816,100,100
ENSMUSG00000010142,0.001,62.31581250733508,1.0,0.001,0.001,0.0017354618102936054,1.4575295948329838,100,100
ENSMUSG00000010154,0.09930609869964394,17.316309076400884,17.8509424335219,0.001,0.26585855005172654,0.16159879557188567,112.74786683393205,100,100
ENSMUSG00000010175,0.024562535765292083,19.82238056614419,26.69803318168989,0.001,14.068188272779068,0.0011284127454674585,20.29858529896524,100,100
ENSMUSG00000010205,0.001,62.31581250733508,1.0,0.001,0.001,0.002030155954021115,0.2671968919581956,100,100
ENSMUSG00000010277,1.5710819774511613,4.824125140266283,19.4938411031057,1.1104229195284034,2.848901994865816,1.621698576500397,6.708286574439525,100,100
ENSMUSG00000010290,0.41057468137185044,6.1651157178894875,5.641943074595247,0.0028004493867299645,0.7108122351382434,0.43419198071466036,226.25094232588572,100,100
ENSMUSG00000010307,0.005318108427296792,0.013313150004255684,1.6830808753665503,0.001,0.3473424632581641,1.28337815530982,714.9957898370066,100,100
ENSMUSG00000010311,0.003172892551134814,10.33681864494491,30.57612779327178,0.001,0.139157202850129,0.0015339690049456238,13.250999505406632,100,100
ENSMUSG00000010342,0.001,62.31581250733508,1.0,0.001,0.001,0.0019243054963639424,0.10395639372665436,100,100
ENSMUSG00000010358,1.323515997322259,96.22656777695812,241.58298686847692,0.7648857349433518,1.8860526632366583,1.667434194684575,5.681379377871764,100,100
ENSMUSG00000010362,0.7424512698500223,30.959390414182966,25.097932564324783,0.4369472924359722,1.6189537188941654,0.3597527137131694,1.4513185060270004,100,100
ENSMUSG00000010376,5.289985742414133,429.2911354180346,1432.5219101895152,3.3293086975638433,9.13976400762256,1.8245724305660764,7.361211326235523,100,100
ENSMUSG00000010392,1.9546065819127052,18.776128871414738,21.91446126257271,0.9618015880121358,3.3296397721053794,0.6661381359899647,4.524295859847502,100,100
ENSMUSG00000010406,3.0838601853762757,64.10981983545763,276.4915749689897,1.3723165594956432,4.703728961598426,2.6660455766155025,18.496768975186146,100,100
ENSMUSG00000010435,0.001,62.31581250733508,1.0,0.001,0.001,0.0016972358775438482,0.4672591215532168,100,100
ENSMUSG00000010453,1.522920054850504,1.3242488724086188,7.23404590630449,0.5643877695884809,6.217873705682058,0.6397845776144555,30.94572979593413,100,100
ENSMUSG00000010461,0.05595571146681251,0.7168808031741166,2.701055539086162,0.001,0.21227801764384568,0.7904744659891088,197.9751971238347,100,100
ENSMUSG00000010476,0.12024867468289273,23.579955701234173,35.553552103928105,0.001,0.2133361448292219,0.7643335798050022,273.8863301069417,100,100
ENSMUSG00000010492,1.3502966822258673,318.17152223955173,1.0,0.001,13.44122173352282,0.0010633038080044436,0.2032208782021478,100,100
ENSMUSG00000010505,0.001,62.31581250733508,1.0,0.001,0.001,0.0020881132280648265,0.6981357874956577,100,100
ENSMUSG00000010517,0.3773984148283555,0.5805465739418305,3.4267508022264717,0.06681938679100001,0.954837013236211,1.6271285680657606,30.4964981816383,100,100
ENSMUSG00000010538,0.001,0.0017412694881396664,1.4198563544309761,0.001,0.5740485896314522,0.9112773615499603,1028.50823502412,100,100
ENSMUSG00000010554,1.2739320728022068,327.584817209976,647.4273241456214,0.8238887875340004,1.7492335119845488,1.354419477634455,3.8479057463723887,100,100
ENSMUSG00000010592,0.001,62.31581250733508,1.0,0.001,0.0010000000000000005,0.0016112770786198658,0.20352583505342633,100,100
ENSMUSG00000010601,0.06804770059961734,18.715821940325203,7.625998857789387,0.001,25.702922884570434,0.0010000000000137265,4.337074506415423,100,100
ENSMUSG00000010607,3.635487794174747,1000.0,816.4341544788078,1.1344486464817836,5.175382806638541,0.5570294977347678,6.770223475958263,100,100
ENSMUSG00000010608,2.9170992240176585,389.5897105533623,882.2489417308067,1.8549171921726848,4.851898046327354,1.384088293269368,5.407918401735293,100,100
ENSMUSG00000010609,0.07539215548543453,0.09450476357833021,1.8419003235024625,0.001,0.6951328840796609,1.2379187385977168,1542.4193760028286,100,100
ENSMUSG00000010660,0.3230539780657754,0.9953951700915835,8.553501246156268,0.1952827053716692,0.4774769623574937,4.80843013545696,15.23489852246178,100,100
ENSMUSG00000010663,2.211722534457361,19.388975145817682,179.15565944218523,1.595265142945132,3.1357016994223725,5.949516250986187,17.234999136133496,100,100
ENSMUSG00000010721,0.001,0.0021068468692963926,1.0352858004037668,0.0011501251757601734,0.4982263462187222,0.6353118611251887,474.6709571106478,100,100
ENSMUSG00000010751,0.15060976903005152,0.25439240498369675,3.0690566165981403,0.0010855920581184916,0.5537788126835942,2.397083541805025,2199.176031611297,100,100
ENSMUSG00000010755,1.3257955898863854,4.701222987993179,17.25401895395814,0.9106181895297729,2.1279165431934226,1.750537614003765,6.376431313915425,100,100
ENSMUSG00000010760,0.0030998268690124544,10.352855946328352,25.95215770679995,0.001,0.04065718809320807,0.002693613262619513,15.911281775879608,100,100
ENSMUSG00000010803,0.001,62.31581250733508,1.0,0.001,0.001,0.0020795087201955,0.1674376920028435,100,100
ENSMUSG00000010825,0.001,62.31581250733508,1.0,0.001,0.001,0.001694765411929542,0.16376562761424202,100,100
ENSMUSG00000010830,2.47778370594501,126.23447932305248,691.0122063989465,1.8772657180755052,6.003621288411096,2.41588094463539,8.260192229122737,100,100
ENSMUSG00000010841,1.2942464081253242,312.7073817864961,1.0,0.001,8.505554340440423,0.001,0.02552265556739484,100,100
ENSMUSG00000010911,1.515706789497134,2.6482103755338606,7.422710060275396,0.6365194654058811,6.115917256743512,0.5274483299705991,13.188579123559329,100,100
ENSMUSG00000010914,0.21303757882782015,0.11945478781590432,3.139557058940089,0.006865280482336701,1.8345643789153274,1.5662124470808454,1194.2122515920055,100,100
ENSMUSG00000010936,0.05192620123318806,0.10086297532871834,11.618156790459242,0.0024118436171874044,0.16164661761970173,34.687310808250054,3058.513772098554,100,100
ENSMUSG00000011008,0.0093464893702761,0.8923046586502442,6.952546739379179,0.001,5.697615252535247,0.0023895995103609628,15.089182692263229,100,100
ENSMUSG00000011034,0.001,62.31581250733508,1.0,0.001,0.0010000000000000009,0.0015619897259776367,0.19491890311189208,100,100
ENSMUSG00000011096,4.692377667057625,206.2618195909003,281.75026306462985,2.933242606825268,6.735329400235727,0.9422155628166072,3.2297383619371707,100,100
ENSMUSG00000011114,2.52111084129566,144.84420908726574,500.60846302371004,1.6082686500704035,3.1793034026172355,2.634237302193977,7.0663880736916775,100,100
ENSMUSG00000011118,2.1571940611220364,521.5346265951073,1.0,0.001,8.457863103739994,0.0011450679140123324,0.13642001144706553,100,100
ENSMUSG00000011148,0.308842084650607,2.5854348261931186,9.64550872373338,0.19814480952272964,0.4454476883359464,2.274299560342776,7.139623344206093,100,100
ENSMUSG00000011154,0.006558520272294307,17.541596811672438,44.12070081504515,0.001,3.7775510940150907,0.0018174340681893267,25.89501317323296,100,100
ENSMUSG00000011158,0.4354531715066221,0.9466506606246933,2.615152201585094,0.001,0.7267556679761362,1.306434742091487,1750.7854579441291,100,100
ENSMUSG00000011171,0.06515537317288901,4.352954998448983,8.36590725340813,0.0023435094610847083,0.1980098035374881,0.4006851502740635,36.43673644311622,100,100
ENSMUSG00000011179,0.5175116581243386,46.39589883901763,167.8234506716013,0.17274593526011747,0.5801372562869276,3.340906668266901,16.75406323202979,100,100
ENSMUSG00000011254,0.562375383322136,9.614288618306995,6.457968618581912,0.152528823907763,2.045509079384652,0.1712770739791025,4.418314976882878,100,100
ENSMUSG00000011256,1.4483383466330386,8.719266138707878,36.44537614542666,1.0175577004764862,2.1185247431298917,2.533955967571047,7.30328307962902,100,100
ENSMUSG00000011257,0.1710605366098786,0.18172966940154742,11.368189689338195,0.10500838285520263,0.5612027285589467,10.087176385540436,117.51115504176818,100,100
ENSMUSG00000011263,0.001,62.315776735767976,1.0,0.001,0.001,0.0016178258265346075,0.3280992532946227,100,100
ENSMUSG00000011267,0.008283970791757795,0.7406248596889948,5.194341770053504,0.001,4.343197598845691,0.0021221214494952538,67.95977812311017,100,100
ENSMUSG00000011305,0.001,62.31581250733508,1.0,0.001,0.001,0.0016576762613991487,0.1449694657813175,100,100
ENSMUSG00000011306,1.093989215222898,1.5796550693383042,8.682983302041945,0.45518988768838375,5.16434676873391,0.7534310568219549,19.773498335878593,100,100
ENSMUSG00000011350,0.001,61.88525872635182,1.0,0.001,0.001,0.0015806079104288841,0.2833451964359248,100,100
ENSMUSG00000011382,0.07084196688906916,18.81452313753032,15.554288678681566,0.001,1.4221073312126604,0.0020450884848299683,30.12075624899247,100,100
ENSMUSG00000011427,1.0994113928986848,24.434783914263516,16.109175471423754,0.1254723450809061,1.8848681280724913,0.3787851914771301,18.50483597457481,100,100
ENSMUSG00000011486,0.001,62.31581250733508,1.0,0.001,0.001,0.0019126734522102915,0.6639033384990802,100,100
ENSMUSG00000011589,0.2484132376526945,8.594829705708053,10.653621118860867,0.06405791038589484,0.7661951426233842,0.34506373588550954,5.7562650217423075,100,100
ENSMUSG00000011632,0.001,62.31581250733508,1.0,0.001,0.001,0.0018102254180556664,0.13882559016051382,100,100
ENSMUSG00000011658,0.5941817117860649,28.791298004707382,21.095421595473994,0.29424261954347875,1.3293559271711113,0.2783236625787009,1.6286306421333228,100,100
ENSMUSG00000011751,0.0899399191622848,18.55716351131195,11.161241722952445,0.001,1.6250540231356818,0.003144317222291337,38.822141728000894,100,100
ENSMUSG00000011752,4.691386236691622,36.034315269406214,725.9108599186186,0.22084391876416323,5.900685006065714,1.1456435759573718,43.526836528797375,100,100
ENSMUSG00000011831,0.22123655696300976,0.4867338379086843,4.346551020378951,0.05707142027359212,0.5246702785014341,2.762529009410615,49.481302348151594,100,100
ENSMUSG00000011832,0.23486123392408564,0.30655017947991237,2.959439187904322,0.0395570137413294,0.840181051775702,1.6173660043642573,83.54640213422596,100,100
ENSMUSG00000011837,0.9105776886733248,0.991112026393988,3.051565854330094,0.009551087370006851,4.96194880478721,0.30299754405362656,627.4997554449545,100,100
ENSMUSG00000011877,0.09756410543535325,0.13810265326526985,4.605000976073869,0.0013162266574589525,0.23064821254776205,12.996589012454262,3320.2472855501837,100,100
ENSMUSG00000011884,0.8357457886859417,5.0555406959844875,4.015582079818921,0.25135923742734423,2.048462749386208,0.2770073894017132,3.8221795853844,100,100
ENSMUSG00000011958,3.376575142859961,34.08043061596094,119.40126647423116,2.137333963187526,10.527853034183721,1.0648449779312523,8.047474350071798,100,100
ENSMUSG00000011960,0.9204591571494538,2.014294863963301,7.9601119400884714,0.5906007745159177,1.5258925851533829,1.9584513100873333,8.235901632262024,100,100
ENSMUSG00000012017,0.9963694245145743,15.477490918596132,33.94795694668512,0.42017312610297153,1.27201766963119,1.6045482821328294,8.187666478387877,100,100
ENSMUSG00000012076,0.24126312866399377,0.10922164695621246,2.0106417036917943,0.0055424668266222605,4.042610815525438,0.4336056103996261,1137.931803769866,100,100
ENSMUSG00000012114,2.06690602644285,3.0232208439757122,8.503227557167913,0.6749005429109036,5.334852216023894,0.6757600371754723,28.665134761391123,100,100
ENSMUSG00000012117,0.4544811045605121,0.7398246769243308,5.250159798201882,0.17848642536847348,0.8541647109212889,3.0256886560249896,23.939757762361566,100,100
ENSMUSG00000012123,0.001,62.31581250733508,1.0,0.001,0.001,0.0014218000211587553,0.12730242246141005,100,100
ENSMUSG00000012126,0.06527084551878033,0.2924516938939263,3.96692251631864,0.001,0.23411387554244442,2.8554908573360116,703.4532763870246,100,100
ENSMUSG00000012282,0.001,62.31581250733508,1.0,0.001,0.0010000000000000005,0.0017808200863739779,0.07931200463350982,100,100
ENSMUSG00000012296,0.9352685831979292,0.853160474038798,4.524283188712874,0.2850810971208767,3.2331824091294328,0.7864884696429655,37.16069577012387,100,100
ENSMUSG00000012396,0.0070266150226130026,1.325798733291363,4.730588192970443,0.001,12.5070739570999,0.0010000026775604277,18.069984539184645,100,100
ENSMUSG00000012405,5.601519762400407,68.8298080996493,1915.6510768358633,0.001,6.741662949386939,0.174747276674545,65.11874312539939,100,100
ENSMUSG00000012422,1.6442824882591633,4.4644414140405235,29.036282902162807,1.1027316756093324,3.0920153736189775,2.4220975560743563,11.238673384790086,100,100
ENSMUSG00000012428,0.028900897315206443,0.9459071688642683,3.074517325186167,0.005767653384035201,0.155663855303093,0.3342412491704253,13.964496276327683,100,100
ENSMUSG00000012429,0.19915198290239972,5.803631309289184,15.971342135095663,0.002709294113732716,0.370111336580898,1.2711814391970808,254.6435464897365,100,100
ENSMUSG00000012443,0.025347436597492796,5.712709522801728,22.571492833775274,0.001,0.13442570764744216,0.24450951220494888,45.01687276796443,100,100
ENSMUSG00000012483,0.7822443170838068,2.892557924447925,10.328124491062425,0.43964534982278913,1.3300796104100787,1.7517428611481165,9.276209331973876,100,100
ENSMUSG00000012519,0.001,18.181071790092705,1.0,0.001,0.001,0.005223766432222988,0.8507400102025052,100,100
ENSMUSG00000012535,2.9925825197483875,43.82353093642804,99.93483076802497,1.629214054317697,5.697059921005385,1.099501256023066,6.750899458953112,100,100
ENSMUSG00000012609,0.16271459661599533,292.0472629436028,1256.3247171020253,0.10189435958076845,0.2593156304033678,2.0960890162484427,7.894219250805417,100,100
ENSMUSG00000012640,1.0067314707568555,2.7328559602629183,3.0760608847743174,0.0037234349680964826,1.550739364630703,0.6367000283142896,596.9717442484534,100,100
ENSMUSG00000012705,0.001,62.31581250733508,1.0,0.001,0.0010000000000000005,0.001738949193756721,0.09624748744230549,100,100
ENSMUSG00000012819,0.001,61.674132606755,1.0,0.001,0.001,0.0018194230134970261,0.16557934766314136,100,100
ENSMUSG00000012848,10.000272848387956,9.999363353761435,10.001637090327737,0.05281639218945621,7.777027695523598,1.4486798297114365,161.4663653840226,100,100
ENSMUSG00000012889,0.11093976744565003,3.418401346493953,7.388834683326297,0.013754654369970828,0.2517385684628044,0.6714432124154966,7.8039942562734685,100,100
ENSMUSG00000013033,0.6218498936020682,82.22696559677739,203.6524461142062,0.4038611596485323,0.8836821896201328,1.7796735871792326,4.1950647474395915,100,100
ENSMUSG00000013076,1.3200526767741525,2.6913035674169548,11.234385947002622,0.8492028816576856,3.7601480327300854,0.9244467079447031,8.344585565277738,100,100
ENSMUSG00000013083,0.001,62.31581250733508,1.0,0.001,0.001,0.0016152879932058693,0.21805516518202894,100,100
ENSMUSG00000013089,0.553361039673174,1.1935207679360789,1.5922163905064273,0.14211034874802847,2.4607416384166694,0.1866777156613491,7.1092324679923715,100,100
ENSMUSG00000013091,2.5852839622765096,617.2738366179137,1.0,0.001,5.692468912841722,0.001,0.05048109664305932,100,100
ENSMUSG00000013150,0.3300570990244173,1.6433009587371417,5.412630456084216,0.13849883727541487,0.6865802322225779,1.3623084673563919,10.383384946441183,100,100
ENSMUSG00000013155,0.04695270517783221,0.23946970047395366,2.611448258959742,0.001,0.2363380189714425,1.826543678573353,473.8362339428618,100,100
ENSMUSG00000013158,8.337520877999598,1000.0,1.0,0.001,17.905267097319882,0.0010000087862312103,0.033437537287656784,100,100
ENSMUSG00000013160,5.239779930515463,455.4419401619577,374.3086911074125,3.3181675748546073,9.544797679188992,0.4607856213853225,1.8572031204788555,100,100
ENSMUSG00000013236,1.913561485515168,39.13077102024667,97.80308821835538,1.13890489841564,3.612961682321443,1.3902130257500827,6.3546938351123305,100,100
ENSMUSG00000013275,1.139278224695951,1.3568998682919589,7.901637509654918,0.4515705166505042,2.8762661453581857,1.3297873497138248,24.781458694378998,100,100
ENSMUSG00000013338,0.4282965282830732,103.14966607220127,1.0,0.001,5.048407335582512,0.0015069900580628052,0.05673378411891264,100,100
ENSMUSG00000013367,0.001,61.88525872635182,1.0,0.001,0.001,0.0017842372081307814,0.13059454146571395,100,100
ENSMUSG00000013415,0.28377454897050275,100.56940740026663,233.23974120492178,0.02619746431486502,0.39192927334831396,1.6705166294198828,376.68226780902194,100,100
ENSMUSG00000013418,0.001,62.31581250733508,1.0,0.001,0.001,0.0016705607326183607,0.3427464954916829,100,100
ENSMUSG00000013419,0.33232231381535277,0.8248602065673061,3.7731247195651285,0.13487835494854933,0.574940546850412,2.0210061157181065,13.650023057549506,100,100
ENSMUSG00000013465,1.6295144416337084,2.6848898471738827,12.022184220382556,0.8660351356423509,3.371982097362284,1.3365208153163395,14.139019935398416,100,100
ENSMUSG00000013483,0.0065698355241045996,12.10400843503151,30.080336368220948,0.001,3.330315383830964,0.0017712406048176563,27.83474604963122,100,100
ENSMUSG00000013495,0.412425312209315,0.39993851060466085,3.7525380715563856,0.08680554616297939,1.231881070855001,2.2827507356824994,51.2879223178199,100,100
ENSMUSG00000013523,1.2942464081253242,312.7073817864961,1.0,0.001,6.5616020386349625,0.0010243243557245699,0.060448583244500795,100,100
ENSMUSG00000013539,1.715685934760335,260.9806280362471,366.5513981161536,1.163746600546184,3.052950578642979,0.7648289846160545,2.163079024980435,100,100
ENSMUSG00000013562,0.001,62.31581250733508,1.0,0.001,0.001,0.001933975410502733,0.18426904990552212,100,100
ENSMUSG00000013584,0.006567378877071651,17.272185901798583,96.10675192762572,0.001,1.331711334551596,0.002066428124510861,66.16804667407622,100,100
ENSMUSG00000013593,0.4638263320814845,0.8566159545768667,34.12537837184254,0.3395515414590836,0.9054679965086265,14.100004003655975,51.86752038814059,100,100
ENSMUSG00000013611,4.131519129298434,1000.0,1.000247281024765,0.001,8.302835123176163,0.0010000038970330596,0.046398324274370795,100,100
ENSMUSG00000013622,0.7267573697978709,1.3770244716587572,12.716272798058384,0.46029274383386315,1.0743236014865079,5.500057990722993,18.13561604482713,100,100
ENSMUSG00000013629,0.6431936842963838,1.3917925824865052,5.126717518405274,0.2389590587015985,1.1827931837174779,1.451522411026179,12.548538938957918,100,100
ENSMUSG00000013646,0.14265740257855916,0.1648603396685744,2.982116110882434,0.0012497654338653888,0.679154231902195,2.4626495803302513,2513.002305457426,100,100
ENSMUSG00000013662,2.450568756508221,15.041808763960193,31.486561884839738,1.2399366246733758,3.7453401195389144,1.1483019308571447,7.709967988057976,100,100
ENSMUSG00000013663,0.4369025391708613,3.4514361421111848,10.158173422342644,0.26205719448650777,0.7058138581391892,1.5658474335246848,5.616755886962114,100,100
ENSMUSG00000013698,3.5001759280462204,91.08304988377293,493.04183189165605,2.3006944235368145,4.788649565155949,3.931370951674669,11.99965017750975,100,100
ENSMUSG00000013701,0.08854345644510585,0.15503602901892188,27.06294561271024,0.03764659563335617,0.24221725478012132,43.43077176832431,409.44729939438,100,100
ENSMUSG00000013707,0.001,62.31581250733508,1.0,0.001,0.001,0.001347761110565408,0.08108461048314503,100,100
ENSMUSG00000013736,1.4502994652839079,358.7816848397212,473.8794693801208,0.9256675536439589,2.010353226491249,0.9001070283043947,2.3336176994523097,100,100
ENSMUSG00000013766,0.001,66.84427540036525,1.0,0.001,0.001,0.0016068921656106543,0.11470634232633267,100,100
ENSMUSG00000013787,1.2120054497675918,1.2956948807639166,10.234715726179187,0.6296434191549922,4.371387128624631,1.2684275557377687,22.016533979331662,100,100
ENSMUSG00000013822,0.08373317899655054,0.15979501716155436,13.649228533689504,0.001,0.22220231216330544,34.45356279525152,7910.96075124902,100,100
ENSMUSG00000013833,0.9136124217305962,8.735262961303613,12.232442846824853,0.5215519671265927,1.700363345186382,0.6781314415496023,3.4345923169693675,100,100
ENSMUSG00000013846,0.32375136469063376,1.328643055383746,4.078575034021193,0.07404854232224942,0.7070766094609808,1.2106087364565612,16.017656933529764,100,100
ENSMUSG00000013858,0.6377639854941707,0.47871054033270644,6.099102708710465,0.2974874606285995,2.396700525897943,1.464931390142849,33.934768138023855,100,100
ENSMUSG00000013878,0.22881918831665846,27.027877867107957,20.78792618734189,0.001,0.6283764967782113,0.3083016623712589,155.04232905856097,100,100
ENSMUSG00000013921,0.2153156963248593,0.2708049706748702,2.4490800600610814,0.04781759402917135,0.7814841816396205,1.5122731990537113,44.223059931977204,100,100
ENSMUSG00000013928,1.2713990456225448,306.23830823351676,1.0,0.001,4.477737820236138,0.0012950228170707254,0.06422284918652635,100,100
ENSMUSG00000013936,0.001,61.45463549419866,1.0,0.001,0.001,0.0016382950115732776,0.2110577667288258,100,100
ENSMUSG00000013973,1.0603140491302911,4.065786064098019,5.139926837667714,0.0012082691774415936,1.0921318007971728,1.4247905755840558,2064.43039582466,100,100
ENSMUSG00000013974,0.001,62.31581250733508,1.0,0.001,0.001,0.0017063965379276033,0.17948601051999982,100,100
ENSMUSG00000013997,0.37768265219219543,0.4013160775263797,2.991795888190463,0.09819019716449912,1.2623326662928687,1.4682274414074505,37.34034241979282,100,100
ENSMUSG00000014030,1.6578195835162874,390.74308302403836,1.0,0.001,6.245492030586215,0.0010602306230729447,0.07142209276573425,100,100
ENSMUSG00000014039,0.38775421022005624,3.1528786703048426,3.1838922490863975,0.001,0.7157498587421609,0.4898428848550376,764.6272174924861,100,100
ENSMUSG00000014074,0.08302110303026541,21.15920537081419,36.42475948536056,0.001,0.2031682335191967,0.4163234698547372,151.07716445331846,100,100
ENSMUSG00000014075,0.14526735530748772,0.34318900340414926,3.8125397072234066,0.021986963398564187,0.34060988024213634,3.6195747040198993,103.8505005637359,100,100
ENSMUSG00000014077,2.294328911097262,291.0891554832508,954.620797325382,1.5962752063565326,12.54502433242504,0.6352619275696962,5.820464990279123,100,100
ENSMUSG00000014158,0.1331353997187663,32.52236387276638,27.386565736454905,0.020092760870234098,0.6857414801896983,0.02498243646255012,2.059150682604078,100,100
ENSMUSG00000014164,3.8319327622151094,461.2429936989571,1.0,0.001,14.732703380940407,0.001000000000002259,0.018282364064881408,100,100
ENSMUSG00000014177,3.379197320322847,268.25742064020466,677.5122388830962,1.9610764541629615,4.773923494401902,1.8082164559492977,7.6430148541527565,100,100
ENSMUSG00000014195,1.9062811366161627,3.1883273971355437,17.001140776030272,1.2579038283148605,4.051191164237332,1.5970372235159405,10.637638435481017,100,100
ENSMUSG00000014198,0.001,62.31581250733508,1.0,0.001,0.001,0.001647772703826229,0.1396563663354482,100,100
ENSMUSG00000014226,0.9032317707294112,5.172715723519984,44.13288591155491,0.6520363948720751,1.1773962056880765,5.786967066883551,13.022868097537849,100,100
ENSMUSG00000014232,0.2212344058311032,0.7571484990649637,3.106523956945181,0.0021363232913042336,0.5681519902266259,1.2553602196432596,754.8371334148794,100,100
ENSMUSG00000014243,0.8026732478398191,92.86460448053326,128.76293532293735,0.2450490442573257,1.1074938169695314,1.032887179643327,7.5766462505796515,100,100
ENSMUSG00000014245,0.18419705592402263,4.324087374541395,5.9427231688056805,0.09561725163861495,0.4477887888234209,0.4384823316198232,3.053190013888905,100,100
ENSMUSG00000014294,0.030220406704651565,0.030178840216920747,20.106437296934303,0.001,0.28814992142020657,33.66154992759071,19320.634153452782,100,100
ENSMUSG00000014301,0.1382617757752969,0.17483098555170104,14.526614483350501,0.028989464297593102,0.3629079188304691,19.29771529751388,483.28779891384676,100,100
ENSMUSG00000014303,0.5186676928937504,1.2708027315293136,9.275685174020476,0.30178300231616445,0.8006167489964248,3.170319423864682,14.983672930275238,100,100
ENSMUSG00000014313,5.356354760178227,56.043441575539205,459.091014410565,2.555317801719844,9.849912517297463,4.069604640644909,29.7562293047172,100,100
ENSMUSG00000014329,1.215365582956768,3.7402473384340005,37.20239543478369,0.8724521873958546,2.125478964340708,4.658200089004974,16.06335569290809,100,100
ENSMUSG00000014349,1.0410239668656953,0.9011087563417429,5.761879065860424,0.19368937487223448,4.9362389538436275,0.6568244304241668,64.80897628893301,100,100
ENSMUSG00000014351,0.001,62.31581250733508,1.0,0.001,0.001,0.0016258221330789655,0.30827963939884584,100,100
ENSMUSG00000014353,0.20927057285445988,0.6236709963845171,3.157923931505734,0.0041137999291859136,0.6116186506019838,1.2626697495410766,661.2099529438188,100,100
ENSMUSG00000014355,1.1793468084749175,1.5609752839564235,5.424404384863072,0.2834440647774903,3.4429049033712475,0.6684903732822056,38.44985237969058,100,100
ENSMUSG00000014361,0.022688139763136776,20.633134897358577,15.00945984317429,0.001,7.59864869602637,0.0010442403910028942,19.125877801762346,100,100
ENSMUSG00000014402,2.8582052213433298,6.754351543891876,27.67095961191956,1.670894644883006,6.903989242886928,1.1661193402994883,10.190253171195792,100,100
ENSMUSG00000014418,1.3684668651911354,7.183818225754325,6.587539768359839,0.4910765103756892,3.1074804660498843,0.3477466134002027,5.8139460433594845,100,100
ENSMUSG00000014426,0.2518697680183699,0.8083131101914157,2.80791598671858,0.0984962274775872,0.5932116026715477,1.1603935891057562,9.580314306357604,100,100
ENSMUSG00000014444,3.2052103872280684,20.67924789160011,117.70988605561556,2.265521191325689,5.2193319065980095,3.024624997655759,11.58060163095793,100,100
ENSMUSG00000014470,1.4231614097754437,6.019641900860146,12.947178340963957,0.8314811571321818,6.0329763847993885,0.41514964754363953,5.18492678933854,100,100
ENSMUSG00000014496,0.21895908596384211,0.6234313076153849,7.1757680486346205,0.08929128596114215,0.39035451591980264,5.479712539439808,36.53836492020535,100,100
ENSMUSG00000014498,0.3026718369055471,1.6656328868127863,17.14925581864812,0.19648930524442382,0.42635740970509006,6.659245468179751,18.294913569374415,100,100
ENSMUSG00000014503,15.609649333644247,916.5619329802668,1.0,0.001,28.263270492157652,0.0010000000000002854,0.0702450189062649,100,100
ENSMUSG00000014504,2.475676193213618,5.282714513953035,30.326445056012794,1.733407814631922,6.152710782092429,1.6835078410428062,11.212655092650737,100,100
ENSMUSG00000014542,0.001,62.31581250733508,1.0,0.001,0.0010000000000000005,0.0017798264146276217,0.5728083273839082,100,100
ENSMUSG00000014547,0.29746906607307133,0.4424090807322416,1.669330995431532,0.0011814481020855183,1.4548658024359271,0.4563314321872871,1133.3682710495725,100,100
ENSMUSG00000014550,1.765715559917558,10.681863690075863,12.504731298020813,0.19124380688428838,3.059672637400098,0.5996303001274768,36.55550425804353,100,100
ENSMUSG00000014551,2.8042181646559947,10.714783458896592,17.10122941387479,1.2307155522776148,7.5989840022934425,0.46209921180496283,7.880190198650395,100,100
ENSMUSG00000014554,1.1597879212330988,18.965068879191612,28.315533781399726,0.6323380596301891,2.1629442270838335,0.7137343315157864,3.6107091472072894,100,100
ENSMUSG00000014592,0.004192087297007557,0.018017147803184603,2.9351418214852276,0.001,0.14168377924085807,3.539256949186837,864.0656022989969,100,100
ENSMUSG00000014599,0.020881873710205695,0.10311831755662522,409.85684739604653,0.001,0.0010000000000000005,0.025429206062001948,1.5472724750788274,100,100
ENSMUSG00000014601,1.9079475110432638,414.12997497644045,565.5643504769939,1.0824112470727485,4.9422480551657415,0.564195585228719,3.6426733660206656,100,100
ENSMUSG00000014602,0.05434031174000238,0.9285784043164701,27.650117085894006,0.020983435753342914,0.07725066791100257,17.893328775452115,71.96105497866276,100,100
ENSMUSG00000014603,0.001,61.88525872635182,1.0,0.001,0.001,0.0019649271764876357,0.22412832276306255,100,100
ENSMUSG00000014606,1.6477234654709123,4.079186427178017,14.115068831426909,1.1688245040575431,4.335553385454444,0.8706027801503291,6.891158398312449,100,100
ENSMUSG00000014609,0.001,62.31581250733508,1.0,0.001,0.001,0.0017153675417426366,0.13277335784822747,100,100
ENSMUSG00000014633,0.9537811502744848,3.1384678270656052,7.0401298066084665,0.45992593339620735,1.6228071365077312,1.04125016271807,7.382884264651123,100,100
ENSMUSG00000014668,1.1070560792472182,2.460560587311964,6.8162058998102975,0.5089382459607781,2.686135242238217,0.7701311608851132,9.214888665967969,100,100
ENSMUSG00000014686,0.001,66.84427540036525,1.0,0.001,0.001,0.0016953404882449968,0.27310361766735547,100,100
ENSMUSG00000014704,0.02346188097727287,19.991125732122264,14.545017272169693,0.001,11.144844197971544,0.0010005462836353812,8.75847029374916,100,100
ENSMUSG00000014725,0.001,62.31581250733508,1.0,0.001,0.001,0.0016121536581622533,0.5407240134649816,100,100
ENSMUSG00000014747,0.001,62.31581250733508,1.0,0.001,0.001,0.0019359747630625264,0.11837232556316155,100,100
ENSMUSG00000014748,2.2624551257341343,12.323388567226623,37.49713483337764,1.5775284500624687,3.790037536707014,1.582730365534224,5.877313698093789,100,100
ENSMUSG00000014763,0.2539314340441494,0.24566655302809293,3.408646775454538,0.022658518638860627,0.846009546805993,2.509455021268406,694.8651195153424,100,100
ENSMUSG00000014767,0.2745190948331763,0.27216607605736604,2.5744874675473137,0.0021832698812378516,1.2615491145894153,1.20927248151511,1977.5401740398422,100,100
ENSMUSG00000014769,10.831754837642633,346.54795489085103,1153.7537222700832,6.2966690639665845,13.69781337580254,2.620722889115913,10.81838634694876,100,100
ENSMUSG00000014771,0.014915199871138672,0.036137292264374586,3.35818185809699,0.001,0.2537584529209341,3.76885655061579,1674.3000687116232,100,100
ENSMUSG00000014773,0.013134440903545907,21.40309253088283,33.69278767500025,0.001,11.967171922097702,0.0010183547410325506,12.75533005731106,100,100
ENSMUSG00000014776,0.21355150300231573,0.4698504801702463,2.4329164291498713,0.023545862843388582,0.6664861756176832,1.2387105714969207,49.389726669538106,100,100
ENSMUSG00000014778,0.5480505397120826,2.6302487243077035,5.950859454694141,0.12983131708384246,1.04481049167308,1.1050879924523078,16.684001246259808,100,100
ENSMUSG00000014782,0.1582770819500197,8.635775937503547,8.602589283327177,0.010537988650167885,0.37520445515349166,0.26403067946072223,7.57737425067603,100,100
ENSMUSG00000014786,0.04036632217355348,0.18559941969927216,1.2201206079456173,0.019631462874115442,0.36610904122228016,0.4938806537573355,10.73941034423186,100,100
ENSMUSG00000014791,0.24259607211390063,61.0529359477628,42.657959624696275,0.09041735719130642,0.8890570048510501,0.17946367525102394,1.9718800139845665,100,100
ENSMUSG00000014813,0.05950045861553638,15.31085892364799,152.28664998242618,0.03975590423348588,0.18195660134025504,0.994460254861046,22.00467751964448,100,100
ENSMUSG00000014837,0.09850771568585359,2.7810907002094867,7.188060790593129,0.023691222594149658,0.22082173079046413,0.7242726261883069,6.21287994838422,100,100
ENSMUSG00000014846,0.09306025835442619,65.85053862124032,219.13336574055302,0.050649195839039124,0.35687155900977197,0.7502428326735557,7.566390946562218,100,100
ENSMUSG00000014850,0.22380383271862406,1.518269543740481,2.027113011922276,0.056397396759924306,0.7069967306166818,0.36346098169757535,5.914051034199419,100,100
ENSMUSG00000014852,0.001,66.84427540036525,1.0,0.001,0.001,0.002056146988224841,0.12050063100913544,100,100
ENSMUSG00000014856,1.4862483500820032,1.3145442561175738,12.19552599170487,0.981432111134503,4.828250578706967,1.355829409714729,19.658595580846452,100,100
ENSMUSG00000014859,0.26551934082518897,0.26202101136362854,3.049703947871208,0.00215582013292978,1.2684010603159999,1.4394563351997263,2430.9169063368236,100,100
ENSMUSG00000014867,3.845297534230977,186.67252199952952,924.4217506520641,2.744980252887796,5.0809843190173005,3.8602487991424077,9.142445993901122,100,100
ENSMUSG00000014873,1.2740233093018263,2.9383812328512637,11.740053287402477,0.72077144145076,5.969024732369084,0.5891884609135118,9.120458495467487,100,100
ENSMUSG00000014905,0.20383264559577308,5.913655650411488,68.6590990183885,0.06800671873746214,0.27537213330616706,7.183251157346032,48.94726657272629,100,100
ENSMUSG00000014907,0.1697846757515124,30.36478080001212,22.35117401366511,0.001,0.8388002229396788,0.0431182981122839,128.6036372110787,100,100
ENSMUSG00000014932,0.44724201880298275,8.187023687594385,7.557561300621709,0.055449823070672755,0.7746799404474378,0.4562605486816924,8.889694889318637,100,100
ENSMUSG00000014956,2.938972650433876,360.3403995329664,370.2702454849991,2.1003646671782454,4.326599499744994,0.7051521074476963,1.9596143178103382,100,100
ENSMUSG00000014959,3.7487792781646943,638.6637572336358,1355.149647988742,1.9135272733113573,5.766908961894616,1.4223163618284385,7.122867633797542,100,100
ENSMUSG00000014980,0.9821730554678146,1.8478632438634044,8.039152975812984,0.17122935485548937,1.787804187238875,1.678362368289493,55.25937123649318,100,100
ENSMUSG00000015002,0.4346264531853766,0.9891806175001543,3.8155536772175647,0.04918567887895671,0.8049075967647301,1.6856133828473268,71.07629950243003,100,100
ENSMUSG00000015013,2.4063430906250827,3.8218187675667763,21.818007986221286,1.4816864953947002,7.8821129922453785,1.0451742611929427,13.324327574040627,100,100
ENSMUSG00000015016,0.31201249558750255,1.278742484022859,2.0786285706809076,0.10824842666807757,1.1197424328433827,0.3661285716969039,6.01713712937096,100,100
ENSMUSG00000015023,0.2822327901727191,0.44324392618158814,6.147662267948423,0.09247458223042943,0.6114712009151809,5.024685738430824,63.97718540715288,100,100
ENSMUSG00000015027,0.1129079201843277,0.07663522369869293,1.3577646326672521,0.01992500417332623,1.8996608177948384,0.472178373262678,126.36757205821574,100,100
ENSMUSG00000015053,0.02189436624085229,0.22652177047847136,6.763861654174251,0.001,0.06727118967690449,8.058184810256126,863.7511597666254,100,100
ENSMUSG00000015083,6.164384766981648,737.5104455814736,1.0,0.001,12.44978735159846,0.001,0.01487876868189179,100,100
ENSMUSG00000015085,0.16621732892211372,29.09106330944985,25.196242090414998,0.0685886267269031,0.693031557396675,0.1861041318665148,2.1734797448853245,100,100
ENSMUSG00000015087,0.1848407633354222,0.14555661871193185,2.97862582696994,0.04338406240379181,0.8808640939370558,2.596227312897276,98.59271903370109,100,100
ENSMUSG00000015090,0.001,62.31581250733508,1.0,0.001,0.001,0.0016696367654684885,0.11192925940784104,100,100
ENSMUSG00000015092,2.878315869472236,24.593681572466014,144.05615358924507,2.2771749518001325,5.33839360848165,2.878425941203515,9.073998596672716,100,100
ENSMUSG00000015093,0.001,62.31581250733508,1.0,0.001,0.001,0.001577351134675865,0.24614315418569954,100,100
ENSMUSG00000015094,1.424589008561499,7.422254591186099,39.37559044275232,0.9790725221969603,2.2953330537285295,2.6735508042375553,9.033436719972757,100,100
ENSMUSG00000015095,4.925346927458221,304.4219538006995,491.6477257707504,2.913867528228013,7.829656305869426,1.010022491935324,4.920683226148086,100,100
ENSMUSG00000015112,0.1509956194150385,0.1796072162930698,2.0405599218894004,0.020519459063616977,0.8802777508850701,1.035721063626272,719.2096634495164,100,100
ENSMUSG00000015120,0.10116825454347815,0.17134849118209916,48.770614449237954,0.001,0.22023381155137117,93.97423424504574,150243.8144989778,100,100
ENSMUSG00000015126,1.3241066856860033,1.7572726175611126,8.646314008170375,0.6923249663561073,4.337708263038193,0.9181934987501654,13.769055652411204,100,100
ENSMUSG00000015127,0.00372899914336281,0.10752399455939589,4.441338147223689,0.001,2.2438688190863685,0.0048456864449541864,211.83259126216012,100,100
ENSMUSG00000015133,0.4550551237473794,0.8367593056328801,4.706772218742846,0.08146443643268897,1.04412653862286,1.787491590956419,52.9428338954885,100,100
ENSMUSG00000015134,0.03582464411973475,4.786566332213877,262.1322366340262,0.006405160218601001,0.08522263856866029,6.464422182616435,4948.757698265277,100,100
ENSMUSG00000015143,2.643610324362507,33.69497781389384,477.7362174678217,1.9723644120447361,4.551190746353216,8.721914153338139,24.57103605757353,100,100
ENSMUSG00000015149,3.5167884206984223,29.95037469098411,41.58106917634462,1.8642751921269762,7.300133787616858,0.6202876497790843,3.9935471021268056,100,100
ENSMUSG00000015165,0.5418454859932675,0.5281239647736296,5.415070318842009,0.24712929665882996,4.539805918072236,0.6351414968512115,29.681200724175003,100,100
ENSMUSG00000015176,2.22868272461261,49.16818248511995,245.87899340851615,1.4404798927948432,3.745804239844136,2.9445393532039077,11.183888382077086,100,100
ENSMUSG00000015189,0.8160019147537839,7.842177175112323,6.030238171855324,0.348771345713544,2.4163856361404266,0.2476074123251576,2.496125320093598,100,100
ENSMUSG00000015202,0.37694070269632063,1.2878862256793555,2.650547265606006,0.026361981803988327,1.1977022918312783,0.4880819570097739,569.846873319238,100,100
ENSMUSG00000015214,0.13731755433176973,0.19070505114430913,2.717175287036284,0.001042129372806256,0.6729527326222833,2.142693525030542,2322.8776951848613,100,100
ENSMUSG00000015217,0.1657941866813434,5.913210528985088,59.171219422988365,0.05206410054116081,0.23057469102639422,7.711259056382332,36.54549723099514,100,100
ENSMUSG00000015222,0.1070436036596712,0.5786193686393455,5.072356881148822,0.05149495270395321,0.21500476692538872,3.1871450935743635,21.862950594678992,100,100
ENSMUSG00000015224,0.03932568122570845,20.30332285509482,10.715567510900536,0.001,20.435027065588315,0.0011502907972018564,26.5398299768216,100,100
ENSMUSG00000015243,0.40196799707168235,0.7811258804384296,5.8432611660904055,0.092980247863957,0.8102392140490363,3.1240744248363415,39.36681222635485,100,100
ENSMUSG00000015247,1.123327358129075,1.7512968563378235,9.987064174860492,0.643866840418897,3.4870356299411256,1.2816745057830503,11.998256518662846,100,100
ENSMUSG00000015289,0.18446905402231142,0.22315499590577298,14.285374023562678,0.1101936264874929,0.5962913286338607,11.8255505330354,120.50502355910182,100,100
ENSMUSG00000015290,0.2367942378295005,0.4160595434589762,28.218410395019625,0.10105530460133777,0.39544659721806896,32.273809729692765,173.48125287675208,100,100
ENSMUSG00000015291,0.1767012286444619,0.22438136615017598,27.038368351927172,0.1186268509450249,0.39683284257094276,31.74794016027228,184.73297328539667,100,100
ENSMUSG00000015305,1.1743536557634626,1.9959104254307616,22.977112338395465,0.9499764423746391,3.1297418490555904,2.6959546465080564,17.005102980547278,100,100
ENSMUSG00000015312,0.4440347348773393,7.00282592595625,19.96835059553941,0.2817394185868738,0.6331280991830941,1.7661314403855606,5.400287481100355,100,100
ENSMUSG00000015314,0.001,62.31581250733508,1.0,0.001,0.0010000000000000005,0.00164454568573307,0.6760136334062621,100,100
ENSMUSG00000015335,0.12753011613654214,0.5077779769904668,4.336731950424264,0.0021831808007070595,0.330766475694006,2.7595838697648745,589.0280487636323,100,100
ENSMUSG00000015337,0.21240098621884704,29.220235228333685,20.418715812351387,0.004962413789154201,0.46413176215918517,0.32186310443543287,38.85657931498627,100,100
ENSMUSG00000015340,0.001,62.31581250733508,1.0,0.001,0.001,0.0020901395454554043,0.3379970015466143,100,100
ENSMUSG00000015341,1.0677638363424211,1.6085106781799,17.516227786136408,0.6653231230426776,3.6940610672988177,1.8857929054845988,21.919040519064815,100,100
ENSMUSG00000015342,0.07527545670420217,0.5872913410168614,1.8052247553362335,0.0042273532256981465,0.2918243816241043,0.57026109973051,83.01819628385338,100,100
ENSMUSG00000015354,0.522016859268828,13.066966294467127,27.904800886823427,0.2287150414868418,0.7102254824881958,1.45479551428536,6.761654817645082,100,100
ENSMUSG00000015355,0.001,62.31581250733508,1.0,0.001,0.001,0.0017972199482330828,0.38645908519499167,100,100
ENSMUSG00000015357,0.6639907259442648,0.6341731630136249,3.4119945714181052,0.1072134394223091,2.5038823805703574,0.7194913442164976,62.687331939596106,100,100
ENSMUSG00000015377,0.10122548199713834,5.225718504672824,7.52040642984865,0.015205928460577452,0.36531060080186073,0.2596017155345793,11.423716070916576,100,100
ENSMUSG00000015396,0.001,62.31581250733508,1.0,0.001,0.0010000000000000009,0.0018318981250635491,0.27103045457251973,100,100
ENSMUSG00000015401,0.001,62.31581250733508,1.0,0.001,0.001,0.00199444645597467,0.17849409571017125,100,100
ENSMUSG00000015405,0.001,62.31581250733508,1.0,0.001,0.001,0.002013474897835425,0.1279664508474896,100,100
ENSMUSG00000015437,0.003272510232694795,9.794560368167126,23.900672066372177,0.001,0.06902536885121092,0.0017215593520762663,16.80565478794916,100,100
ENSMUSG00000015451,0.09335254872961286,24.940834045875196,20.385659299456254,0.001,27.002417864762364,0.0017647866396747988,80.36749003426232,100,100
ENSMUSG00000015452,0.3619259632292164,17.436724145432805,2.4898604630826946,0.06688636641181861,47.86492908269122,0.0010697604994736195,0.6429847501667934,100,100
ENSMUSG00000015461,0.31203640233253904,0.3246402585754059,8.086531822199047,0.14292166016304741,0.7733142612555157,8.544500379177371,55.20689955288018,100,100
ENSMUSG00000015467,0.12600918692092483,1.5355416630818954,2.1418835340977056,0.02270418151924623,0.48260093081144034,0.3019289396594572,9.48825853094176,100,100
ENSMUSG00000015468,0.018032739581369365,18.19083782817361,61.35439379857,0.001,0.43375138947036146,0.03424460729568808,103.91663136935361,100,100
ENSMUSG00000015474,0.6228212983144449,3.0154238805054105,14.951646398807549,0.01257498089093443,0.7599443964629182,3.942182834327146,605.3277099567558,100,100
ENSMUSG00000015478,0.23169751786906198,0.2916841434779607,13.485367072029408,0.029016456282594,0.7792071684025784,8.242977613610204,645.8461045812973,100,100
ENSMUSG00000015484,0.001,62.31581250733508,1.0,0.001,0.001,0.001527636361113182,0.2102996513031281,100,100
ENSMUSG00000015488,1.250358154043866,1.9721018837437456,6.761492758659971,0.6398569088816988,4.411504112456716,0.6617983582602189,9.813332970034221,100,100
ENSMUSG00000015501,0.4210986734021806,2.4677165396937943,22.405978966583554,0.21515634656582766,0.5692650669161367,6.4095906894313455,24.761921063321125,100,100
ENSMUSG00000015522,0.9449870552088435,0.5644220430939013,2.7462954557195802,0.006622621639026622,8.453095954004352,0.24092509888348196,1592.965460092804,100,100
ENSMUSG00000015533,0.14149147707538715,10.555960430877885,24.636954538770638,0.03588601550236131,0.24645624040191302,0.9845628929133052,10.344592947376288,100,100
ENSMUSG00000015536,3.727136667113919,32.728726701656775,83.18303708919193,2.5134909998553887,9.202159541774083,0.9308721377463716,4.87374067305208,100,100
ENSMUSG00000015542,0.5340049363468429,1.3345426543671968,3.546313277020694,0.23052839248914594,1.3218994486119957,0.8659287639397508,9.438267254149284,100,100
ENSMUSG00000015568,0.06654306970934398,1.2061737077087973,56.33553166577579,0.01111552871250217,0.08699608987111287,31.448861964205335,896.9871551338708,100,100
ENSMUSG00000015575,5.3760353424929,31.74072276491704,178.05807774473885,3.5290793249843073,8.106363826348314,3.2015741948943903,13.493891185055851,100,100
ENSMUSG00000015597,0.18018811229909687,1.67130104834608,5.158098697355295,0.001,0.2083251992011082,2.791003397661677,1287.0499695009034,100,100
ENSMUSG00000015599,0.001,62.31581250733508,1.0,0.001,0.0010000000000000005,0.002093731977401716,0.26559210500919916,100,100
ENSMUSG00000015605,0.07842115618810411,0.3003755621838346,8.693428540146806,0.0017286131069505837,0.14973592937774194,12.087733640134594,1376.083626703442,100,100
ENSMUSG00000015619,0.026970394829679764,22.44073123957975,44.6183249794614,0.001,0.22239108503587357,0.13442151571102234,83.33207569305854,100,100
ENSMUSG00000015647,0.22206490602966505,22.06224363731137,100.29259668727899,0.10537651493077024,0.2847045535597425,3.0933047545076784,10.898981601091055,100,100
ENSMUSG00000015652,1.37485058155432,26.780572431093,94.90784422254117,0.7143221384475598,1.82711235911285,2.4584399300702033,11.061995745811949,100,100
ENSMUSG00000015653,0.5140114758307098,2.193322909623878,5.226490772881205,0.21463509959502647,0.8455782796238194,1.1698164760195118,6.615395044948027,100,100
ENSMUSG00000015656,5.7152788293962695,140.68653130870382,2340.7185477694948,0.19905906648567684,6.613790351040528,3.4055736706665147,28.06376546963729,100,100
ENSMUSG00000015659,0.2780994638646177,32.51772489569123,15.683737248837478,0.043991194935758246,1.1273135246891424,0.07736281234667057,3.138438770562405,100,100
ENSMUSG00000015668,0.09381072453758262,0.07912220425020193,13.884314409484393,0.05681445758439835,0.49989559469817657,15.300160771398863,290.97899487381653,100,100
ENSMUSG00000015671,5.390690829208942,77.6202016914787,289.1742770333941,2.999069960062818,7.41691208927301,2.612774044480215,10.501672198705023,100,100
ENSMUSG00000015672,3.6086592637468047,63.91049231623886,73.60646229317072,1.0626892560812,6.943888650459662,0.5713055776405833,11.642714920322529,100,100
ENSMUSG00000015697,0.8543705850230328,3.0274666201837634,10.268222300053854,0.41730106842402714,1.435204893333991,1.6420296918882502,10.180464913672044,100,100
ENSMUSG00000015702,0.055977099049133484,0.6212985230210615,1.3270732320550642,0.013087976038241515,1.2306846313448936,0.05876037748418797,13.184666457432277,100,100
ENSMUSG00000015709,0.39163895253834674,23.844444717920975,29.150257657617036,0.12386963461135209,0.6814399587238771,0.6946626481178948,4.7477785058508815,100,100
ENSMUSG00000015711,0.36423024213826566,0.4152844124968294,2.9569224321486702,0.15457411690932166,1.002535671366107,1.6057722290665848,25.01043096122725,100,100
ENSMUSG00000015714,2.4904669507061006,226.27214729084483,794.1944651350714,1.7784201584033008,3.2527773066425025,2.686837963928167,5.716784710691655,100,100
ENSMUSG00000015733,3.0199640948120248,11.843296975918198,66.09721600330329,2.168322713685651,5.937826454545429,2.2389859875908877,10.245222528298935,100,100
ENSMUSG00000015745,0.018387640078222904,0.13468136458868843,4.376852368981832,0.001,0.10301829485983428,3.868568907482442,753.091763674944,100,100
ENSMUSG00000015747,0.001,0.007530100165839564,4.37080350946906,0.001,0.08612724191997775,5.065256131937968,1333.30615583724,100,100
ENSMUSG00000015748,0.2637061694534246,0.5370624395374429,3.709916975717286,0.001,0.6198394556788445,2.015658739146461,2105.304413736678,100,100
ENSMUSG00000015749,0.23486733051470787,0.4498107207026043,16.377732997464506,0.12360776133698873,0.38234020107766586,20.37001759809086,91.92180135545354,100,100
ENSMUSG00000015750,0.10403006884987098,0.2006527001533636,18.587475087509592,0.047807293781257976,0.2052697763867311,38.18474066069068,241.58174521427233,100,100
ENSMUSG00000015755,0.273822638867731,0.16665262007961196,3.8559237880620745,0.07345468289067074,2.247194843623477,1.2078075762479854,118.03589521783155,100,100
ENSMUSG00000015757,1.404673822815009,3.5359450549549107,10.880418721570217,0.5593824405248828,2.9615398011372545,1.1345158309748804,13.14608019827559,100,100
ENSMUSG00000015759,0.2701261017802448,0.3026712022282476,58.909922226883204,0.001,4.829196873816007,0.2583980537585102,21484.947786989374,100,100
ENSMUSG00000015766,0.8599635614530238,183.67574516217633,658.0505700606768,0.5774689069200929,1.084634050022074,2.859328600298036,7.145465980975505,100,100
ENSMUSG00000015776,1.3981489916594758,138.1274036462416,192.22856085381264,0.9438687438774553,1.93017072449011,0.9586496198774992,2.742267188555917,100,100
ENSMUSG00000015787,0.001,62.31581250733508,1.0,0.001,0.001,0.0015979621478746,0.1326486998326765,100,100
ENSMUSG00000015790,2.0860462210849815,2.0110113462272143,8.01748711295734,0.9639861073764028,6.009886688097856,0.7028944567270052,15.454156285174134,100,100
ENSMUSG00000015804,5.292504116640683,579.5190854302648,954.875975952214,3.251870243658736,7.573077055987872,1.1410726022838098,4.386208574707792,100,100
ENSMUSG00000015806,0.8063933694323022,1.198167219353344,6.87708107526223,0.3971030595991035,2.8599546304340047,1.0285363176133084,15.371097758166488,100,100
ENSMUSG00000015812,0.04143299517735556,19.61196540158465,10.342048368447067,0.001,17.38794069722625,0.00102285703898336,6.727310268536183,100,100
ENSMUSG00000015837,2.051838396367868,505.96048153141214,9830.349765422516,1.7286830229384025,3.0568684720992563,12.556517241399762,25.268599936086748,100,100
ENSMUSG00000015839,2.8548222023431906,5.4845873845637145,21.264565587126434,1.6476814455603706,6.433296017833706,1.1655051360304813,9.263501547641901,100,100
ENSMUSG00000015843,1.6262619868264967,395.3519615968364,1.004113302142248,0.001,7.093931906233342,0.001122086158906876,0.17352040673677022,100,100
ENSMUSG00000015846,2.8369861474513174,33.55719015850329,90.1837175509258,2.282714771745108,4.218580991430622,1.6823979492958316,4.055446261717975,100,100
ENSMUSG00000015850,0.6157057997573835,1.9681288680991127,15.169327936919508,0.4005888645894027,0.9551226378159313,4.425476341799202,13.580721106923914,100,100
ENSMUSG00000015852,0.001,62.31581250733508,1.0,0.001,0.001,0.0016144575625037995,0.38529220358731975,100,100
ENSMUSG00000015854,0.002437373437744167,9.045673883751435,30.346439378689848,0.001,0.045627573340603536,0.0019488020126641969,14.732850317797103,100,100
ENSMUSG00000015869,2.755643330090676,30.121818702290163,35.00685872780292,1.4839852370370978,7.122277246432117,0.42852069051342034,3.700600582794748,100,100
ENSMUSG00000015879,7.869348978671748,626.4202976274216,1.0,0.001,19.028789372467287,0.0010166301551104257,0.010734480441356479,100,100
ENSMUSG00000015880,0.009698697820934058,0.2722909487538815,2.1721508452565286,0.001,0.24704552192609208,0.056317962331914696,79.2845433393735,100,100
ENSMUSG00000015882,0.7627743189391539,34.439449274900795,5.171886117553896,0.16511555939643519,68.47675915887567,0.0013222115062270496,0.5773811025271929,100,100
ENSMUSG00000015889,2.176859718064644,21.136786822725224,54.658641579018976,1.3470098261390753,3.1214757470813366,1.6515260165778725,5.425058550577862,100,100
ENSMUSG00000015890,0.001,62.31581250733508,1.0,0.001,0.001,0.0017076461215691015,0.31488084663402455,100,100
ENSMUSG00000015932,1.7973041066462618,592.0283384208277,9999.999994904338,1.6195352386706499,2.8387794115974705,9.389292976782425,20.313745822537985,100,100
ENSMUSG00000015937,0.31112252622543446,0.5816761177098526,2.731131922195421,0.06798874994044171,0.8621342062058516,1.1419978109017086,33.300692077064156,100,100
ENSMUSG00000015942,0.6331690688884741,3.5618744350289537,1.0,0.16207219116354388,112.68556460175874,0.0013937308924350336,1.032105217181551,100,100
ENSMUSG00000015943,0.02380611763803361,0.09674366395514945,5.976123820328178,0.001,0.10287469250838113,11.407287395576356,2006.8409966215704,100,100
ENSMUSG00000015944,0.7776741101130105,23.508316105776334,28.895504609430542,0.2653032585646398,1.3437531137558465,0.6567904046139458,5.675153711038643,100,100
ENSMUSG00000015947,0.001,62.31581250733508,1.0,0.001,0.0010000000000000009,0.002054019313351762,0.4540370405322517,100,100
ENSMUSG00000015950,0.001,62.31581250733508,1.0,0.001,0.001,0.0017063859263330436,0.1754888993346495,100,100
ENSMUSG00000015957,0.09880099508721683,1.8139074329315659,4.1750943504708244,0.0011056641517402173,0.2844717297149814,0.5827530701793294,213.1086163094648,100,100
ENSMUSG00000015961,1.973565247791673,282.89046983387016,598.9962410941085,1.1384112196428884,3.9766616411430444,0.992949554905252,4.851167949690911,100,100
ENSMUSG00000015962,0.001,62.31581250733508,1.0,0.001,0.001,0.001671652069112416,0.18408629989900516,100,100
ENSMUSG00000015966,0.001,62.31581250733508,1.0,0.001,0.0010000000000000005,0.0018723763824126274,0.8051911404863252,100,100
ENSMUSG00000015968,0.016717164463678703,2.087390054457875,3.1256279292076234,0.001,21.042622585477254,0.0010000003983598274,14.945908171336306,100,100
ENSMUSG00000015970,0.001,62.31581250733508,1.0,0.001,0.001,0.001584812442163029,0.11663588502152705,100,100
ENSMUSG00000015971,1.0187372231742466,2.301697511661657,8.396216030058051,0.49122433186099984,2.456151269098751,1.169808440450319,11.396757426103498,100,100
ENSMUSG00000015980,0.6396823992024269,17.603813322813153,34.8613246572562,0.21955858856056004,0.7737285945271899,1.6632377655783286,8.787240264874775,100,100
ENSMUSG00000015981,21.133297934260117,604.4240853895321,1.0,0.001,42.35432317318439,0.0010000000008455589,0.008949872918105508,100,100
ENSMUSG00000015994,3.038663192330666,306.42502000536024,466.317204726743,1.5222059214283314,5.460924601944229,0.8659769300801828,6.7020413632558835,100,100
ENSMUSG00000016018,1.0918769958430172,2.4570051078866944,7.928955850858951,0.6323190307276172,2.4495867597632004,1.067867813784126,6.377222806992508,100,100
ENSMUSG00000016024,5.205945063955672,623.0037660432878,1.0,0.001,19.99018519816837,0.001,0.03436480007135227,100,100
ENSMUSG00000016028,8.027080719190044,999.9999999165993,1.033713544118985,0.001,16.626128488662708,0.001,0.010711764171069511,100,100
ENSMUSG00000016087,0.3579401639418656,7.102356050708215,2.316247366473414,0.10234083173605912,81.7524822182277,0.0015440130606692646,0.8661750343607697,100,100
ENSMUSG00000016128,1.2409328857890143,23.38058347039428,55.111353985043905,0.7447367147647833,2.071693395906773,1.2254335680560997,5.659770003506726,100,100
ENSMUSG00000016179,0.001,62.31581250733508,1.0,0.001,0.0010000000000000009,0.0018139259349628815,0.2116611731102272,100,100
ENSMUSG00000016181,0.217945730907036,0.3511148101446591,3.2633694697072415,0.046878716457758006,0.616903062756071,2.4014743651355444,62.16629069560909,100,100
ENSMUSG00000016194,0.2004971616632602,57.18419430902617,155.3572131771965,0.0015564118355285276,0.30603387012414585,1.5483777137219217,369.54755740014286,100,100
ENSMUSG00000016200,0.001,61.674132606755,1.0,0.001,0.001,0.0017575276096643958,0.3466526080251506,100,100
ENSMUSG00000016206,0.36139155813354806,13.48991408917667,28.118344468385683,0.001,0.4050325039764465,1.7682241653432214,1265.2181726392269,100,100
ENSMUSG00000016239,0.001,59.32355257794531,1.0,0.001,0.001,0.0016868354626876523,0.17867558966129388,100,100
ENSMUSG00000016252,4.589702724353509,49.5276384632492,191.59056549886503,2.5154118102164955,7.099839147020123,2.2047326243657026,11.652081051403583,100,100
ENSMUSG00000016253,1.4543798237091994,3.885861756453694,15.250958087743129,0.6217878102157177,2.3774871344046584,1.7721286809657157,16.11939778320334,100,100
ENSMUSG00000016255,0.001,62.31581250733508,1.0,0.001,0.001,0.0014226267498274243,0.06193496348054609,100,100
ENSMUSG00000016256,2.660917779163671,7.68015276779667,133.0585227722924,1.846890474679069,4.54917186811066,7.893375557137338,30.9484827910714,100,100
ENSMUSG00000016257,2.7566441982851644,602.0195412470015,1120.3727694645374,1.3000173088439255,4.5972808022342,1.129349496219397,7.809932923493465,100,100
ENSMUSG00000016262,0.1463918099109313,1.2821088944984134,3.555501553708204,0.07368078539425238,0.34530730497509365,0.9536003698657619,5.922757450863434,100,100
ENSMUSG00000016319,0.001,13.146085906837884,1.0,0.001,0.84541032456092,0.181507966497505,20.172953743188028,100,100
ENSMUSG00000016327,0.001,62.31581250733508,1.0,0.001,0.0010000000000000005,0.0019956498764324565,0.14229046515090393,100,100
ENSMUSG00000016344,2.395053563718055,3.8444919844773198,11.564271724306497,1.2961600790430245,6.8292137911326245,0.6742501498523537,10.066281415872453,100,100
ENSMUSG00000016349,0.001,66.84427540036525,1.0,0.001,0.001,0.0022598637210294766,0.384509302211704,100,100
ENSMUSG00000016356,0.015749037325337882,15.997188318759804,25.31360359261872,0.001,14.051240096509066,0.0010000744189844,31.128686906664473,100,100
ENSMUSG00000016382,0.261580625028932,0.7579587259544651,56.176843584341555,0.17784762427876255,0.3689238413068961,38.47794120846632,115.42425574050472,100,100
ENSMUSG00000016386,0.06223132964273424,19.334624853337903,7.917661356975912,0.001,23.3773171385544,0.0010000000000009747,16.119736000211127,100,100
ENSMUSG00000016409,0.3423552919457994,1.1538121484168928,2.111533921214516,0.001189188332450822,0.9643708463935005,0.46746330397650016,840.5752990609424,100,100
ENSMUSG00000016458,0.001,62.31581250733508,1.0,0.001,0.0010000000000000005,0.0017174150773188314,0.09463048832168008,100,100
ENSMUSG00000016477,0.07253856792152273,0.0935194025852045,4.165873009027109,0.0010269492604202436,0.18501717680852992,14.052028806704687,3020.8500798588993,100,100
ENSMUSG00000016481,0.3202472538122162,0.21959360016783228,8.824277402173928,0.0655099724986769,1.1313785665802933,4.946631646810757,289.1900246666958,100,100
ENSMUSG00000016487,2.6950201676370065,9.770072093343877,31.67444858889751,1.6624077563221278,5.360250443489887,1.2997641248230714,7.411546257746416,100,100
ENSMUSG00000016493,0.09319509573959452,18.59347484071996,6.125894902265274,0.007630965054803638,28.53203276775503,0.001,1.3869450146355002,100,100
ENSMUSG00000016494,0.1789565926393524,38.837391664617826,729.3188263872563,0.11890408849668384,0.227911046481256,11.86019523936296,30.523895561707377,100,100
ENSMUSG00000016495,2.0757545810884683,16.51662082339356,26.129271323235614,1.2185289137132127,3.6095065563282445,0.8209841110113565,4.2574723526138865,100,100
ENSMUSG00000016496,9.070092069294189,725.1000873748526,1.0,0.001,20.657878869438832,0.001,0.01140257809281978,100,100
ENSMUSG00000016503,0.3557772120952622,0.9561248870543207,3.9970884652782304,0.16783411896119138,0.6607692114366641,1.6793064148708838,10.971874990199591,100,100
ENSMUSG00000016510,0.4484354775036653,1.1456452287754866,4.41015036700897,0.1556615511732044,0.8483188269152904,1.651197354374358,14.028705422999263,100,100
ENSMUSG00000016520,0.060194731599900624,0.10361271007311836,1.9030810056554983,0.0017938926334691119,0.5710163587846075,1.3049374879729272,683.4126280551029,100,100
ENSMUSG00000016524,0.001,62.31581250733508,1.0,0.001,0.0010000000000000005,0.0017240679455967924,0.307692034370825,100,100
ENSMUSG00000016526,0.13003733944949633,29.347220789386515,34.26619664821313,0.001,0.3059530086131498,0.4342176898080238,171.6590039792937,100,100
ENSMUSG00000016528,2.364711283350621,5.709429452826143,18.834819641669434,1.4836091287257946,5.486318737675647,0.994706158950605,7.499151514219395,100,100
ENSMUSG00000016529,0.001,62.31581250733508,1.0,0.001,0.001,0.0016675883462484,0.2115165871039752,100,100
ENSMUSG00000016534,0.24250089708009281,0.6065505827570451,58.584921991876655,0.15783399943008397,0.36035278059319786,56.93392024752528,155.42976784164972,100,100
ENSMUSG00000016541,0.7369304485064058,0.7123927264844173,19.76189109482428,0.514551210671262,1.6398291602090374,6.355168003560948,43.191920034917956,100,100
ENSMUSG00000016552,0.21333089682202527,30.072433111889545,20.077727014394046,0.011376383503572658,1.3923119475477188,0.08055751449124264,28.939240346692984,100,100
ENSMUSG00000016554,2.6631070280685245,6.0729912159301565,40.976198661649015,1.925052608515922,8.6226901883544,1.4345092260164582,11.532357617873433,100,100
ENSMUSG00000016559,4.040090055216388,17.42649518711678,251.53566209805132,3.0410101554447575,7.002801505989656,6.607515765074763,23.678643435762652,100,100
ENSMUSG00000016619,1.789710096117663,5.336755832496995,13.649529703750275,0.8744686171091698,4.215422400998157,0.8329148583906152,7.7888166080770915,100,100
ENSMUSG00000016624,0.03958881507175829,1.5306963115891352,1.84183785416752,0.0024328441702521153,27.135280603125068,0.0010626553067828743,16.071217575941652,100,100
ENSMUSG00000016637,0.6077935906752971,2.366503515372326,5.7949595008656205,0.14826315567237044,1.226032563368852,1.049746801920728,16.683311291753505,100,100
ENSMUSG00000016664,0.5018288823262979,0.9675863901881812,16.145585134794985,0.3352067148653032,0.976569075815527,5.750704310744305,29.353444276470345,100,100
ENSMUSG00000016756,0.016366420316551694,2.433669941083954,11.371184255063483,0.001,10.108843462882211,0.0015579662452168644,13.997154397370945,100,100
ENSMUSG00000016757,1.9397181097730747,182.8748559127193,305.79830940234865,1.2396446640684569,2.7101783820370677,1.153750726261664,3.1653009470157976,100,100
ENSMUSG00000016758,0.001,62.31581250733508,1.0,0.001,0.001,0.0017136012573008043,0.11566891020321926,100,100
ENSMUSG00000016763,0.001,62.31581250733508,1.0,0.001,0.0010000000000000005,0.0014563134274864608,0.1870154717652761,100,100
ENSMUSG00000016831,1.5604799161702463,2.282127335292708,9.403786120912073,0.6757114019001171,5.239962152078472,0.7243700322921591,19.857198109005303,100,100
ENSMUSG00000016833,0.44322248490780364,0.7326260462241707,11.62117633067003,0.23065660922494508,0.7031575482540765,8.588451450538763,38.7320535229905,100,100
ENSMUSG00000016918,1.3997733418421061,125.80377740056808,540.3665597136915,1.0786634873642633,2.122579277563632,2.9171086505059387,5.933435323325523,100,100
ENSMUSG00000016921,2.625657755319748,26.359900189437518,87.58212189832497,1.630559867993175,4.446682455932221,1.8062527060857276,7.095945973839284,100,100
ENSMUSG00000016933,0.2579140973635864,0.2163527318891535,4.528246321518105,0.13637716177619438,0.7972663349223708,4.628477021385773,55.54459684075442,100,100
ENSMUSG00000016940,1.239452511851485,2.182717792662789,2.8536645198394193,0.0021514005200654876,1.5242141970701364,0.8713450214481693,1529.1918669864065,100,100
ENSMUSG00000016942,4.168917566870232,1000.0,1.0,0.001,5.290393411490531,0.0010000000030337608,0.03530838241687009,100,100
ENSMUSG00000016946,0.846634297989108,3.1545530963037764,13.86087109302018,0.42559020672151476,1.295826150954913,2.4890586860004564,12.42157262900216,100,100
ENSMUSG00000016982,0.001,66.84427540036525,1.0,0.001,0.001,0.0015726143907168247,0.3627681739053632,100,100
ENSMUSG00000016984,0.18806847114024736,5.399609763777958,4.685422126298894,0.056138762564788995,1.8714152534699586,0.06008177952022984,3.4224478557574947,100,100
ENSMUSG00000016995,0.014505784905436187,2.994730868025976,23.547156323055077,0.001,2.3102620035476873,0.0017594567307695186,54.79076680687655,100,100
ENSMUSG00000017002,0.07469576547881926,1.881096917062396,147.1198561436332,0.05212897039520137,0.11038193684731912,33.96921873243082,137.6441536816389,100,100
ENSMUSG00000017003,0.001,62.31581250733508,1.0,0.001,0.001,0.0018483104856450785,0.2579897127393523,100,100
ENSMUSG00000017007,0.0031341571521071475,9.37700480992894,24.68557252687272,0.001,0.17187179283303625,0.001817993550056529,10.738362373952654,100,100
ENSMUSG00000017009,3.068149418138287,244.6509714145412,1082.2656149615989,2.450057790176378,4.2330532488528165,3.1013737151957192,5.789851599552202,100,100
ENSMUSG00000017057,0.20768140328752194,0.45667153495085827,29.091792622304766,0.0635036145040031,0.39583472161444655,28.682141010524667,963.4447217677036,100,100
ENSMUSG00000017119,3.486052869132747,15.111992383423464,49.601708546011274,2.414455957438214,10.8913891761112,0.8840990545259975,6.2756150610001775,100,100
ENSMUSG00000017132,0.1690820669875202,0.4183666608497994,1.5590548440511478,0.001,0.8812510796795646,0.46333438108042463,899.2012660024191,100,100
ENSMUSG00000017144,0.8413976328301874,13.053792610113067,57.37420985618038,0.575073513949616,1.1820736848209328,2.766576322279504,7.491572771788954,100,100
ENSMUSG00000017146,0.045209920143624266,20.569805686325697,22.52923162639338,0.001,15.42804949895159,0.0015348281455279114,46.9469243260322,100,100
ENSMUSG00000017167,0.01380088428830204,21.00914586757314,51.92079541564571,0.001,3.8910938433930387,0.0026834868576429286,39.673815082868025,100,100
ENSMUSG00000017176,1.2957343405000497,2.4208931797169,9.73909460813787,0.697297923233141,3.4902044047239995,1.025589665369802,10.321424918349331,100,100
ENSMUSG00000017188,1.9472397052636379,2.9733486289295796,20.895406539619653,1.218712751842563,8.579603468036293,0.9366577219377432,17.35042081815736,100,100
ENSMUSG00000017195,12.745462992306193,999.9972546961787,1.0105947714629913,0.001,20.857281775647635,0.001,0.009682335246932437,100,100
ENSMUSG00000017204,0.010998164592332809,19.150230952708014,21.843189031416163,0.001,4.9142559541350215,0.001430370832719784,26.358059477911,100,100
ENSMUSG00000017210,0.9614956151565208,2.44970493283991,3.164653523730341,0.006293193457608196,2.753047721214107,0.3342855898866908,466.1397573159761,100,100
ENSMUSG00000017221,2.876519615983752,12.190444104001813,50.505200163718776,1.7686189912649,8.093213018669674,1.159384853510621,9.432497088316266,100,100
ENSMUSG00000017264,0.619262831122346,1.1325243489661319,7.597440184167351,0.33122880530072996,1.1843664152500142,2.2903754208098968,15.58109927149107,100,100
ENSMUSG00000017286,1.8145914884027237,20.76644481664283,41.61943726453196,0.6194497551742155,2.725743186946024,1.2043253968330094,13.358862925186177,100,100
ENSMUSG00000017288,1.2974207667280575,2.5637927230241297,11.441197421794485,0.8691521418226409,2.6544668878959716,1.5922598358574147,8.738420316305271,100,100
ENSMUSG00000017291,0.7763575869179414,0.6144331428539015,3.946124980640422,0.11868153192841466,2.3727038571389487,0.9389495262322627,111.49144166969529,100,100
ENSMUSG00000017299,0.23722591732176565,0.1733778051153481,2.942366503712737,0.030843308603454873,1.3824653026323472,1.5544415964960092,146.2707083337174,100,100
ENSMUSG00000017300,0.001,61.88525872635182,1.0,0.001,0.0010000000000000005,0.0020009753263020395,0.2069104657777474,100,100
ENSMUSG00000017307,1.0388980288192435,3.3352420646864265,8.456512161479123,0.5206286153476948,1.9828541649935245,0.9821659737871813,7.5954050124769505,100,100
ENSMUSG00000017309,0.001,66.84427540036525,1.0,0.001,0.001,0.001886759879881088,0.2059780214261102,100,100
ENSMUSG00000017314,0.23606920666145945,1.3407963348835923,5.046471451950545,0.08232333228366255,0.41420530588809823,1.751402045136685,13.061032413742057,100,100
ENSMUSG00000017376,0.30886708184816586,0.5528864090221023,3.6236306653270565,0.10358898212110422,0.7602448337480844,2.0677787778860726,22.979210623591793,100,100
ENSMUSG00000017386,0.12468885487439915,0.18846423296393752,3.8423619040248305,0.030426967942092403,0.37264262168102025,4.304058904358161,107.82839826069551,100,100
ENSMUSG00000017390,0.29142684625536225,11.068665242954037,51.693091604540555,0.18130122756247286,0.37373204198732324,3.101930634057829,8.009022227586984,100,100
ENSMUSG00000017400,0.10069114459350124,0.3236704320162425,4.027884123880099,0.009191604950316557,0.24031319894708578,3.8887548571435415,139.48912450145787,100,100
ENSMUSG00000017404,0.001,13.17807387040473,1.0,0.001,7.46675717527733,0.12795015763137227,27.048434697209764,100,100
ENSMUSG00000017405,0.8300993324920637,136.44733332616062,161.0310957255289,0.07295950373640926,1.2634543539022525,0.8227748983451744,25.655023146103726,100,100
ENSMUSG00000017412,0.011044529339031613,19.208532822240645,21.909783181480815,0.001,4.20222330115099,0.0015646569117725331,13.127077854040571,100,100
ENSMUSG00000017417,0.27097125553073315,19.598915317797008,65.41841146772393,0.19693651590510794,0.4126852222741193,1.9167683209437323,4.934014356407129,100,100
ENSMUSG00000017418,0.2708074242033057,1.8838360923305328,3.3447213994444716,0.00162440045887151,0.6330693426872758,0.5147037695081703,498.03479390931375,100,100
ENSMUSG00000017421,0.001,0.001,23.00547585099512,0.001,22.10843684535432,0.13904705967130965,23005.364776462822,100,100
ENSMUSG00000017428,0.06697243136101091,0.16296158713354691,36.05222829633098,0.001,0.1750847017288893,0.116209493954223,3180.9747173567553,100,100
ENSMUSG00000017446,0.3592322639556062,2.4314977444516956,4.872256304533925,0.12235129913734145,0.7091633445250454,0.8980762142334319,7.2179761371542055,100,100
ENSMUSG00000017453,11.396054265981999,695.2739581817563,1.0250302833025713,0.016257697593612102,27.273026822050618,0.001,0.00846202978586669,100,100
ENSMUSG00000017466,3.752783941368048,42.24122280025385,1221.9274926573175,1.483563649132897,5.136006977173894,18.027480264287753,53.289364477048984,100,100
ENSMUSG00000017478,0.44558857468088886,0.4141430752115292,3.684711920074697,0.06969169584604509,1.384593506878368,1.7898668575783971,93.26864378504138,100,100
ENSMUSG00000017485,0.9211859966861972,35.50255312109181,130.27639228906352,0.07474472060609855,1.0561000169439776,3.419947055119664,105.75123058253763,100,100
ENSMUSG00000017491,8.551111821760125,999.9999999752406,1.0,0.001,13.564356592255631,0.001,0.023859494544397383,100,100
ENSMUSG00000017493,0.37243593493993815,6.097802578671817,246.06570057976523,0.31031161090524506,0.6110900925946958,16.601084756646156,55.36708952498442,100,100
ENSMUSG00000017499,0.028918513126687584,17.00047855937352,165.5270499457533,0.001,0.38332705950370205,0.09750343631035319,29.748496470379227,100,100
ENSMUSG00000017548,0.11182947959907272,0.13559645151644759,4.586187649823092,0.006397717457779666,0.3104211943164489,10.370710565002192,896.1996877552276,100,100
ENSMUSG00000017550,0.09134612159312656,43.682038583128815,40.275166294912864,0.032773980087272586,1.272353025005212,0.019975845024739126,2.47656477836495,100,100
ENSMUSG00000017561,0.9419250248427803,26.4533515588808,26.644312721326255,0.3328973560623714,1.662340211057078,0.5317901646079466,5.035978259079279,100,100
ENSMUSG00000017607,0.07432843506278175,18.69635084314267,25.127086730604464,0.01738786142913364,1.0122765637835345,0.08451903954610167,4.731269068467654,100,100
ENSMUSG00000017615,2.0897357761923336,2.779261964223249,23.638064637583476,1.498506426896085,7.6500972915232595,1.3745481382344304,17.010945976374188,100,100
ENSMUSG00000017631,0.24201993442053693,0.4830172183787219,5.603783194185397,0.05138231916639381,0.4531090818250441,5.078099464835331,71.50442339140247,100,100
ENSMUSG00000017639,0.001,61.88525872635182,1.0,0.001,0.001,0.0017990507438040008,0.09496690756569606,100,100
ENSMUSG00000017652,0.07542009123010023,6.902755763546971,14.807930045555395,0.001,0.2014991102858086,0.6412257533956958,155.2363409228142,100,100
ENSMUSG00000017664,1.965490158670776,2.8204956536163133,10.859216473427532,1.0641707933389697,9.14898974055789,0.5343567106364041,11.723789536962702,100,100
ENSMUSG00000017667,0.7618703441531687,4.2897654932107585,5.484049285169835,0.0010109578370361889,1.3488282934215263,0.6431730938273519,1535.4385291084418,100,100
ENSMUSG00000017670,3.0014359522951897,324.568267833856,414.8212243425504,1.959823358814845,4.272424248463139,0.8818599415797784,2.49427684240241,100,100
ENSMUSG00000017677,0.8156319409264852,0.9255678686100155,5.336719513465618,0.4031152609437811,2.5641562051296716,1.1226589957807933,15.160324960406356,100,100
ENSMUSG00000017679,1.1966530966760967,202.27557040449526,93.1709942875554,0.10842394207823886,2.6067258078911246,0.20823802741788972,12.390186631891545,100,100
ENSMUSG00000017686,0.04142081430327124,0.0623643493671069,1.6280556306321197,0.0010017960784057104,0.6306859340575952,1.0073884078363067,1171.7181125781583,100,100
ENSMUSG00000017692,7.366526912719571,858.0137149063052,1.0,0.001,17.98891973718473,0.0010000000000000926,0.014623592262862889,100,100
ENSMUSG00000017697,1.244604839701817,169.05537235082957,405.70265845371927,0.8730723410215305,1.7870199385647147,1.599659678474297,4.240739001067913,100,100
ENSMUSG00000017707,8.079881884722772,310.91391784742586,1835.314999316343,4.732841495036981,12.841089273918548,3.7485858955152316,15.421589593792614,100,100
ENSMUSG00000017713,0.24870519139884334,0.946743858509377,2.9006674034310573,0.0010019822698958392,0.6758083554079988,0.8910583650005819,965.1618388252117,100,100
ENSMUSG00000017715,1.3120526383495352,1.606398068546948,5.811761451482783,0.6129072331617672,3.880851478120962,0.6797143868550427,11.387109221433114,100,100
ENSMUSG00000017716,0.01843482822694106,0.6575110011827805,18.445359405748345,0.004980652148249996,0.052863034701996325,2.194744991201442,84.85655624963437,100,100
ENSMUSG00000017718,0.1811073051383666,30.78901681458732,25.87402975237031,0.001,0.49603923535655364,0.26295863067043174,172.98583087028157,100,100
ENSMUSG00000017720,0.001,62.31581250733508,1.0,0.001,0.001,0.0016611014824164925,0.07712081075067549,100,100
ENSMUSG00000017721,1.9650792908402706,3.174256407936431,12.460723713695803,1.025643111266721,4.583638577447504,1.0786974559217342,11.905733635712888,100,100
ENSMUSG00000017723,0.07093202406016154,9.040160050598473,54.409972936419635,0.040596114242824013,0.15117519424940745,1.5967897961117132,11.172733061099361,100,100
ENSMUSG00000017724,0.11119274059440816,11.559181319579617,43.82008705622589,0.00521839555298507,0.1892378550655759,1.8815361996730933,136.02152083533363,100,100
ENSMUSG00000017733,0.001,62.31581250733508,1.0,0.001,0.0010000000000000005,0.0019898767319797162,0.11466129390121074,100,100
ENSMUSG00000017734,0.04990114966560059,0.45250520510864745,2.253314250314655,0.001,0.2048356042444371,0.974238055854691,240.5503064733793,100,100
ENSMUSG00000017737,0.033553206886790685,10.433531001472236,86.55837225125806,0.001,0.19594293283531597,0.5527772740800339,116.52841155264778,100,100
ENSMUSG00000017740,1.6020724033161289,374.2143783058923,1.0,0.001,5.773818620123984,0.0010319887824250537,0.06868594547594281,100,100
ENSMUSG00000017747,0.35981634080876984,0.9229899107820793,3.4814839608611092,0.16424376163982402,0.972167893905749,1.0475413376864808,10.445711419037117,100,100
ENSMUSG00000017754,0.2566271409164393,276.6226212919396,1545.0771498168876,0.13829922205622425,0.3333298030452391,3.4767920487615913,11.80924125823274,100,100
ENSMUSG00000017756,0.07101789268440532,0.2267703229105893,1.6981436406318282,0.001,0.39625901950895925,1.025093056491626,609.7107803121112,100,100
ENSMUSG00000017760,5.4877607908415555,46.205638691065936,328.6714152969329,3.2477857621671022,7.868114643715117,4.590539563458812,18.690377295602143,100,100
ENSMUSG00000017764,0.7345821781039237,4.217880365038601,6.826436435836676,0.23518849997190305,1.182793875651703,0.827198630909521,7.120787941105078,100,100
ENSMUSG00000017765,0.5322326418279388,0.6722339101401557,6.126225913988086,0.3393290466378501,1.5225637725399146,1.794261084239158,16.210973680807857,100,100
ENSMUSG00000017767,0.001,62.31581250733508,1.0,0.001,0.001,0.0017866217956724233,0.17042886393732315,100,100
ENSMUSG00000017774,4.268608941749524,600.1240776709575,2692.242326683079,3.2352440757844114,6.356376082340864,2.836857665344107,6.108668678619235,100,100
ENSMUSG00000017776,4.224251405154041,34.000132599120064,54.779402531355665,2.232827632680049,7.146971119113937,0.8509082239107896,4.9017696232238634,100,100
ENSMUSG00000017778,6.640065193074549,21.967583330635087,254.79518577478282,4.413477470418737,9.560241217159838,4.356845626408642,25.268599308104612,100,100
ENSMUSG00000017781,3.803600388024177,54.653564208132984,96.95370357653077,2.17816389359324,5.941644681110999,1.078439843605131,4.838178610649612,100,100
ENSMUSG00000017801,1.5713511573221666,2.085434748011964,6.257182905659701,0.2100458948201529,6.3939360609504,0.41340285167832674,66.0934519486459,100,100
ENSMUSG00000017802,0.33626138686886087,0.8617497796092033,6.115662583443271,0.13736175825232422,0.5074524978275807,3.730270877583286,20.949650168686148,100,100
ENSMUSG00000017817,0.04262344419370041,0.3574892674965691,4.20353663122422,0.010693795376812178,0.1470476927941426,3.0056367805794384,45.98623708784086,100,100
ENSMUSG00000017830,0.11518723580265722,0.5056025279910978,2.2007857599280536,0.007357952820718231,0.44016331916612284,0.8571679037683967,107.60273966832506,100,100
ENSMUSG00000017831,4.280935238131919,413.48211809111694,193.160259173534,0.8455247577530519,9.244139661475579,0.2160776295110503,17.30590824717698,100,100
ENSMUSG00000017832,0.03898569755425332,20.368676157671164,10.755023318135434,0.001,16.74507922336776,0.001,8.866008079060213,100,100
ENSMUSG00000017837,2.8289667744232454,24.1612786087343,37.647560439168814,0.9070891380430643,4.633520769866777,0.8444344833801736,12.835836817483433,100,100
ENSMUSG00000017843,3.324297580031849,12.099378942341591,56.73286785591823,2.40364951879617,7.491684780935056,1.6843235544553892,7.952800865853802,100,100
ENSMUSG00000017858,1.444611327324887,1.1646760675888803,4.889132490456863,0.14943421822274686,9.55105479119701,0.29239936938540634,73.85124459941233,100,100
ENSMUSG00000017861,0.06486427895551629,1.1051395009923204,4.383291430508057,0.009754640291227636,0.16823166087340097,1.0733112253163126,37.717181682634454,100,100
ENSMUSG00000017868,0.001,62.31581250733508,1.0,0.001,0.0010000000000000009,0.0021718325776887678,0.36488722010269503,100,100
ENSMUSG00000017897,0.010077829358406397,0.05814432786048635,1.9575023338555777,0.001,0.18173613151236734,1.5914434056711333,436.4043190020461,100,100
ENSMUSG00000017929,1.8663363659286463,334.20257388630745,1447.7069934209862,1.4782607079130328,2.4257865760280404,3.2374610108439934,5.726780701604768,100,100
ENSMUSG00000017943,1.0473118924629654,247.71322156785507,1.0,0.001,6.202729877548226,0.0010897709870166176,0.20934868783187643,100,100
ENSMUSG00000017950,0.001,62.31581250733508,1.0,0.001,0.001,0.0015475490930188696,0.08120811946226847,100,100
ENSMUSG00000017969,0.001,30.452703792506206,1.0,0.001,0.001,0.0023587686396567067,0.34367762153800796,100,100
ENSMUSG00000017978,0.001,62.31581250733508,1.0,0.001,0.0010000000000000009,0.001991674111042265,0.16991238839772832,100,100
ENSMUSG00000017999,1.7366142532786155,14.923350957197254,30.04477667659278,1.0612309528804715,2.996671141374363,0.9859195045332712,4.771487397634564,100,100
ENSMUSG00000018001,1.1360620145428826,11.526492463472644,24.95575454844585,0.6619080898074607,1.6988976661676247,1.267583212473582,4.349917999110451,100,100
ENSMUSG00000018008,0.004204847837714939,13.831174129226653,19.884656824807006,0.001,0.07823005331941776,0.001745525628344465,13.449908693592732,100,100
ENSMUSG00000018012,0.08877404709541586,0.257372996231328,1.4984304000613027,0.001,0.5448926244061236,0.7253015679267237,637.422521248804,100,100
ENSMUSG00000018040,0.6371245746437457,0.7968367725624707,13.905426964587534,0.39410526636781484,1.243207671339259,6.499687784476212,31.240093444133805,100,100
ENSMUSG00000018042,0.08577851295735854,0.21091725325279612,96.63176027536372,0.001,0.001,0.0627038626870253,7.917893269176827,100,100
ENSMUSG00000018068,0.19886048911859874,1.1567507663898007,3.742587749454121,0.05542333960992586,0.4405935017623717,1.2216861351275072,12.610829028538308,100,100
ENSMUSG00000018076,0.5002740672483521,1.5672463516854198,7.26779122870626,0.21273382456384782,0.8546358927747075,2.1531137306388057,13.702964479814959,100,100
ENSMUSG00000018102,0.12193476191525131,0.2514345731762153,88.39232351709896,0.001,0.27841242128122756,0.07375628730308789,253630.96190560976,100,100
ENSMUSG00000018126,0.010814314090613506,19.581994750625828,22.346282498363827,0.001,4.848837337013261,0.001224822178547535,12.869366700403205,100,100
ENSMUSG00000018143,0.6302829955145063,12.682096883197291,35.95399372886779,0.36197300119971365,1.1760474992885004,1.377689452471988,5.702124363352933,100,100
ENSMUSG00000018160,0.3703747593289869,0.27763668401004005,2.8278285465360193,0.004552849498658848,3.074667940548605,0.571913106823174,1518.556401991901,100,100
ENSMUSG00000018166,0.881564516204355,212.83947995384116,1.0,0.001,6.059540817920547,0.0012842127973147753,0.21622753036580253,100,100
ENSMUSG00000018167,1.450037513597704,34.018144043722266,51.250261906052785,0.47818402731812476,4.081287034247371,0.590912213796345,10.470898202035556,100,100
ENSMUSG00000018168,0.001,62.31581250733508,1.0,0.001,0.001,0.00211370133732408,0.18991793077035174,100,100
ENSMUSG00000018169,1.4794348014843814,357.52131026778807,1.0,0.001,6.346402898351391,0.0010000000008556938,0.07410909320528285,100,100
ENSMUSG00000018171,2.695018811739331,4.248265253251064,41.49247302496496,1.656245430230355,9.30217032648438,1.807490569167458,21.53063954188613,100,100
ENSMUSG00000018189,0.523536931544323,93.0378684109398,761.3880323963035,0.39167971297193,0.7323954472034145,5.1749177562167255,12.075549387749808,100,100
ENSMUSG00000018196,1.9524161660281854,6.22993372747575,25.257491015731485,1.14700573412338,6.814602248724631,0.91943217458923,9.090705781072405,100,100
ENSMUSG00000018199,0.5826352306959117,3.0147401999172017,4.332553369364553,0.0011332095553164391,1.1543112547064354,0.6857783976840699,1158.5617672311505,100,100
ENSMUSG00000018209,0.46640327309598634,3.008964674965851,5.682992818846779,0.13117708767592534,0.8386330700937135,0.8899426412557664,9.277850547442762,100,100
ENSMUSG00000018217,0.8853935573742495,2.97172866443361,30.895808984998723,0.6792260684884779,1.3528459361650391,5.020464747929475,15.606991488579203,100,100
ENSMUSG00000018238,0.001,59.32355257794531,1.0,0.001,0.001,0.0018382438028146579,0.14198890439420092,100,100
ENSMUSG00000018239,0.07883235944675815,0.16956548108184494,1.9465096912368587,0.001,0.5361409557112584,1.0497416849358898,981.7409094580408,100,100
ENSMUSG00000018259,0.001,62.31581250733508,1.0,0.001,0.001,0.0017922024132081848,0.1612463360638744,100,100
ENSMUSG00000018263,0.001,62.31581250733508,1.0,0.001,0.001,0.001446910904969843,0.0763515580992851,100,100
ENSMUSG00000018286,5.867171901312479,385.94764898517275,1035.5483177870146,4.594069868282308,7.5769580392295754,2.036201492581537,3.5819104281344023,100,100
ENSMUSG00000018287,2.077260917884476,4.608234000475405,15.867739473577698,1.3207288325249502,6.580559919075627,0.7425520879194805,7.022554076252531,100,100
ENSMUSG00000018293,0.20475712620735054,0.8708012977163699,297.8102908046242,0.001,0.28586977833095867,0.032793352479397124,9739758.486085573,100,100
ENSMUSG00000018322,0.7172856755475772,1.2394117237358664,5.645741453717652,0.0033568835538794247,1.4728452892701638,1.5239804386727889,2147.8558099528223,100,100
ENSMUSG00000018326,6.421079141189747,788.5504860717042,1337.9379599385552,3.646396367486351,10.961656226202756,1.0012931028664414,5.361924675222961,100,100
ENSMUSG00000018334,0.07424539850607517,21.86074037340874,48.69000206685122,0.001,0.1490064824271053,1.105050093686227,258.9683612397227,100,100
ENSMUSG00000018339,0.1841618022437559,5.9675261580592895,173.68610909793054,0.14309688710728502,0.25442719991125523,16.759063473529572,45.77582888936661,100,100
ENSMUSG00000018340,2.1915990836132413,9.353165779077512,90.349684490087,1.6310494023875457,3.589783715980273,4.866424644505733,15.49968209471957,100,100
ENSMUSG00000018341,0.001,62.31581250733508,1.0,0.001,0.001,0.001627643496919583,0.09481025014768837,100,100
ENSMUSG00000018347,0.6660461282605431,2.908836411731127,3.384088732398523,0.01879156877543803,1.4291566134158833,0.4182861550343724,219.4714130233536,100,100
ENSMUSG00000018362,1.0967841484889995,5.160303133057607,18.454615600308664,0.5400221590711507,3.119542113312867,1.2652702609955466,12.004084820802012,100,100
ENSMUSG00000018363,1.4421492443552468,255.39671597350414,950.4802593211231,1.0584218659466262,1.9350758322496042,2.738241021973928,5.2642782684564375,100,100
ENSMUSG00000018372,0.6912863358790577,27.275607635415415,19.805803568381467,0.026875150247755438,1.4257265977827895,0.3358833977328225,19.564815161235117,100,100
ENSMUSG00000018377,0.7704101942995146,0.9002849259080297,11.06380477188713,0.47216866049110495,2.1197560395089248,2.5396430255776545,26.35557051756664,100,100
ENSMUSG00000018378,0.8861027846872744,70.57658312124293,426.97480514911075,0.435372841660616,1.341993027487961,4.263914167913889,18.568403675743095,100,100
ENSMUSG00000018379,0.08868632919054925,0.20967526247335733,7.260486062910641,0.001,0.3065229375710821,10.250609886004085,3428.158725529511,100,100
ENSMUSG00000018381,0.013251794338331435,21.59554774512954,33.974031734135714,0.001,13.208521280334274,0.0010067252120335253,34.639901610207374,100,100
ENSMUSG00000018387,0.22870979331717448,10.430218752652037,24.17077468085378,0.001,0.3264598092124906,1.622141387096748,708.1287788009195,100,100
ENSMUSG00000018395,1.4353139237933241,4.065900797260056,5.385518110606844,0.39778643009702236,2.9767771570576995,0.4870295642395771,8.27499846120602,100,100
ENSMUSG00000018398,1.9249840185163958,10.041064952778724,17.165205664534593,0.8476713797456407,3.4201903300862124,0.8266777390585772,7.751606562651769,100,100
ENSMUSG00000018401,0.1582342948691095,3.1988396393986838,17.766019739189538,0.001,0.2313795598473262,3.6055744153167684,1388.949067206846,100,100
ENSMUSG00000018405,0.15471505229977078,0.3365045268833003,2.129588183684686,0.002604709024856335,0.6109305431761733,1.2467269570723838,374.55263248688016,100,100
ENSMUSG00000018411,0.09672574462270454,3.7307066130453745,2.577564340842919,0.0014897303556046923,1.9561871121309653,0.0030518632582402453,11.23851232122855,100,100
ENSMUSG00000018412,0.5247669529455354,1.0825350816391486,3.8960947991741,0.15539519219579767,1.6448653941976752,0.743893223984079,18.290180741636476,100,100
ENSMUSG00000018415,0.28807568143409323,21.6445145796194,25.17400316244095,0.001,0.5195478752421364,0.619935275310374,639.2416975684798,100,100
ENSMUSG00000018417,0.6998099034220554,24.464908170476704,36.854411472151654,0.3340569847298296,1.018653287010489,0.9514842695932123,4.423343796057657,100,100
ENSMUSG00000018425,1.0413771136903769,1.3256362778689463,7.576960187157095,0.4581965535695671,4.338511847641888,0.7665498049335115,19.963602823563065,100,100
ENSMUSG00000018427,0.1157352379539024,0.41489543237409504,2.055845203998179,0.0033164745948167434,0.5263385421611463,0.8053639658994762,229.95307496474555,100,100
ENSMUSG00000018433,1.0963754789614941,1.5015288081249394,5.155029877028181,0.6592446340941333,2.2576698193018636,0.9188249572238407,7.558830969713431,100,100
ENSMUSG00000018442,1.7034899971921549,4.06943145450108,26.487467672442293,1.2173685679254325,3.334960635594753,2.305823710835692,12.908831575979104,100,100
ENSMUSG00000018446,2.2800973475125406,5.068091727991083,29.840438728379834,1.4746717109810887,7.211016367967213,1.3977113375161831,12.368883264741989,100,100
ENSMUSG00000018449,1.484674926837801,228.68725493131416,413.68063582965317,1.1120096087632056,2.4537698832337007,1.05272575389533,2.6246562805965574,100,100
ENSMUSG00000018451,0.034995056865825346,15.14042198106234,48.711502704935384,0.001,0.09660937456660798,0.549770052217967,159.61748380972892,100,100
ENSMUSG00000018459,0.001,62.31581250733508,1.0,0.001,0.001,0.001508995392946966,0.1728578294177433,100,100
ENSMUSG00000018470,0.017823383218194648,22.16866562145357,53.54083639370582,0.001,0.3479006038687543,0.005127985827844541,70.88411684507346,100,100
ENSMUSG00000018474,0.22889315860600826,0.9609710768565056,34.14993840850591,0.11028750620574303,0.3210251905891288,26.312655679837828,95.48148915390563,100,100
ENSMUSG00000018476,0.0561338628745607,0.25445446992912124,2.334729182741558,0.0010715656441174584,0.3111624929467377,1.3199044012557661,584.4270788184825,100,100
ENSMUSG00000018479,8.743346704107957,515.3428801027359,1.0,0.001,25.779503389792588,0.001,0.011487038695016667,100,100
ENSMUSG00000018481,0.09861229097049629,0.0984203929700333,2.5726966639213997,0.0013595571433180915,0.8200451925792582,1.8492914057064083,2217.6217923819486,100,100
ENSMUSG00000018500,0.2825728526350905,7.068600388767613,27.175085797387744,0.11014103421424329,0.37837924352376195,2.750605008881962,11.720419652607816,100,100
ENSMUSG00000018501,1.6455215037392539,32.32608590874338,84.93418662548936,1.038508736858098,2.2858936213582277,1.8466273362949686,5.736467710784417,100,100
ENSMUSG00000018507,0.09176300609370196,0.6742003790481017,2.7222579801071003,0.0012249845447010138,0.31038473687897344,0.9239091870482962,288.14073219688896,100,100
ENSMUSG00000018509,0.03776169253787675,14.323272856799033,10.397036381321957,0.001,21.461013904631486,0.001,12.233281244520839,100,100
ENSMUSG00000018537,0.13434058414118205,0.2771314099502551,2.228319819857526,0.001597240809439326,0.6644348921262083,1.2275662502606037,881.5655047436795,100,100
ENSMUSG00000018541,0.7807805743205307,2.427323710217051,5.135446473527893,0.3394410408501466,1.6569092477562943,0.7830205645599193,7.420215469082175,100,100
ENSMUSG00000018543,0.001,62.31581250733508,1.0,0.001,0.001,0.001660591093863638,0.21024659686566405,100,100
ENSMUSG00000018547,1.7714285236202352,16.386662224941663,21.957917788638984,0.6030065058372168,3.832206818544613,0.6095362027944145,9.659972381265629,100,100
ENSMUSG00000018548,0.4043138827066703,2.546620090555359,2.762129918254801,0.001,0.5922313017866632,0.6477055755536569,839.9878066540757,100,100
ENSMUSG00000018559,0.36600698626213,0.5135988991592804,4.96003978958608,0.17591729812193296,0.7246663370650885,3.8091008584569876,25.871903319994423,100,100
ENSMUSG00000018565,1.4831648855790132,2.8046633316378853,19.064718098856417,0.960515480229101,7.680338301480754,0.8241870135204155,12.80205066475612,100,100
ENSMUSG00000018566,7.224073690041277,869.8716526893531,1.0,0.001,18.988793520855467,0.001,0.012048824032092955,100,100
ENSMUSG00000018567,6.859466954254716,60.37693947655328,502.5272075709022,4.376676469624334,8.912942458934058,5.970592551975425,17.465053367611404,100,100
ENSMUSG00000018569,0.001,66.84427540036525,1.0,0.001,0.001,0.002137342926796167,0.3631830018872687,100,100
ENSMUSG00000018570,0.480512846703639,17.20943729217165,2.9142002552466963,0.036541457265251896,74.91067896584823,0.0013669901487231642,0.7450620122480969,100,100
ENSMUSG00000018572,0.8511093016337733,1.0223094489260873,8.433483417915205,0.5743941592173425,3.0266352123029217,1.4060544614694188,14.62649370398787,100,100
ENSMUSG00000018574,2.591589242269963,64.17936087890247,216.80453381464375,1.659744472214744,6.741591359653675,1.5546869268799866,7.238101007710677,100,100
ENSMUSG00000018581,0.001,62.31581250733508,1.0,0.001,0.0010000000000000005,0.0016096977122828236,0.5890782644098291,100,100
ENSMUSG00000018583,2.0212988231941695,5.612042920708656,51.12141212917048,1.3294516404526002,4.064941781567867,3.2240336508034937,18.0844402006907,100,100
ENSMUSG00000018585,3.20878151527973,14.401170291075791,103.5763470478089,2.3086614468504836,4.669314044006944,4.1204709465947165,11.974816795235448,100,100
ENSMUSG00000018593,3.8717919167475507,26.193174781937934,2029.990818121265,0.02670421312590166,144.60447875799915,0.011506035560717255,15157.798909136754,100,100
ENSMUSG00000018595,0.001,62.31581250733508,1.0,0.001,0.001,0.001387472324307072,0.19711060788990747,100,100
ENSMUSG00000018599,0.25496588872350756,1.2555175880619498,2.254924354641826,0.02355019478103861,0.749766395106044,0.47734944913289873,32.81395304918867,100,100
ENSMUSG00000018604,0.07376286505967161,0.8441331882941101,5.880485687759557,0.015669666911139656,0.13810795023953798,2.9863412637732942,33.107022973535486,100,100
ENSMUSG00000018648,0.6781572657008035,135.60331366022288,478.6142034115161,0.39887551852975445,0.8690302578632823,2.6010267918204404,7.971970189727607,100,100
ENSMUSG00000018651,0.7113219347563922,1.3642863819207247,2.7583657367238703,0.06882010242123424,1.998921861869305,0.48598329359821507,41.36851753139415,100,100
ENSMUSG00000018654,0.001,62.31581250733508,1.0,0.001,0.001,0.001402710900884016,0.0871418589502217,100,100
ENSMUSG00000018659,0.7312332013263159,33.39832201889106,24.900339034076406,0.021961358166449233,1.5895812355630388,0.35342570808162244,495.62873918396133,100,100
ENSMUSG00000018661,2.027676130978719,12.704306792827028,15.521934777141462,0.5712437189411499,4.101501259589911,0.5043365210710338,11.205364094235037,100,100
ENSMUSG00000018666,0.7237554845537109,2.4318303511673887,16.716974079689336,0.4252100779008192,1.1779773739082637,3.288646128423922,15.169063106829418,100,100
ENSMUSG00000018669,1.559462784068181,3.0850950046403893,13.50225940711974,0.8947685906071611,4.695623199875206,0.9438998173290469,11.939083849086156,100,100
ENSMUSG00000018672,0.23896659373462037,1.2195499612872673,4.664336723535165,0.11136770112201969,0.44004991332999677,1.6363070802673658,9.578381337569507,100,100
ENSMUSG00000018677,3.75759452352373,341.1017330201812,894.583308838782,2.701736412446273,8.451561404949992,1.1451668133777062,4.574770171789684,100,100
ENSMUSG00000018678,0.5301390320793739,29.342444820351457,14.847022086639775,0.026836616700552207,1.0201408808337586,0.2904539102918051,37.399403867748575,100,100
ENSMUSG00000018697,0.7695166763643516,1.7641905807490659,4.657451392205702,0.2742392387615524,1.4700053570675387,1.041261201468179,14.138985130630346,100,100
ENSMUSG00000018698,0.001,60.188376913276144,1.0,0.001,0.0010000000000000005,0.0020177087903280105,0.2181091673165492,100,100
ENSMUSG00000018707,3.8353942414020623,147.94066868119194,393.1950271072967,2.4114059230230422,8.85830097599087,1.2238955178498307,6.363542302777631,100,100
ENSMUSG00000018727,2.1461883628863268,516.8437340473623,1.0,0.001,8.732175385655353,0.001,0.09187568044786412,100,100
ENSMUSG00000018733,0.8285959874707837,6.876989586436528,4.033416291168963,0.001,1.690577386008401,0.23951478331298415,876.4666283332564,100,100
ENSMUSG00000018736,4.433114491910229,122.17069710923488,380.9058644518692,3.0100633659018308,9.90316097414346,1.323213144247231,5.418814048452593,100,100
ENSMUSG00000018740,0.17443651547636743,23.18330502725033,20.55965901546899,0.06029208065144309,0.6041611236794519,0.2177118964421677,3.1993819050848655,100,100
ENSMUSG00000018750,0.17072499770787777,0.21596728559369874,3.488867057219423,0.006662386099553788,0.6369902520472976,3.1562155321539267,569.4535056363933,100,100
ENSMUSG00000018761,0.7024874818841,0.6663924678001888,6.766156628277057,0.26018353567208913,3.599566661561979,0.9660852729670041,46.20073943795339,100,100
ENSMUSG00000018765,1.0319815089821929,10.85644725240573,25.9381735876499,0.3477392599162859,1.7766646040705536,1.4538651153416096,11.007279864809544,100,100
ENSMUSG00000018770,5.016841692661398,48.22552349888361,307.3162516706634,3.362918569606444,6.464135072262572,4.432388966691189,13.242554638541515,100,100
ENSMUSG00000018774,0.009596396060244886,0.07382424638759344,1.6612911881469354,0.001,0.1922241586776734,0.8413484707465635,243.32725632012267,100,100
ENSMUSG00000018796,0.30702828754951617,5.941748400489592,5.516451085136344,0.04222322012860934,0.9992274521457833,0.20302374041293245,10.139889495332774,100,100
ENSMUSG00000018800,0.3440385021130728,27.42572351981605,22.528873331529024,0.001439326835637782,0.608311145353935,0.46535314023553376,290.89944601935747,100,100
ENSMUSG00000018809,1.1266531016134256,134.49999160292677,308.4231866707605,0.6235674387711123,1.8358240716695182,1.427765216966344,6.116246950052036,100,100
ENSMUSG00000018819,0.6431891846118647,3.1545563557019634,16.44597780812689,0.3343092859802764,0.8780691040338449,3.334241264672455,13.11841415159936,100,100
ENSMUSG00000018820,0.6627841542495579,1.0694125866520938,3.868481911984287,0.12107742746044113,1.5263480348636946,0.9746538772258918,35.213659447568645,100,100
ENSMUSG00000018821,1.4560131639434557,856.916070513924,3547.37768211951,1.2070413323396938,5.776528243150846,1.0964948486421688,5.1246381699774295,100,100
ENSMUSG00000018822,0.001,62.31581250733508,1.0,0.001,0.001,0.0015112827744942897,0.13029238440116742,100,100
ENSMUSG00000018830,9.98159540952351,795.1985358609114,1.0070134610996133,0.001,21.19744052183887,0.001,0.010848372829198448,100,100
ENSMUSG00000018841,0.24913890828678278,0.2898181163863925,3.3554393796028195,0.006036531146763334,1.1641492012647277,1.4386875746605174,611.9877508362972,100,100
ENSMUSG00000018844,0.001,66.84427540036525,1.0,0.001,0.001,0.0019152816999596016,0.11929892959694952,100,100
ENSMUSG00000018845,0.010816948435777324,19.617564738386058,22.38037363520806,0.001,3.9018228201789986,0.0012834244359197435,12.868036367793362,100,100
ENSMUSG00000018846,0.7124291598107297,1.1373742487371028,2.768992065212078,0.2678404515633237,1.665954646392401,0.6697875426761524,6.734313852618859,100,100
ENSMUSG00000018848,3.1638278289558293,987.2386102516772,2023.7905984358415,2.0597590137223705,3.847504860491802,1.5698460292423526,4.534849901602691,100,100
ENSMUSG00000018849,0.13273371971605916,1.0423250781913642,2.947611094194789,0.0040094012265877756,0.35304877999053175,0.8332716752015659,103.55744829239202,100,100
ENSMUSG00000018858,2.2041922278011445,4.715332281831177,17.192924741825223,1.3568417524225398,7.104869883083911,0.8538275421283441,8.850132139580346,100,100
ENSMUSG00000018861,0.09801794414542235,0.3466200244144627,2.835837136688948,0.001,0.3424024797669416,1.8599184619075235,755.0356511121306,100,100
ENSMUSG00000018865,0.001,62.31581250733508,1.0,0.001,0.0010000000000000009,0.0017516874009100868,0.2906364530979538,100,100
ENSMUSG00000018882,0.6871432360414708,0.6095332693234434,5.827874621723134,0.3076399892730812,2.6731105970463034,1.2024857965192925,31.566443798812127,100,100
ENSMUSG00000018893,0.001,62.31581250733508,1.0,0.001,0.001,0.0016782319667991655,0.27974512136756713,100,100
ENSMUSG00000018899,0.3797193711164925,5.537143980064016,28.477814536342084,0.27644271806070864,0.49525254493025606,3.290657961200334,8.598619183753016,100,100
ENSMUSG00000018900,0.8831881094772843,8.960376549460694,2.1530740823013,0.23429260599027496,22.99521192983883,0.00786573632797117,0.8374303089444883,100,100
ENSMUSG00000018906,2.5136388203740974,33.122801978115035,301.6769332900315,1.8144296158394657,5.308346541042068,4.30088555819227,16.296769376994114,100,100
ENSMUSG00000018909,0.30319425885601525,1.949667262832554,4.338204174754849,0.1427373465754181,0.6028599909072118,0.8544141973925328,5.518359963283528,100,100
ENSMUSG00000018919,0.001,62.31581250733508,1.0,0.001,0.001,0.001742675804936617,0.12309208141628489,100,100
ENSMUSG00000018920,0.2228119163925992,52.86193393694255,162.53422807609468,0.09664057453424583,0.32739038125026076,1.7899822669570984,7.099633425101789,100,100
ENSMUSG00000018921,0.34215743241951363,0.638758354261315,2.017050640261052,0.0040250662095480646,1.0883091908175646,0.6862933716022734,544.324824518759,100,100
ENSMUSG00000018923,0.4317861012349125,0.909781293309928,2.3622096561291066,0.11319202838172177,1.370302854759811,0.5608928427397645,13.89865617108081,100,100
ENSMUSG00000018924,0.001,62.31581250733508,1.0,0.001,0.001,0.0019090028091496634,0.09767038283679831,100,100
ENSMUSG00000018925,0.001,66.84427540036525,1.0,0.001,0.001,0.0014456403098763318,0.1758050838972366,100,100
ENSMUSG00000018927,0.001,62.31581250733508,1.0,0.001,0.001,0.0020717481410824374,0.316607210866238,100,100
ENSMUSG00000018930,0.001,62.31581250733508,1.0,0.001,0.0010000000000000005,0.0016135360122895765,0.14400269016307393,100,100
ENSMUSG00000018931,0.8466150313394152,3.1716002976191575,3.707629658571064,0.2535572728101578,1.9084912749181457,0.39587247262275194,5.30603192424071,100,100
ENSMUSG00000018932,2.5173640801328054,474.6776109476506,1464.0303673740443,1.912691443081627,3.2165082296807195,2.3053446070208663,4.922106316123395,100,100
ENSMUSG00000018965,0.028112819681058852,0.4580593514420799,23.89258704901425,0.001,0.07233793343270997,0.19534221720416767,502.72546500220005,100,100
ENSMUSG00000018974,1.3496615166245434,485.5399186785454,475.15199959142643,0.3289386398972086,2.112207699128126,0.6397661541403855,9.086646198923491,100,100
ENSMUSG00000018983,0.044067806100777644,13.117172590840795,12.379557986124786,0.001,22.765215226919686,0.001177428135994597,29.997587774948805,100,100
ENSMUSG00000018986,0.001,62.31581250733508,1.0,0.001,0.0010000000000000005,0.0016440309053065494,0.33806957034351637,100,100
ENSMUSG00000018995,0.48684447125300007,61.159008925599764,28.580504127019882,0.1938566735136985,1.3160078017562444,0.16391699768607762,1.282613136154034,100,100
ENSMUSG00000018999,2.4507348365511343,37.381349794693634,45.63570114503325,1.5304177143418953,4.500540450705669,0.5677694301284162,2.6343774839132683,100,100
ENSMUSG00000019027,16.65026090781499,999.9999999875574,1.0180791131655746,0.001,29.417609431027387,0.001,0.008951758540166738,100,100
ENSMUSG00000019039,0.12284354158744679,0.23934854581464876,2.389068859333231,0.001,0.5579264297089215,1.4624538015827961,1414.4395293412863,100,100
ENSMUSG00000019054,0.31295804909876235,0.4508368168528039,36.19218652187824,0.20349967169111904,0.845012196269503,20.37610175361113,136.11959710175506,100,100
ENSMUSG00000019055,1.8308977630302397,595.6424855191908,1549.8021331935265,1.1697871877217916,2.3806551757570977,2.089705906717963,4.714978988091827,100,100
ENSMUSG00000019066,0.14279527815974352,26.877160370200134,37.22544448539123,0.00948980250046133,0.2897169654800231,0.4609636546295462,7.446279659356177,100,100
ENSMUSG00000019080,1.295571582104216,7.928160761690712,6.7482040796102565,0.4811870395589337,2.878617716276506,0.328818012245808,3.2096933947938187,100,100
ENSMUSG00000019082,0.7474319758683745,0.6829589356881071,3.956473988207709,0.3057525128949216,2.754199217650328,0.8046955593659402,25.347023262889344,100,100
ENSMUSG00000019087,0.07240749096991332,0.13717080251029312,50.51232905198137,0.001,0.1946001271549661,0.02730027404926994,17446.19814373277,100,100
ENSMUSG00000019088,0.30238926350624684,3.699095062879238,8.995098629522445,0.13061476139505118,0.4766203432307181,1.3055975388391388,6.324666444081386,100,100
ENSMUSG00000019102,0.07724402307287688,4.662770280100231,135.993378878828,0.051002894189673235,0.135421864612945,6.931296367517254,67.93960021527494,100,100
ENSMUSG00000019122,21.127376058820357,708.7642324578048,1.0,1.629214049893975,39.62464923231808,0.001,0.009030968126752796,100,100
ENSMUSG00000019124,1.0176729401806475,2.3683017409216287,14.515793425301077,0.5416433217997851,1.8350856381231928,2.472469328012245,18.856029048411138,100,100
ENSMUSG00000019132,0.5476700158865043,0.5495200167325007,3.8952597786589114,0.179402146848899,1.6571392995347818,1.3899362531575545,29.779788863930165,100,100
ENSMUSG00000019139,0.21728544141687603,1.4161253510244332,4.025821852773521,0.04690377993478509,0.43339879604392945,1.1359190997570892,17.034763980010766,100,100
ENSMUSG00000019143,0.41739160451055646,0.7605120186036699,4.728810656980483,0.05263326612150211,2.9362543102223295,0.9805588314324964,57.58599017558684,100,100
ENSMUSG00000019158,0.03572913090707263,7.834723692347,58.962105932994355,0.001,0.07350371330407585,1.315194279681298,744.7769900274989,100,100
ENSMUSG00000019173,3.568699870356612,5.601292343509373,42.70586944494451,2.2903548850994566,10.084273559289066,1.7507022053149268,18.15870701540875,100,100
ENSMUSG00000019178,0.011001605695996917,17.920966126991665,20.59417496432952,0.001,4.1990375234781645,0.0015948828073303343,27.705704828834868,100,100
ENSMUSG00000019179,4.180969098565527,559.4416189797339,2398.9378835961625,2.4553493606177668,5.256347557652773,3.3499050423391363,11.041126169097518,100,100
ENSMUSG00000019188,6.047878266050342,114.7343348278233,444.9605595810663,4.132756030879209,9.016536544790558,2.464827670630069,8.523234706171037,100,100
ENSMUSG00000019189,1.1387067152755732,2.222789471834924,12.401241365619269,0.7521392160438144,1.9125646455397165,2.3135263352708204,11.90806161393482,100,100
ENSMUSG00000019194,0.42532590940493886,29.154191637008815,205.59647239823582,0.06423322773785126,0.45915543091085065,6.615228020746965,80.44855316291691,100,100
ENSMUSG00000019210,4.0054649272055425,187.92643705993208,478.9968632069105,2.8183832883987012,6.788432306242879,1.4797544647199745,5.113033006873064,100,100
ENSMUSG00000019214,0.028472812038089716,1.460761464345907,7.921483959070592,0.00120488170973878,0.14171838653134958,0.43116805685904086,25.046602223664717,100,100
ENSMUSG00000019230,0.001,66.84427540036525,1.0,0.001,0.001,0.001680277803139612,0.1619252580618185,100,100
ENSMUSG00000019232,0.001,62.31581250733508,1.0,0.001,0.001,0.0015121912827025428,0.6071023882471144,100,100
ENSMUSG00000019235,0.010868004063529826,19.975263533640472,22.77363951351979,0.001,4.2557144471574055,0.0013965191459891432,17.2482421700745,100,100
ENSMUSG00000019254,1.7031449398443728,3.172592530575075,9.765187231656165,0.8117369273663024,5.818958926675688,0.6206806999564232,9.721626210262102,100,100
ENSMUSG00000019256,0.5329245177274987,2.35883299751728,18.91325414317283,0.3688297505824246,0.7394746046368222,4.842906725381535,14.024285785072621,100,100
ENSMUSG00000019261,0.2667362616530267,0.09357774487563476,2.8379990795132817,0.026260348127554525,6.291702127206973,0.39466571127786243,755.0134383976592,100,100
ENSMUSG00000019278,0.04403592391423062,0.48981017495200135,2.414458277437416,0.001,0.19484195958051015,0.6608239018009399,218.50489597373831,100,100
ENSMUSG00000019295,0.6211386522773826,0.908187771143267,2.327845982962867,0.06641514886206361,1.7563074105265453,0.6086067790299106,31.743254123030187,100,100
ENSMUSG00000019297,0.34205398404243326,0.5062771389176887,3.3041813137190563,0.07090438352005568,0.9376251588670128,1.6626667495852399,88.2001172171868,100,100
ENSMUSG00000019301,0.05781387971625351,19.344146601218768,15.201353627879836,0.001,1.9334638033680651,0.0015327276581644112,51.36268324828297,100,100
ENSMUSG00000019302,1.6540001414699175,7.146636841622153,24.252536241557955,1.0649056663697274,2.503078942768089,1.762191182072578,6.7078046063369,100,100
ENSMUSG00000019303,0.11769800488332027,13.886944749832486,20.000973315056445,0.05686581444633933,0.3472227022682597,0.37995254687573754,3.234606117344275,100,100
ENSMUSG00000019312,1.8855242048223924,454.9597606392765,1.0,0.001,12.505689154791545,0.0010000000000001434,0.1522355568578465,100,100
ENSMUSG00000019320,0.05166035410516198,0.9663751666218771,2.6994394574362177,0.001,0.17387835137821028,0.6123873325424791,135.8174576854331,100,100
ENSMUSG00000019326,0.04346459029501193,8.626941713282015,6.597283836818336,0.001,24.68405022801984,0.0010000000000267358,3.335376163417188,100,100
ENSMUSG00000019338,0.12938991799766464,0.297489022555586,4.218363540701512,0.005789630829153632,0.3433061411174649,4.363210124864421,380.27276440953597,100,100
ENSMUSG00000019359,0.01029093588865225,1.1275485199598856,5.098285910854852,0.001,3.6793187510089735,0.0016991148643682524,19.737521165806758,100,100
ENSMUSG00000019362,0.001,13.24437027100208,1.0,0.001,0.001,0.05841519293723124,5.621920492032663,100,100
ENSMUSG00000019368,0.001,62.31581250733508,1.0,0.001,0.001,0.001808196290611044,0.28025351452080405,100,100
ENSMUSG00000019370,4.561100496377852,582.8664489160793,1466.897892155294,3.374337101488101,9.810019677371507,1.268200178632242,4.419915398791284,100,100
ENSMUSG00000019373,1.1816376779937015,3.6572022478897126,8.278786259058757,0.5767316522347534,2.8398244707036637,0.6993474455855253,6.4146370072436,100,100
ENSMUSG00000019428,3.43470683254892,14.170278668353575,44.1685032113858,1.2402802608205217,9.154089946686295,0.9612089757076518,19.05484624838973,100,100
ENSMUSG00000019429,0.001,62.31581250733508,1.0,0.001,0.0010000000000000005,0.001737745786367829,0.09113715183106229,100,100
ENSMUSG00000019432,2.732450200251377,35.46543855556835,134.95544363035503,1.8517113729629187,5.191248955115444,1.8161825253360333,7.826365212029471,100,100
ENSMUSG00000019433,1.8162173598708935,3.1841849928653403,26.832291268362862,1.2438901183972981,4.5642524714630905,2.3742340404996627,17.052580893162844,100,100
ENSMUSG00000019437,0.2760370584650143,1.1417957621459345,3.356466473252436,0.018690663602765927,0.6581977683851039,1.0221407094308426,329.4240901024202,100,100
ENSMUSG00000019461,1.2458344874493787,1.7196567162048662,10.637454568135013,0.7945928105332793,3.907356913107021,1.1975068703490086,13.516397871662708,100,100
ENSMUSG00000019464,0.0649995821767933,0.9659613005530278,2.645372243053482,0.015521394260834433,0.2720048451783722,0.42564570455285644,8.563050363543782,100,100
ENSMUSG00000019467,1.9897365704106593,70.88968279162007,316.28135230349926,1.5264024320647351,2.754465507421441,3.014575339771079,8.280250035635742,100,100
ENSMUSG00000019470,0.33045814360784603,0.2662463351223112,3.025400652484007,0.021445467654646617,1.267829227865534,1.3822013933220147,421.60303870891886,100,100
ENSMUSG00000019471,3.596347212770204,27.880827185682854,120.09119710551677,2.6334707987082835,8.205142213397483,1.8450370629463142,7.6315507805058775,100,100
ENSMUSG00000019478,0.5841680544344604,4.677867604004902,8.27788396596283,0.27250970254231943,1.1538649744887755,0.798901864949181,4.512117210961864,100,100
ENSMUSG00000019487,0.7088184105588856,1.2044160060478386,13.327647178454294,0.4082984328645527,3.8600855057428474,2.1116537638382873,22.557927750950405,100,100
ENSMUSG00000019494,3.275406855898692,10.938850091786112,78.26934111460854,2.0692564440157435,5.452101518175433,3.4566700880249064,16.64565413002139,100,100
ENSMUSG00000019505,0.115784340334533,0.23882209299881937,186.49321576987597,0.001,0.06945141247705951,0.004867285847178333,711.8923310230865,100,100
ENSMUSG00000019518,0.7950801954223166,24.88807759187982,29.09483076776305,0.1354117244572869,1.2051302678798033,0.7634333629416563,14.425536067484149,100,100
ENSMUSG00000019528,2.140073497442302,6.240308389357998,12.956156734720105,1.1142911825456698,3.7938556845520255,0.8637457651776084,5.675057018378368,100,100
ENSMUSG00000019539,1.0348020824129436,24.20305528733606,501.2186219321977,0.8139707851954358,1.3623195237298455,15.85597576378051,29.943087743445137,100,100
ENSMUSG00000019558,0.12073865351552365,0.1223456126067283,20.99990727185891,0.07703760398926549,0.451020507208098,24.895988073578927,312.6627608439147,100,100
ENSMUSG00000019564,0.05611776940037665,0.08078456359045479,1.0,0.001,1.1690402075390829,0.3658855114213949,854.7209699144487,100,100
ENSMUSG00000019577,0.13297354977077402,99.20597059688126,222.94700258184017,0.04470000231911146,0.2153696337992419,1.0728664902162122,7.728531379484391,100,100
ENSMUSG00000019578,2.2361639028240825,6.13643723622272,12.754943691691805,1.2314837970800732,5.412654483283809,0.6397457243173532,5.816205868432686,100,100
ENSMUSG00000019579,4.610122396470977,210.7137970206462,839.3629181776575,3.1330064713706607,7.905999383507199,2.387324417141749,8.13694342301635,100,100
ENSMUSG00000019590,0.001,60.60768216058454,1.0,0.001,0.001,0.0017410039435779385,0.15282030902066718,100,100
ENSMUSG00000019647,0.10227645332077455,56.276380300202604,197.89005037442217,0.008652000838458586,0.2473748208227392,0.8879013664746787,31.3795220099481,100,100
ENSMUSG00000019659,0.7805485927171883,1.548785004196338,10.56430557503817,0.5130300059103797,3.4094205599763208,1.5349050826350652,11.514976873952252,100,100
ENSMUSG00000019689,1.181548980734153,83.96656291218396,106.0840294272128,0.4060044264976096,1.776076291135228,0.7955675057376739,6.832654792845796,100,100
ENSMUSG00000019699,0.09076361022440115,0.1718551091062076,2.807179719393851,0.001,0.4382605871204964,2.299287788041136,1644.8078686698427,100,100
ENSMUSG00000019710,1.1299978658644758,1.795332049064877,17.434110545879587,0.8776684716224649,3.684714796431435,1.8312279996361922,15.354434559847935,100,100
ENSMUSG00000019715,0.49144627741355446,0.7896184966723467,4.260256576300255,0.24473146401056284,0.9786397962235295,2.436052033397247,14.207448865291918,100,100
ENSMUSG00000019718,0.636542386700901,593.9310401522381,598.5560774786974,0.29439809571732173,1.0589448232675633,0.5728614522940718,2.6022153222622544,100,100
ENSMUSG00000019726,0.5292160771788147,68.1513233640264,214.706924612199,0.055375677788280245,0.6534739609311946,2.4952246490011007,70.46027632272464,100,100
ENSMUSG00000019731,0.10466416099777148,0.1704914779481569,3.8530921617023157,0.001,0.29763539952873974,5.213449386672151,2618.496855443015,100,100
ENSMUSG00000019734,0.40196562669532226,31.880817273313106,13.789940000743561,0.019833228079923423,0.9956775068002807,0.13121131328499752,4.605145576417592,100,100
ENSMUSG00000019737,5.506484871690912,668.691140698244,1.018096529534689,0.001,19.148532732343728,0.001000000336893445,0.027020831669201877,100,100
ENSMUSG00000019738,0.9625197476727803,1.277497310961865,9.610164068636344,0.3791760205665603,5.506999959267918,0.7684827870020101,36.32859073070989,100,100
ENSMUSG00000019761,0.034965407800460924,0.7958570223317558,4.474442081712775,0.0033609407894982786,49.69329020669866,0.0013333349828755564,28.198694047935053,100,100
ENSMUSG00000019763,0.227279194325575,0.6417298075732734,2.10851383483198,0.01691886701667558,0.7323506768492997,0.7280527243370098,112.03570394901917,100,100
ENSMUSG00000019767,0.001,62.31581250733508,1.0,0.001,0.001,0.0017632307920332666,0.1785016524757787,100,100
ENSMUSG00000019768,0.08687981194984727,18.879087333491782,12.223560870585825,0.017015778956856527,38.74617064690128,0.0010415937258065207,2.0196236022288856,100,100
ENSMUSG00000019773,0.014282564221869076,1.132501700042105,37.47040971746206,0.001,0.055946724334255696,0.5340025392692818,146.97055958531996,100,100
ENSMUSG00000019774,0.3437550304523385,1.532981776073632,1.0,0.10236143432845596,33.71492851143952,0.005405997680059648,2.324402392611034,100,100
ENSMUSG00000019775,0.024060696446848842,1.4735416157040597,4.360994708886033,0.001,0.3803524566919663,0.03830158274566403,57.01530734593541,100,100
ENSMUSG00000019777,1.9645075492344917,3.1387894539757037,14.206895462139231,1.1544730425620675,7.9840864498559725,0.7364576797655817,9.985839197944056,100,100
ENSMUSG00000019779,0.26975239954235675,0.22272544777671266,2.042961071254264,0.0054608463833423805,1.7801510434727539,0.697689142102039,641.8070276673282,100,100
ENSMUSG00000019782,0.5706035237238432,1.2830342417437597,5.230378384645362,0.0837746131389224,1.1485821699122751,1.470439184587781,45.477052544722916,100,100
ENSMUSG00000019785,0.001,62.31581250733508,1.0,0.001,0.0010000000000000009,0.0019057074696536168,0.1537019099981903,100,100
ENSMUSG00000019789,0.12136955534332906,18.408748111892912,5.045348322417397,0.020151984194134224,34.41785384059562,0.0010396313037557624,1.2944172574087822,100,100
ENSMUSG00000019790,0.08584704687818237,0.24289725910472332,2.446387831923844,0.0014822508688428822,0.4138739267553695,1.56764498832132,844.5943442434991,100,100
ENSMUSG00000019791,0.025970614447042132,1.2548434399873916,6.808227252311833,0.001,0.1540902117066821,0.004332366260664647,60.491537852178524,100,100
ENSMUSG00000019792,0.4956091856513259,2.9242981887350235,4.192292382305605,0.0011334482958933688,1.0340844548562313,0.5822072352606869,872.7285839193662,100,100
ENSMUSG00000019794,1.058547883010512,5.223884492711972,8.842257072371309,0.5729359378472183,2.718558124084427,0.5684899154028459,3.7163773377447002,100,100
ENSMUSG00000019795,1.8341766122528975,7.499478615654091,26.554015560481787,1.282311879273811,3.053860510492332,1.703767801556472,6.192501601821644,100,100
ENSMUSG00000019796,0.4300395626720756,1.1055343351771905,4.089913538619618,0.24361347269132033,1.004150101723577,1.2077015532311508,7.591826439811575,100,100
ENSMUSG00000019797,1.9006160786459285,5.429648479780272,13.314004805418262,1.110644270877117,3.4240857544639027,0.996463282905915,5.18622128206822,100,100
ENSMUSG00000019802,0.3613016875503474,0.4808604033828279,9.67762774763206,0.21562006219309465,0.6455797717028313,9.512411344813737,39.63559819930795,100,100
ENSMUSG00000019803,0.001,62.31581250733508,1.0,0.001,0.001,0.0015052236945197483,0.11582152139676338,100,100
ENSMUSG00000019804,3.5987914431799797,543.3212515076364,1860.411944464192,2.7078926195103623,5.921567239780396,1.9378490809084425,5.474792929518475,100,100
ENSMUSG00000019806,0.7179867466727746,1.9143277887006287,7.349345755339924,0.43261629851790284,1.342551673980585,1.5860057201241982,9.059737513309534,100,100
ENSMUSG00000019808,0.4287260828241039,5.105530574857185,7.515457775616497,0.2292464948586474,0.9732625215014359,0.5070963044738268,3.533096626769359,100,100
ENSMUSG00000019809,0.7665264413408195,1.1497377082533797,2.796256620455395,0.02411129229637654,2.4652997911650485,0.44778208054516677,71.28229357943961,100,100
ENSMUSG00000019810,2.525429263117523,51.17654607502016,301.5435146254262,1.6070887719564144,3.3237579483617745,4.320481189924533,13.63441785070049,100,100
ENSMUSG00000019813,0.30140931322049014,3.2424906014868387,5.116467675185715,0.06884839824328401,0.6524325858849882,0.595273545420213,8.684543022408775,100,100
ENSMUSG00000019814,1.0828264321193015,2.6079738454843313,8.246469570368147,0.6461788656604501,2.0819989537987227,1.2406845623449732,7.115312781226489,100,100
ENSMUSG00000019817,0.001,60.37820284006485,1.0,0.001,0.001,0.002051819055865553,0.1372806378403273,100,100
ENSMUSG00000019818,2.677367666391705,14.888848886157795,57.72739679359387,2.0010596206237454,4.476977474686141,1.9124267166313957,6.6273847322561705,100,100
ENSMUSG00000019820,3.5547247291900645,60.52667806594532,98.47723857873186,1.7373859183208085,5.118781678099451,1.0735326686645625,5.384660891255056,100,100
ENSMUSG00000019822,0.0014415217793052328,0.0011635957209314002,1.0,0.0012238932091318496,1.5299584237233395,0.36894823784550956,998.7524733060354,100,100
ENSMUSG00000019823,0.3942606106159486,0.5437939674073025,3.2485930558078984,0.17178820743638828,1.0355841224114588,1.5546906555363158,19.981066926934112,100,100
ENSMUSG00000019826,0.3120020246904225,0.476441674688556,2.2990247004212434,0.0276867769273952,1.1810780029855208,0.7736104968445516,124.65222317521395,100,100
ENSMUSG00000019828,2.018411678437292,483.99366341008954,1.0,0.001,7.581492133496529,0.0010008173243702364,0.03219391758056754,100,100
ENSMUSG00000019831,0.2174023332831733,1.7749952954657489,2.987526401027684,0.08641477243892688,0.555669808365008,0.5332481620111539,5.517937821865054,100,100
ENSMUSG00000019832,2.3606900283148993,376.68633933543873,1296.1673528587721,1.8200724067171907,5.186491862215953,1.598519222423005,4.770141402527402,100,100
ENSMUSG00000019834,0.0010363110750338945,0.19406786550022703,1.3809121969852245,0.001,0.06283883879374162,0.0021874381083667443,16.83673275848542,100,100
ENSMUSG00000019837,2.421247462867915,23.40385898653981,54.202965150511865,1.4612638284952366,4.1243168972531965,1.2206584950831592,6.751898461427258,100,100
ENSMUSG00000019838,0.03374356299147809,20.92951498657559,18.12207807059308,0.001,2.8592447258872475,0.0016958785640933181,54.02354244849303,100,100
ENSMUSG00000019841,0.09318259730392946,0.2258697711549762,1.864949382857772,0.001,0.5073289927650474,1.1451820826100652,989.9422357299,100,100
ENSMUSG00000019842,0.9049302031915777,1.176919934644978,3.75558471704901,0.08295670815020167,2.530812060014239,0.6571590898475133,96.87227110375142,100,100
ENSMUSG00000019843,0.33783696989885015,0.6537089448346415,4.503774310138324,0.10770962984010773,0.5617575708478726,3.3253645765394104,27.349248656453767,100,100
ENSMUSG00000019845,0.07755807270327693,2.6108829017947452,3.727215907540462,0.001719708348070714,0.2855948006339891,0.20343348113959098,12.169509359365819,100,100
ENSMUSG00000019846,0.7516095735949524,4.888085186081892,16.48895900638013,0.4744986135120913,1.195290939415403,1.8704210762937241,6.392163060629343,100,100
ENSMUSG00000019848,0.06470740560841322,3.2386311992543293,8.220942297879633,0.001,0.16320520247997672,0.7875896640606954,141.27604081452628,100,100
ENSMUSG00000019849,3.935440587866102,225.92666975673902,237.60992274153924,1.6316964266318341,5.830161108444251,0.6929833484175179,5.262321684023693,100,100
ENSMUSG00000019850,0.14143712149393203,9.524349896650422,29.50146272826685,0.022457493862211107,0.24547479634264938,1.7076273308105328,28.16105828278916,100,100
ENSMUSG00000019851,0.011341030266502442,2.2372836666235676,31.80387866788313,0.001,9.72296962314132,0.0016129624747462292,31.189566484307335,100,100
ENSMUSG00000019852,0.006720271500890488,17.808227673970865,42.71960776243754,0.001,0.06716934723407923,0.0016668278383126542,23.644732569770433,100,100
ENSMUSG00000019853,3.378287079669096,495.4278481294279,899.9767042559695,1.9389247092505677,10.254837004696846,0.5691648745732278,5.619425364967364,100,100
ENSMUSG00000019854,0.21267352853948363,0.23020111730050855,2.072028204907251,0.0024335389230309354,1.3099821752636225,0.7898652051107762,1291.1611068747702,100,100
ENSMUSG00000019856,1.3185553849482623,315.95047008738493,1.0,0.001,8.318215180288313,0.0011401209092854452,0.09815623100440948,100,100
ENSMUSG00000019857,0.1565825341644483,0.27383477648174354,3.2480544765585617,0.0018249403363499153,0.5135133851068242,2.238292178143092,1266.7594510120653,100,100
ENSMUSG00000019861,1.7126316776564323,26.022930032855392,86.22159124129976,0.9114732851692166,2.8197522503396533,2.015272607830652,9.555322997711691,100,100
ENSMUSG00000019863,0.2978452289976595,0.46663619972873593,1.3755839375755037,0.001,1.4152482085495508,0.40633743281453305,1104.2424246043233,100,100
ENSMUSG00000019864,0.1804367928709575,0.5207395480804657,1.0,0.09143685676990947,1.5249856756930602,0.17614535609120563,3.8291902962524986,100,100
ENSMUSG00000019866,0.044754680921166703,0.20149173082009392,1.1594517225780945,0.001294217016136324,0.4050220383553891,0.5383045614171198,232.36050504169256,100,100
ENSMUSG00000019868,0.04769844632751605,0.03385293740266597,7.868103600006871,0.001,0.42600709817956994,20.90162123631037,8256.003430186716,100,100
ENSMUSG00000019872,0.7900453602558077,1.8386160520654538,18.68846282924153,0.5729759857251975,1.3792303900170308,4.33527818039825,15.894262848061377,100,100
ENSMUSG00000019873,0.6263419660251431,1.5434731871045455,29.991726160659226,0.4766176972114886,1.0064495901765653,8.50374940689149,27.968526274559046,100,100
ENSMUSG00000019874,0.12267580248168095,25.767888386516706,38.0519410367734,0.001,0.1822534056637982,0.4792465624854558,216.13269136174898,100,100
ENSMUSG00000019876,0.003278745494802053,11.907628964341697,29.167348987211728,0.001,0.04720055736361263,0.002466391694804106,16.794402536760177,100,100
ENSMUSG00000019877,5.821016312689774,139.63545701815247,553.3695912152097,3.6386950457467027,8.142722899653654,2.8286739644881504,9.623394814440891,100,100
ENSMUSG00000019878,0.7819096055367686,33.77283607880951,10.636379316866016,0.3322284533967175,148.80275459725186,0.0017285332289656847,0.8999515796542392,100,100
ENSMUSG00000019880,0.11833118412017843,49.99645628336125,269.7632966498899,0.06024021957420598,0.17020136697917654,3.1300017543660124,11.903581055335614,100,100
ENSMUSG00000019883,1.9555382998603499,3.339438719404872,13.054116984641357,0.6465408777215389,4.077280913249753,1.1852835138556137,28.55011053335371,100,100
ENSMUSG00000019888,4.353982605172497,983.4964168579925,1.0,0.001,6.8469857527340405,0.0011957655956049465,0.13125803766733604,100,100
ENSMUSG00000019889,1.000662975853287,4.233781867703953,21.42472214109774,0.6118101142044785,1.5562013622159026,2.68964248109668,10.433595463906553,100,100
ENSMUSG00000019891,0.3521481374214283,2.6132186153463217,2.8311026274503894,0.10053589470094187,0.832029588299702,0.3437703097318563,5.783530603522585,100,100
ENSMUSG00000019892,0.001,62.31581250733508,1.0,0.001,0.001,0.0016764501247931297,0.13395961366110054,100,100
ENSMUSG00000019894,0.0010363110750338945,0.19406786550022703,1.3809121969852245,0.001,0.13046088464048416,0.0021721371845696614,16.82471521887404,100,100
ENSMUSG00000019897,1.340928419343138,2.2819506483983614,8.860279607936475,0.4213990364997239,3.6229572435647697,0.8153779448408005,21.08924304398596,100,100
ENSMUSG00000019899,0.11123361941424317,0.5795050618847571,10.633195764349232,0.04360186018654294,0.18582849978377836,9.767852057165703,42.72262081935958,100,100
ENSMUSG00000019906,0.10474643217024042,18.49081997970894,8.060628413811154,0.001,21.992437296692138,0.0012864284950285499,2.203963381853386,100,100
ENSMUSG00000019907,0.8480088839267033,2.0823336256274967,6.673648037577546,0.4596708384391946,1.8353874205139644,1.1924839064998305,8.590656318106952,100,100
ENSMUSG00000019913,0.001,66.84427540036525,1.0,0.001,0.001,0.0021026845485190198,0.2068313522351703,100,100
ENSMUSG00000019916,2.6998042722785627,8.796693895894776,94.76593358200093,1.956039371058999,4.163722849112653,5.36766737083105,18.30534488996613,100,100
ENSMUSG00000019917,0.5097177950685434,1.311182171354241,3.602112323258198,0.14468681417507961,1.2500431421162275,0.8152692190611093,12.779811830499119,100,100
ENSMUSG00000019920,0.7790501195783164,6.149114284729376,15.905413957357625,0.29396333979631273,1.1353076686135588,1.4883338879326815,11.403977994389477,100,100
ENSMUSG00000019923,3.0268496635700077,197.92219105773867,1254.7430308854543,1.9281636572856635,3.851375010454566,5.030058516882326,13.23510666117732,100,100
ENSMUSG00000019927,1.1498269241575727,182.04064363425638,91.27157348649277,0.3681054031778596,3.5602374550905105,0.14802276931251984,2.6454703147936254,100,100
ENSMUSG00000019929,0.10898653532970545,3.283792313840826,177.28057504498264,0.07932204803010806,0.15458084958787371,21.657105876617525,87.08874334749365,100,100
ENSMUSG00000019932,0.011627135451035811,23.05132518803915,72.72577733820042,0.001,0.25007102894498767,0.0022635114370991205,66.54734380873307,100,100
ENSMUSG00000019933,0.001,61.88525872635182,1.0,0.001,0.001,0.0019738656658416266,0.16462947154603128,100,100
ENSMUSG00000019935,0.001,62.31581250733508,1.0,0.001,0.001,0.0020916991269214064,0.2710448675713587,100,100
ENSMUSG00000019936,0.001,62.31581250733508,1.0,0.001,0.001,0.0016815734690765628,0.27510112759522776,100,100
ENSMUSG00000019942,0.14691243042220054,19.267153323764724,227.91921457467384,0.11135587694970192,0.2957928417966419,3.2554363042265315,20.36880560679136,100,100
ENSMUSG00000019943,1.415203295719314,36.88367738926718,219.25845431887404,1.0923039691467014,1.9900710739570457,4.11978791535774,9.297215351603413,100,100
ENSMUSG00000019944,0.09327764933885137,15.747430580881142,42.643349821235745,0.001,0.16761512649751922,1.1426298368125867,179.11005792996195,100,100
ENSMUSG00000019945,0.001,66.84427540036525,1.0,0.001,0.001,0.0018620449303944936,0.7184684740313796,100,100
ENSMUSG00000019947,1.1368669506778855,485.44536217071413,1270.4415466876874,0.7061637106772762,1.5906212754759117,1.8109632943481102,5.746191022326042,100,100
ENSMUSG00000019948,0.5553051424815766,27.136219877085246,21.104669659538,0.22822522567832426,1.0569968707169959,0.35918127777625886,2.3377610679084944,100,100
ENSMUSG00000019951,1.0460671942168613,2.03405489630057,16.307472127066543,0.5816806722140426,2.971374684479202,1.9609477252946017,23.272474894618746,100,100
ENSMUSG00000019952,0.8830782529669855,33.91891421484484,9.318637515583882,0.1871478951265257,4.828954758850616,0.04998645069804629,1.8971434369841336,100,100
ENSMUSG00000019960,0.6083925374081675,999.9999999996262,3261.829673685303,0.38223830433763906,0.7912711466693809,2.3688497480462,6.175258269873606,100,100
ENSMUSG00000019961,0.5154719741966857,130.44002307520344,227.75495665371088,0.2644303513226116,0.8090529437584202,1.0060647301978614,4.216899104234942,100,100
ENSMUSG00000019966,0.676807382669488,6.060304142237255,34.40056632457705,0.4794258877304022,0.9424165840720091,3.427964960105052,9.447235760726267,100,100
ENSMUSG00000019969,1.909119714169483,4.382858413948341,10.646808715909504,1.0677647007663242,4.133474085531742,0.7545181514367851,5.954508345764432,100,100
ENSMUSG00000019970,0.26794570606050616,5.666068118831629,361.6922149769794,0.16195331385949702,0.33158944559365433,53.33306519464483,107.49740288388756,100,100
ENSMUSG00000019971,0.5489609951140895,26.43544378069328,20.404882659940323,0.2978331098063931,1.1760436373931467,0.33503540767694284,1.8077587555778487,100,100
ENSMUSG00000019975,2.0163129983787837,361.3271111691747,522.6665159604335,0.896076291032087,2.657735184617757,1.0634661941540424,7.302416611619854,100,100
ENSMUSG00000019977,1.1041456052915575,1.1678038913991273,11.021660526840448,0.5195940044272122,3.6505418684099293,1.5144427958420636,33.95594647294677,100,100
ENSMUSG00000019978,2.37115789983908,5.4879212497507845,35.16398545792507,1.7341592551838378,4.3504012450339395,2.4959471799270037,10.508712988895647,100,100
ENSMUSG00000019979,0.24431735870155016,0.22003469410599183,2.593292663830585,0.005078452947385005,1.1143698631392476,1.4460261669027918,809.9035514165016,100,100
ENSMUSG00000019982,0.001,62.31581250733508,1.0,0.001,0.001,0.0018834110059913062,0.10907804808362598,100,100
ENSMUSG00000019984,0.11058827902598901,0.2029826297034824,1.4543973183574113,0.001,0.8750253859025412,0.5594820022352773,954.522099256917,100,100
ENSMUSG00000019986,0.2165922743230768,0.8548608164514666,1.0843571875952769,0.10785944666085112,1.1498130969654725,0.16581349253851918,2.785890487994508,100,100
ENSMUSG00000019987,2.684773051267332,649.196933434762,1.0,0.001,6.565525485026253,0.0014872115397330013,0.04929187318671144,100,100
ENSMUSG00000019988,0.6497641015873103,14.73726373921919,10.52975030289063,0.3316672021855748,1.3954406987837844,0.289398969143257,2.0330480712588646,100,100
ENSMUSG00000019989,0.031045286463193694,0.3666131885038778,1.6210302273915662,0.001,0.275534226405571,0.1848839674285438,139.51577871303232,100,100
ENSMUSG00000019990,0.06368728767932776,19.197852098089548,7.8486124322725885,0.0016217600813016177,23.31856442183144,0.001,17.402579553390176,100,100
ENSMUSG00000019992,1.0724962869888441,250.46613191909495,1.0,0.001,5.236065123333787,0.0012793734129662483,0.06620999062460257,100,100
ENSMUSG00000019996,0.0019105888567445889,19.76804250083801,171.8819625951338,0.001,0.027900125314647667,0.0019828871283415488,28.2667705270252,100,100
ENSMUSG00000019997,0.13214810242699382,1.6399278632864185,49.1844383344799,0.057827465592493806,0.175207584121865,16.950431573837175,107.24403101936605,100,100
ENSMUSG00000019998,2.8304803362264312,6.462439818944372,20.345415482722444,1.512961267250461,6.497007126820797,0.9702016728975578,7.763534461269018,100,100
ENSMUSG00000020000,2.0826313051015224,503.49146876914733,1.0,0.001,5.851904639839509,0.0013348347108194138,0.212344974109143,100,100
ENSMUSG00000020003,2.9445926047314757,34.831133346110406,3.260637743317137,0.5739807331651436,227.8961315698877,0.001404260122834863,0.6163784749470991,100,100
ENSMUSG00000020007,0.05105680135175691,5.201624419217778,6.353504763231472,0.001,15.377607244469,0.0014530115547574584,17.28910680869926,100,100
ENSMUSG00000020009,1.676582936368287,3.128840798825842,13.283783944057157,0.8406353380354479,3.8103903758276507,1.242650410054435,13.348340748530475,100,100
ENSMUSG00000020010,0.0035153189958338324,11.459522831816152,22.638819099550066,0.001,0.2281879406119262,0.002724389100971754,8.378764818175256,100,100
ENSMUSG00000020014,8.176046491271348,615.4077376712471,1.0,0.001,21.6314711964037,0.001,0.027430176077724057,100,100
ENSMUSG00000020015,1.1217530901492223,8.793525661330378,14.222126962867405,0.24407284194894127,1.6397273520397304,0.9090421838553253,17.066984804562416,100,100
ENSMUSG00000020017,0.08270518165921176,18.813090217280187,9.466978242641263,0.001,14.767902434190844,0.0014605669490850425,4.346581386960761,100,100
ENSMUSG00000020018,2.8938883178075128,46.28966144318038,297.5579192148048,1.9170598518099662,3.926791311315581,4.50233846649774,13.507914505299873,100,100
ENSMUSG00000020019,0.2989788700631725,3.533129391470543,4.255080019886034,0.001001161824793921,0.5177699319413563,0.6086520244282286,508.0168108915241,100,100
ENSMUSG00000020020,0.001,62.31581250733508,1.0,0.001,0.0010000000000000009,0.0017859986439702142,0.18187631036225688,100,100
ENSMUSG00000020021,0.21505289960932616,25.791056942685874,21.343322464048768,0.12380034968096282,0.6377752284883018,0.20238322202739956,1.8571877571013484,100,100
ENSMUSG00000020022,3.9993795161915937,43.874457049381256,167.63324033028223,2.4290354780909897,7.815359889559533,1.8682631143827741,8.620708170414025,100,100
ENSMUSG00000020023,0.3743644011870581,1.4377009404459282,3.7097967004699655,0.001,0.40585618626996545,2.0701031612507146,1803.1336702435428,100,100
ENSMUSG00000020024,0.005291851301928481,0.007094887542575802,1.0825741263391129,0.001,1.0063555553649985,0.4001916949079336,1001.2067592306842,100,100
ENSMUSG00000020027,1.3520895275457119,628.1915843800286,2712.9534665676147,0.6265830855728072,1.2201917933900697,4.985414410054442,13.051844878303127,100,100
ENSMUSG00000020029,1.775534384692897,71.71859631432298,215.87697323710714,1.0520583335852272,2.4628686499468566,2.1157645108712373,6.461589451041211,100,100
ENSMUSG00000020032,0.7851933917375978,149.1579275071058,402.3821172682992,0.5930224545949725,1.0732882308066796,1.845290935107787,4.472790343819586,100,100
ENSMUSG00000020034,0.3807188869919413,1.2348524232967948,4.354954941321974,0.19828169873112697,0.8425212852401489,1.276693357762558,8.42340012928554,100,100
ENSMUSG00000020038,0.16513570575231878,0.6753678811161965,2.2710834293251327,0.001,0.5216430371057639,0.7337640339748231,662.9350986401745,100,100
ENSMUSG00000020042,0.07387484630810223,0.13954661347511013,2.788411208636176,0.001889166609761653,0.4825470960074051,2.3476717332227697,877.4233343163503,100,100
ENSMUSG00000020044,0.4881715112682339,3.1266957982525247,505.30572879167977,0.4045171405721597,0.6546882558731173,101.40003219630003,206.5382423527864,100,100
ENSMUSG00000020048,2.871566955706,15.437887565247777,291.42876000175596,2.0699843830291815,4.279616078885307,10.610350819042846,29.206645112544386,100,100
ENSMUSG00000020051,0.001,62.31581250733508,1.0,0.001,0.001,0.0015453473258124958,0.21323842513874386,100,100
ENSMUSG00000020053,0.2196140952776325,131.58282771993373,3039.976035560458,0.15750574893198138,0.3037280382304257,13.083061788746246,43.70490680172642,100,100
ENSMUSG00000020056,2.4514301180383358,5.5752316742714,15.105034920948102,1.3541230514660847,6.004400457535217,0.784628916652361,6.562555237897731,100,100
ENSMUSG00000020057,0.510914734171947,34.78456858590878,32.55573025655718,0.25484265234946557,0.9092579643926662,0.49406766907371796,2.728839512847957,100,100
ENSMUSG00000020059,0.001,62.31581250733508,1.0,0.001,0.001,0.0019831642713441016,0.6325452530575482,100,100
ENSMUSG00000020061,0.001,62.31581250733508,1.0,0.001,0.001,0.0019402205961786792,0.2398453413179194,100,100
ENSMUSG00000020062,0.001,66.84427540036525,1.0,0.001,0.0010000000000000005,0.0020004573778073125,0.2191419533580385,100,100
ENSMUSG00000020063,0.062118819251930094,16.790064042151826,11.70306335263458,0.001,15.79525344967758,0.001980125033921818,70.52126687013546,100,100
ENSMUSG00000020064,0.06506374367246384,0.12757772781006363,6.044320423349167,0.001,0.15951471472215523,15.825433179751144,3525.477721060998,100,100
ENSMUSG00000020067,0.022595117759619754,20.79377256222822,15.125745381541448,0.001,12.882639070096651,0.0011674002028866995,15.762581320099656,100,100
ENSMUSG00000020069,0.8927613442689069,0.8752680697541128,4.918725904059912,0.14085233103542866,2.5724576214144834,0.9508525733304769,76.63890023707839,100,100
ENSMUSG00000020070,0.5728055288622287,31.650068150098306,14.240382265116422,0.0918606376405039,2.0892809867523323,0.08241454277717233,2.3794044512994166,100,100
ENSMUSG00000020072,0.3006803270726816,17.506628411535363,4.145372931360729,0.052573622738776415,64.7064757633677,0.001126791464606332,1.3644454811292897,100,100
ENSMUSG00000020074,1.0472670078038933,1.2192569649087563,8.840207451472239,0.5598699842028343,5.822045438636275,0.7317102574295165,20.74645253408878,100,100
ENSMUSG00000020075,2.302463808961523,44.13880530318042,91.225335120433,1.543463835918914,3.731077778175939,1.1339131399761975,4.79361813966713,100,100
ENSMUSG00000020076,1.6065951662765046,3.5278565116981935,13.106715779980268,1.0749123143841162,4.422266265522135,0.9879528617923279,7.002918591092066,100,100
ENSMUSG00000020077,8.022376104344188,966.2151407334402,1.0,0.001,16.71814905605648,0.001000000000000102,0.018142409836661426,100,100
ENSMUSG00000020078,2.9452301126219678,13.294090362914224,58.47553693651536,2.1713043642068532,5.28248896184507,2.0551581477635277,7.391659529525574,100,100
ENSMUSG00000020079,0.8978851577603472,1.482865590124281,2.196196769630341,0.06465023256020559,3.739832831034177,0.22521508410158853,44.40402416420096,100,100
ENSMUSG00000020080,0.001,62.31581250733508,1.0,0.001,0.001,0.0018916414491249578,0.24950169908558073,100,100
ENSMUSG00000020081,2.8043454615252004,678.1527302530274,1.0,0.001,8.300972779285775,0.0010000367114599935,0.10907710674657378,100,100
ENSMUSG00000020083,0.08702235741569715,31.721765309686567,112.08571324809535,0.0011000689365872683,0.17953172806921058,1.1637967413017014,243.501380423495,100,100
ENSMUSG00000020085,0.5988102671213699,1.2168746439734657,5.457166488328743,0.2625235206210065,1.2688523826411497,1.34727656031328,15.443957976793508,100,100
ENSMUSG00000020086,0.10879804738776831,0.13703023310551404,2.0824306297410047,0.00105334458449996,0.7542498191288529,1.2084647353200915,1621.331829543479,100,100
ENSMUSG00000020087,0.6930995062983472,14.665623573811843,17.535529224945066,0.25108802368271327,1.2116457714389273,0.6859787376558455,4.889665412198331,100,100
ENSMUSG00000020088,2.117843722845221,1000.0,9999.938345350216,2.4360213415810152,7.061491239501841,2.703928648104849,15.474064131443999,100,100
ENSMUSG00000020089,0.38830492754431856,1.752221905414136,19.337703477947695,0.2393580192554146,0.5172482841344608,7.65845704183759,21.364924254788463,100,100
ENSMUSG00000020090,1.8385766548697544,409.4857925185545,1.0,0.001,9.01368675562632,0.0010119763585378992,0.060686452994952594,100,100
ENSMUSG00000020091,1.2652750538912003,7.151248676861656,16.61390037798482,0.6154856425110298,2.0145150653764285,1.2259033758762543,7.013350182278876,100,100
ENSMUSG00000020092,0.012123717368752241,0.12671186263089262,1.0028598594930689,0.0010830553471684128,0.435508552662323,0.004055515065125928,52.85242463384499,100,100
ENSMUSG00000020097,1.2278042898184502,3.1527164555469267,19.43086872717061,0.7928747303000233,2.0568334994271655,2.7280597773352393,13.192002458970872,100,100
ENSMUSG00000020098,0.006694146191463976,17.496256685963896,42.466765306085584,0.001,4.066642247202775,0.0010547876075424254,12.258310360026375,100,100
ENSMUSG00000020099,0.7283327341464199,2.664173099258767,48.39349420557299,0.5419836588910811,1.2810456158627135,8.164476613628652,28.29634877095926,100,100
ENSMUSG00000020100,0.3773307236901966,0.5544132964156266,1.8864704997497277,0.12986410336049803,1.3711955107382285,0.5976466549143724,13.159939995656083,100,100
ENSMUSG00000020101,0.006717974820824954,16.533037011104994,41.32434834290044,0.001,7.599109923751222,0.0014018504396752292,23.28754897863014,100,100
ENSMUSG00000020102,0.013228226501872069,21.64374423879627,33.39086068644955,0.001,4.134249552937725,0.0011156653103430577,28.013221688107578,100,100
ENSMUSG00000020105,0.34849570056756496,3.8812886664475874,8.385268989313394,0.1952259316465338,0.5919065249191041,1.2246634340166838,4.72083165373566,100,100
ENSMUSG00000020107,2.5876324285489947,8.044570594220664,21.34028590842176,1.6603125346961465,5.606412327400125,0.9288888041727155,5.521608486585297,100,100
ENSMUSG00000020108,0.8270566001021186,13.99724347153635,216.87307132136746,0.6280740687366353,1.0481889834296192,11.336049432956298,23.84441182105435,100,100
ENSMUSG00000020109,0.9004047216675096,0.44567065716959287,3.500908948494835,0.008183817958168294,4.715648204802608,0.5350511948308154,2670.806055361987,100,100
ENSMUSG00000020111,4.147854524235328,78.55781511646927,166.07782444864228,2.21836977715294,5.948048127174209,1.4354002989010657,6.725792403486067,100,100
ENSMUSG00000020114,0.031225626518181702,0.04778904191939554,8.83534288216102,0.001,0.14985196831781483,24.898115039943274,8355.510336744614,100,100
ENSMUSG00000020115,1.124769080357211,3.675723763021636,10.855983971495125,0.5063768570251197,2.123918308996714,1.2551568022166708,9.360047476481032,100,100
ENSMUSG00000020116,0.4384396777274534,0.5149523857254001,13.226381445263682,0.22818726973738304,1.379095610568589,4.674519236820029,57.46420111780293,100,100
ENSMUSG00000020120,0.11235837805928185,24.4797535199348,46.67548481286427,0.05878996486906707,0.8160835950029351,0.15930935777691022,4.397552840567194,100,100
ENSMUSG00000020121,0.5195932347558964,6.0999857775448945,4.72274591386372,0.001,0.9669558443220181,0.407957247729944,786.9446395905654,100,100
ENSMUSG00000020122,1.7036765414388726,8.184965532235184,30.89626499513476,1.095965773053141,3.034557278431688,1.7394262910413882,7.360807900010084,100,100
ENSMUSG00000020123,0.1950935421816225,8.764323607917108,113.81774468944114,0.12393418558669969,0.2722855545574153,9.229147541574307,20.81554991270351,100,100
ENSMUSG00000020124,1.3356461202502237,1.9628247433401984,6.772115468207014,0.693354790697225,3.234442958517943,0.8906173525116672,10.813470063100729,100,100
ENSMUSG00000020125,0.001,62.31581250733508,1.0,0.001,0.001,0.0015666341386053146,0.12792216547281787,100,100
ENSMUSG00000020128,1.555318892649812,8.666435456238368,10.096985488453752,0.024213919298924805,3.0292607019276887,0.5513736047686455,307.96363999909084,100,100
ENSMUSG00000020130,1.0850678325955134,2.2649682327772473,7.404976973026112,0.5443026725655131,2.225162728923627,1.080574705326881,9.940005231510597,100,100
ENSMUSG00000020131,0.06247580375181578,18.72121480403089,14.660155243022643,0.001,2.414578316244746,0.0018629292559064906,57.96545508757584,100,100
ENSMUSG00000020132,2.731823746502214,184.0832696845407,510.8711933951354,1.5985687496702166,5.217457551360555,1.4358618039930087,8.21935549516146,100,100
ENSMUSG00000020133,1.7679083181483874,4.647948096447027,13.692457138382718,0.9094080721421767,5.504838519333842,0.7123740574629301,8.85713478379591,100,100
ENSMUSG00000020134,0.10789222157807474,22.682214517425923,34.8997160532128,0.001,0.25600268263529063,0.5532466082184938,145.37937302505912,100,100
ENSMUSG00000020135,2.2386239439353877,560.8732842949564,1.0391422282568814,0.001,8.337383408923959,0.001000248234109864,0.027022728324814498,100,100
ENSMUSG00000020137,0.17836640460969508,0.35253218228822986,3.1397820397102,0.04428293969486205,0.4963976238219271,2.1959904173343676,45.00513892517884,100,100
ENSMUSG00000020140,0.013634391970091616,6.859538600043166,48.13404084387004,0.001,23.628336271330397,0.0010520672502014388,24.557915287304276,100,100
ENSMUSG00000020142,1.0777564107215671,176.88234383060697,473.1868853010917,0.8925004399695105,1.5644494269988112,1.548733699324219,3.7397168306036175,100,100
ENSMUSG00000020143,0.002872881686472232,9.430275012139496,29.048237628812767,0.001,0.0474922033248842,0.0017473646073031329,16.30256815377557,100,100
ENSMUSG00000020149,2.0227263547892407,2.7481961210747783,29.716697663207636,1.4738163108451399,4.7260816403763855,2.686260924463303,19.47828507010737,100,100
ENSMUSG00000020150,0.45953681049980744,11.020668790619302,39.68642438639258,0.2886021959377685,0.59936948212316,2.5128252680009973,7.026735648756885,100,100
ENSMUSG00000020151,0.011806429738898179,19.307845494931367,93.4553028202942,0.001,0.11328570617976613,0.0029225623564884933,103.46630611784333,100,100
ENSMUSG00000020152,4.792862466099229,695.8574214372596,750.8507644708549,3.205978687557378,8.206625741545942,0.6619401513319307,2.5038734055199576,100,100
ENSMUSG00000020153,1.1217349264965406,1.0259219397026895,15.940491672487395,0.7063522581715485,3.084285934310011,2.722712842890786,28.321950753688306,100,100
ENSMUSG00000020154,0.0920111167015786,2.6488214670348107,1.0,0.002802808471451254,32.952672133252285,0.0010000485660551593,1.7039434023355604,100,100
ENSMUSG00000020155,0.001,66.84427540036525,1.0,0.001,0.001,0.0016408788042693678,0.18481944386364338,100,100
ENSMUSG00000020156,0.4004430150938804,0.9085253474963798,4.525005437626107,0.003657152033431075,0.8002607583107328,1.7372246371762041,1326.1833754027598,100,100
ENSMUSG00000020159,0.001,62.31581250733508,1.0,0.001,0.001,0.0016549824446492841,0.3566644692787492,100,100
ENSMUSG00000020160,0.2472692026672016,0.41890829924930023,4.240291071852359,0.018187671914423425,0.4739338250554704,4.201478282919495,190.25794324335874,100,100
ENSMUSG00000020163,0.03429734393053233,0.09086331562552402,96.8837571818505,0.001,0.11035520009573437,0.0067364412028196475,1349.9706488238544,100,100
ENSMUSG00000020166,0.11310032085232606,0.09947219252719453,8.33229929176913,0.0350772235623954,0.2440061106511166,20.32535285064563,298.2774644446963,100,100
ENSMUSG00000020167,0.14342987310961355,0.3362757959084445,9.019814213687171,0.0037546468690084155,0.23793240972126983,15.590207943279841,1822.2532464583842,100,100
ENSMUSG00000020169,2.1505155831353595,560.8317307299595,1.0847189835481421,0.001,10.867327594240859,0.0010000000000095872,0.14480962538447706,100,100
ENSMUSG00000020170,0.39923892355990886,0.8160911870197001,5.808572017756645,0.21766487360795278,0.7000164404171223,3.87501034015559,16.797139588849973,100,100
ENSMUSG00000020171,1.9709415446836276,10.240196533522852,13.067812280517977,0.5459628578003028,3.8449541514500956,0.5513826740507886,8.2982620652287,100,100
ENSMUSG00000020173,0.11517909920133079,5.01089967738487,8.198158312189513,0.054161729681918076,0.28626249022964056,0.5850592591308588,4.059861855444378,100,100
ENSMUSG00000020175,0.13834132042279348,25.081826596132704,26.642215950391492,0.001,0.27209078584494967,0.376320150554652,190.50868829582126,100,100
ENSMUSG00000020176,1.105618920493843,2.3393709611105225,26.840955289754163,0.6678544874488903,3.7479518900396402,2.2615334663654396,25.377655440118694,100,100
ENSMUSG00000020177,0.001,62.31581250733508,1.0,0.001,0.001,0.0019594613156897825,0.07765552183430335,100,100
ENSMUSG00000020178,0.001,61.45463549419866,1.0,0.001,0.0010000000000000005,0.0018815416845028628,0.11214923846618974,100,100
ENSMUSG00000020180,3.487560480663397,32.415252419883,175.58790419415197,2.570976221478074,4.706301098404598,3.631590914944602,9.218021370394261,100,100
ENSMUSG00000020181,0.19644824270100655,0.29566384201102547,2.300837563451205,0.001,0.856918846477207,1.1594133192147058,1732.2898247373441,100,100
ENSMUSG00000020182,0.001,61.88525872635182,1.0,0.001,0.001,0.0019744343452435986,0.47171005474435634,100,100
ENSMUSG00000020183,0.0013147829645908942,0.027845607227246386,3.7329189788691326,0.001,0.07677448994440271,1.0386507236593445,245.7605746466217,100,100
ENSMUSG00000020184,0.8028339479530203,365.91703532040935,3671.8619061214195,0.5739468250693082,1.0137879822914586,7.475464588986313,15.14587888723486,100,100
ENSMUSG00000020185,0.01793232580226156,0.6615427774376269,4.958296923385857,0.001,0.1154579387970209,0.5968864434651984,162.77612495893078,100,100
ENSMUSG00000020186,0.2469364906329097,55.14588296140326,317.1400747547508,0.1444087072867399,0.30267551442319707,3.9164853087153846,10.305730474985063,100,100
ENSMUSG00000020189,0.001,0.004710382887050007,1.3627290924025548,0.001,0.2531542435562989,0.8719840571550485,373.00997458548403,100,100
ENSMUSG00000020190,0.9910302225710381,4.128360452273624,11.622405303524115,0.4069180191256601,1.6943049250487672,1.447122425596914,11.080140357933455,100,100
ENSMUSG00000020191,2.8515932405772997,340.2758906654833,1.0,0.001,15.940241238340713,0.0010000000000073615,0.056015145174294644,100,100
ENSMUSG00000020193,0.001,62.31581250733508,1.0,0.001,0.001,0.001908258668443599,0.22185770525529774,100,100
ENSMUSG00000020196,0.30874853508662736,0.21641134036085333,2.4086465988201664,0.01208226622387139,2.1204074140400837,0.6874112441263452,339.582675920353,100,100
ENSMUSG00000020198,2.9351741732957346,17.85904657342877,27.277131732994565,0.7026647293928647,5.387486784721558,0.68176581560133,20.14872698979049,100,100
ENSMUSG00000020205,0.7440182956302158,8.812994152480615,24.36153835103374,0.5122429471534407,1.1541371301703538,1.728720374966099,4.899021226349418,100,100
ENSMUSG00000020211,0.9000937408022698,1.1657558625997664,6.317296573287421,0.48461626971390426,2.243172334334722,1.4408459872398804,14.928565571642883,100,100
ENSMUSG00000020212,0.29242229001822934,10.641264868887914,6.981822612439329,0.11725339825292144,1.148839712739551,0.1508521359960564,1.5406452423852395,100,100
ENSMUSG00000020216,1.6046320348181988,386.05076768576816,1.0,0.001,13.053198870808323,0.0010000000000012503,0.08594470910897123,100,100
ENSMUSG00000020218,0.006510553497537867,17.26099682386438,43.64271422070717,0.001,7.382290324543009,0.0012467875319169034,40.50134430558482,100,100
ENSMUSG00000020219,4.5010259580435275,392.2745157904627,1382.9033064592493,3.513078428511764,6.728193562948036,2.422624188356587,5.6379910574016225,100,100
ENSMUSG00000020220,1.2131038384765624,1.8077966235460934,8.712184534181603,0.6566103125427101,4.234728837986329,0.877555656532087,13.007559438950807,100,100
ENSMUSG00000020224,0.3211064047632678,1.6867004074000251,30.53171364495504,0.20407415180456473,0.4195090595287137,13.246946497106553,29.8452191802176,100,100
ENSMUSG00000020225,2.913524975163989,386.3367635677443,1474.5345472143483,2.294281462380611,4.14465394717186,2.6022231827073563,5.973877512959021,100,100
ENSMUSG00000020226,0.001,62.31581250733508,1.0,0.001,0.001,0.0017390427432729305,0.064991358178727,100,100
ENSMUSG00000020227,0.34968883132645934,34.44878390722253,35.656391209542484,0.16440739151922126,0.6545617734195462,0.5024620927480545,2.7128499516245794,100,100
ENSMUSG00000020228,0.4826322079996732,25.89121510472886,22.437098169450234,0.001,0.6922327406777289,0.5273023815391631,785.1114361499388,100,100
ENSMUSG00000020229,0.001,62.31581250733508,1.0,0.001,0.001,0.001617093793099628,0.2507945057886899,100,100
ENSMUSG00000020230,1.969049360526474,6.516341405101284,18.393215979656475,1.1951354050621643,6.207816592740497,0.762018840705559,5.714544710589708,100,100
ENSMUSG00000020231,0.38729759510514616,0.4593204318615546,3.518602216002764,0.0022344364176265694,1.0276998374576833,1.8619861304073442,2274.72134030508,100,100
ENSMUSG00000020232,0.8633560289880048,1.6459989129876418,8.748752542490799,0.4170257599031646,3.364763553444384,1.0682159988344433,16.832427073626896,100,100
ENSMUSG00000020234,31.72201755951854,513.825129870421,1.0,6.68567866030606,65.41831322757206,0.0010538888282146186,0.008248438903162817,100,100
ENSMUSG00000020235,0.9665538247395763,4.681766684991493,10.692296287234226,0.4185288230172681,1.6017337598923533,1.1356285000663513,6.798066179219904,100,100
ENSMUSG00000020238,0.6967328293616387,0.6442039941891159,7.932354853644266,0.4420085861112112,5.594153643990608,0.7673680439368455,23.2841267665879,100,100
ENSMUSG00000020241,1.5590404073844935,41.3631901174486,1125.5855964615591,1.2837033251369427,1.84411517531408,21.564493462334006,37.30549994286461,100,100
ENSMUSG00000020246,0.4314473203749181,0.29518242151766333,2.740482800364213,0.09216097807447302,4.663252635236097,0.35441571295330654,68.92489414041194,100,100
ENSMUSG00000020248,0.5485347204037212,1.9542685993179263,7.092857172115513,0.2224276537237545,0.8972717372486544,1.838471896858651,14.198682627214831,100,100
ENSMUSG00000020250,1.466291512929216,997.3019321622392,8065.731744068284,1.2922717120242448,5.48868621027148,2.3723629894455867,9.271744024019048,100,100
ENSMUSG00000020251,0.35110425345617924,34.420160041713565,13.853178418445498,0.027144992880534187,1.2464281917342284,0.07957723577393033,6.634470521959007,100,100
ENSMUSG00000020253,0.4999998854181537,3.303972743303486,4.789083243423655,0.001,0.9382890273294539,0.6818492932521214,1195.301325425719,100,100
ENSMUSG00000020255,1.5693224483624753,252.58256842813586,305.8663188909622,0.9220407029798732,2.729487079265833,0.7043091052298979,2.622652931903907,100,100
ENSMUSG00000020256,0.3169110121689874,2.819296286934375,16.238768446908583,0.14951484443473023,0.45150796630892526,3.5634319516577895,15.335040158980565,100,100
ENSMUSG00000020257,1.4980237446832187,0.9943960747713428,5.661782009963802,0.594814039723365,6.092699742710758,0.5966922221732135,24.307469727980678,100,100
ENSMUSG00000020258,0.08463081283278784,18.81776682194809,13.858930353893173,0.001,1.843123212150671,0.05703685756385652,81.46958318598395,100,100
ENSMUSG00000020260,4.086117428002289,25.367743264614084,104.63883694648867,2.081085293465426,7.8785623481387095,1.8107339121299724,13.862518471630395,100,100
ENSMUSG00000020261,0.48223980384335396,0.7217929200429919,2.3485519366261043,0.003375714650128905,1.649711355155106,0.6287722670325943,845.2430407640213,100,100
ENSMUSG00000020262,0.3411977274456749,40.28023130682309,48.56863070489318,0.14490666599255858,0.6416199212772447,0.6343165819012497,3.8469478941355266,100,100
ENSMUSG00000020263,0.36250363970675353,0.42774292295682137,1.781201861180899,0.06314994515566213,1.4437074116608517,0.6104403685694364,53.34827705336356,100,100
ENSMUSG00000020264,0.001,62.31581250733508,1.0,0.001,0.0010000000000000009,0.0017456504697466032,0.2974392938763664,100,100
ENSMUSG00000020265,2.0873828494670192,49.76186416512721,211.64355659318122,1.3543975311737637,4.076705041647748,2.0762720724111774,8.21659243410478,100,100
ENSMUSG00000020267,4.074817409194986,263.70145207679593,885.6767387222952,2.804149085539227,6.7657820344447765,2.016608716876306,7.042251741722574,100,100
ENSMUSG00000020268,0.3463268672552022,0.9061131459251917,2.908632780248903,0.0468714734443756,0.8612029706632967,0.8184629553015561,32.50966613575443,100,100
ENSMUSG00000020271,2.8105806811293434,4.034600619122412,17.26180643092799,1.4050137870612232,8.023892740377123,0.876205689897963,14.269363383737325,100,100
ENSMUSG00000020272,1.9076556814232055,11.616202240682247,32.63210034105555,1.2296697983656348,4.122336918586288,1.1350692178743196,6.2395062706826,100,100
ENSMUSG00000020273,0.08295349645473485,22.723615503647718,33.66131647315252,0.001,0.1972258994505206,0.5010381206478504,169.19607813472305,100,100
ENSMUSG00000020275,0.002500618647332113,0.007843423253884848,1.1935385340396292,0.001,0.3950534178090792,0.7758474840922935,413.406171199063,100,100
ENSMUSG00000020277,2.1459210381682845,73.95051632929746,653.6580489938679,1.5679506178632028,2.9197051184214717,6.506029764103166,15.117600637962896,100,100
ENSMUSG00000020279,0.001,62.31581250733508,1.0,0.001,0.001,0.0016922822751562524,0.22624400785446042,100,100
ENSMUSG00000020280,0.6329973334802114,2.7122201374556996,4.176491220994385,0.0012711573860177392,1.080820877240146,0.7200176690077991,1356.301267306891,100,100
ENSMUSG00000020282,1.3920800392583215,3.321443700432863,11.727076280052543,0.7588986721893438,2.978802213511627,1.1956927466010843,9.796719916935551,100,100
ENSMUSG00000020283,0.2648925067255708,0.1994811444767916,4.039981434162863,0.08743886301256668,1.5458866836616934,1.4704537733808998,86.30006603182036,100,100
ENSMUSG00000020284,1.6242813176525137,21.280825764680387,14.220347029753343,0.026679721091546392,3.1438742144682608,0.352638844287266,142.57613664659155,100,100
ENSMUSG00000020286,0.001,62.31581250733508,1.0,0.001,0.001,0.0017244339002110468,0.09287943231721713,100,100
ENSMUSG00000020287,1.8498893432521193,8.33227275102489,15.188565284739967,1.1261677413161824,3.77329992833623,0.74841362924752,4.083524149899995,100,100
ENSMUSG00000020288,0.7236865100848393,1.0631885917721704,9.344361494999344,0.36106282111196425,3.4670856719140772,1.048871247487135,25.274060456481024,100,100
ENSMUSG00000020289,1.8917003420096485,44.79708048948368,32.977617681272605,0.36905942429514593,3.767929756389494,0.33679964477864466,12.413560220568023,100,100
ENSMUSG00000020290,0.24539429296163712,0.48525425707123643,21.04479759619664,0.13943161762284284,0.4303498564721572,17.912961289457044,91.88927705636664,100,100
ENSMUSG00000020297,0.001,62.31581250733508,1.0,0.001,0.001,0.0015678170048895686,0.20715847468527104,100,100
ENSMUSG00000020299,0.001,62.31581250733508,1.0,0.001,0.0010000000000000009,0.0018331906383808403,0.22226506300421434,100,100
ENSMUSG00000020300,0.1521882537145615,1.447673070528874,5.317615875700586,0.06612371501557696,0.3129358099719683,1.5121836800722845,8.864531705001172,100,100
ENSMUSG00000020303,0.16287279658123582,0.9999315247831476,3.791528818089109,0.05058691223900251,0.3799195726852522,1.2929550535691887,15.839020663712425,100,100
ENSMUSG00000020305,0.9985543952725305,3.7978577504266626,4.236821104134826,0.03261425779718464,2.7634991049791173,0.4088012656739997,174.01648691598868,100,100
ENSMUSG00000020307,0.2808134456623954,0.29241997939358244,8.457417616810776,0.13711780901113946,0.5584293312583055,13.0374369566993,73.03704240572495,100,100
ENSMUSG00000020308,1.6077750758052396,3.370369026710201,12.881361891540578,0.7693663534508528,3.6091148069225296,1.2312522846178493,15.637484941611413,100,100
ENSMUSG00000020309,0.017676913128010924,0.03764734496816289,4.095904053409795,0.001,0.24244605492524546,5.226631832270392,2600.6824851167903,100,100
ENSMUSG00000020310,0.001,62.31581250733508,1.0,0.001,0.001,0.0016284454601372606,0.1599835340767975,100,100
ENSMUSG00000020311,3.695139873320355,575.3983070878538,396.00266997229477,1.5278559765001525,6.162070751509775,0.40630985546563364,3.7209482281567663,100,100
ENSMUSG00000020312,0.10714117833487921,1.213941325759665,4.380570560063674,0.033220406437777836,0.24111516216128734,1.425446294631275,16.05521425199027,100,100
ENSMUSG00000020315,4.39894954784844,9.689735922562761,49.84522435323995,3.0940672131129245,11.980538057972279,1.300021645356085,9.841582787611138,100,100
ENSMUSG00000020319,0.3903061849864456,2.163173152657094,3.2719873395516466,0.0010260554426996435,0.8393537299174262,0.5262798831374956,845.4592187681612,100,100
ENSMUSG00000020321,1.0730358986038873,2.759558019135349,9.525217222034815,0.13938774538895132,2.2873634014515853,1.2939560854973382,64.56843632473529,100,100
ENSMUSG00000020323,2.3992539462854334,631.6350691373558,1.0917831779394422,0.001,3.941275224737017,0.0015228325179978733,0.1542883413897061,100,100
ENSMUSG00000020325,0.22889702398057754,0.8906382253525004,5.647770407612141,0.05806827606789945,0.4774645834539691,2.426391338693585,31.501085482935764,100,100
ENSMUSG00000020326,2.8732716150434325,831.7414284684174,6439.471387587094,2.2898724591927326,4.28570172187687,5.133030230428718,11.065610156996955,100,100
ENSMUSG00000020327,0.01350226460580892,20.976018297875054,32.37145587348932,0.001,1.1906708834988944,0.0016871182981221884,34.59541991352129,100,100
ENSMUSG00000020328,2.3263962046708633,4.817867665267607,14.992523510509203,1.4640845608279918,5.511647506740135,0.8986344384025587,6.524250868462766,100,100
ENSMUSG00000020329,0.045068919980640165,0.025319297483727535,1.2907262701996731,0.004474844795835642,1.6637806582695882,0.5593686178301005,634.895262516638,100,100
ENSMUSG00000020330,0.006482556403504928,0.16572353966019446,5.794244773701484,0.001,0.12935956193207848,0.8745522819957052,276.76676463905244,100,100
ENSMUSG00000020331,0.001,61.024058264401226,1.0,0.001,0.001,0.0017366674983587452,0.23070391077927016,100,100
ENSMUSG00000020332,0.001,62.31581250733508,1.0,0.001,0.001,0.001737947360016034,0.2882511060492892,100,100
ENSMUSG00000020333,1.5409586744888182,369.11848257209584,1.0,0.001,6.853491356916749,0.0014061029362638353,0.07622408070477513,100,100
ENSMUSG00000020334,0.19025114860707187,30.313797236271057,14.293543337231956,0.014361702606553905,2.7887534476822493,0.02463749602058808,7.368124178355417,100,100
ENSMUSG00000020335,0.03806180201080998,1.4731018702810172,1.0,0.001,24.28889930845962,0.0010082678653233327,5.412291999804345,100,100
ENSMUSG00000020340,0.011363781526107869,0.6690735218237476,5.784009434192181,0.001,0.1128571820469611,0.011110046772925323,66.23324078382893,100,100
ENSMUSG00000020346,2.9725409329070507,389.53476816677227,1239.0651725134824,2.3902849942518714,9.390506850689475,1.0213159075098037,3.961578791961358,100,100
ENSMUSG00000020349,0.9410731881286047,1.4251993588093885,39.873797621489274,0.6602680461279323,5.145714633752307,3.217499044534117,38.70794127663399,100,100
ENSMUSG00000020354,0.15776469342819974,0.48431288363639174,6.845935645444804,0.01883783909145722,0.28611499384229333,7.510949404476453,128.87009241240764,100,100
ENSMUSG00000020357,0.10409960503166507,0.46860905018375,3.058547970227315,0.009869202754326022,0.317631476869089,1.5708770543125379,89.63494471419342,100,100
ENSMUSG00000020358,2.1972097389050225,5.065102408030399,56.957497587120216,1.5661923161580593,3.9840697420929283,4.292197438731581,17.310371018994836,100,100
ENSMUSG00000020359,0.3167032979740258,1.094755786650564,4.433316724095242,0.050258089315188215,0.6285833832709711,1.531714808511801,41.48003684159224,100,100
ENSMUSG00000020361,2.078103303273506,2.005929827893395,13.40817932308069,1.3615682194318277,6.226561155811538,1.1269184898309854,18.23262142610752,100,100
ENSMUSG00000020362,0.3367440147978673,0.49324848023629003,6.740603881045269,0.15083411494890336,0.6722999153831548,5.270305338617707,38.33187139392307,100,100
ENSMUSG00000020363,0.209538391643887,3.0406311703899243,13.793743511776293,0.07842447731174088,0.28467157258075065,2.838472502373193,15.15547982315778,100,100
ENSMUSG00000020364,0.11855133304642083,3.2323492133316396,4.566997520904295,0.023767854942149343,0.5117988041750727,0.13002208064855886,4.4154679977614375,100,100
ENSMUSG00000020366,0.5244010542543159,0.6512065225557664,8.532881890172131,0.32851281853796277,1.3218041714967503,2.8860626348359224,24.67927692596835,100,100
ENSMUSG00000020368,3.886448889227266,8.39891189505635,66.48489052980685,2.491660979459175,7.080324147109368,2.982929121671023,16.051774993508104,100,100
ENSMUSG00000020372,5.816324883493848,358.6738228920235,3089.701802981389,4.7446429092172995,11.953129716008913,4.365694165714117,10.730515024178391,100,100
ENSMUSG00000020374,0.001,66.84427540036525,1.0,0.001,0.001,0.0018605140277290965,0.08585800233151646,100,100
ENSMUSG00000020375,0.18010265058407537,1.5453027468076255,2.4470333059164084,0.001,0.42819389141174413,0.65450194907373,368.0965054155107,100,100
ENSMUSG00000020376,0.13736272215700746,0.1940537007353131,2.258802199789092,0.0010350764118545763,0.8959330447188854,1.1525632415056002,1609.2649451698203,100,100
ENSMUSG00000020377,0.001,0.037272969812907224,2.917171766745997,0.001,0.05337898740268733,0.002374514411357771,128.59139022011402,100,100
ENSMUSG00000020380,0.5689101700675421,1.2586208812957977,2.742588042219614,0.22282317924405076,1.5343752865779985,0.5466908974269098,7.0862063758629645,100,100
ENSMUSG00000020381,0.2217546085554646,31.67571877311253,20.618173066217892,0.007114415278227531,0.6870716827159349,0.2130805254606096,33.99680716714151,100,100
ENSMUSG00000020385,1.480088982767705,4.391810877115184,6.589677069803679,0.3918125128053066,3.268027027562286,0.5313732253412904,13.534107808971225,100,100
ENSMUSG00000020386,3.0763971172140754,9.290782240995004,38.06967703304257,2.0095106510419383,6.569548054441099,1.517187882783663,9.497970061133236,100,100
ENSMUSG00000020387,0.10902322388023478,0.8843127068279746,1.7088704780026314,0.0033014559491629674,0.45409319575657126,0.33033892012683763,82.20923394615342,100,100
ENSMUSG00000020388,0.10300144144059807,0.5662163635782157,14.251488386403683,0.07474922621059157,0.1733177134450976,11.437589495958594,38.626326641467124,100,100
ENSMUSG00000020389,0.2233646381197499,30.131297005565305,23.42328275647296,0.00204087724432522,0.5975328208998825,0.17544479985440287,54.21452388712521,100,100
ENSMUSG00000020390,0.2813623903312907,0.6798031370971944,40.21481976705171,0.19302843538761627,0.41647829439996453,31.905356570217457,85.27251353023115,100,100
ENSMUSG00000020392,0.28014211131755307,0.2811129700570095,3.5187556708894734,0.06446406203172259,1.0227544326886828,1.8442916253724062,73.30064507571478,100,100
ENSMUSG00000020393,1.1349996338777975,4.61863011807772,11.540733501110115,0.5730689324592477,1.8897108075337479,1.2865890061177674,7.788789102475048,100,100
ENSMUSG00000020396,0.001,62.31581250733508,1.0,0.001,0.0010000000000000009,0.0016550329976264234,0.18342386660363885,100,100
ENSMUSG00000020397,0.8987004664353632,1.1340689666588708,5.423463167589596,0.20152318432770855,2.7094820311521097,0.9126066227577088,39.84572178871583,100,100
ENSMUSG00000020399,0.15794327552814658,25.659003750320778,40.94337224284569,0.0885923361818621,0.35443079294562496,0.5330517403857928,3.4146478867862298,100,100
ENSMUSG00000020400,0.9117310819150548,0.8823564137190297,5.362758646405454,0.17657669389537908,5.768535507535903,0.5314954483995201,84.58254268836836,100,100
ENSMUSG00000020402,3.6258175000056987,8.375059308932498,45.24425899925338,2.2866972201816127,9.874968106893348,1.4222613070194112,12.4255941654168,100,100
ENSMUSG00000020407,0.08509994433988752,71.22304742293728,324.17435655164513,0.005977332303008363,0.19711719608668093,1.248188880917731,51.48235446205429,100,100
ENSMUSG00000020409,0.5409919886043376,0.25016931772748013,4.108923788576237,0.1992681098750989,6.346908443346573,0.43756906439757504,78.79881752764966,100,100
ENSMUSG00000020411,0.2843341997116719,12.062614295961996,54.97111852232136,0.15937067986476458,0.39671050979549644,2.9419949053319447,11.28092842216714,100,100
ENSMUSG00000020412,1.2865330308188858,6.342921492476499,16.108426633790636,0.5574069044881945,2.6660674238123407,1.0271109626000823,12.36260756211589,100,100
ENSMUSG00000020413,59.30557694464214,689.2853379087642,1.0,5.3515053498035,96.3366068743207,0.0011203524342012642,0.008908826558932374,100,100
ENSMUSG00000020415,0.09917067304734876,49.53135556933712,552.8692187286374,0.06858186970821624,0.13692942618131293,5.046923283010428,23.131985751058195,100,100
ENSMUSG00000020419,0.010777226222180464,19.83723351203801,22.617136636097356,0.001,5.850984724699273,0.0013283400544096143,28.00794159250187,100,100
ENSMUSG00000020420,0.32058345332315763,41.239810517536334,35.90539746247486,0.14602152931071724,0.621594654825034,0.3681765266218968,2.191241654783539,100,100
ENSMUSG00000020422,1.277789262411637,3.2132762049000596,28.433908080673792,0.9322024473877729,2.0898669747897682,3.793015543147643,13.813963468910156,100,100
ENSMUSG00000020423,0.36539302727922074,2.4295832087705467,15.055890117570293,0.2662814119685728,0.5046613315436961,3.8788605642606617,10.00102829404284,100,100
ENSMUSG00000020424,1.219633605220006,8.280838392371313,35.389607564740594,0.7594022703027465,1.690189409545341,2.683419324120262,8.834018754430499,100,100
ENSMUSG00000020427,0.1844008905151078,6.959063699069306,600.2147027349614,0.0063498858779486595,0.24054935784047793,32.70153697214302,17473.581152031828,100,100
ENSMUSG00000020429,0.001,62.31581250733508,1.0,0.001,0.001,0.0017577214395443207,0.10212782033811685,100,100
ENSMUSG00000020430,2.4987901289507355,29.634918416843778,46.97006204413281,1.3096419464603977,4.608128024464323,0.7885555522622778,4.518985994743883,100,100
ENSMUSG00000020431,0.06035323158893519,19.540650524687567,8.011784342844535,0.001,19.83876213452222,0.0010000015713754907,3.740772056495235,100,100
ENSMUSG00000020432,0.8242141067142442,2.0592073052004474,19.660511693416133,0.6063928741932914,1.730988306778023,3.5685474594367976,15.96906341048576,100,100
ENSMUSG00000020434,27.490920960877656,798.5757356669058,1.0,0.5434465001427013,43.82190110086891,0.0010062814802419815,0.008973913509660921,100,100
ENSMUSG00000020435,1.2150558106855553,287.4677615660729,1.0,0.001,4.587231723900238,0.0010490841468631248,0.054898400882881046,100,100
ENSMUSG00000020437,1.904987380173481,512.8252263426539,1.1354335991243487,0.001,9.13982176679653,0.00123888716259865,0.044767288230458356,100,100
ENSMUSG00000020439,0.380514188812328,22.887912556099145,94.78942752870972,0.24308407850806865,0.5178134746538661,2.9673720640133787,7.194857432681376,100,100
ENSMUSG00000020440,0.7273569815178772,0.5820480242568341,8.035603066254225,0.3692094817705953,2.5877257163244445,1.773260818315839,37.195982522398666,100,100
ENSMUSG00000020441,0.07488844516381452,0.4907405657285338,2.6977092603794857,0.001,0.2273510211950675,1.8396818359120315,755.5640822957871,100,100
ENSMUSG00000020444,1.348135128425259,4.930398525554936,22.522451761188478,1.0535619897434203,2.6873699156422193,1.810523559161024,6.825072174246798,100,100
ENSMUSG00000020447,0.001,62.31581250733508,1.0,0.001,0.001,0.0015217037567400288,0.29946496464919453,100,100
ENSMUSG00000020448,0.45463182189080253,0.45946114872340077,3.98960008124146,0.1428116444129876,1.4003624767016756,1.567796725165649,37.35637332877688,100,100
ENSMUSG00000020451,0.25813058559167307,0.4854444257614418,6.5772234497542055,0.11669801799674819,0.4428640108050709,5.931833868667494,35.415156035880415,100,100
ENSMUSG00000020453,0.04003843282076281,0.11909141048497918,2.5985696473262543,0.001,0.3163913563116717,2.1082323467368136,899.8045039744707,100,100
ENSMUSG00000020454,0.04718481858347028,0.0760503225604969,1.4482878153407968,0.001,0.711670545821132,0.859384258502233,1004.4168483255933,100,100
ENSMUSG00000020455,1.4383370113219525,138.98084176874826,184.97091898388067,0.5039611593730617,2.196813713836152,0.9234267573327293,6.815390180015086,100,100
ENSMUSG00000020456,1.501779709104515,6.554814914735696,21.898602078380932,0.9137885913869365,2.329610523722908,1.6957493111029636,7.681117446498371,100,100
ENSMUSG00000020457,3.807677978452868,41.967108942933194,76.23512661157794,2.007578222981197,7.182826003088125,0.8899768593664195,5.45237340203904,100,100
ENSMUSG00000020458,4.932003706478111,292.9480674255298,1577.366422090778,3.9990633155020214,9.082883756778326,2.909466368812762,7.571445294365592,100,100
ENSMUSG00000020459,0.3202126630187386,0.16843056721964722,2.9155744108735684,0.0054704326567038344,2.393653561020548,0.7759361248610672,1524.8807403786236,100,100
ENSMUSG00000020460,0.12525653010297258,0.7212686212905715,430.88183844533575,0.001,0.1809900421753735,0.008026663264664719,849.1628556658484,100,100
ENSMUSG00000020461,2.2847492689943922,578.7622526003178,1.0770843335328297,0.001,8.048669995346758,0.0010230484251246312,0.0796786915095583,100,100
ENSMUSG00000020462,1.6360125506621863,63.34648014372281,261.4125302088028,0.8779934166854229,2.159856731583842,3.0231405113687084,10.952328044197593,100,100
ENSMUSG00000020463,0.30329321584098257,0.41642069130751075,3.245764534147119,0.05963188972074572,0.8874397674516763,1.8408387069957712,47.3985169137134,100,100
ENSMUSG00000020464,0.3832268496463215,0.4653410276681526,3.189238313564408,0.05782168887771547,1.3400679388850252,1.1184409759608405,75.29554200124443,100,100
ENSMUSG00000020467,0.3388746975675416,4.3424888644762545,288.1476315039195,0.2749983235261058,0.4532901317975903,41.168075851662266,99.39629841723507,100,100
ENSMUSG00000020469,0.001,62.31581250733508,1.0,0.001,0.001,0.001977420886390073,0.20182410942861706,100,100
ENSMUSG00000020471,0.3174286136409307,0.5732249583944633,2.653626186371397,0.06052990032000533,0.7915057561461349,1.1901650569591373,30.345777414306717,100,100
ENSMUSG00000020472,1.4299456672917972,63.48606187800159,53.08920560209186,0.05439710338221272,2.004185031398384,0.6393122443835015,64.23503289555481,100,100
ENSMUSG00000020473,2.4615069089527,126.28648206566596,2538.651715901215,1.9467091412547743,6.234455708870875,9.596781232082577,31.874252087356687,100,100
ENSMUSG00000020474,0.37656985228278417,1.1591120904363634,2.997037331061262,0.09973878581438407,0.8529876211926849,0.8885742312585792,15.350109451802624,100,100
ENSMUSG00000020475,0.001,61.45463549419866,1.0,0.001,0.001,0.0017729334175118165,0.24952668231546032,100,100
ENSMUSG00000020476,2.8278992932749976,7.450656900076252,22.60949678318635,1.2341857685070141,5.517034743072997,1.1673405005842912,14.061994707626587,100,100
ENSMUSG00000020477,1.9130368680522747,396.99463698484817,154.8856540168066,0.5442634172897829,5.2412143643185605,0.1791051169190166,2.7057144512017355,100,100
ENSMUSG00000020481,0.001,66.84427540036525,1.0,0.001,0.0010000000000000009,0.0019091066197182089,0.14191167274893113,100,100
ENSMUSG00000020482,0.2592146558593262,0.9482616809811234,3.4088775196834655,0.12770804406270123,0.5481396054556711,1.2455352191745908,7.871959718529595,100,100
ENSMUSG00000020483,4.56318975669504,283.50244952108756,1254.0589041750877,3.8398384944543738,6.354310925660862,3.0994708049709896,5.789902701171624,100,100
ENSMUSG00000020484,2.7685552831343574,353.155489856384,629.0208428727448,1.7802554527354117,4.592964297132779,1.0680878618611451,3.3308427630359265,100,100
ENSMUSG00000020485,0.6601240433625202,1.5467901841675444,13.049472081472333,0.34213653888278606,1.054901287720522,4.541116397712724,22.338591679411675,100,100
ENSMUSG00000020486,0.001,61.024058264401226,1.0,0.001,0.001,0.0016835769626121688,0.37719416003156736,100,100
ENSMUSG00000020490,0.001,62.31581250733508,1.0,0.001,0.0010000000000000009,0.0017429565547515992,0.26929806529373523,100,100
ENSMUSG00000020492,0.37372888366021806,10.672142296424076,14.03418775521041,0.16244182669924695,0.6124799681211566,0.8369079627140525,4.514233737151405,100,100
ENSMUSG00000020493,0.01790866560300132,0.7441013906211426,3.849350094646167,0.0010717515568605595,0.1314973082611453,0.2801160849246571,64.8131470470211,100,100
ENSMUSG00000020495,0.5028266855011793,0.9752863731354762,3.2837697623745,0.08729989602641805,1.6646451420885202,0.7713320193100892,35.35245486762891,100,100
ENSMUSG00000020496,0.7385824116207829,1.9231912429601783,11.165231095279522,0.4312576100431801,1.275518591991681,3.019259264487725,13.58148361110386,100,100
ENSMUSG00000020513,0.0644494432196998,0.35054899113922205,2.4499722313631045,0.009454910993203893,0.24482561160130828,1.3442196853331385,50.30630569612198,100,100
ENSMUSG00000020516,1.048877975803062,1.744602403698428,8.989532136104327,0.6534842915967496,3.0009097887281313,1.2451792025052866,11.059092630991781,100,100
ENSMUSG00000020519,0.3750269503779024,6.906274912102931,7.35480399053121,0.027428712160259165,0.743726056967065,0.4252781286063089,37.355564615910176,100,100
ENSMUSG00000020520,1.5727879276445942,3.311023754751355,10.51586719911544,0.8994624251128385,3.192495606329592,1.1360286814357583,7.6626136393430695,100,100
ENSMUSG00000020521,1.2596487369831748,3.4735528373654208,13.24357311825005,0.7400585007600582,3.2656620923788475,1.0803920924700776,9.06100307188483,100,100
ENSMUSG00000020522,0.8515977400509221,1.7162894285838115,4.652356324199974,0.2902884910016654,1.751426735078831,0.9449831723400504,11.568500019001233,100,100
ENSMUSG00000020523,2.809031497682965,3.2252216632623214,15.903677830377845,2.0948923509793183,6.389347313384619,1.1510658496300654,7.871314564562226,100,100
ENSMUSG00000020524,0.001,61.259704531272526,1.0,0.001,0.001,0.0017420654111314925,0.15824446596091019,100,100
ENSMUSG00000020525,0.324119848940997,32.285641101968906,13.98961122114413,0.010729235472525911,1.7176079033688114,0.00660193495343659,3.742906572932592,100,100
ENSMUSG00000020526,0.6582969747609343,18.242459912861587,31.07429906975498,0.16651990625776583,0.9369421541227094,1.0617690664075012,10.031820319906831,100,100
ENSMUSG00000020527,0.0037187691817475547,0.004483220024341908,2.0429200440455846,0.001,0.5504572085420603,1.706582278055386,2049.8794574587605,100,100
ENSMUSG00000020528,0.36584057313825363,0.35124433983795633,4.584029621737241,0.17727897562417297,0.726772349011771,4.647285125705238,34.88523147152732,100,100
ENSMUSG00000020530,1.3028579056839773,1.4669007118807733,21.371753935533583,0.8706105016561636,3.3584838781620396,3.01929281232693,25.59744646391577,100,100
ENSMUSG00000020532,0.7697287280150933,55.869187703055644,94.93739122682865,0.4134012728569689,1.1823893368193628,0.9575297153800026,3.9806582372338823,100,100
ENSMUSG00000020534,0.1340040931294048,3.3951499842027473,10.20576564369516,0.049184450529130376,0.23648626421081306,1.43097299216719,8.896139452609807,100,100
ENSMUSG00000020536,0.3840629395495979,0.5802425681806559,3.3333181132651593,0.008308577270791227,0.9751949117574681,1.6292730760971308,416.30938729699335,100,100
ENSMUSG00000020537,3.1723548109949635,360.2980979103635,489.90005236683857,2.080808960436602,4.752629945522164,0.8889460654551453,2.963321691383131,100,100
ENSMUSG00000020538,2.1038061375382546,16.092015720837725,29.776031648366324,0.36198911640118736,2.5128038095620018,1.3749078545108926,30.333367022840214,100,100
ENSMUSG00000020541,0.5642019778713679,38.925908343397985,37.63313604405695,0.031958559671047965,0.8576663339345387,0.598772288097273,85.26730638994596,100,100
ENSMUSG00000020542,1.6046320348181988,386.05076768576816,1.0,0.001,6.4260471228400995,0.0012760480903757333,0.08948271004502271,100,100
ENSMUSG00000020544,0.28119832875467243,5.755906011391879,4.313856238999309,0.07794143563198053,1.1891779017391926,0.11185672382926017,2.3914252308996033,100,100
ENSMUSG00000020545,0.001,62.31581250733508,1.0,0.001,0.001,0.0017623902979389148,0.20231010228017135,100,100
ENSMUSG00000020546,0.7383119384183228,9.2246290480456,7.7441675443106845,0.176438601754702,1.4432926348878081,0.38323045809912865,7.29729882853756,100,100
ENSMUSG00000020547,1.4304680148910918,218.1365567798874,662.6976366955593,1.0565803116032533,2.47008179224597,1.7564915815234297,4.9758342898589,100,100
ENSMUSG00000020548,0.001,62.31581250733508,1.0,0.001,0.001,0.0015024840141865873,0.24289820159467573,100,100
ENSMUSG00000020549,0.7256388472842319,1.6045552107173047,3.56288380286933,0.3506554491864086,2.063550111115903,0.5005866015473563,5.741433387048922,100,100
ENSMUSG00000020553,0.20723333084676496,1.2899151082733629,3.752776147323745,0.019927467624138145,0.4072692874462327,1.1173876930900297,72.37171431212093,100,100
ENSMUSG00000020564,0.3596039607889316,1.6068563531335078,4.175438993264601,0.15481213355295373,0.6762829674364056,1.0775072517494328,6.611038441505467,100,100
ENSMUSG00000020570,1.0037301873247935,0.9808501013089256,6.499172881183665,0.6093936003927716,2.7717954521864048,1.2777708648786177,15.174649512687708,100,100
ENSMUSG00000020572,0.2726871947333775,0.39137150146126626,6.059542515496847,0.1466066580029778,0.42182631977422214,8.71324911223498,39.073286304632866,100,100
ENSMUSG00000020573,0.001,62.31581250733508,1.0,0.001,0.001,0.0018896775137290924,0.1915228140206595,100,100
ENSMUSG00000020576,0.7842550175867877,2.820495220195129,6.338269340528644,0.32727955353819504,2.141251012899588,0.6598074012378305,7.718690117109354,100,100
ENSMUSG00000020577,2.3992539462854334,631.6350691373558,1.0917831779394422,0.001,7.301887912825851,0.0010665700639062897,0.03250856345784854,100,100
ENSMUSG00000020580,1.1726289319950958,8.498077712756853,26.91170845581473,0.7207514991507903,1.793187529570935,1.7179991899687113,6.392357649743639,100,100
ENSMUSG00000020583,0.001,61.88525872635182,1.0,0.001,0.001,0.0018919031481052398,0.23581575978573555,100,100
ENSMUSG00000020585,0.10875952225996827,0.5797028553797577,324.8669565409279,0.001,0.0010000000000000009,0.003199750856838649,1.536203798436488,100,100
ENSMUSG00000020589,0.07138773688407435,0.11414374808573897,1.695845101012626,0.001,0.6228123620219179,1.018700425815863,1136.5432937137202,100,100
ENSMUSG00000020590,1.5110344612395754,3.512437430498033,11.843805248651607,0.6281331514806981,3.085581813841723,1.1222432698416722,15.518041167265963,100,100
ENSMUSG00000020591,0.001,62.31581250733508,1.0,0.001,0.001,0.002030120822960579,0.8450203936548508,100,100
ENSMUSG00000020592,0.4729571074385848,1.8548802275135876,121.55396993836756,0.3638094973559206,0.7942780842135966,34.22706257164225,83.15022355626472,100,100
ENSMUSG00000020593,0.33059319126150194,49.86190862651525,47.53511740477681,0.1610205367443323,0.9187251945225532,0.24203845545930835,2.058130850623301,100,100
ENSMUSG00000020594,0.0017927323459386196,0.0022850334001966424,7.299544691715953,0.001,0.08409920879441253,50.126595161015956,7461.370140332976,100,100
ENSMUSG00000020598,0.013667495278964614,23.391525383774727,84.09367904263382,0.001,0.8835687908693965,0.0017586434968839123,35.569336861696314,100,100
ENSMUSG00000020599,0.001,66.84427540036525,1.0,0.001,0.001,0.0016346373994783295,0.19502531331676537,100,100
ENSMUSG00000020600,0.001,62.31581250733508,1.0,0.001,0.001,0.0018648455163521689,0.22534108589301488,100,100
ENSMUSG00000020601,0.001,0.00771137198810058,2.769673210891809,0.001,0.11171380573636924,3.073334766370092,479.07885590678575,100,100
ENSMUSG00000020604,0.08386843885181422,18.408522324862115,17.613825632795567,0.001,0.31104524123565,0.1437113637939744,110.80676342321783,100,100
ENSMUSG00000020605,0.5443994435217745,0.3565199997421271,2.753405497457466,0.15960158934935198,2.0217350217407577,0.8511740128823748,36.60765528366216,100,100
ENSMUSG00000020607,0.027524372716567012,21.7690991131318,32.69618346480399,0.001,0.35937712472743855,0.0017442191725012593,65.72816757379019,100,100
ENSMUSG00000020608,0.6789033806587174,1.3484851430273899,7.639171214780835,0.2751458976897281,1.2416061953225008,1.9895550817923433,21.944975471349395,100,100
ENSMUSG00000020609,0.001,62.31581250733508,1.0,0.001,0.0010000000000000005,0.001434431728213785,0.19616820653476508,100,100
ENSMUSG00000020610,0.6909041276423988,0.7090014135006657,4.286555540043847,0.30134925882191244,7.444436586131371,0.2711572767535688,19.62762837808301,100,100
ENSMUSG00000020611,2.378672924246457,178.24461150277,331.2845066325055,1.2231127467788152,3.046388234811047,1.4226748694597924,5.958037473535729,100,100
ENSMUSG00000020612,5.533988483819504,91.29783099076147,390.4279133910605,3.3662026218218726,8.119076865935684,2.789506166607083,9.552229473001933,100,100
ENSMUSG00000020614,1.1432664546434328,360.5328520129695,773.3361296018957,0.7643901473723909,1.6511704153318683,1.3424557487995106,4.597715150196663,100,100
ENSMUSG00000020620,0.12599751599848244,31.196768939317252,25.259155198518638,0.0012462031942911257,0.6957744872695301,0.12805667358171,97.56062748881212,100,100
ENSMUSG00000020621,0.39991151210594295,0.6250831930548671,2.7795264037111407,0.08421968866192744,1.2664725492400666,0.8599977356724792,27.638913045823827,100,100
ENSMUSG00000020622,0.001,62.31581250733508,1.0,0.001,0.001,0.0022821938217965944,0.5357991028451679,100,100
ENSMUSG00000020623,0.001,0.013863141627660582,1.3860234952163466,0.001,0.1364317567608041,0.00352305142141344,119.75445471124935,100,100
ENSMUSG00000020624,0.001,62.31581250733508,1.0,0.001,0.001,0.001906294995241756,0.5917162426969151,100,100
ENSMUSG00000020627,0.08562731319895298,0.46796239364459347,2.529549239507177,0.01644362137170831,0.276208767496812,1.3387836830987845,26.538890329715727,100,100
ENSMUSG00000020628,0.873926630227607,0.9147672665801247,3.109248020658388,0.1421625011332529,3.0612468101462884,0.5466573142151081,37.5169006795818,100,100
ENSMUSG00000020629,2.5192488934774757,444.4288817440063,822.0843666466275,1.5761161415496778,3.305876629847642,1.445313078482609,4.145164925716243,100,100
ENSMUSG00000020630,0.7035860001852113,1.625814515258125,3.381227433373919,0.27234055718484657,1.5933934764838067,0.6720804334710889,8.330092998197657,100,100
ENSMUSG00000020633,0.001,66.84427540036525,1.0,0.001,0.001,0.002011261086421185,0.11255194696310306,100,100
ENSMUSG00000020634,0.625845310182967,32.06894767946536,16.168750419476872,0.12799072240636766,1.4686161766956467,0.22423882551596375,3.8134842982229125,100,100
ENSMUSG00000020635,0.001,49.8289069611423,1.0,0.001,0.001,0.0016258512225481017,0.2784413368522608,100,100
ENSMUSG00000020636,0.001,62.31581250733508,1.0,0.001,0.001,0.0017270006098030598,0.08700576007425391,100,100
ENSMUSG00000020638,0.039009198235561676,20.482248209030832,10.807927907013555,0.001,15.225830311235647,0.0010000000000010398,11.480128469250364,100,100
ENSMUSG00000020639,0.3556525930078677,4.747627347275416,1.8087121366212526,0.15685849332616297,52.26303752143747,0.002607876737520891,0.7951839295163289,100,100
ENSMUSG00000020640,0.5270677538472243,1.0123106567054736,3.7361996794120462,0.08766269571537112,1.2124542582076514,1.0106860118070067,40.6597020575323,100,100
ENSMUSG00000020641,0.0013247843144983038,0.17524807246627136,33.854855717907775,0.001,0.001,0.001576863432532082,0.06353654892120102,100,100
ENSMUSG00000020642,0.11981157241889216,24.28684452566261,58.33177648767966,0.007536377216486084,0.22347735835154603,1.1667158147704124,123.37941048004292,100,100
ENSMUSG00000020644,0.057235148706238886,5.980418471811966,192.8906080607742,0.001,0.07431346607239941,14.284260372054877,2054.11459334173,100,100
ENSMUSG00000020646,19.369422830969555,999.9999999912081,1.1061837435934345,0.4676147509553928,31.40792958401051,0.001,0.008974113110733192,100,100
ENSMUSG00000020647,0.47535981629536844,0.8122110412597219,2.0640537761396627,0.0020343051193691653,1.3633218635231192,0.6484746616061083,892.6349798769728,100,100
ENSMUSG00000020648,0.3355834918969566,3.5857940495287277,2.812536453351815,0.07564069443042884,1.6073113542423247,0.1468473763237274,4.671440902277264,100,100
ENSMUSG00000020649,0.5888512959287279,73.377783778816,514.9420402360511,0.46139462315684193,0.7773406555464161,4.7556575846793585,9.334071627165724,100,100
ENSMUSG00000020650,1.6283349094311605,4.6703785774686475,16.499187397683656,1.0768674791551776,2.882013594211842,1.4464329989876836,6.775138661370952,100,100
ENSMUSG00000020651,0.001,62.31581250733508,1.0,0.001,0.001,0.001599915353279111,0.11094898747485014,100,100
ENSMUSG00000020652,0.184181547370525,0.6025553471904288,2.136855179886876,0.04237765189314255,0.6168669592147782,0.746436682698711,16.717234187708833,100,100
ENSMUSG00000020653,0.17941506918332834,11.217602131549116,7.796113027787302,0.04033372704539305,2.824000096471508,0.0048952539644010525,2.7632986886222977,100,100
ENSMUSG00000020654,0.2541811546318857,0.3642960083445529,5.204617631307072,0.03252318768880056,0.5707971589740584,4.108136850217898,175.17556561313876,100,100
ENSMUSG00000020656,0.012485714914533541,2.3835331981476315,12.829752302960474,0.001,4.811398737507188,0.0012210238892174314,47.33692677277095,100,100
ENSMUSG00000020657,0.28074766816883534,1.7619859690622397,2.313070147736357,0.07700326424330284,0.8163357019932037,0.3177295098557542,6.269834577326778,100,100
ENSMUSG00000020658,0.21326971496294847,17.579058221969365,6.201849911594123,0.001,18.05656233845997,0.0017091630513184552,1.0140204268480428,100,100
ENSMUSG00000020659,1.0629646670257122,23.180795954230327,18.18784740214651,0.00933886084125544,1.6834219824934253,0.4885205742275355,719.1181312525321,100,100
ENSMUSG00000020660,0.04838337570457878,0.5669760812460265,1.7404686092917159,0.001,0.3427418075106514,0.15296286304156093,115.0881015069783,100,100
ENSMUSG00000020661,0.21161420614412865,1.1276584780830952,3.0290649178734563,0.10482703802314369,0.5586246632350407,0.8497706053302604,6.095258722484807,100,100
ENSMUSG00000020664,2.3487335554398854,5.658360155285988,20.11261920704861,1.7770285069644514,5.127640564160702,1.1012495426744469,5.699123881691713,100,100
ENSMUSG00000020668,0.6767952967135634,5.337918298535815,12.603376649285748,0.42685632894614334,1.090907515537054,1.2841296837114715,4.751134203573226,100,100
ENSMUSG00000020669,0.622583162440174,142.23766336006557,145.8472206880532,0.001,0.8029328009769121,0.7360532501311235,1123.5547045467727,100,100
ENSMUSG00000020671,1.6193187859201719,5.664900474999852,23.443081785601887,1.0782498527568736,2.5732339957241486,2.033753269630568,8.417460764455633,100,100
ENSMUSG00000020672,0.001,62.31581250733508,1.0,0.001,0.001,0.0013056222633990762,0.10499131054919357,100,100
ENSMUSG00000020673,0.001,62.31581250733508,1.0,0.001,0.001,0.0017733668330417573,0.06659829210138926,100,100
ENSMUSG00000020674,1.1384068001255012,4.131430076755511,26.99974975477343,0.8446595113086943,2.4448533134063677,2.5942437663210582,10.71773916185144,100,100
ENSMUSG00000020676,0.004252603046467349,0.35928814480728294,55.56441000500343,0.001,8.68626950151673,0.0014038513918874225,108.15193002576024,100,100
ENSMUSG00000020677,1.3421574997464438,3.2305434719275667,6.326978536175172,0.5436470971949101,3.179615019170796,0.5838617616643522,9.76133175226886,100,100
ENSMUSG00000020679,0.010817301964772295,19.558821828293482,22.313355375074718,0.001,3.0799570945296555,0.0015768093383500023,17.857671557786475,100,100
ENSMUSG00000020680,0.8442142945777455,1.9165763836891896,24.65242540651398,0.45695505836919503,1.5857124192013203,4.941370574197979,33.52591912252366,100,100
ENSMUSG00000020681,0.001,62.31581250733508,1.0,0.001,0.001,0.0018503761627693374,0.10044135688132771,100,100
ENSMUSG00000020682,0.0418140396487084,19.484146457401966,10.270481902131875,0.001,18.779440433687057,0.001,3.5976455151981015,100,100
ENSMUSG00000020684,0.02300852068814007,4.610650700483943,27.55180151286531,0.001,0.2152866945951782,0.07045872457581467,78.5835722818938,100,100
ENSMUSG00000020687,0.279782348433427,0.1840150397532494,3.124216122123811,0.009006968090011561,2.3251425921238065,0.7500826891290049,616.2989545133603,100,100
ENSMUSG00000020689,0.10281924728268173,26.853456079726485,44.2675328661886,0.001,0.17690220563186165,0.8708725899310967,208.37114397330947,100,100
ENSMUSG00000020691,2.5520344639558745,208.29381793229814,119.33217683139546,1.135756368112341,4.587364637331394,0.31969491621981694,2.026815519793226,100,100
ENSMUSG00000020692,0.15305231284617607,0.09313541944533518,3.382059132864957,0.008057930192977602,1.7995449000587813,1.2185906009805483,1296.700032651274,100,100
ENSMUSG00000020694,0.04491451685438816,0.11273251177534006,6.357018293536858,0.001,0.13324702405485556,13.26198393017545,3241.0826668113486,100,100
ENSMUSG00000020695,1.6327761896541697,7.310273868143185,53.40760538418517,1.3243160738982964,2.666693725050769,3.7344030839200646,10.087253025788566,100,100
ENSMUSG00000020696,0.26781369837285235,0.8235571975445283,1.289713598162699,0.09725622283780883,1.3020169562412451,0.24832710978817907,4.435971168415898,100,100
ENSMUSG00000020697,0.83005194549788,4.070394019666275,6.182091709915991,0.05662641182851689,1.4535939418331467,0.6717624597345028,44.94486993801273,100,100
ENSMUSG00000020698,0.061132569805734185,19.413762264745806,7.95763445108628,0.001,23.151461462185406,0.001002259236628711,2.4765516555177696,100,100
ENSMUSG00000020700,0.7666249313391115,36.05224272485357,42.24926844137822,0.04529547972124998,1.2639675390548948,0.7053627810789337,22.893991969563757,100,100
ENSMUSG00000020701,0.001,62.31581250733508,1.0,0.001,0.001,0.0017101900963910652,0.44626859056855184,100,100
ENSMUSG00000020703,0.001,62.31581250733508,1.0,0.001,0.001,0.001838115500087649,0.09144114944104799,100,100
ENSMUSG00000020705,1.3437574427963994,16.69873673190776,29.508719443515535,0.6036694841871242,2.4582373316473376,0.9124162326877243,6.202071927149624,100,100
ENSMUSG00000020706,1.1577968931506555,4.42436919617512,13.69297637445049,0.6500922441382604,2.1097269058917347,1.3752464548907706,7.79870475822629,100,100
ENSMUSG00000020707,0.601081868301968,1.4255830471470308,3.6145449575462165,0.26479440655541153,1.3051300042462997,0.9105287673981151,9.427342548784143,100,100
ENSMUSG00000020708,4.379211325542548,32.274478562660526,164.94842517163752,3.030041810600469,6.645217904932644,3.0008487700879183,11.140944931154813,100,100
ENSMUSG00000020709,4.692121436186325,562.5494094092135,1.0,0.001,15.438640646137323,0.001,0.01264641688499873,100,100
ENSMUSG00000020712,13.561095244899725,644.3627104806884,1.0,1.1105792279727322,30.273874473480383,0.001,0.00884647991711406,100,100
ENSMUSG00000020715,0.6132910203273801,9.976465133417959,12.444960432921798,0.22883839371449635,1.0524264890791124,0.6774843249606655,4.282264802299887,100,100
ENSMUSG00000020716,0.381265511576977,0.34895598340567585,2.3461697942965176,0.016095231756527884,1.7190754516439704,0.8617501184217069,223.35825975083566,100,100
ENSMUSG00000020717,0.03578560245304634,2.396241464405823,4.8146022185849695,0.001,1.1232030349538609,0.026160361220103526,46.73038827441721,100,100
ENSMUSG00000020718,0.5779102404376735,18.981303915698582,6.063939233304944,0.19098408604945744,109.88413122568451,0.0017153409203773016,0.9878231559242431,100,100
ENSMUSG00000020719,4.03931155945251,10.09941210406729,138.05660166622636,2.7250133045167653,419.9464483149311,2.712778452680432,23.768461082390136,100,100
ENSMUSG00000020720,2.6321637222934458,25.32319688250803,77.98238789715148,2.012249345517615,6.6262341676372944,1.0552486669251016,4.969134880103493,100,100
ENSMUSG00000020721,0.21192207151722295,0.22489086490896468,3.6844535828423552,0.05132112896993084,0.7746485265829196,2.864541808816594,77.10168890692945,100,100
ENSMUSG00000020723,0.001,62.31581250733508,1.0,0.001,0.0010000000000000005,0.001555361231489239,0.11339219987988565,100,100
ENSMUSG00000020728,49.41695720778287,938.4078075883523,1.0,0.001,59.984628289721215,0.0010593792729221723,0.008832086083097174,100,100
ENSMUSG00000020732,2.3992539462854334,631.6350691373558,1.0917831779394422,0.001,7.350862126110747,0.0010000000000845184,0.044017740924984394,100,100
ENSMUSG00000020733,0.11385371906361604,0.529549138618031,5.098948650850069,0.06317470506570466,0.26162333857670605,3.2762090242720827,18.370885901693,100,100
ENSMUSG00000020734,0.001,62.31581250733508,1.0,0.001,0.001,0.0016431554510467745,0.13114626707620253,100,100
ENSMUSG00000020737,15.294594030453972,0.001,17.000932096750304,0.4136800250830809,74.76087497262962,1.1228263559802256,17005.27390890589,100,100
ENSMUSG00000020738,nan,nan,nan,nan,nan,nan,nan,0,0
ENSMUSG00000020739,0.3443088470895158,1.9761952476173386,18.339562269387308,0.1305462609521444,0.48059591088596276,6.1687949574413805,29.09012862326499,100,100
ENSMUSG00000020740,0.001,23.348072830583654,1.0,0.001,0.001,0.0035763372654097876,0.6861396559201307,100,100
ENSMUSG00000020741,0.1879721424490524,0.24755648635797542,10.61131258129558,0.04367671976922141,0.42277118185831686,12.763275318424833,216.75030785558636,100,100
ENSMUSG00000020743,0.08084018179778486,0.5384015538095948,4.394560496795301,0.024717594717222097,0.2017745015289849,2.617217994055471,24.52192903478893,100,100
ENSMUSG00000020745,2.360893369004913,14.76085472988979,55.32553362430247,0.9973466616549171,4.5140711582787985,1.6270607603074456,15.87013789490047,100,100
ENSMUSG00000020747,0.2988458641540661,0.5998111964744035,1.0,0.11480562775728528,1.8623133832209526,0.16454654322816759,4.812103454211971,100,100
ENSMUSG00000020752,0.5866268352329177,3.5377391932965594,7.530680660565283,0.21439036217290047,1.073057715268769,0.962066354810973,8.119615149094313,100,100
ENSMUSG00000020755,2.1680328105380853,10.970610023151858,15.389414572031889,0.9832674415530895,4.7870294150839054,0.553412772624857,4.708041395096064,100,100
ENSMUSG00000020758,0.2813108607628449,17.598697558849747,2.937323510749795,0.04067262671190387,43.8874819493429,0.0011468845473450204,0.8490595997357911,100,100
ENSMUSG00000020766,2.023172860534154,8.567591853202854,47.873879135548194,1.5803298967669424,3.479184994743812,2.589576424576097,9.32497472566408,100,100
ENSMUSG00000020770,0.24750610567510056,0.8035828807332301,2.1331307720713264,0.001,0.838036311810977,0.5511176188315856,909.9953734705948,100,100
ENSMUSG00000020773,0.478876263475233,6.923558921487293,24.75620831087715,0.2454310881337189,0.6101547229832728,2.6775522016070727,8.550530034847863,100,100
ENSMUSG00000020774,0.06981491208804474,1.745189765773868,4.027491960911223,0.001,0.41636843260885226,0.13360971864351845,8.439503210069578,100,100
ENSMUSG00000020775,1.8143253508403208,337.49254942191294,576.2669496526289,0.8475678380174319,2.7541738674649974,1.1580364621611414,5.704162926426427,100,100
ENSMUSG00000020776,1.1158154729439405,16.97502451436003,25.79714501164002,0.0571794870503812,1.5753173717427127,1.0187790758076765,91.75874776873574,100,100
ENSMUSG00000020777,2.4527637176325894,9.403498727123951,20.132895051561057,1.5738743346831856,6.849051017990522,0.6098268882828468,4.775947488423361,100,100
ENSMUSG00000020778,0.5903493831187271,3.205504332589098,10.388732725000729,0.06598885312569361,1.0268891213561797,1.7787004946006737,53.14813383737475,100,100
ENSMUSG00000020780,3.048158832526978,219.9649703320487,421.8470357865174,1.8431185635439071,8.450556094721465,0.6923137347675318,5.056498402158063,100,100
ENSMUSG00000020781,0.574956719600151,31.513720578909467,16.77906862012691,0.0031547316722856968,1.1312261275740645,0.27170750884927375,188.83040382274032,100,100
ENSMUSG00000020782,0.22469946084691592,23.99077714121141,35.34210260025285,0.1054144738460964,0.54441124977223,0.4825629560788946,3.1628792554313874,100,100
ENSMUSG00000020783,0.001,22.056311928193416,1.0,0.001,0.001,0.0037812510256663608,1.6868633544260678,100,100
ENSMUSG00000020788,0.02232915723528081,21.026080269545396,23.575376791845226,0.001,7.615333944443654,0.0011441534039334789,32.30598759867422,100,100
ENSMUSG00000020790,0.04054980317782272,3.826984391175761,40.731562446335786,0.001,0.06984346155946172,5.859141514685584,982.71114497526,100,100
ENSMUSG00000020792,1.854936747774891,391.182020754012,530.5810919253767,0.7731624991798499,3.6913354796536453,0.6853707404874152,5.933115169747163,100,100
ENSMUSG00000020793,0.001,61.88525872635182,1.0,0.001,0.001,0.0017339760165337717,0.14293619955114464,100,100
ENSMUSG00000020799,0.001,62.31581250733508,1.0,0.001,0.001,0.0016133614525627488,0.2258359003459361,100,100
ENSMUSG00000020801,0.01998706313867357,13.936881244270074,281.49605323525714,0.001,0.02033476645267083,0.014788036837951865,1851.0368920455305,100,100
ENSMUSG00000020802,0.298529033617807,0.36152005267251397,4.173182534128227,0.09561967149846379,0.6454240410679208,4.550079353876223,54.168613973663696,100,100
ENSMUSG00000020803,0.033745174996734746,0.0773725441168601,45.766305628360904,0.001,0.13877626007889382,0.031122002096470355,7018.775511261978,100,100
ENSMUSG00000020804,0.001,62.31581250733508,1.0,0.001,0.001,0.0017125543954208179,0.1719703943665844,100,100
ENSMUSG00000020805,0.006720083943877294,16.661091866830816,41.624058502780656,0.001,2.638259101376324,0.0016626857873462927,28.510832565184653,100,100
ENSMUSG00000020806,0.22644680106491114,3.8416397072488784,6.614589920388651,0.11902646112098883,0.45187602393028,0.7404605914951128,3.5337091797841764,100,100
ENSMUSG00000020807,0.2908758087399004,2.6138145294683737,4.414008374207592,0.023514321019042925,0.6049365153638844,0.7289553690761312,29.885612061427086,100,100
ENSMUSG00000020808,0.027105072062328876,2.88696986023555,63.231938638661845,0.012703230033441565,0.14639786784703276,0.48372100793948325,44.778579510043656,100,100
ENSMUSG00000020810,0.03329871482959876,20.99031978726846,18.19125606319856,0.001,9.057767158992352,0.0014843723405091993,35.848705944554894,100,100
ENSMUSG00000020811,0.001,62.31581250733508,1.0,0.001,0.001,0.0016064217546108996,0.20629232679031134,100,100
ENSMUSG00000020812,0.8705387724492274,9.674238147210815,14.082936271855239,0.3217620474384151,1.595562935271218,0.7664474299169797,5.679810836245981,100,100
ENSMUSG00000020814,1.4033109733826843,4.67612451636027,15.651564765408942,0.6910546810596823,3.6490870377915794,1.0607821682328127,10.628918550642151,100,100
ENSMUSG00000020817,0.4204974577157001,0.7904410982896573,3.98892758072064,0.04721139037410665,0.9660508272242823,1.584208754779651,53.26426407485576,100,100
ENSMUSG00000020818,0.9652919202650091,2.250115662189019,8.346261260749777,0.3529582235309666,2.284685303025949,1.2175854641824637,16.862027566955163,100,100
ENSMUSG00000020821,3.275838854852518,411.4790526352432,817.4655376757164,1.8385882105656397,5.40922462240948,1.2504715096339738,8.116741671402371,100,100
ENSMUSG00000020823,0.8884232311786577,0.975187655235306,9.63203897197063,0.5742800421231309,5.2895536149812745,0.95213865932899,19.478163952294857,100,100
ENSMUSG00000020827,0.37184328193199456,0.30941340761736114,3.9744159732319644,0.12276146879841215,1.180313889032639,2.3720879491458424,55.83631229874372,100,100
ENSMUSG00000020828,0.5815187946099647,2.51192098837765,7.12284588586958,0.07772308564372371,0.9846627804013887,1.3197294333563772,41.74733482083576,100,100
ENSMUSG00000020829,0.49619766048001007,0.3400577523807279,2.861249426103325,0.11423584176296969,1.991042392596837,0.9496170936476436,44.262928366429904,100,100
ENSMUSG00000020830,0.03309279324617743,20.29604744564328,22.654521007058342,0.001,9.301387265510328,0.0018622062048622256,12.579323005422863,100,100
ENSMUSG00000020831,0.17146009652585548,29.391020815445906,21.619960777615013,0.001,0.47903745520449276,0.1661382846534624,149.51743076099973,100,100
ENSMUSG00000020832,0.7185875940218072,0.7213686202914809,3.7330737043300903,0.2692793653914505,2.953988316616625,0.6643468112874026,20.652285195829364,100,100
ENSMUSG00000020834,0.15302395529227644,1.3822947887396362,2.534269152740118,0.004890259140463673,0.45560910061192583,0.4680277231443008,168.13101364913936,100,100
ENSMUSG00000020836,0.05694442563738577,19.4953534398627,18.624041437464804,0.001,5.331806448179066,0.0019156101255020615,50.72152007815617,100,100
ENSMUSG00000020838,2.712723350184565,326.3854149527598,1.0,0.001,13.348747737369603,0.001000000000005072,0.01963509455330009,100,100
ENSMUSG00000020839,3.8964017150337624,492.9812509221947,1.0536946027732272,0.001,16.8154071004134,0.001,0.03813806267167429,100,100
ENSMUSG00000020840,0.0949275679538458,0.2881416249865734,3.9144576125499753,0.009891380432679491,0.2800227538344848,3.860399217013061,204.40564727890694,100,100
ENSMUSG00000020841,0.5812264045483052,1.6666898726089314,3.267858577190995,0.0024253393832051806,1.396487963775106,0.625193434367316,918.1526734112962,100,100
ENSMUSG00000020843,2.8890947262242777,331.1178409982423,545.8883808112207,2.001188125316813,4.7048376651235575,1.0069347015364616,3.0440460493880375,100,100
ENSMUSG00000020844,0.8006751122439544,3.6762752195970676,23.777455114043274,0.4967420029693649,1.114173276512429,3.9236774185092615,10.848076128800749,100,100
ENSMUSG00000020846,0.08720861880975814,0.5030861941170653,1.7933565057707364,0.011608639970395629,0.41588566118002646,0.599294902796236,38.27913641890978,100,100
ENSMUSG00000020847,5.408459408893449,319.9457782990496,1.0,0.3883982887833272,28.747734658722,0.001000000000031611,0.008983474207857708,100,100
ENSMUSG00000020848,8.808849220975985,694.7393450494603,1.0036628878734621,0.001,20.84219264754797,0.0010000000000005577,0.01512340508411773,100,100
ENSMUSG00000020849,4.222949206968456,10.618025911799712,134.7565796012649,3.0486465082611818,7.5677602746937565,5.288004400572261,20.97258850125472,100,100
ENSMUSG00000020850,1.2974667535541748,2.0460338151477813,14.066996803018348,0.7363632929845365,2.799545490452244,2.0598654561651664,18.619153979001943,100,100
ENSMUSG00000020857,6.58531077829741,66.01814669005711,210.0012962581443,3.44801652412014,8.805778639685599,2.1762532374708927,12.621772494034227,100,100
ENSMUSG00000020859,0.4553046304586255,0.2931092577110185,5.924144961873181,0.2665425367774248,1.402252981001139,3.630253238609666,43.011173393772495,100,100
ENSMUSG00000020863,0.13209799631977875,0.24467373530548178,7.118444219641791,0.0351098665465395,0.33142784926256086,8.931102074729626,122.2516972115562,100,100
ENSMUSG00000020864,0.28806472607167977,0.27431016506966255,3.4974177664689097,0.04274175229487136,1.0561835971016076,2.027076954020345,121.73071621077928,100,100
ENSMUSG00000020865,0.14310933716401023,29.69550567301479,28.49855024092936,0.001,0.3292216204046232,0.39874804300603695,151.18575364608404,100,100
ENSMUSG00000020866,0.03788534427437268,0.4035784292411243,3.5431821704516566,0.001004331570359541,0.12110477553778992,2.009579571189143,235.51018886072694,100,100
ENSMUSG00000020867,1.2713990456225448,306.23830823351676,1.0,0.001,6.305865925787028,0.0010000000373372132,0.14735179087492928,100,100
ENSMUSG00000020868,0.8051977957091709,2.662556197247063,6.304200394752496,0.4248921273922933,1.540603616872369,0.9705261666726199,5.300831141461825,100,100
ENSMUSG00000020869,3.0682282144652637,9.206505129873534,44.32971142076307,2.1869545219065447,6.885883998026916,1.6047776030471335,8.435076723401682,100,100
ENSMUSG00000020870,13.604370830780384,696.7224410585208,1.0,0.5631862369107967,28.624745183689058,0.001,0.012454265365088365,100,100
ENSMUSG00000020871,0.08926205377179681,1.3569624304686665,1.6620833769988765,0.002744106908746785,1.0689714985183234,0.02645369784070878,7.183926643345561,100,100
ENSMUSG00000020872,0.27213439610239265,65.36421030425801,1.0,0.001,7.625461549476682,0.001004444642878173,0.08784357071193205,100,100
ENSMUSG00000020873,1.5055643599498407,10.134296323884284,43.786247635348495,0.9776360057684479,2.057993743735323,2.8010922710911723,8.612204904441024,100,100
ENSMUSG00000020875,0.424117342899269,1.1640191343449164,7.9738812079110994,0.07598051718690263,0.6838944996692977,3.5705791722654885,55.61564832469448,100,100
ENSMUSG00000020876,0.2345300081859735,0.17110319140571284,3.174407192941704,0.02629601975835434,1.219453972132527,1.8525485225133727,192.6357525297292,100,100
ENSMUSG00000020877,0.15673519035349887,0.20945055777784755,2.088214789802183,0.001173627614358368,0.8680233785034908,1.0791654543722764,1611.9157826752075,100,100
ENSMUSG00000020878,7.970391172103659,999.9999999997652,1.0517624282932792,0.001,15.948441992290135,0.001,0.01151843163919061,100,100
ENSMUSG00000020882,0.020369773677330817,0.06395672642237911,1.0,0.001,0.5372951340369034,0.3846813543569115,262.49634020632936,100,100
ENSMUSG00000020883,0.40789227880411594,0.3394892856144448,3.3168513151670376,0.05604239096793914,2.7646892628856965,0.7364940877513262,103.84937841777085,100,100
ENSMUSG00000020884,0.03405560512161613,19.265824493289603,33.22816117298896,0.001,1.1451852626226666,0.0018420133405567017,75.7715323780703,100,100
ENSMUSG00000020886,0.4473976292323367,2.579636315859503,6.026461584066658,0.2542802452840146,0.8991959904994921,0.8766604413563845,5.157915793038747,100,100
ENSMUSG00000020888,0.3774167251432147,0.6154367265941182,3.163761196195035,0.0665490136800174,0.8749506750634319,1.5962708558344834,31.401277822367724,100,100
ENSMUSG00000020889,0.4002187085366083,1.0233162751146276,5.751243434835378,0.16447205281451033,0.7260343659727357,2.4263722768012967,17.199220376521623,100,100
ENSMUSG00000020890,0.6929120873771311,166.48605762337863,1.0,0.001,8.057732453799105,0.0010581942692586247,0.31394508112642217,100,100
ENSMUSG00000020891,2.1832285960476074,516.9280954062883,1.0,0.001,7.702283800538348,0.0010235221746254714,0.031463347300909945,100,100
ENSMUSG00000020892,0.022525302673637282,21.67730227136245,24.1452699535224,0.001,4.675572400700851,0.001952847290401804,26.888422016246068,100,100
ENSMUSG00000020893,0.09800052492232589,0.3696599976426849,2.9526345198990143,0.007649996370669165,0.3331394109455186,1.8363487272495622,302.68677442975684,100,100
ENSMUSG00000020894,0.09115312135571978,0.06906018331964216,2.753960850799173,0.0016980859295096609,0.9415599780107153,2.346061698151958,2402.950860173876,100,100
ENSMUSG00000020895,0.3395626478800089,0.6187319148897571,2.1498976456160874,0.0018179023137392379,1.0805300437261454,0.7198601959951509,1061.3416900373595,100,100
ENSMUSG00000020897,0.020444770637494177,0.9944228696242091,10.406873444756446,0.011175335173795736,0.06938901143468901,0.9371621143577422,33.98011761555076,100,100
ENSMUSG00000020898,0.659786470335734,0.8727568402673226,3.0330023897801928,0.02839952096998341,2.0920655797993044,0.6674077111790147,204.6792425232035,100,100
ENSMUSG00000020899,0.4898877551100466,1.3861561982293082,1.6184557797098906,0.009591533654472724,2.4937036862100506,0.13297566954534265,447.78386111455774,100,100
ENSMUSG00000020900,0.38304873354569124,5.011996619730841,13.77366374574799,0.13057835150113395,0.6289751910820801,1.58240788018737,10.301223680922245,100,100
ENSMUSG00000020901,0.020883333262945798,2.1159857954175143,8.933456528783886,0.008476897776959333,0.17855133965350695,0.35320696193906964,13.314485013039706,100,100
ENSMUSG00000020902,0.12590358308259444,1.9575628095267905,8.622761142515873,0.06804702564391074,0.2107963037613475,2.3289115715251603,8.703435643397187,100,100
ENSMUSG00000020903,0.9249696265588558,0.9621030086100127,10.208323672271264,0.5683487896069168,3.37755891657365,1.6120260671358735,19.119993904252503,100,100
ENSMUSG00000020904,0.001,62.31581250733508,1.0,0.001,0.001,0.0021932349758831413,0.15860459019185377,100,100
ENSMUSG00000020905,0.001,62.31581250733508,1.0,0.001,0.0010000000000000005,0.0017427855901502292,0.13580876316089596,100,100
ENSMUSG00000020908,0.001,61.88525872635182,1.0,0.001,0.001,0.001813306808073212,0.17827075784521362,100,100
ENSMUSG00000020910,0.17945678592699751,0.09501150524655474,2.6266714451857083,0.0026899015155045676,2.9117004502854855,0.631834438258446,2232.2514044007767,100,100
ENSMUSG00000020911,0.04658430235872264,10.490043751109694,162.15293905754154,0.0224350147359818,0.09759849441512611,4.562191351319082,84.22710139494932,100,100
ENSMUSG00000020912,0.001,66.84427540036525,1.0,0.001,0.001,0.001826961445097627,0.11683271489224567,100,100
ENSMUSG00000020914,0.08067411652595537,28.9137426968882,302.11757996708434,0.048132552113653346,0.1281569756281004,4.013403108883996,24.394897750924414,100,100
ENSMUSG00000020917,2.095892777654451,5.788941820257439,42.5156899396864,1.5944377802227803,8.640315808470827,1.468858745794867,11.97138721545092,100,100
ENSMUSG00000020918,2.0638198889105746,266.0336981879491,225.387527581132,1.0655831716784085,3.764827665770036,0.476024495824317,2.3479248899557383,100,100
ENSMUSG00000020919,0.7350992858978634,4.014519259477838,14.139331877238698,0.22959856484594598,1.100488311388139,2.14603309653217,19.72652655848205,100,100
ENSMUSG00000020921,0.14187750453063425,0.5306403428396566,3.437794571280888,0.005473071357623787,0.45173320354896745,1.6155872086538023,524.1872638935048,100,100
ENSMUSG00000020922,1.0858702744417916,2.7007109994413687,11.930420638207556,0.5603820064122298,1.9216635186569666,1.9211128539373026,11.337311821130065,100,100
ENSMUSG00000020923,0.5793808789502378,0.9375779129700468,6.470151124045564,0.3515105625243542,0.9369965862780272,4.106662108424009,12.792592975767757,100,100
ENSMUSG00000020925,1.4922025722604466,96.62253813471226,119.28599257097072,0.2741514597655167,2.5661862910141506,0.7212124724518525,19.56394199187759,100,100
ENSMUSG00000020926,32.64700113672665,853.85269998735,1.018278833410968,3.2883751473250955,52.96154559547627,0.0010336227130707258,0.008883171684698224,100,100
ENSMUSG00000020928,0.001,62.31581250733508,1.0,0.001,0.001,0.001614353358008375,0.24196633051846586,100,100
ENSMUSG00000020929,2.462363292690091,7.59573552041433,22.485230285156923,1.4125534123325152,5.804199359201203,0.9579803512477354,7.29873682069395,100,100
ENSMUSG00000020930,0.09079023627329436,18.53947748926958,11.138343927583744,0.001,34.71668263541607,0.001367162614135253,17.80955079549713,100,100
ENSMUSG00000020932,0.001,61.88525872635182,1.0,0.001,0.0010000000000000005,0.0014548739540320536,0.07324086012680972,100,100
ENSMUSG00000020935,3.5184992243263298,103.69808908588352,116.99532518127396,1.1807168831864439,7.958278570321484,0.4950535888591838,8.647704373726626,100,100
ENSMUSG00000020936,1.8534798091418576,2.279935144260751,17.085961563915,1.3554587745064794,4.824685525645016,1.5667108985105886,13.073895457444035,100,100
ENSMUSG00000020937,0.9095057035265521,46.09188632557128,90.96940146405709,0.38069109204746654,1.1841278136019615,1.4962294075703144,7.777399478461726,100,100
ENSMUSG00000020940,0.10788324197699443,8.668415517006032,3.9735873826271075,0.0021383961741874404,36.03316239333167,0.0013732672632673264,7.739742517807777,100,100
ENSMUSG00000020941,0.4293637870614695,1.71120677832029,8.586178416384495,0.2608078363453832,0.6878156844593192,2.7688433433338218,9.905858071622788,100,100
ENSMUSG00000020946,3.2958608710548534,582.1600387951974,1008.2016916949905,2.201907944626016,5.23286303689311,1.0752669244874165,4.163304157269705,100,100
ENSMUSG00000020948,0.9326613046128346,17.52303389621126,5.878817615514382,0.35043285887463715,5.746747717546832,0.05114369235165097,1.1285987580995662,100,100
ENSMUSG00000020949,2.0677633672402953,933.1013900829116,2943.0935238768934,1.628280871038125,2.7470177663741566,2.2587961222666304,4.582673914222245,100,100
ENSMUSG00000020950,0.001,66.84427540036525,1.0,0.001,0.001,0.0016572734205687458,0.26151550556567066,100,100
ENSMUSG00000020952,2.8350838287805917,389.69922979153705,548.6704101583854,1.4905953644900904,3.8501027857896952,1.0214752305815908,4.618353450752676,100,100
ENSMUSG00000020953,0.006451428924480285,0.5395871219421186,33.6400040087748,0.001,3.5972980420348772,0.0017287637699149082,159.09105013931054,100,100
ENSMUSG00000020954,1.0583558019186956,4.029825686879544,19.420396150629557,0.5733353462293016,2.3744940510466526,1.611505003839914,11.705137890534495,100,100
ENSMUSG00000020955,0.3393120099920827,1.0134121956156887,2.547261563999957,0.03786795359092548,1.1013019927492385,0.5496411336722975,50.02802260504262,100,100
ENSMUSG00000020956,0.8792118919025871,2.224910137327187,4.957466521201978,0.29889403818731763,2.2068993757028155,0.7213499151557583,10.58242305045501,100,100
ENSMUSG00000020961,0.12854681198917176,28.85421622299307,33.79877536868596,0.001,0.3745148550306413,0.35639259315749094,202.42203823929168,100,100
ENSMUSG00000020962,1.1032997025206188,14.904673699818641,18.74751750666822,0.10402922953637571,1.944584561486486,0.7854649179547454,35.100669510048775,100,100
ENSMUSG00000020963,0.001,61.674132606755,1.0,0.001,0.001,0.0016570116144599282,0.20095234043168592,100,100
ENSMUSG00000020964,2.6629158309914405,17.696261782863136,56.528399089758125,1.5781230467752612,4.192989911463212,1.8170792651678593,8.252505334694026,100,100
ENSMUSG00000020973,0.30017690925071483,25.829354162230103,8.674643025364848,0.04702374455811645,39.29901180460021,0.0021624820586085246,0.9761663678312696,100,100
ENSMUSG00000020974,0.2803169862764448,28.753428740496684,19.56913089391601,0.009781460460036081,0.6003149778371593,0.1996569675684467,12.194286616703373,100,100
ENSMUSG00000020978,0.9291242224582318,1.9884881915150117,6.961255191583216,0.48410268171171955,5.436280260209637,0.43035897540339685,9.532228058948466,100,100
ENSMUSG00000020982,2.076940806815589,2.7182057395162462,11.316627512462757,1.2755414168122432,5.883840519828,0.8594824786547477,10.024515191415643,100,100
ENSMUSG00000020986,2.2356448466748713,3.8808412215901282,27.870033934283295,1.377298479428218,5.641453672244632,1.844994420615413,15.099144831593431,100,100
ENSMUSG00000020988,0.3611572042956777,1.369888474718932,3.181430202137203,0.019098453116414067,0.798436250861995,0.752701694139539,293.2672242859354,100,100
ENSMUSG00000020990,0.0062632547079384225,0.06054707535800961,1.1413145835164995,0.001,0.28815872431659056,0.2742777616399157,118.44549305846257,100,100
ENSMUSG00000020992,0.001,66.84427540036525,1.0,0.001,0.001,0.001711456199800942,0.14748196693422458,100,100
ENSMUSG00000020993,1.8055845951621334,3.145961611267518,16.776206523972995,1.2103387085221615,4.792152404727824,1.2521210668678964,9.545553936771142,100,100
ENSMUSG00000020994,1.1254925094350283,0.9747025925291333,11.463928801873951,0.5250544597122542,3.500167649653803,1.824888140505442,37.22169514670833,100,100
ENSMUSG00000021000,0.7124290301191037,0.6505115188666344,3.9843285695769457,0.17948228196496896,2.872068906853229,0.8571378400891847,39.98022556574071,100,100
ENSMUSG00000021003,0.8032241971060908,1.7707864682712386,4.797152825435499,0.2302402536615268,1.741367389632743,0.813206292478325,16.265211154437285,100,100
ENSMUSG00000021007,0.7755051423754212,12.59121751791629,7.296834841410222,0.2823375589943458,3.040204889726664,0.1279314444431262,2.2056637043012164,100,100
ENSMUSG00000021009,0.6314297470899695,3.6723369990798775,4.290115444947084,0.25591583939357676,1.2103332101674025,0.4856604974733327,4.215302238466094,100,100
ENSMUSG00000021010,0.011187133063416285,18.942396974879557,21.607065875177245,0.001,7.990393115097722,0.0010328453224221603,10.3676070937296,100,100
ENSMUSG00000021012,0.9990738583411496,2.014916237135587,3.8481797987560262,0.0035094513428669616,1.5890386005241035,0.8162490658142383,1370.7412351699718,100,100
ENSMUSG00000021013,1.1186731307741815,33.06262621124595,10.441417363764488,0.2504736595849675,7.66981465434549,0.06585042791740789,2.113157364761392,100,100
ENSMUSG00000021018,3.1064137507942635,196.56986029545573,180.92424411815355,1.0917389313410104,5.061145901705396,0.6061827510901269,6.953537689765426,100,100
ENSMUSG00000021022,0.06380513424985355,0.11069988005800292,3.019222978074652,0.001,0.34555558750337023,3.2960549572120668,2182.288116431552,100,100
ENSMUSG00000021023,0.37897070684758855,1.1896530879922431,1.490262697397955,0.04576465326244765,1.7601454907027467,0.20824029562489207,13.670339606534796,100,100
ENSMUSG00000021024,1.5126243312633751,2.5801469469049576,21.97555032498277,1.1370280691045234,2.8212909379893487,2.8622507414756884,12.86573538154191,100,100
ENSMUSG00000021025,1.1823141392056293,256.7842023811005,1318.6466215245396,0.9741359533269817,1.8144501909608453,3.2489327398494563,6.474240227595018,100,100
ENSMUSG00000021027,0.39231399300674585,1.0855831959971247,3.252783766130095,0.001,0.661204407322753,1.390137403779366,1948.1536244502645,100,100
ENSMUSG00000021028,0.12158909832788035,0.08468182156296396,1.5821859356213601,0.004103239054763722,2.155374533787133,0.5529234768093563,835.2362394104113,100,100
ENSMUSG00000021033,3.049384505585977,13.804158839761316,14.890806564105933,1.0837935014063116,7.014885264121334,0.37903284200146936,6.290361455050075,100,100
ENSMUSG00000021036,1.367362282398228,8.344112173394114,34.65075595602193,0.9240930036254303,1.9183765862421285,2.5390591529162405,7.743798428308045,100,100
ENSMUSG00000021037,0.19171883734062006,0.520050599825524,91.68219480675226,0.001,0.3825057910687573,0.03669357907195235,273.9430866589851,100,100
ENSMUSG00000021038,1.990267671378861,13.019092212620617,17.690363462429147,0.9979817176700052,4.173358952186881,0.5717679842892486,4.376395675602491,100,100
ENSMUSG00000021039,1.5379117734943122,1.9783240261835704,12.345032560542004,1.0225803812736707,4.352151798053278,1.257672397939749,10.953764247236975,100,100
ENSMUSG00000021040,0.18107742478462363,0.28154699843255476,32.143418958626384,0.0017513358685981753,0.39253785665036045,43.45290735741975,14933.976207181211,100,100
ENSMUSG00000021044,0.10467768971140964,0.16696413143935054,2.119945482799949,0.001,0.6739548530543169,1.2046943150363925,1445.4221157212937,100,100
ENSMUSG00000021047,0.06311107743559734,19.256858635791257,7.876179026066206,0.001,24.309288826647226,0.0010110119528057068,1.9251441448798228,100,100
ENSMUSG00000021048,1.236627637301995,418.26310455756214,1072.300017112955,0.7635766830837535,1.6746105373822862,1.7911072776506258,6.194872586191805,100,100
ENSMUSG00000021051,0.100860704589111,0.13082791599386523,6.320879344460369,0.023710379444012573,0.3538590628244864,10.079529020108131,227.34582905302756,100,100
ENSMUSG00000021054,0.09062539420180202,0.20254515428395548,6.490209094314654,0.001,0.22426138327851886,9.786915374894255,3662.9530923240713,100,100
ENSMUSG00000021055,0.9500391800905752,225.60944612728096,1.0,0.001,8.397851838466325,0.0010050700098708349,0.178681270457644,100,100
ENSMUSG00000021057,0.009967067114195757,22.134244148990888,54.17822007608701,0.001,1.8887998277288682,0.002201250770160021,50.771446392548924,100,100
ENSMUSG00000021061,0.001,66.84427540036525,1.0,0.001,0.001,0.0014066871471504945,0.08475900894715241,100,100
ENSMUSG00000021062,0.08309421207047434,18.787930889055602,9.449136424487762,0.001,15.471771441566464,0.0014746288382977485,2.006813130331603,100,100
ENSMUSG00000021065,0.6131266224672725,1.3620479859845962,3.655166749960835,0.23845132177756218,1.8414352672826597,0.6603410262268836,7.993428427000522,100,100
ENSMUSG00000021066,0.08363554168848478,0.8116274415769963,1.0,0.044017517489540525,1.0899826766640357,0.0772782840838547,2.168937143549459,100,100
ENSMUSG00000021067,0.10414596567187343,0.21585119777773887,2.7898049258036504,0.003304654695410682,0.43633546562959613,1.7876906041773188,425.90058222931384,100,100
ENSMUSG00000021068,0.003071928903407465,0.0026217195251484046,1.3763195412411433,0.0010049094949349064,0.9833468126044353,0.8056961805912295,1269.6442245833948,100,100
ENSMUSG00000021069,0.12178961341934735,0.5353486419733859,5.425827144341049,0.0609532214708724,0.2569907819997435,3.7762433182387047,24.83915762255721,100,100
ENSMUSG00000021070,0.2766925012943825,2.2667248514088776,26.483553204979344,0.2117518759114713,0.39281219900827646,7.374443459180767,17.623984588821678,100,100
ENSMUSG00000021071,0.001,62.31581250733508,1.0,0.001,0.001,0.0017210739669046224,0.07412551548590976,100,100
ENSMUSG00000021072,1.8859558861154058,2.616515796268232,31.289149170063357,1.2337839113652338,4.235653566514627,3.1218213391106167,22.453236344334698,100,100
ENSMUSG00000021076,2.6807012806896933,5.8224888391678435,37.01297861165698,1.9263012206554655,7.5434795031679815,1.6023447087569669,12.145542048443467,100,100
ENSMUSG00000021078,0.001,61.88525872635182,1.0,0.001,0.001,0.0014973412335346323,0.056604844343629515,100,100
ENSMUSG00000021079,1.6142857213365291,11.529588680349494,22.580309944591267,0.7149214104557031,2.48105139168969,1.184193211470659,8.550401327608176,100,100
ENSMUSG00000021086,0.001,62.31581250733508,1.0,0.001,0.001,0.0018796706821481812,0.31142617824763075,100,100
ENSMUSG00000021087,1.4275905501715376,345.13246017114864,1.0,0.001,13.715246491131804,0.0010000038582970404,0.05916223253722876,100,100
ENSMUSG00000021090,0.001,60.80878088638715,1.0,0.001,0.001,0.0019606459008296097,0.196439486934296,100,100
ENSMUSG00000021091,0.10720748097295309,44.03491394216622,276.3299000703686,0.044017697085264804,0.18577677701114603,2.415671923266287,14.666192708528474,100,100
ENSMUSG00000021094,1.3221994268861252,3.1028577649456888,15.77947696921484,0.7546862575809421,2.753851556786951,1.7223278385924308,11.501601416253802,100,100
ENSMUSG00000021095,0.001,62.31581250733508,1.0,0.001,0.001,0.0019202764618447706,0.3300377012915457,100,100
ENSMUSG00000021096,0.861265383915613,2.361024086328164,19.42269290859126,0.6227180635616021,1.614062788733789,3.087210836013343,13.678713944650614,100,100
ENSMUSG00000021097,0.07264412863749276,16.71121326529043,29.940020595866244,0.001,0.1237363358209507,1.0197369003463685,177.46815084287982,100,100
ENSMUSG00000021098,0.018866279055736096,17.378964925081977,49.10179508627616,0.001,0.2772761627016977,0.005466033871946554,90.83157614095742,100,100
ENSMUSG00000021101,0.001,62.31581250733508,1.0,0.001,0.001,0.0013444900167670756,0.3433370710894335,100,100
ENSMUSG00000021102,3.5301474343774237,449.47646444645267,466.3349882455019,2.122942338686653,6.082458886122274,0.6006655130938516,2.339816092768045,100,100
ENSMUSG00000021103,0.6462548098572265,1.0298031262481235,6.98768834867288,0.25932634431014445,1.321687672451926,2.159514704015486,24.330715683283245,100,100
ENSMUSG00000021108,0.2653334974917973,32.745050555616494,17.459907349987482,0.0035000526712104033,0.9802172470380279,0.10569377904748775,37.54908843311049,100,100
ENSMUSG00000021109,0.0857720401155716,0.21262532038166243,94.64546332849801,0.001,0.4409540026160788,0.08196184373635851,24447.74706483557,100,100
ENSMUSG00000021111,2.4405497802379243,11.695697661985047,34.345907554228035,1.4831545348696036,6.3061052291270245,1.0280843419828591,6.698657302475278,100,100
ENSMUSG00000021112,1.1950817873818254,11.521820911834435,13.948200662656461,0.08165551860228477,2.7613320915446864,0.4881091549105726,74.86516143698003,100,100
ENSMUSG00000021113,0.2051997895497414,0.3918054434580365,3.710369887171675,0.07580658939169119,0.438032504169661,3.868569647852209,30.569524011371463,100,100
ENSMUSG00000021114,1.7832134545250116,2.688488788115419,20.124019991300717,1.268736046703269,4.343319558343206,1.905930718483421,11.472720556814021,100,100
ENSMUSG00000021115,0.26574658738996915,12.701900594446398,30.070551843275723,0.1514971273410226,0.39094568477840497,1.4131040110176651,5.168189098993823,100,100
ENSMUSG00000021116,0.1178512260815394,0.3874365518475595,52.40953659373234,0.052622785133350156,0.19427452330722433,72.67222508000566,267.9841172257335,100,100
ENSMUSG00000021118,0.03592729741442934,18.49401533726095,117.83865082199549,0.0026145695518896665,0.24771752885621415,0.5068270036235132,66.94645464927311,100,100
ENSMUSG00000021120,0.6851486759383763,2.1929880071884007,4.951413400986375,0.21639024864754283,1.3911274629167718,0.8532410586865378,10.946475842649342,100,100
ENSMUSG00000021123,0.06162537243793576,7.044422623612489,6.423706744755151,0.001,1.8714716070157102,0.0016986008747626176,81.53597707060334,100,100
ENSMUSG00000021124,3.580423732376964,7.043615900133628,62.36326880758768,2.2372915914685114,6.87908907568575,3.187071678736797,17.696175499905046,100,100
ENSMUSG00000021125,0.013136878201563743,21.4207721067332,33.713012412048364,0.001,12.590251560820112,0.0010000000000221507,13.005838742045059,100,100
ENSMUSG00000021127,0.9792434172595097,4.412015448382398,34.9800539275459,0.6486714388021206,1.865437873943916,3.4651241558826444,13.586050126312397,100,100
ENSMUSG00000021130,0.04453098673804239,11.7711830165061,15.561498919819849,0.001,24.928645960083287,0.0011637431048348206,5.096065725284205,100,100
ENSMUSG00000021131,0.08389634742275737,0.2401272715047178,101.89154602765258,0.001,0.001,0.007981310382299853,1.3442631966963912,100,100
ENSMUSG00000021133,0.21517466530907925,0.4199175709313196,4.109474931478949,0.1175365271362007,0.44383525311153527,3.989251254926887,18.794997132925566,100,100
ENSMUSG00000021134,1.335426564497165,2.103182574961986,38.40513382240319,0.83639089014759,2.8263286783267487,5.596625687781596,41.39572922304163,100,100
ENSMUSG00000021135,0.001,62.31581250733508,1.0,0.001,0.001,0.00176208381360019,0.06963575778509026,100,100
ENSMUSG00000021136,0.001,60.60768216058454,1.0,0.001,0.0010000000000000009,0.001909200684576208,0.1585352979351528,100,100
ENSMUSG00000021139,0.2528946735700933,1.8471583874974038,2.587406670753422,0.0022908428437527373,0.5091685335287082,0.5709688352022777,187.27344478411726,100,100
ENSMUSG00000021140,1.067460978134471,3.9810369648623145,6.921025884460383,0.023277215773987316,2.344366111334352,0.6246854887225854,247.26783659043537,100,100
ENSMUSG00000021143,0.22360149274563734,0.6076628361544207,19.17212115271638,0.12741422498957983,0.4175901289068207,13.491465435048063,51.07947304734298,100,100
ENSMUSG00000021144,0.02956174796829323,0.03947669650690523,5.787037802987605,0.001,0.1518588687328457,26.834281559899278,3875.741222704598,100,100
ENSMUSG00000021147,1.1987608391100093,24.13271522962504,16.133561143942163,0.05921945096502195,1.8303594843954392,0.3944920827892999,43.08243348819975,100,100
ENSMUSG00000021148,0.001,62.31581250733508,1.0,0.001,0.001,0.001467370981209991,0.0934813046073071,100,100
ENSMUSG00000021149,1.2320028758587407,1.8067638985230128,8.96755980702389,0.658960766490627,5.367305931666879,0.6882005424825617,13.35740620278083,100,100
ENSMUSG00000021156,1.6904543773259622,166.61533749425436,207.8382514427002,0.6927780841791595,2.23742413343078,0.9624185238830828,5.401046224291343,100,100
ENSMUSG00000021171,1.6381550275936458,18.311436171457693,20.245365032211655,0.6563371300434007,2.831877497104463,0.6026072312480104,4.853586243729557,100,100
ENSMUSG00000021175,0.3033854376537396,6.853134386026109,19.893146796191154,0.17076017472430433,0.4264342631444312,1.637969369587129,6.45261838201049,100,100
ENSMUSG00000021176,13.91221752258181,466.54101164544534,1.0,0.001,38.49795042262353,0.0010000000000104725,0.008982549961673813,100,100
ENSMUSG00000021177,1.0657980101643898,10.623058022569086,17.29927450406925,0.3271213965108253,1.7404876486439291,0.9559418649198096,9.028613917276605,100,100
ENSMUSG00000021178,1.8359851609042754,3.8790801646873145,36.935425468018884,1.2782064761846195,3.843767037848001,3.0479189882687816,15.641107424657442,100,100
ENSMUSG00000021179,0.43555545206902013,1.828276221143648,2.0606049723139623,0.05265467907579974,1.0420006246781093,0.3464641730356647,14.82926310004904,100,100
ENSMUSG00000021180,0.16413282057647496,17.91482545564976,6.012993419362514,0.012231274001020847,25.062073413027576,0.0015558499834527392,1.904301646299839,100,100
ENSMUSG00000021182,2.0813166845897446,503.1765750646759,1.0,0.001,7.464830761058359,0.001004647751011302,0.22001455474045492,100,100
ENSMUSG00000021185,1.0265026629130383,3.8985633012493053,7.706119812006804,0.20215257494984934,2.0071399842060207,0.8917248612329315,12.053227755723636,100,100
ENSMUSG00000021186,1.4102183316941046,75.00521071697368,880.7022297897573,1.0391298986205624,1.890217677357745,7.945824221048587,20.59110262285976,100,100
ENSMUSG00000021187,6.609982056772674,530.215503003513,1.0092636594288205,0.001,24.149302476271274,0.001,0.009006963932683056,100,100
ENSMUSG00000021188,0.4876905650322226,0.427848707842558,4.746966721059281,0.24413822049427442,3.588731207919999,0.9062015694580451,30.714746916507032,100,100
ENSMUSG00000021189,0.22182191705436324,0.2877889824133354,2.1423368456265703,0.002401097826686912,1.1135446917436194,0.8427743667750851,1019.8535260837051,100,100
ENSMUSG00000021190,3.4840858337517324,53.932074019595674,195.2941083349012,2.2663522603830275,5.206338237170016,2.2033663967253263,7.289489735388174,100,100
ENSMUSG00000021192,0.4035315140432043,0.3846350898977333,2.0519986421339094,0.010720895706072604,1.8360754129297288,0.537096551562125,359.8425447667831,100,100
ENSMUSG00000021193,1.9148004230144435,12.66357928368347,18.26572524575311,0.9069621672762587,3.853084114733245,0.6562212599038497,5.6123733399702385,100,100
ENSMUSG00000021194,0.001,62.31581250733508,1.0,0.001,0.001,0.0016159714387714626,0.2663295166098156,100,100
ENSMUSG00000021196,0.5503922161410706,16.632636549170776,93.24041086632546,0.4014608808889799,0.726504567771028,4.014120160109673,8.529787765290003,100,100
ENSMUSG00000021198,1.2942464081253242,312.7073817864961,1.0,0.001,6.154756209327234,0.0010827239220321315,0.06205585490252302,100,100
ENSMUSG00000021200,0.016128390754575825,1.374230737907003,3.956006401060127,0.001,19.98813131904079,0.0010833223227576954,16.531506381275044,100,100
ENSMUSG00000021203,0.015764988755183142,0.016666363284931988,2.044384507872606,0.0010005051496011347,0.684812095509959,1.6090226111091441,2018.2729615707344,100,100
ENSMUSG00000021207,0.001,62.31581250733508,1.0,0.001,0.001,0.0015095740558824277,0.07834805424715584,100,100
ENSMUSG00000021209,2.9054273164315245,691.0128784415205,1.0,0.001,5.271826093095416,0.001492688472791806,0.0595217383643796,100,100
ENSMUSG00000021213,0.052403962417678,0.6226303158405038,5.057282556785597,0.00581999050548274,0.1571247544652598,2.226686417650413,76.7459447613802,100,100
ENSMUSG00000021214,0.0160226843197701,9.006445391904071,85.99889950871788,0.001,0.04300373104814664,0.014640672840860878,178.50937467553666,100,100
ENSMUSG00000021215,0.38467887117561284,1.65873375614644,6.990129286461142,0.1460492824567285,0.6504181090268968,2.097247523796682,15.612829662794027,100,100
ENSMUSG00000021216,0.001,62.31581250733508,1.0,0.001,0.001,0.0016909165150435362,0.2908752027202688,100,100
ENSMUSG00000021217,0.3415907165121804,3.6483870336696107,4.280876923303265,0.001,0.5459535915510259,0.7167594449862489,653.1809646528893,100,100
ENSMUSG00000021218,4.644447063405199,401.0774215387022,1593.7455063314783,3.5540077030317745,5.781866623369698,3.0438533559028174,5.784951633307534,100,100
ENSMUSG00000021221,0.001,61.88525872635182,1.0,0.001,0.001,0.0022724561789960254,0.2618082864929547,100,100
ENSMUSG00000021222,1.1500079860627757,361.43515745457574,517.2637554698426,0.6053198739973766,1.9094098978802032,0.7755457903459149,4.7035722197133385,100,100
ENSMUSG00000021223,8.13725295345881,999.9999999522702,1.0196461662704788,0.001,18.98893435333369,0.0010000000000265983,0.043640006022917344,100,100
ENSMUSG00000021224,0.5576352791265047,0.41926711099881364,3.5383581167245364,0.09432088013108264,2.3543039344853995,1.0909225713907817,115.10775283304355,100,100
ENSMUSG00000021226,0.08172695986968762,0.47321238510210323,1.8713504895380435,0.029315956444287097,0.34408341151054966,0.8208180920639729,12.816533968154218,100,100
ENSMUSG00000021228,0.001,62.31581250733508,1.0,0.001,0.001,0.001664850844086002,0.45528361829425024,100,100
ENSMUSG00000021234,4.049779277943568,44.78141472069191,1.0006488985619986,0.3538235508465261,87.22659214721693,0.001142108477776679,0.21104463099270435,100,100
ENSMUSG00000021235,0.06889268035697761,0.04905968657948373,2.219377592702596,0.0017407233882257593,1.0125984724961414,1.6822394572163082,2083.4830113863654,100,100
ENSMUSG00000021236,0.244229123282398,0.25181304272891714,2.1701990848012707,0.02182927832800767,1.3105381801103246,0.9048077986070155,414.35337124322166,100,100
ENSMUSG00000021238,1.084644915019445,175.39154764510425,173.72716436566265,0.0017902912463151244,1.408754359640684,0.8067819571054071,1586.7623861464067,100,100
ENSMUSG00000021239,0.001,62.31581250733508,1.0,0.001,0.001,0.0016593664693393716,0.14208849882324137,100,100
ENSMUSG00000021240,1.2620015404805744,188.97681297030982,392.114540115825,0.6505888751398134,1.704571958781954,1.4111181265189665,5.524044587182185,100,100
ENSMUSG00000021241,1.5034429385500636,2.4024048507699662,11.969232374980193,0.98606976868657,3.355557967420606,1.3318466580546189,11.513281646413326,100,100
ENSMUSG00000021242,3.3337497263408524,47.75882705540172,1445.5447184855925,0.001,4.387745612647629,0.1405779889612292,3082.3985623082012,100,100
ENSMUSG00000021243,2.0270074571955163,5.883368520283649,20.798023690294958,1.1786392628301559,3.438721477056033,1.552751129039696,9.523147197958743,100,100
ENSMUSG00000021244,0.059976107459037836,0.05778621701006879,4.322962757750728,0.001037395608064685,0.18946073992106194,16.30048272210707,3971.0189740346464,100,100
ENSMUSG00000021245,0.20734619561907477,32.85491289075079,18.979389463820596,0.0011278032466414082,0.4609193247926455,0.1526474975759377,82.85293332479435,100,100
ENSMUSG00000021248,2.8795162037823783,8.297608189024754,59.21040059235733,1.8878043253404915,4.861785689675067,3.177698865738011,13.165336322596861,100,100
ENSMUSG00000021250,0.025461393646013485,6.153909485902003,141.91023085321032,0.001,0.09946970574228639,1.3615454218139798,207.34265124739608,100,100
ENSMUSG00000021252,2.3469447639907295,967.1072931028591,3196.195656101743,1.6916511649160544,3.2983805181900676,2.2623488820199644,6.253336882910505,100,100
ENSMUSG00000021253,0.8992086146229282,999.9999999498377,7357.312939195173,0.7500864378137756,1.4154612357779055,4.215472970968014,9.30281221369301,100,100
ENSMUSG00000021254,0.8158153517329338,19.890139947795916,17.033886475457937,0.026444507602129068,1.4765848181395698,0.42121148987260437,48.33376387694269,100,100
ENSMUSG00000021255,0.001,62.31581250733508,1.0,0.001,0.001,0.0017884781469386145,0.20552106823688343,100,100
ENSMUSG00000021256,0.001,61.88525872635182,1.0,0.001,0.001,0.0016218135044290853,0.6005216582815507,100,100
ENSMUSG00000021257,0.14194974175842157,17.92309090244,9.6892575156914,0.0020123196860714703,0.8111673589945059,0.07680755968086916,26.83523846405111,100,100
ENSMUSG00000021258,0.137154440826906,0.09487564110291252,4.066070577942671,0.007029217967555831,1.0274327287160587,2.1366306174331946,1029.6231030120668,100,100
ENSMUSG00000021259,0.18719920627867156,33.35704568588058,18.647271479504237,0.001,0.4237521961489801,0.08644131272110936,68.44098683546355,100,100
ENSMUSG00000021260,0.22897447191369644,1.8287386260223277,20.03684517715237,0.1524267784312664,0.30850988784328937,7.1143442718311185,18.100139305104562,100,100
ENSMUSG00000021262,0.3430640357397596,0.47487475160387443,5.404404056314709,0.15861706931481045,0.6597169600111887,4.312079941530488,27.72622620292535,100,100
ENSMUSG00000021263,0.001,62.31581250733508,1.0,0.001,0.001,0.0017930975202420504,0.09254796726382813,100,100
ENSMUSG00000021264,1.0380651246989843,1.6951152685693587,8.712866467056138,0.6163863692800569,2.506406829266724,1.413369461075141,10.907660632299775,100,100
ENSMUSG00000021265,0.23234037371719865,3.289779404047109,6.579639931842757,0.059597888064425036,0.41703711002286403,0.8787475640793323,10.387896888936115,100,100
ENSMUSG00000021266,1.8291741685047977,1000.0,2514.672428855466,1.287967837875831,5.3844127752011754,0.9244405991463082,4.672244824769214,100,100
ENSMUSG00000021268,0.1538280388677041,2.1404853503936896,212.4463144023104,0.00966264586019304,0.18909064770150713,78.47550450885585,42189.3610724789,100,100
ENSMUSG00000021270,2.3547847736616467,6.58995933386914,105.71809924386461,1.5877029987852591,5.537620067393345,5.351184948063126,31.32405437776854,100,100
ENSMUSG00000021271,0.4279053110855404,1.0810205383408409,2.302008244302808,0.11698227349951579,1.7160586859444513,0.3413375500550139,9.440319951849762,100,100
ENSMUSG00000021273,0.9043390752697495,2.965282997624712,34.04146116137661,0.7293066785945739,1.393201172558007,5.789613197682478,16.125381012273444,100,100
ENSMUSG00000021275,0.7026103477378011,16.11688677613376,23.370271718676904,0.35471722313645854,1.1002249891113436,0.9470352338158181,3.767025138516577,100,100
ENSMUSG00000021276,1.355883687453162,7.333178468774342,16.494590304760774,0.755381608369764,3.139393426606018,0.8233598429415916,6.005461361441203,100,100
ENSMUSG00000021277,0.567348086339392,0.7431916033016569,3.8845821939826424,0.24244699514119655,1.590516999883985,1.1910640856233807,18.27436502642693,100,100
ENSMUSG00000021278,12.541028558755599,998.6851439624076,1.0,0.001,21.005637357855385,0.001,0.017284783459622748,100,100
ENSMUSG00000021279,0.2775037462808354,0.13654171117532998,3.1545947348419343,0.006104398420945012,2.268199507419066,1.2215389279174274,1572.7213593385777,100,100
ENSMUSG00000021280,0.08159376073285937,0.24064158153628082,3.044878775465974,0.001,0.28987068943599414,2.477541955459408,1076.4819471052713,100,100
ENSMUSG00000021281,0.11120152815669036,0.39099810471040003,18.423845807468826,0.029882387147845232,0.1761720593679154,29.141426823971507,193.9146187926819,100,100
ENSMUSG00000021282,3.287028225713813,75.5466043874336,244.02049460492668,1.734274423030333,5.252854913847013,1.94881981771357,10.94829046982165,100,100
ENSMUSG00000021285,0.11148773899700293,0.41836834125082206,1.0,0.05640092425944165,0.8592714122528828,0.22614926105374153,4.9032707553978305,100,100
ENSMUSG00000021286,1.6229516542064408,24.421720189313938,56.48369043974557,0.8368148800285684,2.268002345989701,1.60378666498669,6.910017129982675,100,100
ENSMUSG00000021287,0.06946659411251463,18.9497439681958,16.005837415788406,0.001,5.176141084509782,0.0015777630867371177,48.69705745937323,100,100
ENSMUSG00000021288,1.9695787134822742,4.022349538572932,31.01551207722521,1.3767016187980095,4.094012147773659,2.482052804069559,13.34980377402082,100,100
ENSMUSG00000021290,3.7124770310676087,8.39201954242431,64.99440127908072,2.4899580362817892,6.854130887777735,2.943362199807899,17.98569886273414,100,100
ENSMUSG00000021294,1.9436899174801565,467.0695388708544,1.0,0.001,6.233631372479767,0.0013003018613961326,0.04250786472324748,100,100
ENSMUSG00000021298,0.001,62.31581250733508,1.0,0.001,0.001,0.0016823485158866452,0.5261354272247296,100,100
ENSMUSG00000021301,0.001,66.84427540036525,1.0,0.001,0.0010000000000000005,0.0017287323182884839,0.19219372197046658,100,100
ENSMUSG00000021302,0.3353039086890482,0.3635875348656903,2.3204062647968096,0.008018933190868247,1.6411277720764315,0.8153965554660929,341.6117842468487,100,100
ENSMUSG00000021303,0.013135793673053037,21.595523712433497,33.988171095894245,0.001,8.759671650383643,0.0011190361889227812,31.10841052087435,100,100
ENSMUSG00000021306,0.38677144776932926,1.1639013663775857,30.077875322542635,0.26005626027788065,0.6059975724945528,13.381798780942937,42.161097210477365,100,100
ENSMUSG00000021311,0.1989121451306267,0.9034895709994765,3.137183310685815,0.0010042328036332937,0.4997099916049202,1.1897888443823255,871.9997477499194,100,100
ENSMUSG00000021313,0.010989258841787145,18.925718068293893,21.609603954758526,0.001,5.67980977510255,0.0011683805166171628,2.9051780788574706,100,100
ENSMUSG00000021314,0.001,66.84427540036525,1.0,0.001,0.001,0.0017879977389322493,0.16561697108536963,100,100
ENSMUSG00000021318,0.058781608271947575,0.10006958967832388,1.314774994010177,0.001,0.7468442929435977,0.7186028816214259,988.9896076140001,100,100
ENSMUSG00000021319,8.37290870005554,1000.0,1.0,0.001,15.78374283294481,0.0010004224206440987,0.023397970022871376,100,100
ENSMUSG00000021322,0.001,62.31581250733508,1.0,0.001,0.001,0.0019029666002589286,0.13023250670329278,100,100
ENSMUSG00000021326,0.5057575712784071,1.1005100862834643,6.921443108539225,0.171080885640586,0.9195122443411472,2.710212479945289,27.329106320931075,100,100
ENSMUSG00000021327,0.2608575269662676,0.24403184821358237,2.7920584333027354,0.01666242052868331,1.0813732617594731,1.8762713760636394,250.12956982174717,100,100
ENSMUSG00000021337,0.001,62.31581250733508,1.0,0.001,0.0010000000000000009,0.0016499169918190127,0.4450147995270931,100,100
ENSMUSG00000021338,0.14404930957532158,0.2829161119070919,1.4427900615459563,0.0010004247334971387,0.9718140922928726,0.4389245488423027,1039.0518497922494,100,100
ENSMUSG00000021339,2.277297864989048,6.389135683028108,5.169496181379563,0.8332787640236434,5.9109380273744305,0.23826893484762685,3.2148836422404363,100,100
ENSMUSG00000021340,0.20661201376641403,11.456567214864544,2.332231979486611,0.034287710411884886,40.76100389121875,0.0010706768268135339,0.6454250171725797,100,100
ENSMUSG00000021342,0.001,62.31581250733508,1.0,0.001,0.0010000000000000005,0.0016506498580996253,0.6563969030394546,100,100
ENSMUSG00000021347,0.001,62.31581250733508,1.0,0.001,0.001,0.0018820249200761539,0.21146049299345548,100,100
ENSMUSG00000021356,0.001,62.31581250733508,1.0,0.001,0.001,0.0018530657172963973,0.11221522774298617,100,100
ENSMUSG00000021357,1.5247193323279158,2.638770023155581,6.408718992801957,0.4723771800077754,3.6558863249986757,0.6251075328659845,16.25023268829608,100,100
ENSMUSG00000021359,0.022981430948910253,20.602425291477903,14.981963186848327,0.001,12.002764297623663,0.0010000000000117085,17.729780428629937,100,100
ENSMUSG00000021360,0.2070171471558961,26.69211859255703,27.993381583583243,0.001,0.4248925385439217,0.48652426507250396,302.13878739205427,100,100
ENSMUSG00000021361,3.7670946097618025,32.50008830503953,54.63431809073302,1.8733161782773855,5.843793698351227,0.9630318016993935,7.039444370996229,100,100
ENSMUSG00000021362,0.001,62.31581250733508,1.0,0.001,0.0010000000000000009,0.0016761947063928908,0.3221680948579836,100,100
ENSMUSG00000021363,0.001,61.88525872635182,1.0,0.001,0.001,0.0023044079552685367,0.24133773008903825,100,100
ENSMUSG00000021364,0.001,62.31581250733508,1.0,0.001,0.001,0.0014119732007765863,0.2904729268770677,100,100
ENSMUSG00000021365,0.3729473059690639,133.01750380751363,410.40734174453524,0.22799410021690292,0.4709738876033579,2.289823680924072,6.459024440666253,100,100
ENSMUSG00000021366,0.39567412084392767,2.5369075103874565,4.43719184457462,0.20454623804406766,0.7700996028355602,0.754223071658154,3.958244176958588,100,100
ENSMUSG00000021367,0.013684696043345535,0.665382718599397,8.565769357969934,0.00119544231309918,6.394502379447766,0.0024510512274452563,77.19920347155971,100,100
ENSMUSG00000021368,1.3994653711463028,1.1718729234823586,3.8192673148124583,0.16735495369945613,7.613573166510744,0.28141628059008367,65.07496623987942,100,100
ENSMUSG00000021371,0.4101199833589123,31.760735123722935,19.925838222516823,0.00509994177049587,0.7848764534887689,0.35398273488997867,129.8587242508101,100,100
ENSMUSG00000021373,0.1729945364201158,55.23976914164828,133.52122441238046,0.0682348955419351,0.27391625083036064,1.1602272626372971,6.529411807026431,100,100
ENSMUSG00000021374,0.5651376533730323,1.2400297233836188,3.2663182124327226,0.08324225361976725,1.4630645113927359,0.6567637177232604,30.454743830189557,100,100
ENSMUSG00000021375,0.6841156839937377,4.471403266779324,8.091443381393997,0.27819088385143925,1.1373108508096301,0.8561881853160702,6.199441452898205,100,100
ENSMUSG00000021376,0.9384241142287103,3.985127840079237,4.624418138866468,0.29458343665902587,2.38392034974956,0.3822428440126765,5.5844330401133995,100,100
ENSMUSG00000021377,1.1823814898252387,310.4719181066413,245.78331963431634,0.5316679840562388,2.010279704128537,0.4385868219452465,2.5936531872998927,100,100
ENSMUSG00000021379,0.04282139235889055,0.3506983575164163,12.646501966290282,0.006997765810738143,0.07975517265637105,14.689245196147057,225.0910338830999,100,100
ENSMUSG00000021384,0.001,62.31581250733508,1.0,0.001,0.001,0.0020919015935805356,0.07715968819995475,100,100
ENSMUSG00000021385,0.29756740140898313,12.090709391079445,62.93068828115189,0.001,0.44788802231715197,3.8544696842086332,2628.269616329806,100,100
ENSMUSG00000021388,0.05246072484542768,2.1847211204732213,15.872702720966606,0.009612734363308412,0.11336638004304367,2.533927364768374,49.36995249367115,100,100
ENSMUSG00000021390,0.2571439142253976,32.69271095788303,189.41760675333617,0.0982308448522802,0.3141283790543389,4.601540098006006,16.35307564643879,100,100
ENSMUSG00000021391,0.045793436214664744,1.9682924287585577,9.09139946532759,0.0013129647876318161,0.11044627772169208,1.216821873098422,146.11330124593917,100,100
ENSMUSG00000021392,0.321303119170436,0.47820388845884054,2.2451309419414565,0.0012627966247886616,1.3785890017570037,0.7091436487692582,1629.519914366219,100,100
ENSMUSG00000021395,0.2942250215478967,0.20891576975119658,5.759419847912532,0.10363490669631573,0.83198009419172,6.693084675153031,107.39485716129434,100,100
ENSMUSG00000021396,0.001,62.31581250733508,1.0,0.001,0.001,0.0017240578375260713,0.06515404071366276,100,100
ENSMUSG00000021400,0.10581881275812527,1.3316860114376625,4.607220334795704,0.001,0.15666791341848663,2.3782405289873676,583.7652677667257,100,100
ENSMUSG00000021403,0.001,33.68563629993298,1.0,0.001,0.001,0.002479215458604193,0.5951783758640757,100,100
ENSMUSG00000021404,4.132577005576439,999.9999999828615,1.0,0.001,4.954003600918784,0.0015602088787919357,0.19585996352494153,100,100
ENSMUSG00000021408,1.5819588304000591,3.186530319011578,6.923877285742567,0.567689052595117,3.9091237909208667,0.5942699496516552,14.450556536480583,100,100
ENSMUSG00000021411,0.4557236754005754,7.789347550855206,35.32356091271886,0.30147907754334835,0.6132297307632045,3.3315253149881974,8.246531371397683,100,100
ENSMUSG00000021413,0.2766403700004229,0.24228065452218372,4.540460091865838,0.0033535441305168447,0.6780123657712785,5.595937519827258,2327.4837734827984,100,100
ENSMUSG00000021414,0.001,62.31581250733508,1.0,0.001,0.001,0.0017154501504722157,0.07180824007570669,100,100
ENSMUSG00000021416,0.2165307652751316,33.84811356784334,18.841210796778807,0.024332869410664808,3.0755871223997726,0.021237961691330028,5.045189791183724,100,100
ENSMUSG00000021417,1.3324475606298298,4.595200134627566,22.0435381248936,0.8998441481471542,4.497479360042501,1.3476971576049812,9.461149438798262,100,100
ENSMUSG00000021418,0.3490476456483163,1.5927727738214421,3.2218296650724714,0.09030434444365465,0.9720491654083375,0.6572568108386367,10.896743042882846,100,100
ENSMUSG00000021420,0.16175078393807743,0.2047315568951875,2.325369366365272,0.001431466599678922,0.7699843303674134,1.4657517839226402,1229.0237586167768,100,100
ENSMUSG00000021423,3.338165727611042,807.3831051292377,1.0,0.001,10.510927416781978,0.0010000288008683664,0.0647856408885027,100,100
ENSMUSG00000021427,5.3202874994767555,999.9999999997128,2251.133888299323,3.4277692244965796,8.474282206621613,1.3764200600801226,4.902037535086402,100,100
ENSMUSG00000021428,2.1414532568944775,148.24557751387746,100.57016645846085,0.6345396254536411,3.292447226947216,0.43370041299430107,4.088153901807736,100,100
ENSMUSG00000021431,0.4525171729913697,0.6168735616646707,7.354583546149762,0.23452686138527362,0.7815912401527831,6.1880534659681885,29.029940274411473,100,100
ENSMUSG00000021432,1.6000726520031137,19.75214851405216,16.180332287314872,0.6034956160334259,3.140178978842724,0.41466699415379876,4.419032198852356,100,100
ENSMUSG00000021448,6.9339315221387725,824.6155897077277,1.0,0.001,16.781605493952277,0.001000000000055711,0.012389835108170457,100,100
ENSMUSG00000021451,6.5933980912663275,781.3990304094596,1.0,0.001,11.767045994529186,0.0010727127231722478,0.009936993562436967,100,100
ENSMUSG00000021453,0.38388878440560636,5.215874077902827,114.80775692427646,0.28849774015489554,0.49482292667085714,16.02747148897867,34.60919621839751,100,100
ENSMUSG00000021456,0.010777586485063348,20.19099826005036,23.02570314104106,0.001,4.021481645070682,0.0015137818576246944,23.249037993459662,100,100
ENSMUSG00000021457,0.3381164396147684,1.3243708497688265,3.0399818693595604,0.001,0.8695027082767762,0.7286832446580982,1026.5904131911293,100,100
ENSMUSG00000021458,1.6550857276767479,2.6776474107144312,33.575100454300745,1.2290412785007547,5.814453278013952,2.2225205694285814,18.65649366166021,100,100
ENSMUSG00000021460,1.559106941889054,410.4430634695774,481.3575887719956,0.6632859864667502,2.4090347161793266,0.7775105335338811,4.974215337532767,100,100
ENSMUSG00000021461,0.3217265761088658,47.14436094425989,32.29340643046441,0.1477766445477651,1.2043806539794568,0.1937483866146733,1.7773722471239473,100,100
ENSMUSG00000021464,0.34862952371112543,26.24372407510507,34.95218145894438,0.025486256658718634,0.5173873664810255,0.8810403186981975,25.923418946744626,100,100
ENSMUSG00000021466,0.0644600628024209,0.2827636844883312,2.417726843213636,0.001,0.2987294501465648,1.552870663902334,492.40521421605047,100,100
ENSMUSG00000021468,1.74327086997109,29.615279925931066,40.26340719727911,0.7729787195552025,2.9120113525269833,0.7467631545765951,4.685925077220092,100,100
ENSMUSG00000021469,0.011317898143812814,16.78485155559175,41.27506427871077,0.001,3.354271827934093,0.0016503609924371782,61.11788071171516,100,100
ENSMUSG00000021470,0.015113293091808533,0.07354329782986219,1.4244767374623515,0.001,0.2737783869415126,0.7045873799747664,283.70129845145686,100,100
ENSMUSG00000021474,2.008201097186079,17.034233395261708,38.365987272316396,1.3340839924785897,3.8535516280052846,1.0780153954644378,4.258969303408446,100,100
ENSMUSG00000021476,0.001,0.009495858081781631,3.401106967082063,0.001,0.06727886411200067,4.586234019464189,638.185300365294,100,100
ENSMUSG00000021477,2.3250075663509717,28.998000063964724,1929.7442357904029,1.9224905632828873,2.7424413721323537,52.546126193507064,84.34692250469226,100,100
ENSMUSG00000021481,0.8201496558179306,4.09150136332946,8.33413595142014,0.38112806383182707,1.5049048075323954,0.8762212191242993,6.158414039404699,100,100
ENSMUSG00000021482,1.386787204147335,297.85399856596683,205.4547504306586,0.676434173017475,3.7197445234517517,0.2695057704408236,1.92355397815734,100,100
ENSMUSG00000021483,0.46495151263640094,4.932920711179234,7.371187492877819,0.2026938120638327,0.9065732663880758,0.7089756331084516,4.370215407008979,100,100
ENSMUSG00000021484,3.6148113113343605,14.592676567099188,84.63225614439146,2.450961449193085,5.645411368060781,3.021860673031283,11.757045621547922,100,100
ENSMUSG00000021485,0.01711738266981355,1.6346580929511034,13.2189772060404,0.001,0.3407500017949845,0.09678256839942165,27.98787864351264,100,100
ENSMUSG00000021486,6.32315195068015,253.0937504835408,2001.7170484931385,0.7798027383021449,7.923378646473859,2.8551369206528303,14.247088405994937,100,100
ENSMUSG00000021488,1.8940384633102163,11.011269859523889,20.49814622125318,1.0037829302365766,3.22417598468272,0.9159587023281324,5.336835804516255,100,100
ENSMUSG00000021490,0.001,62.31581250733508,1.0,0.001,0.001,0.0015944065068756305,0.6255011992139395,100,100
ENSMUSG00000021492,0.001,61.88525872635182,1.0,0.001,0.001,0.002074068889970542,0.2413343445763887,100,100
ENSMUSG00000021493,1.9475960367539398,18.099950939725495,84.98800411298551,1.2981938413256446,2.8983994650312637,2.6506944781790662,8.89266081131152,100,100
ENSMUSG00000021494,1.3904018244968754,3.0400892233574126,10.960427444905017,0.7040219473659406,3.489136295491162,1.0233728505016166,12.845335036617653,100,100
ENSMUSG00000021495,1.0438987151778143,2.007317327629366,6.5065633076299285,0.35741521769132667,2.3916303891684043,1.02690418816188,20.448191590755812,100,100
ENSMUSG00000021496,1.7612033720167224,2.97364766108857,7.34825567822548,0.908056214363039,3.8843208668870055,0.771424863904254,6.956907917982045,100,100
ENSMUSG00000021497,2.947098227650061,10.045549163309227,34.97980609781912,1.9915054627835294,6.01458694658791,1.2694270150604179,6.6661063238109834,100,100
ENSMUSG00000021499,0.001,61.674132606755,1.0,0.001,0.001,0.0016670608794213438,0.14408294221819118,100,100
ENSMUSG00000021500,1.3102771762253538,16.769285749421012,34.91289854716277,0.5255482390191812,1.96756585127025,1.3044002612195045,8.77559340094535,100,100
ENSMUSG00000021501,2.2830140480630505,26.05212186034083,31.02524734931684,0.25737835538894716,3.608057605169991,0.7348013774665414,40.356598839526605,100,100
ENSMUSG00000021504,2.1494997983196535,16.940344124693002,33.272705453767216,0.8707424361018503,4.355272236776,0.8836062599875387,9.046210778066584,100,100
ENSMUSG00000021508,0.03509467317559192,2.448100524109138,92.49733261038521,0.020943585864827273,0.05909161158590563,5.2882314808708575,81.5015863837128,100,100
ENSMUSG00000021509,0.001,62.31581250733508,1.0,0.001,0.001,0.0014399087196941465,0.3310863469276012,100,100
ENSMUSG00000021510,0.9153608690301537,32.79281468681867,10.723170738818448,0.4085166422347102,5.592040327148233,0.0527475633228974,0.763506120665209,100,100
ENSMUSG00000021514,0.04305773291023418,0.06863030235527333,1.1971940303053346,0.001,0.8854825859780036,0.585313517140949,986.6190060575766,100,100
ENSMUSG00000021518,2.7318183565864818,297.05451800272846,292.94963259580055,0.7331110534022505,4.207442057731026,0.6174902799104037,35.21098329638893,100,100
ENSMUSG00000021519,0.5490200829433609,0.40389519237619426,3.059957643720282,0.1709862177291765,2.093024331733619,1.0229388669496693,35.17788430482914,100,100
ENSMUSG00000021520,0.015584743806913569,0.014349011677422831,38.80415241925349,0.001,0.2324861471532371,0.02750199944357444,29000.80570357121,100,100
ENSMUSG00000021532,1.8919687663246059,31.96228948586116,10.988847993665894,0.035368363829137994,5.149659678621308,0.13206167808739577,44.791943966555905,100,100
ENSMUSG00000021534,0.010812204544379663,19.440003234716986,22.326394717428993,0.001,3.222290480818635,0.001412921040783851,22.099556922945865,100,100
ENSMUSG00000021536,0.2797281656522203,4.784151376911405,11.401639848093772,0.13790129641834092,0.4287840266384858,1.5363457131380942,5.920975804775212,100,100
ENSMUSG00000021537,2.5300723835086263,16.0521305868418,71.96771012716616,1.7359175036810615,4.164127520155351,2.349243588233236,8.621439025061106,100,100
ENSMUSG00000021539,0.001,62.31581250733508,1.0,0.001,0.001,0.0018158530124133677,0.07274137645439063,100,100
ENSMUSG00000021540,0.2743347415056082,0.18417399394961226,2.091010116328149,0.009442724603385189,1.688923848261826,0.8488585818400478,445.917077000052,100,100
ENSMUSG00000021541,0.001,62.31581250733508,1.0,0.001,0.0010000000000000009,0.0015273181564313847,0.08917192504315907,100,100
ENSMUSG00000021546,0.449430285490756,0.9875843710453608,111.1789582498512,0.29401239427363035,1.1024502597605448,43.814976950649054,197.34422125356568,100,100
ENSMUSG00000021548,1.7236907991245838,7.966230127668583,19.340368614640617,0.9735547254019539,2.80996886645976,1.1895486948786562,5.987710439252217,100,100
ENSMUSG00000021549,0.4782931533572681,0.7663855614550058,6.011187680389596,0.1157637634846233,0.9093833705107159,3.234945870439293,54.42956846854073,100,100
ENSMUSG00000021550,1.8505067450943753,14.200856849527582,12.279505057072265,0.30529751283613016,3.6397558788356132,0.38883292264051494,19.278402841922926,100,100
ENSMUSG00000021552,0.0015761941310130743,0.004910848419607846,2.985325095395639,0.001,0.16063645107688948,3.9327695890928034,1167.12739941877,100,100
ENSMUSG00000021553,0.001,62.31581250733508,1.0,0.001,0.001,0.0015665891169262302,0.3732544281194149,100,100
ENSMUSG00000021555,1.5298855726293745,171.67996627391233,215.87735453969393,0.35354207226582374,2.419101985403465,0.8037765194313475,12.73276562291663,100,100
ENSMUSG00000021556,2.931588694506292,97.14705969986993,215.35709679984444,1.4525233625702034,5.932893593005522,1.072888453489444,6.981588102127734,100,100
ENSMUSG00000021557,0.03337702210880909,0.05983267153356686,1.6869222520438436,0.001,0.5416607306403209,1.2015778153046317,1152.4791730216912,100,100
ENSMUSG00000021559,0.07570653975040374,0.7562783521321592,2.8259299781361156,0.02247733973628338,0.2731734804741397,0.8450715322815903,18.500044816500026,100,100
ENSMUSG00000021567,0.09471279622692338,2.5837338718724494,67.34630932802253,0.010919299450811562,0.11979174737222392,18.204164890597937,3261.7952106990333,100,100
ENSMUSG00000021569,0.06310702727052497,0.9590360686816637,4.140603625515009,0.019829548052224706,0.16954563004048157,1.2700155931333557,14.350028766816386,100,100
ENSMUSG00000021572,12.600049421448846,733.4408804683576,1.0,0.001,25.398840940983767,0.001,0.009032571477306621,100,100
ENSMUSG00000021573,0.013339857287863613,21.30621349625003,32.863764020846894,0.001,2.2780703688022754,0.0014832028836256634,36.41964607032714,100,100
ENSMUSG00000021575,0.21920280707350354,0.23130001158524197,3.3181250417979373,0.0021780452508314103,0.8682446807211053,1.9592648072717433,2056.499318087017,100,100
ENSMUSG00000021576,8.480432901816776,630.3730680619778,1014.8165549655838,6.104125865599288,11.926619199406568,1.1136486914678476,2.9043496186057123,100,100
ENSMUSG00000021577,6.74272307630386,689.2749938242544,1833.4682230446917,5.214577463231565,9.97495591429287,1.7737028991724717,3.6181955493297053,100,100
ENSMUSG00000021578,2.6145185550378933,67.30469632886955,122.76494599941402,1.2566923410143627,4.269081875189444,1.0991902292759739,7.1876741682314105,100,100
ENSMUSG00000021579,0.001,66.84427540036525,1.0,0.001,0.001,0.0015564147666011722,0.19323550353925611,100,100
ENSMUSG00000021583,0.5552613876573989,3.8362983755386044,8.245852531403942,0.28488536195470926,0.94766766510728,1.0560988582387676,5.306043697688006,100,100
ENSMUSG00000021585,5.150718756417173,319.1191417131978,434.74394640257924,2.7721302783178503,8.513573691906076,0.8144134018303392,4.164673028135247,100,100
ENSMUSG00000021587,0.001,66.84427540036525,1.0,0.001,0.001,0.0016387916665818927,0.31119325922979846,100,100
ENSMUSG00000021594,0.11968986535568922,18.120734216718667,10.81739299595751,0.002359196718776389,0.5566550460382632,0.09697088525731874,34.497657194909884,100,100
ENSMUSG00000021595,3.4272197133505014,265.69685226031254,422.0144018210025,2.3831825121572794,5.730853318016373,0.8963521618608301,2.936730265177297,100,100
ENSMUSG00000021596,0.03962624813221434,20.129824930988647,10.634400533278354,0.001,17.034098245795448,0.0010191421836440722,6.469052749479168,100,100
ENSMUSG00000021597,18.04459446048745,645.0618868521058,1.0,0.001,44.23528362042187,0.001000000000011931,0.00900334385390023,100,100
ENSMUSG00000021598,2.6744724486395874,10.78070163554762,59.8246724377385,1.8973419857331428,7.27236009380515,1.6815344184817766,9.780410140921404,100,100
ENSMUSG00000021606,3.5481159185360083,7.2417994644727886,29.5819241493235,2.1340109987549916,7.180801050374427,1.3739604823902871,10.944922311206886,100,100
ENSMUSG00000021607,0.709508859379212,1.3632069984693098,4.135193344746608,0.3815293522737756,1.4476033342776544,1.236374080302511,7.883480631462799,100,100
ENSMUSG00000021608,0.8029748804787512,7.004677270454553,9.968250324474836,0.3761984505802012,1.5080335034456325,0.6239336990912274,3.9759381845559743,100,100
ENSMUSG00000021609,0.001,62.31581250733508,1.0,0.001,0.001,0.0015386316673138382,0.17165946345969713,100,100
ENSMUSG00000021610,3.3240747746087567,215.71303660197339,326.9932341166332,1.977620346899093,4.974082308556775,0.9798317873417017,4.655453127927565,100,100
ENSMUSG00000021611,0.056922046373967194,19.579863062680392,18.367660722753236,0.001,0.3377832046872631,0.001895170098310565,49.34286790482753,100,100
ENSMUSG00000021613,0.01760352361469665,3.664450083060374,30.462605037751008,0.001,0.26240410896028266,0.015485871187313703,33.036300147402166,100,100
ENSMUSG00000021614,1.3369725645073025,16.137061695449287,279.1472128387381,1.1408416323895785,1.668704384686639,12.863713069228881,23.21378792978738,100,100
ENSMUSG00000021615,0.7766308307842082,17.887861543550493,16.308754805456065,0.0010037290962241691,1.3479379229809938,0.6677029083595782,1172.5893711562417,100,100
ENSMUSG00000021619,0.45450137070734054,0.48376270162184654,1.8181139338726793,0.08188795253260359,2.2339684391358583,0.46148258976193446,27.896607183213945,100,100
ENSMUSG00000021620,2.1461883628863268,516.8437340473623,1.0,0.001,10.547954851701732,0.0010000005131475505,0.02497728578860159,100,100
ENSMUSG00000021621,2.5875348843734765,9.667151049049297,19.87916300326975,1.4086036573373537,4.729752314782682,0.9259919927263327,6.640900011956626,100,100
ENSMUSG00000021624,24.244417661101604,946.5147351469442,1.013685446820511,0.001,40.455070089458076,0.0010000000000000965,0.00891559512490501,100,100
ENSMUSG00000021629,0.6742723691631394,1.6562903225498933,5.17044269124407,0.07348074462715526,1.5272139647758856,1.0299193294153257,56.7494868827254,100,100
ENSMUSG00000021635,1.4690675288893935,28.94227857492048,33.91141175761823,0.09524745157712171,2.742398606151114,0.6586794602509224,45.40844266272546,100,100
ENSMUSG00000021636,16.744733622796062,1000.0,1.0,0.001,24.13778363185118,0.0010000927689990068,0.008956594500040025,100,100
ENSMUSG00000021638,0.001,62.31581250733508,1.0,0.001,0.001,0.0015325765460321417,0.4464051230259798,100,100
ENSMUSG00000021639,0.5149640561532287,0.7431086775616077,4.113428474739458,0.14060918047740817,1.379081502969346,1.4453487589250253,28.144007110921688,100,100
ENSMUSG00000021640,2.2909001878826274,546.7058370600222,1.0,0.001,10.627480133158116,0.0010000000000006384,0.034567759634827375,100,100
ENSMUSG00000021643,0.9203230211708989,1.4659454473326634,14.008261913449445,0.5779446095579783,2.459703050993367,2.051444092466031,21.33144438459746,100,100
ENSMUSG00000021645,1.0601615445510295,2.2419748625962246,6.139330004976152,0.5805933737540045,2.0279810041356354,0.9482802111508724,7.544969067773186,100,100
ENSMUSG00000021646,1.539214138086329,14.303506739191452,19.431968415517233,0.4476426711179817,2.387978984969799,0.8067012422235191,11.223494059079947,100,100
ENSMUSG00000021647,0.001,66.84427540036525,1.0,0.001,0.0010000000000000005,0.002010507190358314,0.23599825566326127,100,100
ENSMUSG00000021650,0.0836646726778584,0.056666450890552056,1.9590037478243736,0.001671540486410957,1.3041526510098955,1.186160969735257,1666.8383027153118,100,100
ENSMUSG00000021660,0.2260926590248383,0.4124744946458449,98.48418382395812,0.001,0.3549476941757798,114.36108387640238,260631.27016567404,100,100
ENSMUSG00000021661,1.053550804773318,1.0946898958281424,3.208856005510041,0.05022695065214991,3.821099913177183,0.44178410295900994,136.56723023653737,100,100
ENSMUSG00000021662,0.5863966600171371,4.901906968129829,23.322445902739048,0.3990028276235318,0.751354128928774,3.393342539499388,8.37092273396314,100,100
ENSMUSG00000021665,1.1942257501415932,5.445012075901079,16.1113776659258,0.6392183436252774,1.9680664467791718,1.530230382781991,7.095148185919777,100,100
ENSMUSG00000021666,0.8371218148972177,15.174242128276868,12.74973071627822,0.01567796636510048,1.5312267821222547,0.4036345470139432,108.27486841624419,100,100
ENSMUSG00000021668,0.558124566656921,1.9323446653630683,4.178673390020244,0.15609442339262244,1.0817959111199134,0.840388287954488,12.522193332991044,100,100
ENSMUSG00000021669,0.34771718090893544,0.33961039662240866,4.643648482505767,0.09581733747248819,1.076138962988072,2.4117718166383897,75.62354019444186,100,100
ENSMUSG00000021670,0.9516716020251723,4.895183440131504,19.92133900111081,0.5733378773394842,1.5123393823949343,2.075195422919389,8.262877567910841,100,100
ENSMUSG00000021671,0.0028832716482578703,0.0019093479622008071,1.4334902144783073,0.001376516329023028,1.4375483603122308,0.5973576042783697,1418.5241225186892,100,100
ENSMUSG00000021675,0.001,62.31581250733508,1.0,0.001,0.0010000000000000005,0.0018968408248091337,0.2025485007752923,100,100
ENSMUSG00000021676,0.057571691419224254,19.276172189716924,15.14803246510884,0.001,2.1840231455918144,0.0016489097622378632,56.71102379231985,100,100
ENSMUSG00000021678,3.605362360419091,868.4115063134839,1.0,0.001,9.19000037207553,0.0010000000000202035,0.05163057585738105,100,100
ENSMUSG00000021679,0.001,62.31581250733508,1.0,0.001,0.001,0.0016212233583596304,0.15695824099570418,100,100
ENSMUSG00000021680,0.001,66.84427540036525,1.0,0.001,0.001,0.0019621099070884582,0.07772106784759086,100,100
ENSMUSG00000021681,1.7323843656432465,19.983039744058328,15.733000788504729,0.023756948838355295,3.331930750498942,0.3986028135325809,66.23813705683874,100,100
ENSMUSG00000021684,0.07461943557082151,1.6832895387556794,2.97375494100119,0.012767461080911084,0.28839245970017763,0.4054781432062332,9.918455571049295,100,100
ENSMUSG00000021685,0.001,62.31581250733508,1.0,0.001,0.0010000000000000005,0.0015831827278876202,0.15211219154113725,100,100
ENSMUSG00000021686,1.1268619799226773,2.0905198052078084,6.730752219259526,0.5442610630669733,2.331864582538203,1.0975344607910582,10.19055919000214,100,100
ENSMUSG00000021687,1.4242520836870387,3.274950692080868,5.767869350369456,0.4427770091677248,3.3162229325825368,0.5007009109460248,11.130311074448981,100,100
ENSMUSG00000021690,0.40045658935424616,1.3687579319875447,2.393467905520372,0.0012970628987515023,1.13703824810387,0.460767780330119,960.48597206911,100,100
ENSMUSG00000021692,0.6011043839166872,2.0321220098405877,8.559931472227756,0.3951511645544563,0.9424731046006738,2.30082809306444,7.311336496977843,100,100
ENSMUSG00000021693,1.1102237817526184,7.933192962536981,34.79972219817543,0.7616051532251384,1.9337075359635003,2.2913483345040695,8.154492931284883,100,100
ENSMUSG00000021694,0.39321692160722677,3.890186575085813,3.706522961970951,0.20850672197665535,0.8581168101978043,0.3458361396106831,2.767586589438966,100,100
ENSMUSG00000021696,12.505070520248074,999.903670455581,1.0,0.001,21.943543878972022,0.001,0.009431750680030288,100,100
ENSMUSG00000021697,0.033419339532061026,20.641041148850753,17.897623195947144,0.001,7.488292553448586,0.001721999223492243,32.689193828432444,100,100
ENSMUSG00000021699,0.15130666306241788,0.5521622414935686,2.2170470082186213,0.00945812898615954,0.45453076570296247,0.9896780416496511,81.39089314504508,100,100
ENSMUSG00000021700,0.001,61.88525872635182,1.0,0.001,0.001,0.0014130489925691476,0.10264754568230794,100,100
ENSMUSG00000021701,0.5705867336391582,36.010957542452736,554.8130542857799,0.48707764329580694,0.6751832327577163,10.812771758750529,18.223501821953334,100,100
ENSMUSG00000021702,0.10835665854077613,6.542250752834168,360.245429086617,0.0889768571782383,0.14604450180770234,22.552853772914837,81.5339110847247,100,100
ENSMUSG00000021703,0.2601689666892063,4.023315697067714,7.7912249110945835,0.12086418502885243,0.48517568354134244,0.9779048306244571,4.700566714241001,100,100
ENSMUSG00000021704,0.1075587905890235,0.1512870956117,1.2083762848467163,0.001,1.206012461209947,0.47592772393534255,1051.3958831509344,100,100
ENSMUSG00000021706,0.0037354268001511424,0.003560987470159066,1.2469075257306148,0.001,1.1629959341456744,0.6170727128356038,1160.2313046658028,100,100
ENSMUSG00000021707,0.05876589234304238,21.875763647272052,67.93158986636445,0.004359508160129305,0.12580331405673947,0.892507243730854,19.25499524703086,100,100
ENSMUSG00000021708,0.001,61.674132606755,1.0,0.001,0.001,0.0017778745911823323,0.05577928676571958,100,100
ENSMUSG00000021709,1.46549223618325,5.638264708170661,9.6041130402667,0.01833612417566318,3.660323419249371,0.607806517523271,984.6636230612905,100,100
ENSMUSG00000021710,0.72951783278628,0.9649688766623965,5.444402655070216,0.29173665179040825,1.516193388553558,2.3305506751590555,20.158288271666812,100,100
ENSMUSG00000021711,1.714570370038949,3.60285229681813,9.468503252796188,0.7297790310496466,4.373395805794219,0.6970391564288514,10.161674592785435,100,100
ENSMUSG00000021712,0.5426490960379633,1.5122587764643716,2.4586557486273373,0.022304785497718846,1.444329477375953,0.47240421570616387,215.87224838812156,100,100
ENSMUSG00000021713,0.7340482732003452,16.438844715497403,15.799616052163797,0.0757671729155864,1.2856328404215949,0.5125472736291982,17.964245858699424,100,100
ENSMUSG00000021714,0.02825891828482533,0.5288687607324309,3.845673666414594,0.001,0.1428897182475333,1.55667694146919,219.68210508625128,100,100
ENSMUSG00000021715,1.2021473780460514,4.1834274144946235,8.76296511791595,0.10402988917982273,2.398080767584627,0.8336362769209921,63.931782531687205,100,100
ENSMUSG00000021716,0.216831458194474,0.1203307353898684,2.450764092283283,0.0032503498040948628,2.4888560285853636,0.7159251569387718,1921.1730817528733,100,100
ENSMUSG00000021719,0.00517520307415104,15.25727392206992,59.78970337418251,0.001,0.10371285249098211,0.001983970642125883,51.38456928247725,100,100
ENSMUSG00000021720,1.503103188885066,363.25008257950475,1.0,0.001,4.869733009539139,0.0014125712667199762,0.02364114608748837,100,100
ENSMUSG00000021725,0.47100556848578756,0.6474319141855502,3.8949961490723743,0.20214754070897134,1.8435310166136891,0.9363194204279996,21.443485509004287,100,100
ENSMUSG00000021728,0.3120207516373319,6.93761027196374,98.90130194942995,0.14809051529132633,0.3694270383055602,12.641578333632783,33.36105256010714,100,100
ENSMUSG00000021731,1.0505467956969303,2.953709691164366,2.28696874448416,0.10751404751210246,5.576789175414136,0.11454757826097284,18.28199603171574,100,100
ENSMUSG00000021732,0.10280547425227296,23.65976531296142,43.39565514403323,0.001,0.16572263984948846,1.1001150529984312,285.5272063889679,100,100
ENSMUSG00000021733,0.5808937371045094,97.20001994511823,204.39938665789697,0.18515620523306908,0.7528908826893943,1.6503733800876026,9.069704989247718,100,100
ENSMUSG00000021737,0.23355826054285936,0.8384192524980975,51.068866521448264,0.001,0.601123778540344,0.188300389866409,25167.446185804012,100,100
ENSMUSG00000021738,0.03791153884835532,0.05887583611637469,2.553994426666074,0.001,0.45347439642408205,2.345547975434978,1907.0849985921327,100,100
ENSMUSG00000021741,0.2812568242152128,17.573352349347456,2.9337143168439086,0.011754039214551433,45.69751167652987,0.0010778310561705248,0.6962014268506374,100,100
ENSMUSG00000021745,1.3633815051876073,58.37314338924621,79.4799996720542,0.36846765039202123,1.9358977361697116,0.9488473286468948,9.169052759858118,100,100
ENSMUSG00000021747,0.010811232966892506,19.341593196804734,22.078021357698955,0.001,4.476983456580109,0.0014755885062565964,15.080187600562041,100,100
ENSMUSG00000021748,1.0255214406248667,16.72987934515486,36.19154178922523,0.1716467739206604,1.4128490003989809,1.5800899016522933,27.42882484029922,100,100
ENSMUSG00000021749,0.001,62.31581250733508,1.0,0.001,0.001,0.0015619650155704531,0.24552374450287334,100,100
ENSMUSG00000021750,0.001,62.31581250733508,1.0,0.001,0.001,0.0015554021690535286,0.14781850857468332,100,100
ENSMUSG00000021751,4.134300499511258,1000.0,1.0,0.001,8.285919611407483,0.001000000335949203,0.06840621934492654,100,100
ENSMUSG00000021752,0.34083037242664777,32.78784209507687,10.187771175507237,0.07701660508364407,59.46769503286251,0.001208562039509897,0.7522877571515126,100,100
ENSMUSG00000021754,0.36165946349686257,17.33622050041179,3.6162744203324055,0.001,61.180680311721176,0.001113244064086505,1.4092557353565744,100,100
ENSMUSG00000021756,2.453030423690267,152.36785432516876,2599.4153459012,1.953155134119042,3.6028997840306376,11.742063739112076,21.296281827903563,100,100
ENSMUSG00000021758,3.338165727611042,807.3831051292377,1.0,0.001,10.48823786234298,0.0010000000001057908,0.15835201628906648,100,100
ENSMUSG00000021759,1.8830625593571981,133.10893861863292,1188.3855861346087,1.6074236076177533,2.309987810106789,7.084810215259095,10.700378587112418,100,100
ENSMUSG00000021760,4.313741177867411,356.67907403132494,1229.3155838234038,3.0697928025268,5.880961766012419,2.4495034854451525,6.938559501821251,100,100
ENSMUSG00000021763,0.07777084708163427,0.602414104145616,1.5544692091337344,0.006260244005102101,0.3723188991932957,0.3920802190897489,18.304753253205536,100,100
ENSMUSG00000021764,3.7203314418898046,24.21701670415091,82.87625399817512,2.4632619855676556,7.285131525247131,1.4920171528899167,6.263364590726613,100,100
ENSMUSG00000021765,0.008866858510181284,0.36733093885028684,2.0115559749748164,0.001,3.161377447044968,0.0014138578189076489,51.4612608168334,100,100
ENSMUSG00000021767,0.23444767871178732,1.4640709811608537,3.762394958468607,0.001,0.459776916086001,1.3299624240872503,929.7904367471726,100,100
ENSMUSG00000021768,0.001,66.84427540036525,1.0,0.001,0.0010000000000000005,0.0015814085570030755,0.35882284611737286,100,100
ENSMUSG00000021770,0.12378747836152346,0.29636822060145906,1.7751466277094676,0.0010005864721344619,0.5917519398603297,0.9169822973514047,918.5006263838713,100,100
ENSMUSG00000021771,3.9566582336017,292.6630576908293,1002.2911676072005,2.3042701450093,5.0923925427102805,2.5864056548497008,9.461499235932587,100,100
ENSMUSG00000021772,0.2640726503385592,0.9570502549606255,7.817185941812849,0.07603794687660788,0.5389548088811584,3.5178635736456254,36.542591476675724,100,100
ENSMUSG00000021773,0.3271538080167515,1.8211493479651821,7.019384165862798,0.03466699424105856,0.570221340220816,1.8387529593945633,59.907393075246546,100,100
ENSMUSG00000021774,0.05822946942379493,0.2477699650710773,23.385026810005755,0.012029146189381258,0.10164504252543945,48.02875559706261,527.058203973717,100,100
ENSMUSG00000021775,0.11024277690166484,998.5604856263079,9999.997892143112,0.13532920850356606,0.5041726347385009,0.8732691574261713,3.474538368724092,100,100
ENSMUSG00000021779,0.1162925994151937,1.0553847320973846,1.0,0.06246493114354548,2.1209705781701107,0.03119180613277502,1.7222942986329146,100,100
ENSMUSG00000021782,2.72097099864309,421.2648390027489,598.0245854641506,1.9287317993804078,4.503819049517871,0.8746837545633064,2.086187656249973,100,100
ENSMUSG00000021785,0.574740927172234,14.79614664365745,26.129486316956775,0.3313150599212715,0.8841905942311121,1.0285696776112496,3.340917599655601,100,100
ENSMUSG00000021786,0.5670019750047764,29.993405084797576,26.834379855799945,0.3002454543422748,1.2359834195637927,0.37293838267381146,2.268681959017515,100,100
ENSMUSG00000021790,0.001,62.31581250733508,1.0,0.001,0.001,0.0014518466061823692,0.4389459699617771,100,100
ENSMUSG00000021791,0.06168942217760356,1.2549888316618918,1.0,0.001,20.461017061120693,0.0015058885715369653,3.1158116655638994,100,100
ENSMUSG00000021792,0.09919064815479482,19.989136465853207,68.13418863438777,0.029179354160819397,0.2391453647091315,0.851484367151183,13.244937363770642,100,100
ENSMUSG00000021794,2.4827857783769165,966.449343973714,2670.011892575586,1.5373327067517017,4.636988962042626,1.4963389336664417,7.797673968421499,100,100
ENSMUSG00000021796,1.259989016302802,139.06758266709346,219.4791560698771,0.7585658300041935,1.9653909619646983,1.048509616026919,3.1807021542800316,100,100
ENSMUSG00000021798,0.28136910313704283,32.331282655587266,27.680888314082587,0.08993007102577062,0.8023383460282801,0.19738327032544334,1.852127021704903,100,100
ENSMUSG00000021799,4.1336179629762935,999.9999943156627,1.0,0.001,6.8241713363626975,0.001000074890698747,0.0943905559753661,100,100
ENSMUSG00000021803,0.0032079960951040534,9.289832689011513,23.399263341457136,0.001,0.03126733946287333,0.002368680208546089,16.822248515703926,100,100
ENSMUSG00000021806,0.4366634101240639,2.299309320644375,8.113714603329935,0.19780462339044247,0.6711636937609391,1.8944009552281837,8.368478831308067,100,100
ENSMUSG00000021807,1.5807572351485797,18.5370736738996,43.17727682736831,0.8589442185350175,2.149054019533336,1.579591427403774,5.382817229386757,100,100
ENSMUSG00000021809,0.23280603945224954,3.9973917916799797,4.8494549631530806,0.0028529765783524876,0.5202497336925097,0.48291667055268794,119.30834871233007,100,100
ENSMUSG00000021810,2.4920890458905056,15.42723223652514,19.936731907865518,0.61228916808913,4.795175363416574,0.5565706871689289,13.764786132256726,100,100
ENSMUSG00000021811,0.4485310343627937,63.728260168686255,202.8468563791421,0.31705016883710324,0.6453770176577962,1.9982312540801461,4.98079892513141,100,100
ENSMUSG00000021814,2.2175103666064673,999.999999983576,1680.978563118427,1.5384840810409885,3.0304862524807965,1.1385385175695864,2.490021766334115,100,100
ENSMUSG00000021815,0.10572445800772984,18.43556696372324,8.029574951550883,0.001,20.530938620048385,0.0012867090047689817,3.1315168663324706,100,100
ENSMUSG00000021816,0.8565282789369304,2.318151113629195,8.542437115129253,0.1507194557015379,1.6890599826103565,1.5340495800586944,34.65842211258785,100,100
ENSMUSG00000021819,0.8070724741611596,1.0673283176186927,8.892490420777108,0.5083312741450334,1.9607232830175196,2.0040567742920303,17.1416604594539,100,100
ENSMUSG00000021820,0.826799503736882,1.6579195100597304,26.42239070207145,0.5599480011736111,1.851745139634244,5.174050719527621,33.2977038882476,100,100
ENSMUSG00000021822,0.9952234085368487,222.90844097457077,821.2726597762645,0.7483598336763462,1.363246679739536,2.564457259112417,5.26930290872712,100,100
ENSMUSG00000021823,0.6359990151478312,45.303462740442605,198.15433787399957,0.38222864023671466,0.9461585308975047,2.7746307187076233,9.571069489332995,100,100
ENSMUSG00000021824,0.8686768494121915,0.49951699678748906,2.9714306505844217,0.2248700270673636,3.8726085202169065,0.6793844296315429,40.75722868001556,100,100
ENSMUSG00000021830,0.022715313503537914,36.31628419210632,1796.9881913904278,0.06032035527479909,0.34119023750603306,1.3624670269571935,22.439251117832,100,100
ENSMUSG00000021831,1.1158175442621894,5.070178648109242,12.475077926822959,0.5828906707523969,1.918282862169177,1.1832531732219804,7.200083440694955,100,100
ENSMUSG00000021832,3.2298099286738795,494.7018519506235,1158.7353337453378,2.37875074943089,5.731554348323919,1.3091316849581192,3.6330980610502475,100,100
ENSMUSG00000021835,0.008489673009524334,22.3338551449079,75.16569038086746,0.001,0.08137256880398545,0.006888824259139995,56.22744308516499,100,100
ENSMUSG00000021838,0.05159011324192151,0.07461385719292965,4.8052400901512415,0.001,0.17237952745206758,19.748704402811697,3904.6088578332387,100,100
ENSMUSG00000021840,0.9907093957848769,2.9532723439360513,12.072491577402406,0.3279641571507883,1.886150601068524,1.6401820339572502,21.4345764326642,100,100
ENSMUSG00000021843,1.5187444173299938,3.558123139675814,10.815025460806357,0.7267214499023862,3.566414197077278,0.9568651241450584,7.779322772411475,100,100
ENSMUSG00000021846,0.2277339500442697,0.7938572505781392,4.385278670979416,0.0845172114045945,0.45338252935338874,2.002726045880919,16.305479266659518,100,100
ENSMUSG00000021852,0.001,62.31581250733508,1.0,0.001,0.001,0.0018806189416089498,0.1711092918220822,100,100
ENSMUSG00000021866,0.7555085259616315,1.7731777332304013,7.507442409737399,0.37257821431608623,1.420378461498592,1.898461524892908,10.224423695595938,100,100
ENSMUSG00000021868,0.8486899997552642,18.641746391173875,28.197305383175664,0.004145766246771424,1.489482565451394,0.8759106265959137,1121.3774048436517,100,100
ENSMUSG00000021870,1.1171072040053234,14.18552597726023,19.248696434173244,0.07220499527170075,1.9340632000865279,0.7898687240080546,40.898421588580845,100,100
ENSMUSG00000021871,0.001,61.024058264401226,1.0,0.001,0.001,0.0018492413440643917,0.078164418167115,100,100
ENSMUSG00000021872,0.001,62.31581250733508,1.0,0.001,0.001,0.0018484617653517716,0.15501129085808532,100,100
ENSMUSG00000021874,0.001,62.31581250733508,1.0,0.001,0.0010000000000000009,0.001635317217819544,0.17354920192595558,100,100
ENSMUSG00000021876,nan,nan,nan,nan,nan,nan,nan,0,0
ENSMUSG00000021877,4.815262140083201,618.558745562039,2965.0528694295194,3.699512588875507,7.244596491953625,3.231733008540134,8.932684980401774,100,100
ENSMUSG00000021879,1.841988715766862,443.41926254649763,1.0,0.001,7.5203080963733395,0.0010000000000411375,0.2642788687756647,100,100
ENSMUSG00000021880,0.001,62.31581250733508,1.0,0.001,0.001,0.0022128613744466508,0.11053694230493524,100,100
ENSMUSG00000021884,0.3480156219900557,32.07132733419732,16.246571215201055,0.05485073262454045,1.0225465773923244,0.17551350719931225,4.036316258873406,100,100
ENSMUSG00000021886,0.001,62.31581250733508,1.0,0.001,0.0010000000000000005,0.001897328180572981,0.21751378997603815,100,100
ENSMUSG00000021890,1.0930259122550083,4.024750051116337,16.00593041651543,0.6852072995819429,1.643602433595036,2.066883117784749,8.285413778331238,100,100
ENSMUSG00000021891,0.37980165238255464,0.5177024533308316,3.1239519677584715,0.0014326084912204473,0.9275010487181511,1.5960912878553697,2314.7628687668084,100,100
ENSMUSG00000021892,0.6609550888279787,123.38013276238873,471.77538275667223,0.4823888786627095,0.9229918160899622,2.441737613460607,5.487711681178563,100,100
ENSMUSG00000021893,0.48443357529813663,1.6057107076708037,4.534564352658352,0.16639019740659333,0.9513789921007936,1.200830635379898,11.01657068231356,100,100
ENSMUSG00000021895,0.48475687894629355,25.956082567516948,20.638539345548317,0.001,0.8395252885707257,0.45741578370022934,734.6161395168151,100,100
ENSMUSG00000021898,0.001,62.31581250733508,1.0,0.001,0.001,0.0015272035526686088,0.22528029843332625,100,100
ENSMUSG00000021900,1.1136776173574654,0.8426379243436461,5.367205209464171,0.3204075159548122,4.353841173395299,0.6956925861827554,41.969802231486995,100,100
ENSMUSG00000021901,1.3329663318274914,1.7916495106986237,7.842587642359942,0.6281753975881396,6.147991695215184,0.566568187332444,13.375712779989353,100,100
ENSMUSG00000021902,0.12048033285820867,24.22993792850371,31.674596720039556,0.001,0.18400786828297983,0.7454367207872907,197.10645593872823,100,100
ENSMUSG00000021903,0.006082881310048931,15.540175572228044,102.15975586124266,0.001,0.0688180322892773,0.001815966204675455,47.418553139920505,100,100
ENSMUSG00000021905,1.2848890608640782,3.2627405277648105,23.575526661126528,0.8782384966372196,2.3487858287444725,2.7875387121005417,11.899630097898937,100,100
ENSMUSG00000021906,0.5930942381032581,0.9283431954558098,2.898219447678822,0.002248710546815737,1.4728774084532312,0.8128157923696253,1532.8151152376386,100,100
ENSMUSG00000021907,0.001,62.31581250733508,1.0,0.001,0.0010000000000000005,0.0020968421468764604,0.21532307608799048,100,100
ENSMUSG00000021910,1.4753934219779639,21.888932474834547,117.0741137445984,0.5305553178618259,2.353974947057927,3.076438781296152,29.64656665727543,100,100
ENSMUSG00000021911,0.2435532013037216,0.824841352391358,2.8933439997335553,0.03456442702459094,0.6292270101767439,1.0619310946647822,32.263154042501,100,100
ENSMUSG00000021913,0.020092335142735774,0.21776836823629683,1.0,0.001,1.3453750621629976,0.053187935542220635,73.34747243530188,100,100
ENSMUSG00000021916,1.3904079057765664,2.814983074351191,7.864205480435546,0.6900355810393137,3.2634696234704235,0.7848482819009628,8.433769956621896,100,100
ENSMUSG00000021917,5.36609653112371,788.5644692536752,2994.0363520022624,3.6659315338420457,7.8654073262920825,2.6504109731619714,7.478927126423275,100,100
ENSMUSG00000021918,0.24845176840430563,0.44237520153355636,1.8928619759377117,0.0025270581122585588,0.8343614579479754,0.8379067590566645,740.1254146675295,100,100
ENSMUSG00000021922,0.001,62.31581250733508,1.0,0.001,0.001,0.0015752372826302362,0.13522361913967051,100,100
ENSMUSG00000021928,0.3236693138948389,22.23614864289329,26.00232160840739,0.001,0.4683116898026407,0.6854279337340112,638.686141448766,100,100
ENSMUSG00000021929,0.2289301670205137,0.46212829153947,8.396006738487047,0.14432606049907945,0.34693957619762494,10.255867475312783,33.02155818554802,100,100
ENSMUSG00000021930,1.4665595133273575,5.741733878108722,12.233835056256039,0.46499946484314525,2.724870955447987,0.9041777545135791,14.897642007980807,100,100
ENSMUSG00000021932,1.0955739952148285,5.41217536677149,11.57998387245625,0.5876239616073456,1.9008780484975967,1.0570511397529803,5.627549579411344,100,100
ENSMUSG00000021933,0.008271744699172365,19.158982014909487,66.3308499653591,0.001,1.0902899812778948,0.0029931571226476557,36.89660482655787,100,100
ENSMUSG00000021936,0.33754048000892434,3.4711139819854613,3.9023558878219595,0.08938855337547419,0.6395165652348416,0.5283397607626912,4.719940114086583,100,100
ENSMUSG00000021938,0.0894504943774372,0.16542283685292003,2.8976602372862783,0.001,0.42641576212458304,2.4033197743777936,1460.1319284365516,100,100
ENSMUSG00000021939,4.540262996652107,97.79960065704182,3137.6966659449436,0.001,237.06635004197295,0.0037139955355981573,4522988.016545785,100,100
ENSMUSG00000021943,0.01156850093687325,23.78624769680861,75.66575769056473,0.001,5.436916765765995,0.0018657237509036334,25.005323985951307,100,100
ENSMUSG00000021944,0.006524193400212278,17.78635064645966,44.46406404438001,0.001,5.589548066822458,0.0014371179602321563,12.981267343734258,100,100
ENSMUSG00000021945,0.6168479656948981,0.7542785358173626,4.284288478781335,0.018081036157388666,1.6778233297808978,1.1627947203815205,362.7415961966573,100,100
ENSMUSG00000021947,0.0013125442746876874,0.0010423474912532908,1.0001672658126934,0.001,1.3364296045817428,0.4492039328672274,1214.3432331310257,100,100
ENSMUSG00000021948,1.2964776282581922,362.4412292691451,859.7962897807537,0.7830236145399154,1.8742905258485392,1.6829477119257708,5.683561953285345,100,100
ENSMUSG00000021950,0.8674362063409936,3.0156026440458406,251.52294691030292,0.727449652013561,2.2707031637831556,19.401237663491386,109.13016825206108,100,100
ENSMUSG00000021951,2.3783382108641864,203.0384161099544,284.59601689746256,1.206732522751368,3.4659504202661844,0.9146236215051291,5.0136192081357756,100,100
ENSMUSG00000021952,0.21789987971235178,0.9759379147812534,10.588697345529546,0.09130848389506661,0.29963029851409306,6.45969293318792,34.74962738785215,100,100
ENSMUSG00000021953,0.001,62.31581250733508,1.0,0.001,0.001,0.0017427390987799392,0.09412380295460376,100,100
ENSMUSG00000021957,3.4749569902671924,240.68738927851783,846.9727208055398,2.802259584590866,8.144583499948876,1.4794066643284878,5.254344944655577,100,100
ENSMUSG00000021958,0.49939295786505933,0.6328502179513653,3.1974515248952105,0.17719145840507772,1.3148794439300762,1.331954294995033,24.20506985754475,100,100
ENSMUSG00000021959,1.1485660671324895,16.551109259801066,19.02441994438236,0.17954116978892576,1.8050084621382776,0.7341607723663357,15.470358411659754,100,100
ENSMUSG00000021961,0.001,62.31581250733508,1.0,0.001,0.001,0.0016889322526788889,0.0911277157690035,100,100
ENSMUSG00000021962,0.3020702471353599,0.5232417423075522,2.3754477759941452,0.01735859463937319,1.0230693481322102,0.8493467661160512,322.80174999332485,100,100
ENSMUSG00000021963,2.11937759751514,126.69221931430324,2284.755634408643,1.7722823020843221,2.9680252782881116,12.270874744791712,22.160443330024655,100,100
ENSMUSG00000021965,0.06184461317246208,4.27126864957177,7.212410872060582,0.0029175508161010874,0.27483358675584546,0.03916377963167776,4.2941319366076005,100,100
ENSMUSG00000021967,4.71989704566091,235.8970714684721,722.3345193690998,3.291029965983772,9.393827567639224,1.5309874994785568,5.903382729893952,100,100
ENSMUSG00000021969,1.7176536962383246,4.810003601937333,30.380443303932783,1.292740191641858,3.552093670186429,2.219800733259287,10.129866180691113,100,100
ENSMUSG00000021972,0.4500194020699137,0.7088939020278862,5.311406229479286,0.21602289746024173,0.7340215890378177,4.078348292129718,21.666032516658362,100,100
ENSMUSG00000021973,2.4164514323064696,192.30737616742653,122.11492350940912,0.23881235694441164,4.5515849463316025,0.34048453020315633,40.79644261345079,100,100
ENSMUSG00000021974,0.011189659964240668,19.013131797054765,21.663381020915132,0.001,2.753815903495018,0.0016882164480715165,15.49053357731465,100,100
ENSMUSG00000021975,0.883825195835249,1.7548694615282592,2.551951746251775,0.12274497304288175,3.0369649304890802,0.299388184114621,17.884805682627,100,100
ENSMUSG00000021978,2.8503004320179803,22.447340984711357,54.74511255321295,1.6069119409739838,4.409330682129363,1.3753800209789921,7.207769893691719,100,100
ENSMUSG00000021981,0.704850560785161,0.8841504349413332,3.6934825477185056,0.161902017915727,1.9060391915371362,0.8939060884081143,28.992187699302917,100,100
ENSMUSG00000021982,0.08008367406694047,0.12928281529437827,3.0448354570157874,0.001,0.47439784394642015,2.782296943160935,2143.587439681455,100,100
ENSMUSG00000021983,0.001,61.88525872635182,1.0,0.001,0.001,0.0015763575032388163,0.18120021316525292,100,100
ENSMUSG00000021986,0.001,62.31581250733508,1.0,0.001,0.0010000000000000005,0.0018501826325391596,0.6037893361590488,100,100
ENSMUSG00000021987,0.4993085262951464,0.2159295309061429,2.9296736332685707,0.004820835598266456,4.4887465278203775,0.46061471576164714,2480.7103011734816,100,100
ENSMUSG00000021990,0.03897388116461893,20.2464990948048,10.693546068955804,0.001,18.578900542630358,0.0010287920216204695,6.592978048841459,100,100
ENSMUSG00000021991,4.010961248107457,474.7876118353917,1.0,0.001,13.821298496510611,0.001000104300232052,0.025913799835136853,100,100
ENSMUSG00000021993,0.12814124935107482,0.07564419389804351,2.0113907059972553,0.010595163087267503,1.3913715709260666,1.1984593089719129,480.3189315772264,100,100
ENSMUSG00000021994,0.37788732372139444,97.64063631872011,333.97475414167656,0.25669652887861943,0.5007163164289903,2.3865331686812614,5.659650254445719,100,100
ENSMUSG00000021996,2.9462552471974406,206.2345265696424,3034.5420747259855,2.405451984984478,3.792533192117035,11.141746941676427,19.189142574890894,100,100
ENSMUSG00000021998,0.005952021006138834,217.28557801108727,192.79895956107333,0.001,0.0070335785272277705,0.0015837892788430217,19.55696571761854,100,100
ENSMUSG00000021999,0.001,62.31581250733508,1.0,0.001,0.0010000000000000005,0.001772959654097506,0.2028724406410153,100,100
ENSMUSG00000022000,0.001,0.0010083286535536899,1.5331983088065382,0.001,0.8327268462182578,0.9990684838488496,1588.783151761692,100,100
ENSMUSG00000022003,0.5637450062238492,0.9784965582442963,4.593159067845348,0.22011348022907729,1.1809156534372187,1.4689886637140075,18.71464108388236,100,100
ENSMUSG00000022008,1.3511395200138925,1.834465984070709,5.805442153700445,0.4003027808685086,5.967702930374893,0.4369660492551378,21.184186330300395,100,100
ENSMUSG00000022009,1.410590187036486,10.810202254092642,7.493913433563189,0.3240724138302108,4.440660881867858,0.18859567287447776,6.269456902355369,100,100
ENSMUSG00000022010,2.202095175427696,44.00325200943748,1446.6041280538343,1.7448201940207735,2.990167652336924,22.99008518433636,44.43827210343409,100,100
ENSMUSG00000022012,0.05300965978657926,16.8909744614844,15.796386625221285,0.001,21.948283738234018,0.0012832350828720102,9.104363159234271,100,100
ENSMUSG00000022013,0.11491649430773783,0.27597360456424674,14.096983518719929,0.015546946388220233,0.22626594641231598,26.309845177756543,398.4430546841408,100,100
ENSMUSG00000022014,0.022603708781543427,20.881910147573016,15.18380941669053,0.001,7.714422925350078,0.0012733522748613485,4.510669011203587,100,100
ENSMUSG00000022015,15.929043557618119,983.0610575991918,1.031752533173163,0.001,24.187903643039185,0.001,0.009014887905427815,100,100
ENSMUSG00000022016,1.4094095841198422,1.9297476669805378,9.879579338795656,0.7389335319731036,3.5924493773948956,1.1928893744052416,14.792537233467334,100,100
ENSMUSG00000022018,0.0037754051985320154,0.6273909442516447,13.8717891272413,0.001,10.306507365948885,0.00109693710355649,46.73146526574497,100,100
ENSMUSG00000022019,0.001,0.0010773588341928461,1.0069305563907804,0.001,1.2218445627042924,0.40991853285779667,1070.6624604714702,100,100
ENSMUSG00000022020,0.41502267172606794,25.61492014829954,24.65587948044418,0.001,0.7140371476258389,0.549709140396501,702.6812308673997,100,100
ENSMUSG00000022021,0.06250274053088467,4.61690326752686,20.588138974255337,0.009537909435559022,0.1319966093306671,1.4788289088529,20.743366362524178,100,100
ENSMUSG00000022022,0.19997078577059121,25.340348420062814,42.20618189096285,0.001,0.28397025925691244,1.1863342139687503,526.3725216417955,100,100
ENSMUSG00000022023,1.3184914835248733,5.703877534134882,9.653395070149749,0.4489015424475755,2.156065786691482,0.8580325028861087,7.988078165460544,100,100
ENSMUSG00000022024,1.4343554814924444,2.599371811812668,15.052343627202438,0.9652228577793001,3.0206991352128845,1.7331268308447978,10.330005015950778,100,100
ENSMUSG00000022025,0.001,62.31581250733508,1.0,0.001,0.001,0.001643901807281373,0.19873556522797875,100,100
ENSMUSG00000022031,0.5969923781149145,2.126231514596496,8.087707516884127,0.340783199928114,0.9942278894449211,1.8894031974991496,7.506814323766942,100,100
ENSMUSG00000022032,0.03442012082223215,0.9452817776572302,25.18069732650019,0.01879549166330884,0.06739429083525267,7.432597356459173,49.40700371667697,100,100
ENSMUSG00000022033,0.013624335568813383,0.9959047547756211,33.581827380352486,0.001,0.06293705653420846,0.004588493749938029,512.1218363812533,100,100
ENSMUSG00000022034,0.009140254576723805,0.4135057893883207,6.192523906870033,0.001,0.04838040536789605,0.0027630242362996927,91.4569907491943,100,100
ENSMUSG00000022035,1.443501205801989,3.23049189970392,12.861628204649355,0.7187213022178618,6.101016673611137,0.6769143335379516,12.591243453855768,100,100
ENSMUSG00000022037,0.13520536455771498,2.422296930033668,168.68404261727838,0.009545803683633943,0.3371157389127908,11.403042328101183,5180.07620821203,100,100
ENSMUSG00000022039,0.001,62.31581250733508,1.0,0.001,0.001,0.0015077388260476042,0.23022401992277886,100,100
ENSMUSG00000022040,0.001,0.009858144641635395,1.1361589210311538,0.001,0.3695735147268165,0.3327439247890233,136.0101426561499,100,100
ENSMUSG00000022043,2.0327332111796577,3.6279889990624747,13.750348930519355,1.2001288906756993,6.26606490737374,0.8383591860471129,8.550400131034808,100,100
ENSMUSG00000022044,2.2847492689943922,578.7622526003178,1.0770843335328297,0.001,4.266568471407226,0.001227296972831241,0.02242996839291059,100,100
ENSMUSG00000022048,0.7729354162317004,0.8440314385490284,1.4463504596242989,0.12776195871746907,5.181358547132326,0.14607090034519388,11.961533752315631,100,100
ENSMUSG00000022051,0.06855473308991569,0.16593980623481025,16.269695748237083,0.021545646721191233,0.13956128933238574,35.128040531575145,310.76810701035333,100,100
ENSMUSG00000022052,1.399290929516118,4.802194091737804,11.464627813108294,0.678195521538276,2.499818701820881,1.0551965026730348,6.802557879819246,100,100
ENSMUSG00000022053,0.17955870346276928,24.69520685522035,34.116772994957834,0.001,0.2881108372936414,0.8331202394270971,369.0474303415431,100,100
ENSMUSG00000022054,0.024525364338137734,2.9551953012281884,106.00555994037254,0.001,0.05387301773353173,7.982564681660079,302.14449433386903,100,100
ENSMUSG00000022055,0.001,62.31581250733508,1.0,0.001,0.0010000000000000005,0.0018222878342756949,0.10180822676103218,100,100
ENSMUSG00000022057,0.006271914262345126,12.152262290393521,41.31611000113204,0.001,2.5938445105203733,0.0017335060328551118,42.45468614178242,100,100
ENSMUSG00000022064,0.8825391321283288,127.97715699629568,87.17292531649709,0.25159289741928115,2.0495246469298625,0.2602622723663523,4.198560464099656,100,100
ENSMUSG00000022066,0.001,13.24437027100208,1.0,0.001,0.001,0.057992078396080005,4.752564896821594,100,100
ENSMUSG00000022070,0.111279612509872,1.1293900238276258,5.408352030612091,0.03153807227557051,0.23414577445401974,2.0461673564796508,21.849879870796528,100,100
ENSMUSG00000022074,1.3386020657021345,2.833026665247554,22.237893303866088,0.9808512686183666,4.287971338810344,1.7775451859286486,12.231376397173804,100,100
ENSMUSG00000022075,0.07984336353519583,0.16567978147392,2.0271033306985276,0.001,0.4832618757597702,1.3538795990955275,959.6805635007114,100,100
ENSMUSG00000022076,0.11384618112645052,26.95183298160442,1.0,0.001,11.877580119199676,0.001040181363902987,0.039784452966996856,100,100
ENSMUSG00000022089,0.5676529628113396,0.5308830988016151,3.7706332222003294,0.10499800772771996,1.806980226156004,1.0329768227840899,58.658087641633486,100,100
ENSMUSG00000022090,0.4459661042020517,24.87723493463829,97.82340413250012,0.2937962747285059,0.6037411240655586,2.8363781799750973,6.608296836071277,100,100
ENSMUSG00000022091,0.37514078161103936,2.4926573720053393,11.446893184006813,0.18433697113012948,0.5547313531294514,2.7464137990746247,11.26608283512946,100,100
ENSMUSG00000022092,0.2533031836950738,32.068642607521056,15.16716891022084,0.001,0.9505354085731299,0.00401570021247218,54.74390629671501,100,100
ENSMUSG00000022094,0.6276951737238893,7.967469698580681,31.600833895247998,0.3221960929628626,0.9915167872145867,2.356906644206692,11.754921535410077,100,100
ENSMUSG00000022095,1.5350874814990032,7.9986705915711624,11.64092804227559,0.3870048757671242,2.7899370032462985,0.6500339413430702,16.181490476428085,100,100
ENSMUSG00000022096,0.23972592955411245,20.542843804643866,54.12595109074153,0.02619703653033654,0.3231892893003361,1.6510148845803831,28.874037125092354,100,100
ENSMUSG00000022098,1.946108594159463,31.89111852074317,219.27467945048835,1.3193988670600472,5.886326072640015,2.187384843516602,13.12792970080401,100,100
ENSMUSG00000022099,0.13176354594216824,1.1127461904288038,2.3562756796469793,0.001,0.30618996725337655,0.9861920675394246,314.04142175667675,100,100
ENSMUSG00000022100,0.8398506670858302,0.7523924459309791,8.431054798080375,0.4295960604414386,3.4237510443498325,1.3623803993065497,29.330222594514947,100,100
ENSMUSG00000022101,0.03913281910232653,20.222819892888992,10.682703289564616,0.001,21.104464599308756,0.0010000000000019121,23.68364917290951,100,100
ENSMUSG00000022102,0.010778925506700085,20.010963484849984,22.81461678364723,0.001,9.428158878339975,0.0011483766475165469,15.004485931032413,100,100
ENSMUSG00000022103,0.03959062045690606,19.555330130968176,10.340062130670752,0.001,14.769091144386088,0.001047812329990995,21.35613008559081,100,100
ENSMUSG00000022105,0.27985831425259267,1.6385251973779087,1.4416914693381329,0.07956661015048108,1.6561943634116083,0.13034064793495714,2.680813905221709,100,100
ENSMUSG00000022106,1.1472068215250761,2.652165315967648,8.191609331918835,0.4256676294364371,1.9883666752302753,1.3065942120573057,17.556843469789648,100,100
ENSMUSG00000022108,2.7415197076010096,12.636602071735242,234.3276083229242,2.1045180252180105,4.1191007972368245,10.158586928460455,30.037056225160164,100,100
ENSMUSG00000022109,0.9835483979495707,5.760724318195802,14.995680730547216,0.5172297076123633,3.86688502136274,0.7257549516807078,7.036057674617309,100,100
ENSMUSG00000022110,5.833016487135241,734.7245533726694,872.9399154067472,3.9432094171753915,9.274245255734265,0.7277554375728421,2.66635757194595,100,100
ENSMUSG00000022111,2.597860876087669,484.27787803975303,1113.1990011769983,1.8372908808894421,5.005733628237618,1.2485659803281248,3.6348331617334693,100,100
ENSMUSG00000022112,0.001,62.31581250733508,1.0,0.001,0.001,0.0017593426345954568,0.2558171576756728,100,100
ENSMUSG00000022114,0.3687383674985764,165.47515533525885,271.52929522817004,0.14176562579022467,0.8441519002999471,0.5217388263008758,6.024473546539774,100,100
ENSMUSG00000022119,1.3789774561648231,2.7646583751992804,10.966188239848055,0.632711695301015,3.26060843871376,1.0990695480267751,15.16765150815904,100,100
ENSMUSG00000022120,0.40580552696880823,1.5599433840720534,3.768897213448173,0.0011144639363186582,0.8660688039344095,0.9416139198950955,1246.3510518602054,100,100
ENSMUSG00000022123,1.77889767106868,435.05565630393556,1.0337441480290168,0.001,7.766184596005805,0.0012334269213389103,0.08683784678473216,100,100
ENSMUSG00000022124,1.6929121904118443,51.649105497310025,60.37803611023896,0.14156798662535758,2.565847681727477,0.7478054042092193,55.588344183671374,100,100
ENSMUSG00000022125,3.4992567458256523,220.40815568232972,611.1176406454452,2.256053774509671,6.845957205408051,1.4604422533571313,6.14221044874877,100,100
ENSMUSG00000022126,2.0826313051015224,503.49146876914733,1.0,0.001,5.621518641361293,0.0012411693702382618,0.13953894102628378,100,100
ENSMUSG00000022130,1.3894940101903976,3.152105871937024,5.003162715644683,0.3342566610328076,4.043305719767272,0.43263291889341116,10.84613318763411,100,100
ENSMUSG00000022131,1.646775283753324,5.630998555035309,6.4568758921692595,0.8570772682588772,3.970993437578258,0.3500985634418401,3.376480657745638,100,100
ENSMUSG00000022132,0.006609119701484108,16.51263100969993,40.807436409214795,0.001,0.04886080659228262,0.0026496384503405176,25.382971118285123,100,100
ENSMUSG00000022136,1.2701631656921293,3.0222682446485476,25.823368085869664,0.899753967737648,2.145979884633026,3.5849284044321914,15.512918793865751,100,100
ENSMUSG00000022139,1.5104827603008713,3.0359406708863297,22.530303505045396,1.0868037975465303,7.114470616095889,1.3746795403578191,12.357740056429936,100,100
ENSMUSG00000022141,0.22526470653886435,0.4629558492428593,6.258318138522424,0.06533465815885578,0.4249385735543214,6.615232286367215,56.07704170098518,100,100
ENSMUSG00000022142,0.1670244756162586,0.5571176575550003,2.5095262837427894,0.053190701007428044,0.5605188665858676,1.041621149936292,15.093198916972113,100,100
ENSMUSG00000022144,0.03965353370608587,0.11055884945405965,2.1098024648672506,0.001,0.3513631558058813,1.6732834340276925,814.732304563671,100,100
ENSMUSG00000022146,2.902945292871469,221.2013169899985,302.54309310606504,1.1045769388431848,4.3099161910691475,0.9364065524594026,5.738126702191751,100,100
ENSMUSG00000022148,0.001,0.012349139486389753,1.3853162330248474,0.001,0.22480395776216472,0.3632422881510825,123.78210715910024,100,100
ENSMUSG00000022149,2.684773051267332,649.196933434762,1.0,0.001,7.879142197939284,0.0010067160649755336,0.03550619607216763,100,100
ENSMUSG00000022150,1.210373005000063,999.999999911084,2427.473520879863,0.7599111363078269,1.7363764181419112,1.5747938074517238,4.392489657222159,100,100
ENSMUSG00000022151,0.7388889968784726,1.5291253890264171,4.506509483259638,0.24473093441972518,1.766305423774615,0.9380570730243897,17.878049384635915,100,100
ENSMUSG00000022155,0.001,62.31581250733508,1.0,0.001,0.0010000000000000005,0.0017601187389434682,0.19872217758249056,100,100
ENSMUSG00000022156,0.04165472784066251,1.6384303316356428,29.244281670859767,0.021552752163131576,0.12213528454613584,2.908140184585469,42.3795816634952,100,100
ENSMUSG00000022157,0.10193776196799831,2.1937396323560416,132.0931797687711,0.007072505192162833,0.14535580835789236,33.88328464681073,6195.949651873922,100,100
ENSMUSG00000022159,0.8232302293431437,0.8317814970950596,4.0726197952826055,0.2871154182556688,2.5069320391291345,0.8641961932119598,22.830245648145446,100,100
ENSMUSG00000022160,1.5244285259893418,5.453173649872349,8.276888417458855,0.4397294357337933,2.7585125129669796,0.6575655305270146,9.301366110812609,100,100
ENSMUSG00000022174,3.9081649291650944,567.3457413324272,3652.358800007522,3.08242461657575,6.141645915253912,3.9725724967000033,8.924679912055444,100,100
ENSMUSG00000022175,2.7193246730351444,588.3963384112787,969.7615776859008,1.9542993409750717,7.204010711590918,0.6062698175013996,2.4393704998126706,100,100
ENSMUSG00000022176,0.001,62.31581250733508,1.0,0.001,0.001,0.002019568632114871,0.1973226752946942,100,100
ENSMUSG00000022177,0.15875162262042172,21.23237844146985,49.348394169157025,0.05929993480559437,0.24077095761919634,1.2903278214804392,8.481773780235216,100,100
ENSMUSG00000022178,0.6747581010669432,8.20256842057008,22.383728365081616,0.4433772024057834,0.9812072615654808,1.6626816777243532,4.76342413306839,100,100
ENSMUSG00000022179,0.15557131460364418,6.543854872422627,6.470751988940031,0.03349120902329708,0.6396548816063851,0.13016518249276327,3.0606875400165268,100,100
ENSMUSG00000022180,0.06737546878200618,1.9975752747989044,11.83965710952347,0.018753528745164436,0.15613694163736025,2.0437273510766163,12.973551622012199,100,100
ENSMUSG00000022184,0.6245241485991414,1.8606549455387489,3.666082881560516,0.1306529629756471,1.6032996568540134,0.4935789489195034,13.651641115829008,100,100
ENSMUSG00000022185,2.398317683029592,22.979340590741828,122.23802019408542,1.5078834817046625,3.425489779509336,3.3459656320526516,11.307181124519314,100,100
ENSMUSG00000022186,1.2714980665652527,5.3822479656040745,31.996192951524833,0.9620575186965787,2.0862558303641423,2.98324679573325,8.862725853840875,100,100
ENSMUSG00000022187,0.001,61.674132606755,1.0,0.001,0.001,0.0019266546972017422,0.2784260453576056,100,100
ENSMUSG00000022191,0.38530316699338496,0.35830813995391947,3.4682378508325837,0.1450119746518171,1.6044606496952172,1.4066369605503743,38.28369212738704,100,100
ENSMUSG00000022193,4.371599515142787,92.61056927775195,393.4828090339886,2.699431672497394,5.295180651816056,3.332749431501861,10.498025141969602,100,100
ENSMUSG00000022194,0.5416323984824604,2.2395535018943096,7.151744895236792,0.02206293950831585,0.9709139382291874,1.5197308548971469,183.25282068258844,100,100
ENSMUSG00000022195,0.5407050385110737,0.7003990918099741,1.0,0.24387586975786768,11.567030967760548,0.03983734678765044,3.3993424902947464,100,100
ENSMUSG00000022197,0.043761005968328465,13.617002809152511,15.47315774287203,0.0075095785461174415,20.373643043575093,0.0015051493914248525,4.381501565688579,100,100
ENSMUSG00000022199,0.2508414343520811,175.2368938273808,535.0023621431119,0.17217947549424636,0.40581928988431326,1.7656937184834054,4.701618141584596,100,100
ENSMUSG00000022200,0.46511236217268304,0.4365190366512367,3.7551432907687747,0.0066207156875721295,1.442869040804991,1.6768709877396102,1002.929502383718,100,100
ENSMUSG00000022201,0.26076137380922304,0.3688756750129613,7.5564612865835885,0.13443425420224972,0.4575166539712784,9.261081626438486,46.51808760701482,100,100
ENSMUSG00000022203,0.03934171546735853,13.595160757818837,56.847287219116325,0.001,0.1609476052605469,0.8943268106040263,236.72735638645543,100,100
ENSMUSG00000022204,0.5029144610121146,2.717117148758972,7.995472283021062,0.0926756515471237,0.835163503392303,1.3960502995571389,26.41020441169913,100,100
ENSMUSG00000022205,4.091728712282909,49.70774695147375,149.2131244069014,2.167175118027383,6.85027187485589,1.6685792794713428,9.456340576746115,100,100
ENSMUSG00000022206,0.08068947768036401,1.7042772029049211,10.795481148051927,0.034287005175003236,0.14583531009708964,2.7809518231760735,15.886853383669266,100,100
ENSMUSG00000022208,0.001,60.60768216058454,1.0,0.001,0.0010000000000000005,0.001977848630199051,0.466048668523959,100,100
ENSMUSG00000022210,0.9336135449325699,1.0277887455690133,6.813675009978472,0.5622416872349396,2.384527891739072,1.4179907845901143,15.196570045261074,100,100
ENSMUSG00000022211,0.001,61.674132606755,1.0,0.001,0.001,0.0016700421649980097,0.17347579181899625,100,100
ENSMUSG00000022214,0.8495829067381027,1.8152405852986249,6.629470844726309,0.1937009243843537,1.6371955662615663,1.2660937164327746,28.72204664273574,100,100
ENSMUSG00000022216,0.653291907838907,2.1408735151941256,8.78745439456393,0.3249023158727281,1.2683970343922866,1.6894440170031713,10.684698096887779,100,100
ENSMUSG00000022217,0.17094493615363573,0.229078364545393,2.9274422535970617,0.001291192150314706,0.5788776610631536,2.5271504432131913,2092.0454573413344,100,100
ENSMUSG00000022218,1.8313100340425117,434.42234650126426,1.0,0.001,10.597508560149723,0.001,0.05156444325427427,100,100
ENSMUSG00000022219,2.38100765092326,555.6306789488924,1.0,0.001,9.398567362110036,0.0010246898945306606,0.12522552812343796,100,100
ENSMUSG00000022220,0.244469135931109,144.58691190223698,163.01360239824834,0.09322490311704834,0.547157132896974,0.4047751880963466,3.6948283509844115,100,100
ENSMUSG00000022221,1.5543849637244385,101.76697577531168,631.9576113416218,1.217978622414193,2.3539459893446146,3.8716999510687335,8.396730189070684,100,100
ENSMUSG00000022223,0.4269583301113951,1.869629265306453,6.239937803136968,0.28262681858031136,0.7055175903640247,1.6658690914843455,5.955783573812451,100,100
ENSMUSG00000022225,0.001,60.60768216058454,1.0,0.001,0.001,0.0016929469720527112,0.16934750958599276,100,100
ENSMUSG00000022226,0.001,62.31581250733508,1.0,0.001,0.001,0.0018311696240290072,0.1375815013204174,100,100
ENSMUSG00000022228,1.0359974069808529,268.43150793697197,102.45239882325401,0.3286721169072628,80.7695683709898,0.035114264397236236,1.9077677417765448,100,100
ENSMUSG00000022229,0.001,62.31581250733508,1.0,0.001,0.001,0.0016561244024814788,0.12213136844147834,100,100
ENSMUSG00000022231,0.11979309441704218,25.93245878082819,37.84108696952963,0.001,0.24283014763363409,0.5004187685414322,258.31799394534005,100,100
ENSMUSG00000022234,2.9197624539497524,10.765684145449534,125.2259135781879,1.8931318771532348,5.948029114892583,4.510689520834426,21.299767985430183,100,100
ENSMUSG00000022235,2.2386239439353877,560.8732842949564,1.0391422282568814,0.001,8.314000384923895,0.001000000003669236,0.04876271296177459,100,100
ENSMUSG00000022236,0.052631012464707194,1.6982400891939755,3.774490731180858,0.0017372145764315595,0.2311611097557454,0.14267309313592097,5.674950586833985,100,100
ENSMUSG00000022237,0.029158093909366852,15.496351681258757,60.17603889147467,0.001,0.1364872657226685,0.5169313476459683,195.5548876124373,100,100
ENSMUSG00000022240,4.928166454409505,390.4686033690504,1.0,0.001,21.180453217297725,0.001000000000001201,0.021021134108595484,100,100
ENSMUSG00000022241,2.581066234056242,10.372737322292615,46.57602511187206,1.7343517048370196,5.12659799197465,1.824011286404045,8.327392417669488,100,100
ENSMUSG00000022244,0.20328183534860308,0.3292366259001483,1.7683207490170334,0.001085631885157286,1.100747414216993,0.5843306784066957,1028.613039833982,100,100
ENSMUSG00000022245,0.001,62.31581250733508,1.0,0.001,0.001,0.0018583580787054246,0.29337395922405485,100,100
ENSMUSG00000022246,0.39210330615084044,1.23098417055829,3.6518725868860082,0.06612745225280955,0.942870597317121,1.0354599423394404,24.29762676660106,100,100
ENSMUSG00000022247,3.1302492218839912,108.51231868474952,221.76642938093866,1.6258082025963805,4.812592194612091,1.2989070209536244,6.204562897384342,100,100
ENSMUSG00000022248,1.2380577560556323,181.05620771187515,265.6212149725565,0.5490275659998667,1.6892869880403998,0.9739324707825333,5.87346755562984,100,100
ENSMUSG00000022249,0.001,66.84427540036525,1.0,0.001,0.001,0.0013967342043605408,0.15213881692640147,100,100
ENSMUSG00000022253,0.41885418752963116,346.8841626681845,215.9591350374607,0.15552850041041327,3.091040596870318,0.08745205619914882,1.8827592806903353,100,100
ENSMUSG00000022255,0.2873759823206033,0.8828132469492176,13.248508049451011,0.16133352492188469,0.43133357986086124,8.677926675314785,28.820523954898103,100,100
ENSMUSG00000022257,1.642508621984033,2.720030790404017,19.7483279035163,0.9123750280399917,3.6974981362481776,2.1260942755065515,19.51983111526421,100,100
ENSMUSG00000022261,2.737989955507705,53.481980127115655,276.02376834008055,1.8519127622167906,5.294834988416087,2.6636717248693618,10.767138042073007,100,100
ENSMUSG00000022262,0.001,62.31581250733508,1.0,0.001,0.001,0.0019098363464345246,0.06435770114867842,100,100
ENSMUSG00000022263,0.39508685482140815,0.4466106933783109,4.6907321695842645,0.006872605265631674,1.3582582836896684,1.6453263240521472,1313.114449439915,100,100
ENSMUSG00000022265,0.8159818729692453,130.01703253751614,459.9928360836831,0.6517541218032478,1.0361889163514284,2.391205898784439,4.934304412490166,100,100
ENSMUSG00000022269,0.001,61.674132606755,1.0,0.001,0.001,0.0021632828015404736,0.1268191422403181,100,100
ENSMUSG00000022270,0.0619060160104232,1.0075612869314137,10.658692472379832,0.032608537387829886,0.12135052723167741,4.021908864514123,22.702434798010916,100,100
ENSMUSG00000022272,0.6567583228670533,1.3889553414016658,9.637473311949138,0.36868069361250033,1.0480582943944592,3.8198731863532718,14.855300542654028,100,100
ENSMUSG00000022280,0.29929377231401605,0.20720804928138034,3.332382151392735,0.0676744320544211,1.1115925012831576,2.4734994216778303,161.16573223910373,100,100
ENSMUSG00000022283,4.315490638331102,91.15933046313246,1236.103156151059,2.5578200947450718,5.3357947367347345,10.819325108938001,36.260916877594155,100,100
ENSMUSG00000022285,4.778502098205898,165.58014205187467,893.1583179942959,3.370554242176822,6.5214092930436,4.097218037720618,10.118606744954477,100,100
ENSMUSG00000022286,0.001,66.84427540036525,1.0,0.001,0.001,0.0020285310638082366,0.11333261885013171,100,100
ENSMUSG00000022288,0.001,62.31581250733508,1.0,0.001,0.0010000000000000005,0.0019527941348927548,0.2544279920679949,100,100
ENSMUSG00000022292,0.5125374351246058,2.104355960867442,2.534522966397341,0.001,1.2233376166045518,0.3741042881668574,987.7167355894628,100,100
ENSMUSG00000022295,1.9677288436329003,5.867489710316698,13.656962142905623,1.049761627267817,4.245869837963403,0.8470437757603831,6.471020682034636,100,100
ENSMUSG00000022296,0.08311197827876364,17.28602049356668,21.878125785852657,0.001,0.2124352094317366,0.08872542934209048,133.8213366827498,100,100
ENSMUSG00000022297,0.25207708883039753,31.39489372471693,20.18786628128319,0.03625486298879055,0.7582509461344416,0.12964093936311047,3.612487984616606,100,100
ENSMUSG00000022299,0.09329693563774635,0.1840060310406092,1.6285810369842262,0.001,0.6407437731362422,0.7948282509001054,998.0621848388851,100,100
ENSMUSG00000022300,1.610687687880595,14.517652235252058,27.247978256058076,0.45562607195233396,2.4921508262794174,1.0574657796904854,17.07609830172153,100,100
ENSMUSG00000022303,0.001,62.31581250733508,1.0,0.001,0.001,0.0016945034506702103,0.19960250994455303,100,100
ENSMUSG00000022304,0.001,62.31581250733508,1.0,0.001,0.0010000000000000009,0.0018954731821105033,0.15677331247957554,100,100
ENSMUSG00000022305,0.0023254374245609156,0.032055695580329356,1.0457260697688615,0.001,0.0822557756561968,0.022283196631729292,312.1048314127203,100,100
ENSMUSG00000022306,0.17168499628129189,1.3124706116944977,2.0441059112004596,0.038941195845483265,0.9794010555613066,0.14878525482882615,5.515213727470593,100,100
ENSMUSG00000022307,1.0521608805757512,2.866781214102548,42.40146569783544,0.820723460663107,1.5532387302197406,7.433127202964199,20.973228871092083,100,100
ENSMUSG00000022309,0.27682046772127683,11.300102968928448,80.37753336207986,0.12862819955402355,0.33896192352187593,5.275131684652893,18.54590762298832,100,100
ENSMUSG00000022311,4.146906333238779,999.9999999237627,1.0,0.001,7.968708194764764,0.0010000000042656944,0.059535987805087384,100,100
ENSMUSG00000022312,6.320542733271371,557.7095747230717,3766.471077205588,0.001,8.031756061374686,0.6308126686435498,27.82673183410723,100,100
ENSMUSG00000022313,0.44044030753215185,0.4416651616145838,4.15556273543024,0.09473918478283969,1.3184064287322768,1.7505151485975585,65.08876451439794,100,100
ENSMUSG00000022314,1.2819338992036529,194.27559300150006,375.3758290716454,0.3256535995871984,1.926380974375093,1.2629420492929615,19.65231817498183,100,100
ENSMUSG00000022321,0.001,60.60768216058454,1.0,0.001,0.0010000000000000009,0.001776588777761015,0.29133703857313586,100,100
ENSMUSG00000022322,0.02732596629685848,12.386490237941224,66.51366854803352,0.001,0.10343053869480405,0.7311427640511221,81.9772789210132,100,100
ENSMUSG00000022323,0.001,13.390426730109503,1.0,0.001,0.001,0.04798622256653899,2.706308709914837,100,100
ENSMUSG00000022324,0.7823225420471916,3.254846378988533,63.382277149662535,0.555175548301629,1.1551217655003112,12.268854894143157,35.77075761162011,100,100
ENSMUSG00000022325,0.001,0.0330354328588521,1.6492361312983588,0.001,10.337787722029212,0.0016022933273680158,89.28827240028545,100,100
ENSMUSG00000022329,0.008890812618513273,0.03199933717093928,3.298514055402733,0.001,0.22578882140523057,3.3646206232043205,1494.7241502641168,100,100
ENSMUSG00000022330,0.032447838210562366,4.624634829220963,13.659371745590809,0.001,9.341806287094634,0.002252960081091961,80.56328266638474,100,100
ENSMUSG00000022332,0.047134974426680395,0.7434306656929721,3.8658638574184345,0.001,0.09568136956658642,2.851082213508702,456.6576000406304,100,100
ENSMUSG00000022335,0.2916098374014712,13.88487660360291,14.760293740906233,0.001,0.5297665452299594,0.5652544402140456,517.4880227365975,100,100
ENSMUSG00000022336,2.761414434794705,7.042019605853316,59.255844564773525,2.050493074894493,8.991630276887804,1.9103287078356592,15.005378320398503,100,100
ENSMUSG00000022337,1.7033755441425134,6.326648059294686,39.96478365213064,1.2013615546423266,2.8171408304908203,3.070057539830305,11.514793279020752,100,100
ENSMUSG00000022338,0.03610547935473979,0.09156593170039772,22.30487467256181,0.001,0.16967579792157828,0.10144796922985923,15743.774415498072,100,100
ENSMUSG00000022339,0.282469493227835,0.4247227744781628,3.5200161466524964,0.07117185505926728,0.5843971758994397,3.0334663570813234,41.49856903008987,100,100
ENSMUSG00000022340,0.033849989703115986,21.388785373110842,23.85979342997079,0.001,7.915647674961537,0.0014383812554120583,7.663480925216897,100,100
ENSMUSG00000022346,0.4223241886433483,2.881577137455339,33.79635750347632,0.30093076092245524,0.5796025743567471,7.637139402737091,17.723364917201735,100,100
ENSMUSG00000022350,2.693056687242012,83.11748339715298,121.03830178643341,1.7036850190059445,4.305095972714495,0.8311565751473093,3.0155395656854216,100,100
ENSMUSG00000022351,1.1807963621431112,5.949485692507134,28.046785863382517,0.7384797792223128,1.7313177501703216,2.7845107036203087,8.866607249139477,100,100
ENSMUSG00000022353,0.38027315543191376,3.5185964412133885,13.658084578779365,0.19157874832621297,0.5465558989630699,2.2893132093867683,8.152990059759881,100,100
ENSMUSG00000022354,0.011973848298503008,0.01223427405939613,29.358890392845364,0.001,0.2931766997672208,0.03753173828139175,29742.062317979886,100,100
ENSMUSG00000022358,0.18673568245144184,6.933545674146375,6.682005637466311,0.08623424563123437,1.4269316424533955,0.08768598971455989,2.245399096724811,100,100
ENSMUSG00000022359,0.8145265717701674,20.95076880556025,20.917687320027643,0.011483566396210999,1.0948369938381002,0.6468562079461776,300.7638790558947,100,100
ENSMUSG00000022360,0.06126608001718403,1.8647694372573846,5.930369022954344,0.001,0.1688793777058783,0.7928208177885676,134.23915705892128,100,100
ENSMUSG00000022361,0.044538144307305766,0.02435523692986446,2.239011322767846,0.0018113195343459612,1.3062995885245337,1.141231854053373,2038.3678937300529,100,100
ENSMUSG00000022362,21.72601903966441,501.35200604623924,1.0,0.001,48.34004894511078,0.0010352745159669108,0.011487756929407232,100,100
ENSMUSG00000022364,0.06577291841234296,0.26371736152040454,2.834244510383925,0.0020147274585991296,0.27780354825743525,2.0268093095162967,456.3000965272032,100,100
ENSMUSG00000022365,2.866957547534602,34.95719373105013,93.9737488360724,1.7447572725393905,4.421755610636609,1.6566118281394038,6.3557661820352855,100,100
ENSMUSG00000022367,0.2740167873250542,20.075264723001645,108.74626536119777,0.12833576483086523,0.36034822852117887,4.1563037411315396,15.7238579777711,100,100
ENSMUSG00000022369,0.3306808523155019,18.12429786776289,15.067744618425825,0.13088161415728358,1.1933100994081833,0.18796669702580815,2.707888269650968,100,100
ENSMUSG00000022370,3.8725778690481896,298.6925594896971,481.9969100180162,2.1776515138573753,5.183168333774541,1.1948752273113832,3.704053398562695,100,100
ENSMUSG00000022371,0.05574458750175757,0.7001508372349527,14.764395666393646,0.03967805683746546,0.10016774000731646,9.098401202150285,33.292487779277,100,100
ENSMUSG00000022372,0.001,62.31581250733508,1.0,0.001,0.001,0.0021082998032846915,0.08015945885970086,100,100
ENSMUSG00000022376,0.00841164400909345,17.824166281198725,61.56382839672817,0.001,1.7485632516562513,0.0026988446413961052,45.500253350853384,100,100
ENSMUSG00000022377,1.6978402273945505,591.8912582769369,2400.0013812674124,1.1005905754785095,2.4478414391129872,2.717716695994869,9.349333090550328,100,100
ENSMUSG00000022378,0.001,0.0013644139802639575,4.067658342103826,0.001,0.19102004671195508,12.132150865905636,4143.025972079959,100,100
ENSMUSG00000022382,0.001,62.31581250733508,1.0,0.001,0.001,0.001759123517599403,0.17538539953789595,100,100
ENSMUSG00000022383,0.001,66.84427540036525,1.0,0.001,0.001,0.001647302314019745,0.15658840936630913,100,100
ENSMUSG00000022385,0.10675751824440134,1.9798838795921314,9.509521085387684,0.057744546741626344,0.17961558658748178,2.0642106957071387,12.547130503132479,100,100
ENSMUSG00000022386,0.39482838982878654,2.108463399317103,4.093693687572288,0.013971145254700165,0.9379101406783701,0.6870233714584367,140.9697831957668,100,100
ENSMUSG00000022387,0.001,0.00434034300073117,2.995947854308776,0.001,0.15893704430118427,3.572311703329833,1010.026426638301,100,100
ENSMUSG00000022388,0.001,66.84427540036525,1.0,0.001,0.001,0.0017029452038862095,0.17447399900710517,100,100
ENSMUSG00000022389,0.23749614441724023,6.843085133190634,12.335414209938477,0.021381073605101098,0.4613723761071006,0.8115979458893876,27.166922248347248,100,100
ENSMUSG00000022390,0.20483249353465016,0.2978732752315968,6.565880804616602,0.11006827891294006,0.4098336847555688,8.433883588380688,49.414212290650894,100,100
ENSMUSG00000022391,1.027701022436645,493.73057359586363,2552.1542401959628,0.8412192142632247,2.2314161627394666,2.6067125908897735,6.725167527099565,100,100
ENSMUSG00000022394,0.7420352041663565,9.966332855531444,8.25842180691605,0.29859772831209624,1.4759089650344908,0.3492599936266944,3.2265749570371716,100,100
ENSMUSG00000022400,0.9066116195613375,3.028264163471567,76.97135344637991,0.6115973760091677,1.4496216556695414,12.617340311076642,45.208755307758196,100,100
ENSMUSG00000022401,1.508296620128978,34.68793377268575,5.24317722484753,0.3354499525298329,114.9388372575055,0.0025307413944882272,0.8972677536092306,100,100
ENSMUSG00000022403,4.203473454517021,7.851600206757437,49.41117801293765,2.5246785911864853,10.008112337902418,1.758406035398607,15.052212797998667,100,100
ENSMUSG00000022404,0.974919882001623,2.7391823166337246,15.218804549846917,0.5280667741944043,1.5784365679854626,2.45820322655494,14.095790390516225,100,100
ENSMUSG00000022407,1.1821835838605823,85.9243546109365,157.35618661562415,0.647401974170013,1.5741586940709404,1.3194412169530159,4.311908250227767,100,100
ENSMUSG00000022408,0.001,62.31581250733508,1.0,0.001,0.0010000000000000005,0.0017101766718731857,0.3730250520809246,100,100
ENSMUSG00000022412,1.0417239159832945,2.4133935994810094,4.519031449927745,0.13605482530788865,2.434735762035173,0.5757053644849814,32.41216493193499,100,100
ENSMUSG00000022414,0.5644355355905787,0.6804349270485648,3.947237380685752,0.13370957681073148,2.3097303266801035,0.9438846274683542,35.413946545129676,100,100
ENSMUSG00000022415,0.1648666077018874,17.76341462047446,5.9615165526699,0.001,38.10254959784703,0.0011653594114061376,2.5081695336842658,100,100
ENSMUSG00000022416,0.001,62.31581250733508,1.0,0.001,0.0010000000000000002,0.0017219030373231438,0.3277190960847626,100,100
ENSMUSG00000022419,0.22138735831078749,31.003875788093048,25.51062406198624,0.0033224326943216537,0.45587252297013436,0.3682453629841155,99.137864479309,100,100
ENSMUSG00000022420,0.8279395888320207,1.123606195438505,5.133798290314888,0.15529933556191816,2.4189060437816714,0.9297174158998762,23.946765971193535,100,100
ENSMUSG00000022421,0.1270815603272714,0.9253706297216447,3.026726125072781,0.03291207586011703,0.35009414893575186,1.0241813793175734,13.558334939755621,100,100
ENSMUSG00000022422,0.03358374650728167,21.44631757332358,36.4996424541629,0.001,0.12171006705651327,0.36499845461272273,91.69510675941146,100,100
ENSMUSG00000022425,0.04071540106248131,0.47479897756031825,1.0,0.0022996052723771006,0.49007019830537724,0.13593657092773556,18.201183886497482,100,100
ENSMUSG00000022426,0.020646089691502303,0.030720930070154834,5.147332692909333,0.001,0.10674940389162299,25.429974265724475,4772.990954991172,100,100
ENSMUSG00000022427,1.594314495470914,2.0374624970828594,21.48586913237911,1.0256011053820346,6.058623333788923,1.5935688342163958,20.61832199223413,100,100
ENSMUSG00000022428,2.566712696785843,228.61647931554947,389.19989225090745,1.29690477226986,4.713629390643909,0.929476880844915,5.404715253846632,100,100
ENSMUSG00000022429,0.013711518431351514,1.320546829505312,3.6745650720333445,0.001,5.697153867298294,0.001637535772361158,26.77053356336743,100,100
ENSMUSG00000022432,0.001,66.84427540036525,1.0,0.001,0.001,0.0019546319866968953,0.30957855941006374,100,100
ENSMUSG00000022433,0.3253381116695311,0.3122942098629681,4.058775299289339,0.025228289586818192,2.73362084656496,1.041541972967134,277.31096955236535,100,100
ENSMUSG00000022434,0.539766446744008,1.042894435924185,2.893732732309844,0.13992321353633688,1.2927796338080804,0.8703448110956569,14.077400233805932,100,100
ENSMUSG00000022435,0.001,62.31581250733508,1.0,0.001,0.0010000000000000009,0.0019016852828391165,0.21725674934723843,100,100
ENSMUSG00000022436,0.0022032285777085873,0.0020007046786474935,1.638996281415933,0.0010419283166536028,0.9920865843878541,0.8616827794890709,1532.919477005969,100,100
ENSMUSG00000022437,2.121844368565604,2.8965816830725233,14.75308000055415,1.185550154343062,4.912997853282492,1.3156089648361902,14.293146006715805,100,100
ENSMUSG00000022438,0.4762340285127412,0.9208571159101946,9.083034183860908,0.2608594380951852,1.0317805885136864,3.3464179124945344,21.16912662927776,100,100
ENSMUSG00000022439,0.09254168549292217,2.9369033257574135,1.0819553171136445,0.007325255010911268,30.083729943379275,0.0010923106540189017,1.4250478626105316,100,100
ENSMUSG00000022440,0.9052082995109382,6.018867323828542,17.433268546612197,0.5730438634284242,1.3503658028303738,1.6230402849073104,5.994055766512842,100,100
ENSMUSG00000022441,0.001,62.31581250733508,1.0,0.001,0.0010000000000000005,0.0017480384832899648,0.2157821687897121,100,100
ENSMUSG00000022442,0.0015330635870663917,0.003939044110293061,1.6579064569368969,0.001,0.3289910387555054,1.2464749383741287,693.2879898870276,100,100
ENSMUSG00000022443,3.5801522434698483,20.860313229728927,108.77217688247202,2.1737026894095273,9.755478612095999,1.6439313010011507,13.609664557312021,100,100
ENSMUSG00000022445,0.001,62.31581250733508,1.0,0.001,0.001,0.0017172025447664933,0.10788372418479875,100,100
ENSMUSG00000022449,0.001,61.674132606755,1.0,0.001,0.001,0.001625327476268569,0.39743814584766923,100,100
ENSMUSG00000022450,4.12226572950528,320.30603770152317,620.3693611544746,2.0592015818751133,6.561500661184401,1.1919807220397105,7.965834801543908,100,100
ENSMUSG00000022451,6.925682918033994,589.8650180576797,704.2797991740965,4.449147261709859,10.088366349517873,0.8221947133031436,2.8962477347884037,100,100
ENSMUSG00000022452,4.8909933177010245,18.717190040032587,99.35561552986393,2.551373506879904,7.526552778609383,2.758460010902267,16.463446948969757,100,100
ENSMUSG00000022453,1.595775814696148,4.320833496461166,15.701604435758519,0.9068514687909507,4.396298224562916,0.9879045497379995,8.934735329966749,100,100
ENSMUSG00000022454,0.02354749448899906,1.8248050941176182,5.857752329573804,0.0037441414048899075,2.3568232764394734,0.0020662209438292757,10.562449538523804,100,100
ENSMUSG00000022455,2.1571940611220364,521.5346265951073,1.0,0.001,8.234521698044809,0.0010000000000134903,0.0532531413352719,100,100
ENSMUSG00000022456,5.9758715323925395,716.7924895021274,1.0000460027113776,0.001,21.569685891233167,0.0010000000000062077,0.02541227885144104,100,100
ENSMUSG00000022462,1.927488378105893,257.4553339980176,2670.456586153952,1.3891986416557645,2.5658773963816324,7.675209198075617,16.351128505231102,100,100
ENSMUSG00000022463,0.2649840746177745,0.3100625670272199,8.021008665167725,0.13800535209087195,0.4787552364635589,10.310915550029744,59.29050856614732,100,100
ENSMUSG00000022464,0.001,61.024058264401226,1.0,0.001,0.0010000000000000009,0.0015777373861055612,0.14618492169860656,100,100
ENSMUSG00000022466,1.0169345604188273,2.3266570624044864,5.824360397073381,0.10400371170538791,2.048895473531097,0.9127081425447756,41.44696588764897,100,100
ENSMUSG00000022468,0.02721379451629049,23.00090884154057,34.49553083481522,0.001,0.39779547834817564,0.06949166818847857,78.73818696930701,100,100
ENSMUSG00000022469,0.13965027099468816,0.9388973284230394,3.200768998960891,0.033146150036162655,0.3979222721734397,0.9274204115922224,13.203199075568433,100,100
ENSMUSG00000022471,0.2155174112824556,0.47641589192416495,2.9882615977892533,0.042254692001761865,0.556198127885146,1.9252293352584409,36.84315405661488,100,100
ENSMUSG00000022472,1.8332342380969868,999.931010245676,1279.589879555332,1.2610873035604633,2.655110537761145,0.8429304550963483,2.6663954646849524,100,100
ENSMUSG00000022474,2.3486689608678386,235.83864984626967,692.8148526851364,1.6475550885098476,3.610059389538628,1.8350302866424009,6.004836312472542,100,100
ENSMUSG00000022475,1.2790582038242453,1.8460475992504704,13.432603110832446,0.8736421840873854,2.7476456296694574,1.9562492175051758,13.400033723258664,100,100
ENSMUSG00000022476,2.2934479791995153,257.54978162197665,172.97285491203047,0.4431969866699388,4.856105203468848,0.30866180409626237,9.391999725165608,100,100
ENSMUSG00000022477,4.688333289695567,217.28135974766428,599.3399806188736,3.3252457317504005,8.080569452120345,1.5658568801473534,4.753843590493152,100,100
ENSMUSG00000022479,0.3558953259772257,15.558289915212649,105.24377321806993,0.28302795748850446,0.4632731086466252,4.572105935896305,9.472710003925481,100,100
ENSMUSG00000022483,0.001,62.31581250733508,1.0,0.001,0.0010000000000000009,0.0017235058794317303,0.6028612584866893,100,100
ENSMUSG00000022484,0.6978135320779262,1.012845142477955,6.716384976951762,0.40426829543691095,1.7305519463528447,1.599038622922877,14.777626302008319,100,100
ENSMUSG00000022485,0.01351360316686148,0.9900874366394578,2.933079862027725,0.001,1.1108614298432085,0.0016307024263279694,69.2815340713803,100,100
ENSMUSG00000022487,0.001,61.45463549419866,1.0,0.001,0.001,0.001940436910566193,0.19545961342657603,100,100
ENSMUSG00000022488,0.001,62.31581250733508,1.0,0.001,0.001,0.002056526056622878,0.2900716317357913,100,100
ENSMUSG00000022489,0.16715000830110707,24.480381092344203,36.78043471957685,0.001,0.2984627346541569,0.9063774722804816,349.2035394730308,100,100
ENSMUSG00000022490,6.088766236021445,750.3460665973902,1.020885193262646,0.001,12.40387826637337,0.0010436623936309112,0.018620413559457195,100,100
ENSMUSG00000022496,0.001,62.31581250733508,1.0,0.001,0.0010000000000000005,0.0016445665082304743,0.14973875331268177,100,100
ENSMUSG00000022498,0.7581498268252558,2.4049231604066437,5.690695952035814,0.23696988776879052,1.6584254396887048,0.824713242093368,11.538356596821725,100,100
ENSMUSG00000022500,2.5148587729911744,107.23571926844005,329.56622418311775,1.7550359500578274,4.202085852633771,1.7735314803267332,5.482490674193722,100,100
ENSMUSG00000022501,0.001,62.31581250733508,1.0,0.001,0.001,0.0016850543889981614,0.09325484019540471,100,100
ENSMUSG00000022503,1.4309167658766941,10.220698845614532,11.001951964476778,0.3639275264661609,2.352187583360916,0.613506550010594,9.998989096602914,100,100
ENSMUSG00000022504,0.001,62.31581250733508,1.0,0.001,0.001,0.0014767581942946048,1.3174863841330677,100,100
ENSMUSG00000022505,0.6390839372521213,2.1445672959331405,13.755471100434006,0.3082120502107333,0.9734832511037561,3.8666789681328977,17.866535017740397,100,100
ENSMUSG00000022507,0.15127812651906145,0.3985728630109869,4.007296243154409,0.003953797239731869,0.4193796884146423,2.53201131413826,437.06273146338,100,100
ENSMUSG00000022508,0.2964423247561945,0.5533640347784357,2.7661119167717114,0.01910207269024156,0.8597930495860809,1.2144100277079086,118.77102545902291,100,100
ENSMUSG00000022510,0.009940516704804165,21.340511524108276,52.49784011571376,0.001,2.360366298531773,0.002497893504278404,36.09379287657849,100,100
ENSMUSG00000022512,3.157123210130706,372.04078341745736,1.0,0.001,18.921230280245005,0.0010000000000159506,0.009257415550745732,100,100
ENSMUSG00000022514,1.106691987939086,8.126849877945942,26.612620703343374,0.7916693044193324,1.708215533577519,1.7656527172176122,5.643075557470854,100,100
ENSMUSG00000022515,0.7015872390837566,0.9334513732845205,7.297581531579508,0.37673825470497874,1.3218793038614205,3.296591387264635,19.105164498842118,100,100
ENSMUSG00000022516,0.7389696542205715,1.1468088294711076,10.928620729012115,0.3954586716091859,1.5882563818581557,2.951399469988335,23.367339671162945,100,100
ENSMUSG00000022517,2.5429808256269295,341.98430415872,353.9482385981399,0.9870991637630175,4.1677486149190095,0.639341650436638,5.754941665124154,100,100
ENSMUSG00000022518,0.001,62.31581250733508,1.0,0.001,0.001,0.0017762690930981072,0.1162981868620173,100,100
ENSMUSG00000022519,0.08933683002146105,18.768940790304573,6.205214045883866,0.001,27.22596328946068,0.0011216524065081404,1.3399245519977103,100,100
ENSMUSG00000022521,0.2827304353171827,0.1814192897309731,6.819880662221368,0.16773327999084225,1.5791240666785789,2.9004350555518847,68.81742871567734,100,100
ENSMUSG00000022523,0.001,62.31581250733508,1.0,0.001,0.001,0.0016022392829841998,0.13193819732293569,100,100
ENSMUSG00000022525,0.025728039625871158,20.584260537972582,28.224233997302154,0.001,5.569540139200903,0.001289117720162336,71.3470423936132,100,100
ENSMUSG00000022526,0.5090255901955711,27.30672025579783,24.509914880227587,0.001,0.649492385389323,0.6672180183828573,977.5522014179062,100,100
ENSMUSG00000022529,0.10948524736046375,0.1820311321243932,2.0786524193978373,0.006119961166875991,0.6915403149151045,1.1648694813921072,401.76209201303186,100,100
ENSMUSG00000022533,2.488704507199963,62.413668241441215,95.94351825352983,0.9479974851501963,3.746623458447047,0.9763705863012235,8.423627845632193,100,100
ENSMUSG00000022536,0.8806183302990767,1.069520522335731,28.649545157879416,0.6316066181342835,2.235261168840148,5.8539017304039955,40.101155714816954,100,100
ENSMUSG00000022537,0.18081502254973644,32.70687202204706,20.789959674296128,0.0011490360534297216,0.5723249561898266,0.06272535353759302,107.65184887225055,100,100
ENSMUSG00000022538,0.7220575984018327,0.6420683095146028,4.2006232681657,0.341039777030262,2.757395894800756,0.8667806785200938,19.541498108295876,100,100
ENSMUSG00000022540,0.9576597954905492,34.780833196422314,43.021650642784266,0.4823492376114359,1.5770664859096337,0.6797880236869611,3.475178621877113,100,100
ENSMUSG00000022542,0.001,62.31581250733508,1.0,0.001,0.001,0.0014688208961789874,0.16082284698243676,100,100
ENSMUSG00000022543,0.010819704695600616,19.82646157534642,22.6107831708715,0.001,8.342731846558097,0.0010461344734851285,15.074646360078473,100,100
ENSMUSG00000022544,0.9437690533191414,10.07604796643342,15.74879460604754,0.2655402629743563,1.4934905754988441,0.8862715741917622,10.894991350714811,100,100
ENSMUSG00000022545,1.211479932243423,3.41760618055687,3.4850062301205997,0.0034697652670885636,3.1990586032563297,0.2733435588056805,887.4147270750593,100,100
ENSMUSG00000022546,0.1711667878951222,1.9588021383587353,2.9730563110973476,0.05558526740362174,0.42678746491451464,0.4393949846808287,5.917849364135567,100,100
ENSMUSG00000022548,0.10005052952962773,2.813049886621307,2.973708311724783,0.005469448458719583,0.48478977357706493,0.04117485314147311,10.651774599876282,100,100
ENSMUSG00000022550,0.1584386480814317,0.47767600771957447,4.400820588606333,0.061268024418546035,0.32187015888946463,3.795932303206171,28.006875280670613,100,100
ENSMUSG00000022552,0.11627221353274496,0.10457059999931596,6.2476950541800695,0.008627535358870857,1.807239062330606,3.98116002653036,1122.6488718842709,100,100
ENSMUSG00000022553,0.0014894350145720858,0.005139900841904434,12.565070348888328,0.001,0.041552629530342916,0.11938184387183053,13454.497472752335,100,100
ENSMUSG00000022554,0.9279360480775671,30.652022481956404,25.327823949143408,0.5852077166729257,2.0079566248727185,0.3537731446850068,1.4915885816152747,100,100
ENSMUSG00000022555,0.07994657615443211,2.1041450780738447,30.91118106077471,0.001,0.18272751671731857,4.556568292271939,1182.6122727808774,100,100
ENSMUSG00000022556,1.5963204346972235,9.729784312483602,25.726028425918695,0.9434416891121314,2.28204146613731,1.6566439866942233,6.662407015311275,100,100
ENSMUSG00000022557,1.0001316107288776,2.9279115455461655,15.565837075161674,0.5788431437991732,1.7910846985549078,2.178459210086783,11.286481923293664,100,100
ENSMUSG00000022558,0.5591440769316292,0.7545144366274332,7.602291755948021,0.2523484131887596,1.1267641408364197,3.6623824490480255,30.006276044164245,100,100
ENSMUSG00000022559,0.020574498691930565,0.18285041215031045,5.432031717551962,0.001,0.09945219001606588,4.9500986575372234,900.8467686150478,100,100
ENSMUSG00000022560,0.07668596880007637,0.24523878602619467,1.3166458079760737,0.001,0.6673510331093677,0.4463792309532041,361.4882759858309,100,100
ENSMUSG00000022561,0.00873689589721466,0.011110018532339913,6.291412664382121,0.001,0.17098372403686557,36.62613717375591,6540.73494356075,100,100
ENSMUSG00000022562,0.215775131906248,23.01035279555434,40.015340661005304,0.040117048299488374,0.35303595193017584,0.9319871902237187,9.980748054605034,100,100
ENSMUSG00000022564,1.6925055446365929,86.94009645072715,186.4058840803062,0.67892582957365,2.873431463097275,1.2461343870563466,10.225914178618925,100,100
ENSMUSG00000022565,2.3027406593708384,4.478600949059081,84.74849074483559,1.7663822850432795,3.8769159033980074,7.621167056386195,26.597608340025666,100,100
ENSMUSG00000022568,0.24406478403114165,0.8220079911440342,3.021914193142461,0.01271914226686581,0.6138515740613888,1.1006927805795774,153.6199204865582,100,100
ENSMUSG00000022570,3.273456727595304,170.09007784641412,227.56769975029886,1.5524313349697627,5.158861375709002,0.8478509042563265,5.116494795445739,100,100
ENSMUSG00000022571,1.1394235266265316,3.075318947213635,8.087624751914445,0.4793167767475588,2.0609903086255414,1.1388231550453844,8.78448550074187,100,100
ENSMUSG00000022574,0.17152351429255833,1.894037336568246,4.105759701062518,0.04472427109630557,0.38032933998497986,0.7266955110068193,8.889036847583839,100,100
ENSMUSG00000022575,0.8000940885671397,4.381025723394629,14.58146842331287,0.47974792918427034,2.079167071881018,1.2281688812265377,8.30746633609007,100,100
ENSMUSG00000022580,0.0797575614922617,23.0744876097376,20.54616889409342,0.009430910423509239,10.788791091326992,0.00168297466290615,6.2669479824426855,100,100
ENSMUSG00000022582,0.03745737547109749,16.15585337203367,8.954530957735006,0.001,17.486027744356743,0.0010848542026978651,2.4483840320259014,100,100
ENSMUSG00000022583,0.001,62.31581250733508,1.0,0.001,0.001,0.0017084619260446983,0.08485634974270345,100,100
ENSMUSG00000022584,0.001,52.5155361231892,1.0,0.001,0.001,0.0023239666062332773,0.21608962431269724,100,100
ENSMUSG00000022586,1.53945863641884,361.2732588750747,1.0,0.001,8.54894632030371,0.0010002013063811737,0.05549349772190555,100,100
ENSMUSG00000022587,0.7844147934560033,372.793875876264,2577.4033725602994,0.6424029482091889,0.9570340604712682,5.327281723429645,9.882510634885527,100,100
ENSMUSG00000022591,0.001,59.75744064589286,1.0,0.001,0.001,0.0016797340608585235,0.08085374326632407,100,100
ENSMUSG00000022594,1.2645297795884316,155.27490237446926,357.8693810394592,0.6023238091700687,1.9888610939014812,1.5474546168131433,8.037701890635555,100,100
ENSMUSG00000022595,0.001,62.31581250733508,1.0,0.001,0.001,0.0017075372514424722,0.18022833460924195,100,100
ENSMUSG00000022601,0.45651006850040116,95.17415488684554,86.49097870879812,0.2626395699143752,1.718089040058303,0.23162785878235265,1.9481923142155828,100,100
ENSMUSG00000022602,0.02826927098240422,5.634248444325117,26.803167829711825,0.001,0.1366950456194868,0.21886240074343427,35.763513317717624,100,100
ENSMUSG00000022604,0.24418734501945005,29.10454891432717,23.16091876995579,0.0010253135103561986,0.4339438159647994,0.3951837930342508,235.57893400801288,100,100
ENSMUSG00000022607,1.1738211976723503,1.3349824606420826,5.375790613932076,0.4772828730696267,4.537904012719325,0.555847740965046,15.4276891432614,100,100
ENSMUSG00000022617,0.791965594531516,66.49114836992706,144.28228466952612,0.0014858490247123914,0.7651917076749708,2.233663041235916,2705.1167230318397,100,100
ENSMUSG00000022621,0.2481596757327268,0.32872186286747446,1.9958486809615767,0.002624475673084008,1.0727763436722784,0.7343638274900386,1041.1433326585952,100,100
ENSMUSG00000022623,0.001,60.80878088638715,1.0,0.001,0.001,0.001467052277044939,0.1117097954276279,100,100
ENSMUSG00000022629,0.241336496714627,0.7538348726885484,2.366172551982331,0.0010874207842210242,0.6178518992560239,0.8315835930002808,1018.186985754825,100,100
ENSMUSG00000022634,1.8060628668513616,17.256938110036106,20.229991418369924,0.3935922620490351,3.471940080913552,0.580802027750268,15.206576713315952,100,100
ENSMUSG00000022635,0.11933505181822363,0.38344885673808765,17.07851497024242,0.056798390425365206,0.2108178733830991,20.76738665024547,107.3500068686561,100,100
ENSMUSG00000022636,0.21148963588170647,1.9762241436263834,17.323953983241264,0.13780696340068554,0.26728083898785604,5.617710064920921,12.913518803708083,100,100
ENSMUSG00000022637,0.8355156980082398,8.41287577609635,22.306667564220728,0.27404116724666083,1.4350020538734576,1.4699719736339896,15.097723328987412,100,100
ENSMUSG00000022639,0.23004035034949202,0.40316742350950924,2.4342723764864145,0.03675073625654895,0.7611830189074564,1.1270125885157476,55.631592466080804,100,100
ENSMUSG00000022641,0.23803107509947888,0.33246052697520867,2.961597171903908,0.0014896040933372679,0.7023080328330551,2.01949592940616,1853.912689782297,100,100
ENSMUSG00000022651,0.001,62.31581250733508,1.0,0.001,0.0010000000000000005,0.0017108776235099468,0.07582881097545513,100,100
ENSMUSG00000022652,0.001,62.31581250733508,1.0,0.001,0.001,0.001585267582258355,0.3737407764404329,100,100
ENSMUSG00000022656,0.3290618506117748,0.7548986292148213,2.4157406351904473,0.0011853863293554436,0.9973347992696853,0.7486584927216529,1157.0001923719183,100,100
ENSMUSG00000022657,0.001,66.84427540036525,1.0,0.001,0.001,0.0016482252275583564,0.2104965982809251,100,100
ENSMUSG00000022658,0.001,56.50294908788235,1.0,0.001,0.0010000000000000005,0.001783998459592304,0.09850999718218509,100,100
ENSMUSG00000022661,0.06543741578126477,1.8417084616661754,3.659186656871459,0.001117570365671988,0.1915545497839538,0.5162479169950612,101.46010237062112,100,100
ENSMUSG00000022663,0.21419224111804316,0.33753954801061153,66.10704518009935,0.10859840416654354,0.3934753805268436,76.34510520020721,404.2039341597788,100,100
ENSMUSG00000022664,1.1312963530499618,13.284662554344449,14.964995377632023,0.6170545104938557,1.9598426267125104,0.6114876892307437,2.7495938469191,100,100
ENSMUSG00000022665,1.2188758973185416,7.445513670545046,231.9940188892245,0.9871817708716426,1.5902921122092262,20.857109577242028,45.121268283702406,100,100
ENSMUSG00000022667,0.03914684690755082,20.304486785841828,10.721415745850353,0.001,17.0178799628468,0.0011699134708797149,6.852151592361627,100,100
ENSMUSG00000022668,1.2637744515211777,41.337277233313856,65.32940615741354,0.771964477404581,1.934026134767572,1.059035656040778,3.2256824167492963,100,100
ENSMUSG00000022671,3.9790719078527594,379.3699286468733,731.6015812743163,2.0456937262331865,5.608022011660514,1.3605231567166545,6.976181480321619,100,100
ENSMUSG00000022672,0.7269515242671032,4.9347094333849455,4.603082003957972,0.0010558448335074853,1.0364393502379585,0.5938846143373147,992.6399825362689,100,100
ENSMUSG00000022673,0.41079126427927354,68.90151268152246,270.17472435686875,0.3129269334829927,0.6088702044686048,2.267945647165381,5.556490412057883,100,100
ENSMUSG00000022674,0.4523084304117418,1.903731971339004,27.482939720820035,0.23976574254046953,0.6516989325826356,10.002461487816312,31.220541569243352,100,100
ENSMUSG00000022676,0.7733199161754188,161.80176607582953,1153.9336543293862,0.5493690489340743,0.939940152019388,5.84723451777804,11.664961831918193,100,100
ENSMUSG00000022677,2.3091054693274304,5.3491907683701845,16.466138335753257,0.8686727655249429,6.3736446123241155,0.7787175026268842,15.4398767000361,100,100
ENSMUSG00000022678,0.6117229845094231,118.86590923863747,196.24346044676707,0.43925249135347433,1.103723277523791,0.8900190887804627,2.6607692332485344,100,100
ENSMUSG00000022679,0.03193384467390684,0.19695492624883465,1.0,0.0016224156969631743,0.5845971952901029,0.246725623382272,129.33614607249697,100,100
ENSMUSG00000022680,1.590588052562018,2.2923531035765747,15.039427105383885,0.9234324298490949,3.588978404399313,1.6698367856613823,16.002846622476017,100,100
ENSMUSG00000022681,3.436621405546646,121.5917377073365,227.47586527113842,2.0567734134174804,6.116813361785938,1.0474665967290466,4.4675058795261045,100,100
ENSMUSG00000022682,3.9350711887629894,438.60469564620075,141.155962868142,1.1062676500008903,12.157655375152796,0.0981336010568777,3.0122279860661956,100,100
ENSMUSG00000022683,1.77889767106868,435.05565630393556,1.0337441480290168,0.001,6.403481193356341,0.0011404504292317687,0.11583066360169011,100,100
ENSMUSG00000022684,1.7425103862398847,28.107765679376225,59.71968017365972,0.7571761673957365,2.525480445943373,1.3924781858183146,8.998711383822519,100,100
ENSMUSG00000022685,0.5513576943027011,0.3708959119524493,3.401457401564003,0.07138202588754118,3.525337307704505,0.6617207276784078,109.5586294024485,100,100
ENSMUSG00000022686,6.696384837655421,397.92776958476713,1.0,0.001,24.33749652482816,0.001,0.009006951284717929,100,100
ENSMUSG00000022687,0.44213250934248527,3.322112037199936,10.802308045533113,0.2516841764989099,0.6661234977752667,2.034776316846944,7.291401323621098,100,100
ENSMUSG00000022696,0.001,62.31581250733508,1.0,0.001,0.001,0.0020100600406896224,0.47984837478928744,100,100
ENSMUSG00000022698,1.356956401182532,218.1210470729014,549.2626732714565,0.9193251349777165,1.7644793415139381,1.8577349537497052,3.9101952001844476,100,100
ENSMUSG00000022701,0.1571832542957342,4.405097666012704,8.708312623341723,0.05226040382856398,0.35644766593522637,0.7063725762399697,6.107726583292807,100,100
ENSMUSG00000022702,0.4264350833438667,5.0973518619978835,4.355483258748636,0.12177855576596053,1.7870317801565454,0.15279670071796014,3.8940567738576375,100,100
ENSMUSG00000022704,0.6602089563805321,1.626765381317495,2.323744101014221,0.0019031822218868416,1.6611479431713403,0.46105550211698276,883.0186455294127,100,100
ENSMUSG00000022705,0.001,62.31581250733508,1.0,0.001,0.001,0.0021296811486873454,0.10366693946410567,100,100
ENSMUSG00000022706,1.38690881498284,2.894166509889545,11.829502907938405,0.8647072820936659,3.3163456209018243,1.1717587418581914,9.618586996345043,100,100
ENSMUSG00000022707,0.5981304698967205,123.36466883247815,433.7898428226466,0.42929272510677363,1.1237345338591938,1.6119598062172447,5.957749869628714,100,100
ENSMUSG00000022708,0.761669128907942,4.930052742797978,31.850398018910866,0.42861781847439767,1.1168311818313406,4.183028689995523,16.645215443093143,100,100
ENSMUSG00000022710,0.30954653431539114,0.3272840483238853,4.844536208432603,0.15716430429230321,0.8929173798803792,2.8078402917333998,29.49336202159612,100,100
ENSMUSG00000022711,0.9554651509524139,2.3830476946163084,24.09427028245579,0.642411295085145,3.1499867820439085,2.1662754998032936,18.761186288478804,100,100
ENSMUSG00000022715,0.001,62.31581250733508,1.0,0.001,0.001,0.0014181008667090334,0.19877424109511768,100,100
ENSMUSG00000022718,0.025968267489920496,0.020616549074786612,2.9461163447572214,0.0010022112987922403,1.4313695340523573,1.5009830677669709,3139.0114917605983,100,100
ENSMUSG00000022721,0.9518363780382034,3.2219033865338007,6.56736761992566,0.2646755389433032,1.784280585685401,0.8900980748593033,10.37646437567345,100,100
ENSMUSG00000022722,0.9261833948825243,4.3864328635473315,7.324387267664751,0.3305801106141959,1.5889393597921235,0.8153193005859085,6.160887286475656,100,100
ENSMUSG00000022723,0.10964736145486634,0.4817118761120713,1.5887657206035886,0.0023240972508391227,0.5274669301466152,0.48626755041473624,171.70793443153576,100,100
ENSMUSG00000022724,1.1500260096888144,2.9271600439749133,9.028764245225739,0.6557715323880972,2.314774648339153,1.0881340231962948,7.4544312980506025,100,100
ENSMUSG00000022738,0.001,62.31581250733508,1.0,0.001,0.001,0.0015661299299194408,0.19312810759205531,100,100
ENSMUSG00000022742,0.6434194086430124,257.7375512683094,361.17680586037943,0.06770787256072132,1.0224427516985242,0.8344904594027871,21.226727543567,100,100
ENSMUSG00000022744,1.0152839767664894,3.730633856600758,9.018560445027742,0.5587208654559631,1.5453575352866786,1.1932384814815529,6.4763432269370025,100,100
ENSMUSG00000022747,0.001,61.674132606755,1.0,0.001,0.001,0.0019232631600358116,0.12108939358134371,100,100
ENSMUSG00000022748,0.5017502459613,88.6265490832663,161.3805597171716,0.26771438651059276,0.8276027833499678,1.160062972046451,4.247354392609225,100,100
ENSMUSG00000022749,1.6065734024070395,2.8061599200610066,8.66229235036657,0.6641297942652147,5.2453726517187835,0.5957479574989514,12.765280336840444,100,100
ENSMUSG00000022750,1.824538213324331,70.16755934701366,169.8450077182048,1.1436136230917184,5.848311002276015,0.7727979210530469,6.166802226522863,100,100
ENSMUSG00000022751,2.057811184559609,56.751297156628254,84.54281531054154,1.0734788755325049,2.921194729965397,1.0661827902565917,4.385053236943456,100,100
ENSMUSG00000022752,0.7750371993879399,1.3314800239675588,11.298773155101054,0.46814992550869927,1.4012131828244265,3.0885089834835417,16.838224121606036,100,100
ENSMUSG00000022753,0.001,66.84427540036525,1.0,0.001,0.001,0.001525131941223635,0.08020845775990364,100,100
ENSMUSG00000022754,1.2693246822887125,2.470050641602149,48.20402195728318,1.0145856820207253,2.253749771254543,7.614278348753462,28.738463787134926,100,100
ENSMUSG00000022756,16.56550797516158,999.999999991108,1.0229347108215558,0.33414083410936046,33.02700130445359,0.001,0.00899166464744528,100,100
ENSMUSG00000022757,0.3158451899529281,0.2972884198991832,17.610621544785953,0.0622161744918642,2.5455193425685323,4.074080086436719,503.5906096774907,100,100
ENSMUSG00000022758,0.001,66.84427540036525,1.0,0.001,0.001,0.0016319986424182917,0.14811892770948162,100,100
ENSMUSG00000022759,0.001,66.84427540036525,1.0,0.001,0.001,0.0016698691525604107,0.2466216693133031,100,100
ENSMUSG00000022760,0.36291555103237416,0.409342094080828,5.53400947698168,0.16283400603561782,0.9181066226084561,3.8074342091545272,35.889618722542174,100,100
ENSMUSG00000022761,2.087663131578672,49.06362399729406,85.41306999155006,0.6674304222595717,2.6980076704938893,1.298943818146094,11.96959166314732,100,100
ENSMUSG00000022763,0.013003882751584483,20.13676334806602,31.752413713562788,0.001,11.494385296293345,0.0010999361384604212,12.420990859820193,100,100
ENSMUSG00000022765,0.5986404052413665,0.7797740121640402,3.6713779586667417,0.048436259835181746,1.5070698369610724,1.3363453677037085,153.53233512177204,100,100
ENSMUSG00000022766,6.692346809301119,534.7706659043524,1.0,0.001,17.469997392516877,0.0010000000000119761,0.024467634965554694,100,100
ENSMUSG00000022768,0.001,59.101841166386166,1.0,0.001,0.001,0.001856556246507839,0.21164704541265467,100,100
ENSMUSG00000022769,0.02352492226166274,0.2748043698190568,3.4106224019573577,0.001,0.12950938165323556,1.414812990207685,330.4372902909829,100,100
ENSMUSG00000022770,1.1004084722734278,4.704016713532187,29.061878492459616,0.7679932975704709,1.6672068324358662,3.474910205335406,10.9077204157728,100,100
ENSMUSG00000022771,1.236949803647542,1.0844295866090303,11.20535564610492,0.7111677204035922,6.365339967284843,1.1012103317686948,27.33273060063262,100,100
ENSMUSG00000022772,0.03925134180828736,0.7920546438888517,5.907893608893283,0.001,35.37864777911497,0.0012505170291540434,413.5711953947299,100,100
ENSMUSG00000022773,0.011170295646205508,18.717561478401315,21.38769616211886,0.001,3.8330803307365833,0.0016248844880236337,26.264295578026115,100,100
ENSMUSG00000022774,2.4884218252110135,5.310243184731981,24.38104346756368,1.6899946798205703,7.672894305425843,1.0258808675102964,7.859439651852236,100,100
ENSMUSG00000022779,0.2516539735570192,0.35731192048812904,3.348016046877815,0.09465508082281872,0.7495279815400349,2.3757215624067207,28.566699590012202,100,100
ENSMUSG00000022780,0.001,62.31581250733508,1.0,0.001,0.001,0.0017326332513842835,0.1517749459572853,100,100
ENSMUSG00000022781,0.636658365923483,1.8883968132029203,8.377582011788158,0.1315339061104153,1.4526024488831433,1.6321801703422096,36.87388150872731,100,100
ENSMUSG00000022783,0.001,62.31581250733508,1.0,0.001,0.001,0.001777434875133896,0.19945970774324304,100,100
ENSMUSG00000022787,0.001,28.51507663890324,1.0,0.001,0.0010000000000000009,0.0036130320356899327,0.5591293210190477,100,100
ENSMUSG00000022788,0.2915481362796444,23.347060713845572,32.97932348780946,0.001,0.4333698163776001,1.0010133681072177,462.1615018446149,100,100
ENSMUSG00000022789,0.7736935580979113,0.5341505915960836,5.207724544521962,0.3344187151526755,3.1227370596399604,1.0560447223390073,36.11284465948114,100,100
ENSMUSG00000022790,8.30296185324891,1000.0,1.0,0.001,17.396745060492535,0.001,0.009842865392779593,100,100
ENSMUSG00000022791,1.3334088804361222,2.742103852511111,14.871080069267816,0.7691543259966678,5.509309879083916,0.8635680832006671,16.382706412535715,100,100
ENSMUSG00000022792,0.17124493836145888,0.2757747416338173,2.6202234679304697,0.001,0.5939805864038186,1.7631713457408662,1757.2656996499559,100,100
ENSMUSG00000022797,0.7349412198232481,1.664977481649238,9.328704908480313,0.4624949531035081,1.152017896069996,3.1922340930222717,9.936693691311056,100,100
ENSMUSG00000022799,0.009379424688480145,0.40338213525763233,14.397442318939513,0.001,0.05374991248093113,0.005194559294495861,261.894557358383,100,100
ENSMUSG00000022800,0.5830339828530539,0.4781423323332446,4.4818273013973915,0.2711000295248862,2.2100393631771444,1.3107260090107402,23.944773697265788,100,100
ENSMUSG00000022801,0.5076611679100088,0.8643130556462104,4.962186309949512,0.10310398889207108,1.1689134943494137,1.5583996497226797,41.32976674476967,100,100
ENSMUSG00000022802,0.11650325938506448,30.144324013013982,38.86259055181189,0.001,0.28733358580638113,0.47262832625997786,157.90341033142738,100,100
ENSMUSG00000022805,0.001,58.8711705984019,1.0,0.001,0.001,0.0017906560362236598,0.2611641072745631,100,100
ENSMUSG00000022807,0.4840588974222663,0.8599238396628566,2.5118689548167485,0.1868387094113191,1.6584293851751037,0.6141927802846066,8.124901920194283,100,100
ENSMUSG00000022808,0.7518423315368994,0.491497059041876,6.732557186768677,0.39514712025426907,2.6182529204739233,1.5681453965176604,36.62475832784483,100,100
ENSMUSG00000022811,0.13383126702304593,0.0968365566660115,2.1000090513054377,0.006487759240386467,1.0880422729384418,1.3555498387591096,518.6448143049771,100,100
ENSMUSG00000022812,0.04078289318503226,0.19469872154942824,2.1578039941959437,0.001,0.2127843964345358,2.0167393395159996,785.0739886107344,100,100
ENSMUSG00000022814,1.6811305234267033,738.3303431874477,2158.9131389495037,1.319039819759686,2.3793243785370994,2.0429745866932914,4.0237414079955,100,100
ENSMUSG00000022816,3.2351853585437866,42.442573111330006,886.3328106240403,2.269211979159315,6.399573170524945,8.318515322105945,34.49756322200271,100,100
ENSMUSG00000022817,2.801237129479415,243.31875412275176,1236.8399430348372,1.952104896283608,4.150667175871197,3.2509280919587686,9.510232488179962,100,100
ENSMUSG00000022818,4.975732822324713,623.0251146634213,1.0421654988223834,0.001,16.557344925556848,0.0010094325147585591,0.024627641347351757,100,100
ENSMUSG00000022820,14.522577773562217,0.001,21.001343285579054,0.14422331249089718,55.856983580683554,1.7187290113684544,21009.11305533476,100,100
ENSMUSG00000022821,0.001,61.88525872635182,1.0,0.001,0.0010000000000000005,0.0018624246415804217,0.1813452826114767,100,100
ENSMUSG00000022822,1.267060113156118,2.135597376997295,10.460827437687694,0.40982578943203396,2.8520025234471267,1.3631180761907786,38.58509672024272,100,100
ENSMUSG00000022824,0.001,62.31581250733508,1.0,0.001,0.001,0.001855252413171503,0.21687080847548235,100,100
ENSMUSG00000022827,0.23183805355745163,0.2685138371922891,2.0237111418625133,0.010945153201920653,1.3569308316153417,0.7184899727528609,342.9734542260056,100,100
ENSMUSG00000022828,0.016038279244312417,0.009229405753253086,2.669276196141418,0.001566355006567648,1.0990957541661917,2.067056364260927,2768.7588308475874,100,100
ENSMUSG00000022829,0.001,62.31581250733508,1.0,0.001,0.0010000000000000005,0.0016824203937169102,0.16887083791625984,100,100
ENSMUSG00000022831,0.001,62.31581250733508,1.0,0.001,0.001,0.001823436897366894,0.19454500082636608,100,100
ENSMUSG00000022833,0.10877504688657842,0.9363381313370599,1.326441161853308,0.0036900311279115606,1.3101101690046923,0.052891577899310885,4.663602982732087,100,100
ENSMUSG00000022836,0.05682914631216447,0.30756647353648886,4.791087028698794,0.001,0.1613363807150986,4.305998293505971,992.8673850352241,100,100
ENSMUSG00000022838,0.011473012107827616,18.34832091299669,20.944291736135956,0.001,3.479063903196299,0.001654315338264004,10.558136559709236,100,100
ENSMUSG00000022840,0.006433069431143955,0.213294739913756,4.749541518953124,0.001,0.2450804113046783,0.388713468755719,173.96305268957533,100,100
ENSMUSG00000022841,5.280576310423809,44.42397884306943,342.6024944912553,2.435018929114614,10.327371448373409,3.5817351994417708,26.71392396520423,100,100
ENSMUSG00000022842,0.07540016307395529,1.2437134708985615,2.0997965645986385,0.00288238508987491,1.061669330880354,0.05194729154608971,30.49964039443914,100,100
ENSMUSG00000022843,0.05812332006688242,0.4293945453278017,1.2398919426197572,0.001,0.43132178230054397,0.2907864940884488,162.85801854379105,100,100
ENSMUSG00000022844,1.204331647697079,7.746530271458927,30.89982148877136,0.537758917659485,1.7853007609184417,2.3719552849723113,15.82566994842967,100,100
ENSMUSG00000022847,0.13482303732492387,3.333755169070955,1.0,0.00357905154527758,33.674878343754145,0.0010615728305948405,1.2633642549315165,100,100
ENSMUSG00000022848,0.001,0.0011549816575386579,1.1885941468948298,0.001,0.8130909509091178,0.6684442191399703,1194.6918854410524,100,100
ENSMUSG00000022849,0.5282171647348456,3.6262040489913203,8.009816313140409,0.23416828469276013,0.9662262272871642,1.0914517129560388,7.0326645546566535,100,100
ENSMUSG00000022853,0.2154517322905881,0.4494090829463586,2.1371668828482484,0.0018389647877512022,0.7330900364811102,0.9039645908072562,758.9772844141066,100,100
ENSMUSG00000022855,0.5597751556825898,0.16221808205306668,2.8197589276393673,0.00901668653069684,7.365065707074216,0.3282821491782375,2477.9666123366524,100,100
ENSMUSG00000022856,0.29254598860522596,0.5801278401878094,2.52871176284945,0.09495667476155015,0.8081746896016777,1.114499155046674,17.197861473450402,100,100
ENSMUSG00000022858,1.357112537353411,3.5661020746043888,19.898711239623722,0.848384902075868,3.4314033992798447,1.740892456685466,12.06247266874626,100,100
ENSMUSG00000022860,0.001,62.31581250733508,1.0,0.001,0.001,0.001900005851330008,0.23689961213560906,100,100
ENSMUSG00000022861,0.001,62.31581250733508,1.0,0.001,0.001,0.0020121933097669792,0.15939957330984478,100,100
ENSMUSG00000022863,0.020598661839831466,5.949954437076505,32.78783943308136,0.001,0.6497407936853773,0.0029011760593805106,196.32613233935103,100,100
ENSMUSG00000022864,0.19217282619695697,1.1472529867205747,2.765642621886249,0.04016128755810068,0.5059685054803337,0.78969541752747,15.50233640118072,100,100
ENSMUSG00000022865,0.17526974478636456,33.249042273799745,21.259042722521226,0.001,0.5908203686886393,0.11919653280710563,101.74766189642196,100,100
ENSMUSG00000022867,0.18783840022128462,0.19335249454365203,4.807023046731807,0.0018144710996217642,0.49497829160770934,6.245789432462717,3595.4549738424553,100,100
ENSMUSG00000022871,7.025900464288633,834.6702849409984,1.0,0.001,16.17300978628607,0.0010000000000081376,0.013638047511750663,100,100
ENSMUSG00000022875,1.4567771929458773,342.86552954263067,1.0,0.001,10.306423448938075,0.001,0.1956239975889451,100,100
ENSMUSG00000022876,0.001,66.84427540036525,1.0,0.001,0.0010000000000000005,0.0015855328110012947,0.0700983627117095,100,100
ENSMUSG00000022881,0.12312642652760543,8.240975222783977,38.071883640849286,0.059787300309190834,0.1985138887804211,2.3417717142363808,11.357591121546182,100,100
ENSMUSG00000022883,0.5432780709855556,13.027664007850605,12.912535942927056,0.06422405947265812,0.9137166155191416,0.49560341481458503,33.85569863160817,100,100
ENSMUSG00000022884,0.6933224826508915,1.14165555009963,34.77193857311276,0.47971521401819417,1.3308513053545936,10.391016673284959,43.304123264732794,100,100
ENSMUSG00000022885,0.24891037196550306,21.782180671979738,35.0729756082463,0.001,0.3608695789238704,1.065605736121144,656.2227788604015,100,100
ENSMUSG00000022887,0.22065425059104138,2.6844496653404013,8.930793116083429,0.06621710245497234,0.3430481787846593,2.100935387131999,13.761101260143263,100,100
ENSMUSG00000022889,1.8895094521395401,4.087604761133381,13.537969275831948,1.1930688255995259,3.8385661025152307,1.1517826968421567,7.5368331822661325,100,100
ENSMUSG00000022890,4.214604900046802,9.164559792519837,96.345118651746,2.718354896106204,7.347636252152896,4.224213788776048,21.08940502407006,100,100
ENSMUSG00000022892,3.3578047429742974,19.41779834008852,261.87819819416745,2.4730787075159024,4.7078451430965,8.46315486831993,22.11721671719184,100,100
ENSMUSG00000022893,0.2593199516902299,4.194870947456015,170.55742969093214,0.20618309464452012,0.32442124964313807,27.665260843554194,55.51647044886067,100,100
ENSMUSG00000022894,0.6655481184150214,12.84939838027715,558.7876046339106,0.5239093877571972,1.030691596154214,22.96320125042134,62.331636914744735,100,100
ENSMUSG00000022895,0.6609548002443285,2.52228297369722,6.468544121683496,0.02693476141186453,1.183166861668548,1.1285168612496468,110.74880298213237,100,100
ENSMUSG00000022897,0.6976670412235791,3.5883678102510346,4.874393406888301,0.001,0.9264425068265948,0.9790871004727897,1846.3871639625108,100,100
ENSMUSG00000022898,1.6963283198148604,3.6208688352969047,10.999057149200032,0.7593597805077448,5.0019531654221545,0.7048299786079243,10.152964799270542,100,100
ENSMUSG00000022899,0.001,61.88525872635182,1.0,0.001,0.001,0.001628105645246579,0.10101636654243343,100,100
ENSMUSG00000022900,0.001,62.31581250733508,1.0,0.001,0.0010000000000000009,0.0016618237633960664,0.2445538778839712,100,100
ENSMUSG00000022905,0.9206696065054332,5.913873048070748,8.54258135404314,0.0016715891829506614,1.3566855369997373,1.1293646883873834,1805.047965826126,100,100
ENSMUSG00000022906,0.01849241553164082,0.30738542760591564,4.880960248976074,0.001,0.09973520890254706,1.4267024105849069,352.79449416131405,100,100
ENSMUSG00000022911,0.001,0.0012545498032018466,1.1416734916534101,0.001,0.8701432365934494,0.5770230349636045,1156.340006832676,100,100
ENSMUSG00000022912,1.3472562245570483,99.65913012522111,406.3589156607758,0.9634737351412056,1.8752087009527485,2.935572353025791,6.466507234173786,100,100
ENSMUSG00000022913,2.5838484110280238,333.61702696702525,245.761498369467,0.2965593025715537,5.822233520664202,0.3552667314390393,27.20893721238019,100,100
ENSMUSG00000022914,0.12230561441424577,0.14928432216481752,1.7371049487642447,0.0010695035075261176,0.9445699799271796,0.8609896060197564,1531.7165208913418,100,100
ENSMUSG00000022935,0.001,61.674132606755,1.0,0.001,0.001,0.001917083224486514,0.14144957140635778,100,100
ENSMUSG00000022938,0.001,62.31581250733508,1.0,0.001,0.001,0.001780105677483457,0.0723103796906158,100,100
ENSMUSG00000022940,0.38692410660685816,0.46135426385381445,4.108741080275751,0.17372155743555034,0.8139204917204921,3.2714234105775537,29.061265295497243,100,100
ENSMUSG00000022941,0.001,59.94762576822368,1.0,0.001,0.001,0.001753362863806345,0.20370907673227584,100,100
ENSMUSG00000022945,0.2023767436284824,54.68495961470725,118.45823047454947,0.11780934167821577,0.49286389209715364,0.5963490297066528,4.017072905330053,100,100
ENSMUSG00000022946,0.4796684611545387,31.568857377245017,15.98303551822727,0.031988362037356735,0.9690865189699842,0.23740612074323691,9.636374485379868,100,100
ENSMUSG00000022947,1.506969250201766,131.74423542157786,505.9539659548415,1.1314663948590913,2.215264393691659,2.3560198523468348,6.173699261178006,100,100
ENSMUSG00000022948,0.21941267126386688,2.047545582806905,2.715533872695153,0.06401382489781679,0.6337264621617271,0.33404407477705333,5.280975407782872,100,100
ENSMUSG00000022949,1.4794348014843814,357.52131026778807,1.0,0.001,7.865178224544713,0.0010324925287585967,0.06499817407515004,100,100
ENSMUSG00000022951,0.2577238351224946,41.617860923113064,537.9158884922128,0.202340834016059,0.44399841057595846,5.638361691395113,20.208404675801845,100,100
ENSMUSG00000022952,0.7435091432994994,1.789480745819873,6.477068658166707,0.3548659289020858,1.9040365684909402,1.0235196383125023,11.22003654846695,100,100
ENSMUSG00000022956,6.341542802502032,110.31334459078569,459.9829559509645,3.63732823749028,9.478043715973273,2.7088135972717673,10.63870262494487,100,100
ENSMUSG00000022957,0.11646787573591032,0.09919617297236617,2.3617041465526385,0.0013548458508062834,0.936108326432914,1.6046985846351687,1993.9536711386418,100,100
ENSMUSG00000022960,0.10251332315977389,28.931163773474886,31.42203780492138,0.005595404410536657,0.42533956782246896,0.19799105786171595,55.77317520306102,100,100
ENSMUSG00000022961,1.999708686410317,2.7386007685177627,30.623162855787672,1.4569841395970902,5.583951414377909,2.3396218044975785,17.748298581345693,100,100
ENSMUSG00000022962,1.502012114073414,68.04104668392588,178.62582543162034,1.0214358075346723,2.05007940010569,1.9228671905493746,4.654777589577198,100,100
ENSMUSG00000022964,1.485411381784953,346.9407183573597,294.6710357553603,0.7457128591452205,2.367775833176076,0.5529454310426773,2.7435776632773603,100,100
ENSMUSG00000022965,2.7400726218792526,156.04951637063326,109.43529009308409,0.9514383106637749,6.97074279424632,0.29545457856698787,4.282340180908733,100,100
ENSMUSG00000022967,1.7371489892743963,11.658380103731618,20.062752025468743,0.8842663409314235,2.8090606939979477,0.9812912820680686,5.565020170164213,100,100
ENSMUSG00000022969,1.956672740660379,8.489656409711666,12.421112488784768,1.1913831507431363,3.8381959048850427,0.6585897852308278,3.1432972550094873,100,100
ENSMUSG00000022971,1.0460269968972453,254.68973857100465,975.6816682309709,0.45461933017180395,1.2642342697150166,3.2365483772607515,13.711189289989445,100,100
ENSMUSG00000022972,0.127923980252909,0.09027582767748721,5.208024310662384,0.0022611664237124573,0.5462742659136459,7.697398782601338,4365.158110686718,100,100
ENSMUSG00000022973,0.1709668912008044,0.4567576788453302,2.15679185612631,0.025408657224905987,0.6203046825671523,0.8019390474762547,41.009323952596596,100,100
ENSMUSG00000022974,1.1834478721663355,49.24272922723528,44.58055853709028,0.128248634697471,2.0524820891330107,0.5227420400338709,21.22251816619896,100,100
ENSMUSG00000022978,0.23694069113276356,24.62143497026819,34.550270140758435,0.12887784520596407,0.5478325444450611,0.4752548377281953,3.044026827737723,100,100
ENSMUSG00000022982,1.8561268253677596,5.26886166792157,59.714734450873095,1.3782050792693241,3.1146315869426546,5.154430239375294,17.305863289060184,100,100
ENSMUSG00000022983,0.11408658044179253,0.09367523445795828,2.3838892310031974,0.0014989987252605852,0.924610357956249,1.6655054348814877,2079.7976071985563,100,100
ENSMUSG00000022987,3.378808113659358,397.9493304548662,1.0,0.001,11.777135528268348,0.0010000000000019616,0.040818008399043884,100,100
ENSMUSG00000022992,1.3738739722940232,2.6985889651322283,17.273093227437922,0.9043376221078788,2.8390133540597273,2.0985438870802726,11.215562696899509,100,100
ENSMUSG00000022993,2.0813166845897446,503.1765750646759,1.0,0.001,12.725255398710646,0.0010000000000002073,0.11349529016014331,100,100
ENSMUSG00000022994,1.0133126679248745,1.4447756957488864,7.486278298556276,0.5438769509892638,3.6725194957247167,0.8631105441501419,13.550550703669654,100,100
ENSMUSG00000022995,2.393889992438269,181.77926239805907,999.0103219719645,1.6447418953493909,3.968869603264608,3.0168241698296163,9.344007535055258,100,100
ENSMUSG00000022996,0.001,61.88525872635182,1.0,0.001,0.0010000000000000009,0.0016563944511647354,0.16667251216709641,100,100
ENSMUSG00000022999,0.06589990843421727,0.053743742361585536,2.2874845992582866,0.0015136634774042534,0.8310753405553116,1.8911035133224945,2018.1391608013073,100,100
ENSMUSG00000023000,0.001,61.674132606755,1.0,0.001,0.001,0.0017395216596915826,0.22909544002511883,100,100
ENSMUSG00000023004,0.20011687502786582,0.5518982838635359,185.81312756023414,0.001,0.29146642591150684,0.02093659321522585,795337.8742876995,100,100
ENSMUSG00000023007,0.1280211402554392,0.15756262325996542,4.042397868864489,0.001243239819305251,0.5282079872632551,3.9822572923383044,2891.4403606973688,100,100
ENSMUSG00000023008,0.08952337140691362,0.19363317811850037,2.430269956002684,0.0016810369678529186,0.5098631443186309,1.590953543035354,759.3397646408391,100,100
ENSMUSG00000023009,0.18658345543981614,0.19595696405549373,1.6452523535306622,0.0011492791532240797,1.4443637167256225,0.5574043659958879,1428.9680667566365,100,100
ENSMUSG00000023010,2.600049201548596,6.994134232126158,51.73142322243271,1.798571531098002,6.191394470837784,2.315357828832737,12.874901357162951,100,100
ENSMUSG00000023011,0.001,66.84427540036525,1.0,0.001,0.0010000000000000005,0.0019333021841597647,0.1574478908462993,100,100
ENSMUSG00000023013,0.001,62.31581250733508,1.0,0.001,0.001,0.0019540931269123457,0.1032878362782889,100,100
ENSMUSG00000023015,0.06850721137834553,5.630893167551684,62.54947690225368,0.03808003986455859,0.11236260806559448,4.471622573627577,20.691124625874174,100,100
ENSMUSG00000023017,0.06287485767999994,19.398705894208412,11.442624768933774,0.001,21.019365165737415,0.0010000044233612997,22.46392922056279,100,100
ENSMUSG00000023018,0.22676080000655624,0.20884811212346524,1.9687078758176093,0.04621299697450436,1.2245546655402608,0.9691761258533858,69.1014036196373,100,100
ENSMUSG00000023019,23.891062157740006,781.241961193052,1.0038361610276947,0.001,39.153875697343764,0.0010000000000076256,0.008708600083717419,100,100
ENSMUSG00000023020,2.1991216531393882,156.34842078428383,640.1463386749436,0.9039153781165732,3.051190776017257,2.9681118561086555,19.27112229469704,100,100
ENSMUSG00000023021,2.5432598451449886,8.52496784435281,46.767564866647874,1.8515498004955362,4.318449584708323,2.4147529326776125,8.817000532055474,100,100
ENSMUSG00000023022,1.941060632174459,32.20611952729888,142.23790825841135,1.3245049811301728,2.6595495548102086,3.0794955288931956,8.53762093374004,100,100
ENSMUSG00000023025,0.001,0.0011392035639321836,2.5217176491576505,0.001,0.4629257886391267,2.600856076595993,2658.596780139772,100,100
ENSMUSG00000023026,1.1052418425220667,4.075563845846888,11.700864362404037,0.5802795766318535,2.037712686264776,1.2999408334663698,7.544569230276879,100,100
ENSMUSG00000023027,1.2008903808353673,14.981065731327984,18.571659728611387,0.18150393033394635,1.9167701436732145,0.6784885944501976,23.238627479786537,100,100
ENSMUSG00000023030,1.2753490207034541,2.2153971510094745,9.305974681195298,0.7368256187182205,4.280879078782259,0.8318272348504321,10.34291552978872,100,100
ENSMUSG00000023031,0.1745918867227164,13.834773242948124,29.110793268844606,0.006292053321634907,0.29662644949270855,1.074481880184822,73.39569209291868,100,100
ENSMUSG00000023032,3.587294459550871,865.3617848798796,1.0,0.001,7.237682913398984,0.0010511168778370515,0.09897605411675914,100,100
ENSMUSG00000023033,0.001,61.88525872635182,1.0,0.001,0.001,0.0016077952883488825,0.13967642792546545,100,100
ENSMUSG00000023034,0.08343305195957916,9.075416942954812,160.56339047287312,0.04697541371355787,0.11730451822396439,9.509073568815749,31.96442948282915,100,100
ENSMUSG00000023036,0.0624599809820566,20.95425099038157,44.0616668307625,0.001,0.1428463380845062,0.8201366876673362,157.68868868712195,100,100
ENSMUSG00000023039,8.292379958785341,1000.0,1.0007292035900885,0.001,17.34389335145136,0.001000000000001789,0.025494846205372915,100,100
ENSMUSG00000023043,11.00020109435099,875.8316061667275,1.0,0.001,29.390701891716503,0.001,0.013578605502394866,100,100
ENSMUSG00000023044,1.305725470274181,5.494878958963271,15.841631942038688,0.6063502451129643,2.3600101228896184,1.3849694426290102,10.68235282007753,100,100
ENSMUSG00000023045,0.001072998915219582,0.021944326965731474,1.0,0.001,1.495467785180405,0.001875322806242613,57.96102817643962,100,100
ENSMUSG00000023046,0.4526309763266486,2.572272766949295,68.99373464406561,0.38438934203841724,0.6182722462794544,18.542256836117623,35.64974455388668,100,100
ENSMUSG00000023047,0.009799364940482018,0.07072186150917485,2.701943721962924,0.001,0.13487566702055587,2.69240295113166,517.0112479070536,100,100
ENSMUSG00000023048,2.507721823812394,346.934422075173,1818.020437349012,1.8505736452622528,4.323606044525905,3.118955351671146,8.644441831107144,100,100
ENSMUSG00000023050,0.3533067370601077,1.6685542727092284,6.920341518979278,0.001,0.5351030636262226,2.2107891375728985,2304.5509019563183,100,100
ENSMUSG00000023051,0.1546298275355177,0.42947483263108827,10.624032682439012,0.03945545435552233,0.243807592094721,15.049412210805016,108.64979229471886,100,100
ENSMUSG00000023052,0.14329735173505725,5.243077131360667,7.826632530220229,0.001,0.34267063220798316,0.5317645424838005,221.1831223807901,100,100
ENSMUSG00000023055,0.4594058945457712,1.202443624557828,5.481844212727884,0.00305506468181596,0.9585956750682444,1.6920560217791971,1545.309726161896,100,100
ENSMUSG00000023057,0.001,62.31581250733508,1.0,0.001,0.001,0.0017019332939547955,0.11601568486762065,100,100
ENSMUSG00000023064,0.001,57.20236353089962,1.0,0.001,0.001,0.0021623526426563,0.10579477038788035,100,100
ENSMUSG00000023066,0.36624237552025724,17.421447756499937,2.4799339263904163,0.02869922060313762,46.44502596846053,0.0010500253310593045,0.6858540836726792,100,100
ENSMUSG00000023067,1.0031529606011826,4.582153001146074,118.9651245660114,0.8149867675539615,1.4225416130182627,15.559856462816722,38.08021987241024,100,100
ENSMUSG00000023068,5.629026391256673,211.16459461424384,351.0622755595835,3.275031402878062,8.840880201800971,1.0283613662596318,4.24333029630173,100,100
ENSMUSG00000023070,1.503103188885066,363.25008257950475,1.0,0.001,10.323868329938241,0.0010000001243046534,0.14411463305048125,100,100
ENSMUSG00000023072,0.4946613853184407,37.70556252679831,42.36431975438737,0.001002976243914295,0.7128660166990657,0.8189773348608251,995.6145400883822,100,100
ENSMUSG00000023074,0.2839997045925559,0.4186503000399828,8.577881798566102,0.12410086110805141,0.4873480784519092,9.255702773314756,54.29216414102193,100,100
ENSMUSG00000023075,1.8216945921880667,46.79581467444665,103.33527527985234,1.195088074166598,4.344084439790917,0.9559036571502382,4.460956532867812,100,100
ENSMUSG00000023079,0.33289679276353884,0.5879615338221785,4.129187661408418,0.10208873692371773,0.6331503812830768,2.578504987308534,28.271019701734627,100,100
ENSMUSG00000023084,0.013970868600342821,20.016179334241983,30.887831950089435,0.001,3.280669809476784,0.0018617915951899462,26.72026659436478,100,100
ENSMUSG00000023087,0.26895630919622443,38.79673486338698,72.60148076764723,0.001,0.4460354701438896,0.9087522121346101,840.8126832713072,100,100
ENSMUSG00000023088,1.65867547422759,5.00030789179199,24.929678703494396,1.1212905499089945,6.024855299981535,0.9849888834234884,8.597655584567155,100,100
ENSMUSG00000023089,5.282187040974643,11.729321719560753,51.91595935889176,4.080773081237586,9.361771529428228,1.7286018929003255,8.490559812212618,100,100
ENSMUSG00000023092,0.14062845718574493,15.261884943159432,327.18301770484055,0.08728827284505492,0.17425394589317594,15.849861553585582,32.665027078459424,100,100
ENSMUSG00000023094,0.8128297993414014,4.442861868255171,10.440930332911028,0.3787517384152114,1.2533375271871485,1.3325306515764792,6.608167626230271,100,100
ENSMUSG00000023104,0.4556127424869026,0.6423289188463155,3.2443030823375376,0.06824460912677907,1.6471376644992781,0.8817162245000676,82.59206073437807,100,100
ENSMUSG00000023106,0.18880002559312797,0.4938504529773022,40.74677736878126,0.13766220881110974,0.2769598548710831,43.1662376057218,118.9609891024539,100,100
ENSMUSG00000023110,1.4928494777069299,12.049663664934785,25.061935604118837,0.8484624497433626,2.7620995339436205,1.0027666848885124,5.956612690030519,100,100
ENSMUSG00000023118,0.5028573382404766,0.3075086541951964,3.4018964134724325,0.09797796169837633,4.773733329314199,0.45103699123025326,75.67144860109056,100,100
ENSMUSG00000023143,3.262967212282797,357.2733452758451,193.5581239030871,1.5631146242591005,7.404911999045595,0.2399455172888031,2.1427126664869585,100,100
ENSMUSG00000023147,0.6262932459980204,1.084848587143829,2.367438253707744,0.0024711419304710375,1.6400586299416844,0.5744337249473993,1005.9422735647956,100,100
ENSMUSG00000023150,1.1583985813217033,314.8238385744925,992.1658655897753,0.6874133487862064,1.4829205508335583,2.5055059837390656,6.924084109650874,100,100
ENSMUSG00000023151,0.001,62.31581250733508,1.0,0.001,0.0010000000000000009,0.0018111219666572878,0.20131320317828755,100,100
ENSMUSG00000023153,0.022682024559037332,20.52834151359437,14.937289278790704,0.001,12.10445730165673,0.0010664671292789762,16.899514561150234,100,100
ENSMUSG00000023156,1.8246846860585284,999.9999999948864,1243.7607604947443,0.883405194063573,2.895441005231807,0.8313233682506759,4.373409787381444,100,100
ENSMUSG00000023169,0.42016003862918033,2.678071498262745,9.645547600087509,0.20964698478610502,0.6366773649345301,2.2494402110932024,8.748910901827665,100,100
ENSMUSG00000023170,0.08275487071731048,0.1908600027514648,4.929977594600054,0.001,0.21928212995858448,5.606927885021775,2463.488649539129,100,100
ENSMUSG00000023175,3.609256471815603,16.150263120357703,625.8515874728021,0.001,4.47069148164551,0.30013154143617304,93.85585386414826,100,100
ENSMUSG00000023176,0.001,62.31581250733508,1.0,0.001,0.001,0.0015416718707081233,0.22258863441644683,100,100
ENSMUSG00000023186,1.2623626292735808,89.36703679666462,102.9673470314825,0.5683949106031647,2.3249454522641133,0.6257231460716104,3.5815118787440015,100,100
ENSMUSG00000023191,2.088715461829292,471.6180737263616,1423.3764193713407,1.1817672490994324,4.262620379963613,1.3952449626496946,8.954394352415626,100,100
ENSMUSG00000023192,0.001,62.31581250733508,1.0,0.001,0.001,0.001244875807263346,0.13349252784321394,100,100
ENSMUSG00000023206,0.6138416633803585,2.621430632137257,6.710139456088396,0.2896332466443964,1.152317505778313,1.1645747655424135,7.897451501670311,100,100
ENSMUSG00000023216,0.001,62.31581250733508,1.0,0.001,0.001,0.0020584758429736724,0.11820942519123437,100,100
ENSMUSG00000023224,0.023143861762093678,0.9446183265831737,20.040903803492352,0.012666709380951269,0.06419610508320442,4.425218878103545,35.061920754332775,100,100
ENSMUSG00000023232,0.036423349596458,0.42182138691925186,2.844495295815529,0.001,0.15414450774799804,1.1697860415460009,203.05106133577198,100,100
ENSMUSG00000023235,0.8649699176002806,4.630322184594616,5.498572453674209,0.00363826722739393,1.2873184802284792,0.6817346210965107,628.4715860258857,100,100
ENSMUSG00000023236,0.06456543553736796,15.60813494701423,33.53786646705576,0.001,0.29651465258732373,0.5014838557782322,149.63239698870305,100,100
ENSMUSG00000023243,0.03945864341658825,19.94407883520123,10.535709636622087,0.001,16.348713053257402,0.0010477043597375284,19.22863493066088,100,100
ENSMUSG00000023247,0.001,62.31581250733508,1.0,0.001,0.001,0.0017028077901419178,0.13359410910386452,100,100
ENSMUSG00000023249,3.860517109543966,999.9906049618844,2297.90436146042,2.807007640902913,11.367702997078172,0.7912699218171896,3.857109484498686,100,100
ENSMUSG00000023259,0.16512534845378113,3.7481966553494686,6.883539852727127,0.021509494678149128,0.3481811248807467,0.6973933204602243,150.70947404379336,100,100
ENSMUSG00000023262,0.3244856938203178,0.2724953641162111,2.2902997772079474,0.11085584587783895,1.748992129150265,0.7632024851725434,27.50528606407846,100,100
ENSMUSG00000023266,0.13266118987065076,2.594938152205315,2.538381946552748,0.018115929914935793,0.8830534573875336,0.09363023123726871,4.080984567477711,100,100
ENSMUSG00000023272,0.12035942680056709,0.6587095961709912,30.03943364808884,0.001,0.22650059875657846,30.11570502147994,9892.480896768328,100,100
ENSMUSG00000023274,0.001,62.31581250733508,1.0,0.001,0.001,0.0017649473829979188,0.06404636322051845,100,100
ENSMUSG00000023277,1.1878321262417575,9.074309742455734,19.917431108496174,0.7640198070783202,3.5244158263608725,0.7096589909146558,4.264609734974092,100,100
ENSMUSG00000023279,0.001,62.31581250733508,1.0,0.001,0.0010000000000000005,0.002034058878820651,0.2972946131207608,100,100
ENSMUSG00000023284,0.09039190844764952,1.5132960363384704,1.3476441086393924,0.015636596475174874,11.735274354384186,0.002843288543741024,5.284958261412969,100,100
ENSMUSG00000023286,0.067385112860505,0.09553521471070092,8.374234052035323,0.007874469473715399,0.2148337923339958,20.491387578398925,861.2397985014281,100,100
ENSMUSG00000023307,0.04488012986121542,0.3021702155715741,4.87577551736285,0.001,37.12621235564851,0.0024041255838202517,1843.9795435380283,100,100
ENSMUSG00000023328,6.052711116825236,707.649242123948,1.0,0.001,15.810461969731916,0.001,0.026167749414380406,100,100
ENSMUSG00000023330,0.544977858771746,1.4453026755275842,4.730313067435949,0.12178381767259369,0.9770242185410865,1.4034826180201212,24.128983587576922,100,100
ENSMUSG00000023336,0.09080208013307677,18.66605341443491,96.27643117186827,0.03972538205416426,0.12734136272097707,2.9385708749219153,12.781178642379711,100,100
ENSMUSG00000023341,0.009522596863138319,0.256021556817109,22.59078469182039,0.001,20.968131721785383,0.0012236406384042733,340.3743155088915,100,100
ENSMUSG00000023345,0.11152353785245914,1.1817509277534974,3.8264314135059023,0.018631322559692222,0.24617248963165284,1.2562698425101253,33.94713248780898,100,100
ENSMUSG00000023348,1.3097653874163133,2.2800253792613234,13.232448626653106,0.9251738808670503,6.175521009513264,0.7482331174929231,10.38235263896418,100,100
ENSMUSG00000023349,0.001,62.31581250733508,1.0,0.001,0.001,0.0018871171754582519,0.2189397483370099,100,100
ENSMUSG00000023353,0.0013992305330122422,0.0019341009965692134,6.697425558729737,0.001,0.09383696060040445,59.418691051714816,7340.748162285614,100,100
ENSMUSG00000023367,0.011172439219589249,1.114863470746105,40.85717256606353,0.001,0.04996369263432674,0.003198413930331655,508.4566741381992,100,100
ENSMUSG00000023387,0.001,62.31581250733508,1.0,0.001,0.001,0.0016108462829209267,0.14267020227868007,100,100
ENSMUSG00000023391,0.03087611597895421,0.12228079284328318,2.1701390536825507,0.001,0.25447840971221575,1.5093724277324339,558.5597983960099,100,100
ENSMUSG00000023393,0.1247192544910516,17.454606919231964,31.922484535966994,0.011671443885990295,0.2055118669026658,0.9970831744006066,26.6482594497604,100,100
ENSMUSG00000023403,3.789566138684033,897.6453678374126,1.0,0.001,8.242936005933263,0.00102896841838692,0.10295156283066123,100,100
ENSMUSG00000023411,0.19672831051557754,0.49022152052126666,12.427331917231799,0.09888776103082271,0.29005230226678663,15.347334363637898,72.2075631676939,100,100
ENSMUSG00000023439,0.001,61.674132606755,1.0,0.001,0.0010000000000000009,0.0016809958163670033,0.19678759443771227,100,100
ENSMUSG00000023443,8.37236721633249,999.9999999876713,1.0,0.001,11.864297037551417,0.001142858182757001,0.010389287125903642,100,100
ENSMUSG00000023452,2.8256466763990393,18.205643486018037,50.96283408600087,1.7606312512405087,5.7394397484227335,1.1630583826477525,7.82428149684225,100,100
ENSMUSG00000023456,0.05264668895565378,0.12454738475961882,115.20379880499588,0.001,0.001,0.009364257797142932,2.5612595489023637,100,100
ENSMUSG00000023460,0.011076958856622396,0.00702461356864522,1.8662855925276705,0.0013664632294708961,1.133784618921247,1.386905510748969,1722.23309301454,100,100
ENSMUSG00000023467,0.039321379338575865,20.315054874332485,10.723581399714941,0.001,18.41563132863564,0.0010000000003375076,2.0665838938601455,100,100
ENSMUSG00000023473,0.058643448711767104,19.591818111315284,15.368126421072782,0.001,5.04620499085309,0.0014844939975744273,60.29384717213229,100,100
ENSMUSG00000023484,0.04476556379750898,12.774167432775153,9.403989252468937,0.0033129577190073654,24.354641456453777,0.0010893649987829164,5.902896099580622,100,100
ENSMUSG00000023495,1.870144790620318,5.891685980891347,23.446103424663367,1.2766952899904394,3.5920545328507405,1.6109806367961426,7.314806554609083,100,100
ENSMUSG00000023505,0.011656866618356649,0.22677163335428213,11.903106406669654,0.005392021728802279,0.0473052571807943,2.9509694555120403,119.03675756279233,100,100
ENSMUSG00000023571,0.233895936917881,3.302676523768083,10.296097731427626,0.07887605616077456,0.38758239428799884,1.5141171639925362,11.102377516753378,100,100
ENSMUSG00000023572,1.2576309621330264,1.4848822665918597,4.052460452876166,0.579957004299399,5.079985150896249,0.3799907798996356,10.470582003677329,100,100
ENSMUSG00000023707,1.1026312242192047,2.974325852682017,4.845788126050294,0.1639535694638662,2.3267606231009994,0.5660807499396072,19.846545985881974,100,100
ENSMUSG00000023723,3.758534510040897,337.51135160328124,896.0330985838417,3.0247623048780232,5.769244442993903,1.7058154125824148,3.530083920114845,100,100
ENSMUSG00000023737,0.001,66.84427540036525,1.0,0.001,0.0010000000000000005,0.0016763942354293662,0.48607728053062527,100,100
ENSMUSG00000023755,0.11551671117140819,1.163386202346656,3.381213283884388,0.0014729343117271892,0.30918201084408853,0.813646278505165,311.4028931525309,100,100
ENSMUSG00000023764,0.3442703107770914,0.6005442781737367,6.061639830173148,0.16318981228778462,0.7610508763051613,3.118811465311998,26.13169274569848,100,100
ENSMUSG00000023781,0.001,66.84427540036525,1.0,0.001,0.001,0.001791282354468046,0.1132897153522654,100,100
ENSMUSG00000023791,0.5784770556607886,2.4128914838773645,5.051546442568644,0.19885999627514353,1.1330363324386272,0.8413737597158558,8.008348282490608,100,100
ENSMUSG00000023795,0.00625121340269039,0.07648067751617042,5.831832259423648,0.001,0.05121164218167841,5.129694072558335,566.631992611382,100,100
ENSMUSG00000023800,1.1045524519496712,999.999833372639,1477.9633650565813,0.6239297706108315,1.6272696687150172,0.9677262467061187,4.209675001808282,100,100
ENSMUSG00000023802,0.001,62.31581250733508,1.0,0.001,0.001,0.001590882323685633,0.3392475485934416,100,100
ENSMUSG00000023805,0.6070358646988765,1.2420682874358626,8.612453288019715,0.3275862694685281,0.9698219386122175,3.185120423373569,16.908429855882396,100,100
ENSMUSG00000023806,0.001,0.006668300092745394,2.096609804973875,0.001,0.1370101958960223,1.7676799973303532,441.6702566904468,100,100
ENSMUSG00000023809,0.1853433708074573,0.6758327473519503,4.274219224267005,0.06854483417809151,0.3991759997127748,2.186982601947329,20.19229605468434,100,100
ENSMUSG00000023826,0.03947251950780776,20.116209154046892,10.623143942176576,0.001,17.07918594599566,0.0010401085959766626,18.90026768702077,100,100
ENSMUSG00000023827,0.5821495397945302,2.160224136890646,7.399627766527487,0.31435410918009343,0.9645309713415031,1.747128884890027,8.375806026390562,100,100
ENSMUSG00000023828,0.001,62.31581250733508,1.0,0.001,0.001,0.0017258215836867743,0.23162457860270974,100,100
ENSMUSG00000023829,0.0036298547363128398,10.102109422502199,24.26294258798837,0.001,0.049902251978023296,0.0014102813855884756,9.130157402138835,100,100
ENSMUSG00000023830,0.3540851573028188,0.43452290524919684,6.220604950491958,0.08808719916186067,0.7526857563009857,5.696223220756583,85.13002146821833,100,100
ENSMUSG00000023832,0.8951598595362769,3.7152362391729845,36.34847315127133,0.6658024092548929,1.238008047726391,5.950251471317479,13.915364398640158,100,100
ENSMUSG00000023845,0.10448647436777787,1.4191580086475488,4.741316923563205,0.001,0.19379964656703527,2.020411344441881,726.9339813466454,100,100
ENSMUSG00000023852,2.0565509202637293,4.021963284278412,10.869016744756307,0.7432606453596869,5.1071352859888846,0.7448207685817865,14.408785932363337,100,100
ENSMUSG00000023861,3.656173628648073,362.6234549502474,668.0370674858322,2.1332796445043343,7.588405436887667,0.9608868671820896,5.256025036676508,100,100
ENSMUSG00000023868,0.3976426750053366,2.2363319863561264,6.027134812105538,0.1992747910118417,0.685038984871557,1.3846029629159822,6.142231458972107,100,100
ENSMUSG00000023873,0.5514742400630122,32.7491819900244,12.428334460720661,0.035666384844360834,3.2468721889510954,0.06256747090151786,9.973231984736646,100,100
ENSMUSG00000023882,0.2340531118621375,1.999216161087733,2.0047484443153656,0.005985341687486187,0.7935057574333222,0.2213670733454825,87.24188583782666,100,100
ENSMUSG00000023883,0.0609221427866303,0.11027672701911294,7.9293251459569065,0.001,0.2246639281879096,17.72306245733738,5956.511974072853,100,100
ENSMUSG00000023885,0.5784054403788469,2.828576336966378,92.84450737026407,0.4757652914284225,0.8530382562708181,17.756258278664042,42.20440989295714,100,100
ENSMUSG00000023886,0.7990807217989995,9.973476163055146,147.59373109007882,0.5712742053325877,1.0695721707492332,10.576806325488029,27.243829660912695,100,100
ENSMUSG00000023892,0.3008429808615329,1.1249821157512248,2.1548220817399333,0.08766596237488607,0.8483087393511272,0.5326018810947072,7.890001484949812,100,100
ENSMUSG00000023902,1.6951184992399486,434.6310646958758,1.0591007154072447,0.001,9.653277258146247,0.0010507311901079106,0.06594357345648684,100,100
ENSMUSG00000023903,0.001,62.31581250733508,1.0,0.001,0.001,0.001689553460448657,0.14474360522806945,100,100
ENSMUSG00000023904,1.4218014343686973,50.85967713371431,258.77472391808357,0.9087182937499829,2.8962400405062194,2.4751422428187952,11.182999884545662,100,100
ENSMUSG00000023905,2.651011321671853,8.165692515556412,141.7338250057958,2.1377657759644126,4.429064758277928,7.809607646750687,26.037653912094225,100,100
ENSMUSG00000023906,0.001,62.31581250733508,1.0,0.001,0.001,0.001533853664342872,0.19110014493595645,100,100
ENSMUSG00000023908,0.001,55.211205258015816,1.0,0.001,0.001,0.0014427036234788133,0.19333209837309673,100,100
ENSMUSG00000023912,0.18695524820322512,17.60882717373345,6.822471999461592,0.0011441845707518155,1.0608047853400144,0.06258465244437757,49.4062018120732,100,100
ENSMUSG00000023913,6.045149893848622,482.0289381561532,1.0038854627900808,0.001,20.74680648525333,0.001,0.011919374376860411,100,100
ENSMUSG00000023914,0.001,62.31581250733508,1.0,0.001,0.001,0.0020979740224894624,0.2858449265646483,100,100
ENSMUSG00000023915,0.23901771521159107,1.1635048909142132,3.018402752708161,0.001,0.5104452004132828,0.9720328137391022,878.8598838163373,100,100
ENSMUSG00000023918,0.21538512943378263,17.7084900335133,3.466931604216751,0.026429702524560575,34.8887940172312,0.0010470605040940493,1.4632862307791288,100,100
ENSMUSG00000023919,0.1036320236367898,2.67244775752746,4.274407250099615,0.016667165156526907,0.5558031527375202,0.19032275103378518,10.51594778274468,100,100
ENSMUSG00000023921,1.4707107245262614,44.12878128470104,57.84837316658882,0.2543604623409739,3.9754335510708367,0.6244085962432753,22.83789150929303,100,100
ENSMUSG00000023923,0.002061775952364508,0.0014358031752182074,1.000000009061046,0.001061221838107642,1.4700720091653765,0.44365793853882485,1125.020628402276,100,100
ENSMUSG00000023926,0.001,62.31581250733508,1.0,0.001,0.0010000000000000005,0.0018842160737365863,0.1413374341083695,100,100
ENSMUSG00000023927,7.29710308667119,819.7547162252549,1.0,0.001,17.946817963623936,0.001,0.015928683560218298,100,100
ENSMUSG00000023931,0.001,61.88525872635182,1.0,0.001,0.001,0.0018448874649664194,0.0777857463465901,100,100
ENSMUSG00000023932,0.7184063432623704,1.710175526412007,4.915133358052142,0.21112733057781427,1.627276344802525,0.8452755130940901,16.37592203071764,100,100
ENSMUSG00000023935,7.75717869133079,601.981756192667,1.0,0.001,23.448140201731473,0.0010000000000132806,0.009016609144275968,100,100
ENSMUSG00000023938,0.6562550628485883,1.2357045139750729,1.8147493453745591,0.0010043242425676027,1.8521035474086989,0.3963744258616717,1170.7633759614318,100,100
ENSMUSG00000023939,1.8715356211231087,4.402216702141553,26.23689790220962,1.1366852243842438,3.777576387065714,2.0992736453758924,13.28693288941906,100,100
ENSMUSG00000023940,0.014773937336898234,0.3827295922516956,3.79681216310008,0.001,0.0978258884587377,0.8683613082953934,139.91572755870558,100,100
ENSMUSG00000023942,1.0702959775669583,23.21000795224421,204.13174600092364,0.852576026783991,1.4655881093490495,5.91428739155279,12.881551456534241,100,100
ENSMUSG00000023944,7.162526978688642,213.97314381598042,1919.7652929854025,4.866400709808895,8.89920927296371,7.141615719799253,17.741848960137567,100,100
ENSMUSG00000023945,0.0035359886149406625,10.328451088527153,22.14192190112874,0.001,0.060861943533982964,0.001915570409521874,16.809812007274203,100,100
ENSMUSG00000023947,0.06833208287563874,0.14956317736411232,1.0,0.029992110462877218,1.1621118609822139,0.24041501718805636,47.29401110359234,100,100
ENSMUSG00000023951,0.6508575934773618,122.73171891945793,463.1922294255883,0.4365288242994929,0.8908245905963781,2.8174405866041923,8.058252685126151,100,100
ENSMUSG00000023952,1.005850939066187,2.6032444265073145,10.288297839827136,0.6502084296163474,2.9305035577269822,1.1083019091827833,7.192379165017973,100,100
ENSMUSG00000023953,0.16703065308334317,24.969636737420558,22.074447799861474,0.001,0.3229719816892791,0.2724342930158583,207.9055060737764,100,100
ENSMUSG00000023959,0.013648027725958101,24.776836132210512,60.07257427851902,0.001,1.3629385135613759,0.001549860628630622,67.53404063191,100,100
ENSMUSG00000023960,0.23882290269429052,2.3108527476216616,5.316318908676552,0.10552276088440324,0.4436253327057622,1.0631179597157265,5.403273319071387,100,100
ENSMUSG00000023961,0.07052289397428423,0.2522554295312439,1.0,0.05197441047704503,0.5360329063133582,0.33537369985322973,6.017909716179801,100,100
ENSMUSG00000023963,0.2539826175746166,1.273284971184582,1.7898287841174267,0.001,0.6102894357147037,0.5054881279004131,474.64719977791276,100,100
ENSMUSG00000023964,0.001,62.31581250733508,1.0,0.001,0.0010000000000000005,0.001550208856121542,0.09632438097904451,100,100
ENSMUSG00000023965,0.6856525752254556,0.7431920858782871,2.3384062021074543,0.08756273162359487,2.6500435219968246,0.42183408511760234,45.99163271074348,100,100
ENSMUSG00000023966,0.20273753922537316,9.802800412440122,11.76197952584168,0.06402472046572195,0.44010404962940425,0.4555778811715772,3.581583827779207,100,100
ENSMUSG00000023967,1.4990054322424642,1.9783986624202248,12.076977915681951,0.7150633694524069,3.9985615953279385,1.4042652133914963,21.998693490485053,100,100
ENSMUSG00000023971,2.1358711625864877,16.099346542035054,29.269137871646503,1.3327269314619588,4.641081570256672,0.7956518281340825,3.4589199050746116,100,100
ENSMUSG00000023972,1.1040918986268782,59.19673305870272,182.05240353265143,0.7648072432832969,1.3416038111990114,2.3636169166516656,5.859107481517329,100,100
ENSMUSG00000023973,3.873724449001099,556.9039924357214,711.2440633745704,2.454800357149395,5.434269727468741,0.8949547340783685,2.725343121058014,100,100
ENSMUSG00000023977,0.4831224645955335,0.8348576337654974,3.8907536459403937,0.1496522875918299,1.0125257944615762,1.7195125969500302,22.014018465479737,100,100
ENSMUSG00000023978,0.001,62.31581250733508,1.0,0.001,0.001,0.0017004431998022674,0.4152442479315821,100,100
ENSMUSG00000023979,0.07294126369376308,18.924006019081716,12.934270844220755,0.001,19.966586782919368,0.0013572944438411906,49.97738812779322,100,100
ENSMUSG00000023980,0.0312284135033528,0.02542290592899409,1.2452437145910165,0.001204494951251641,1.5371954371446768,0.5027926249346814,1182.4593016710678,100,100
ENSMUSG00000023982,0.07459748439640523,0.5780505139727721,2.009948720657646,0.0013453708848209164,0.32232076259961706,0.6661426512932038,206.69234857957724,100,100
ENSMUSG00000023984,0.0873344772570427,18.92380376524133,6.267227676311778,0.001,24.72623125743587,0.001,1.9277999085388415,100,100
ENSMUSG00000023988,2.063517064347578,9.304467898180466,21.09451016135502,0.6495430579450847,5.840211368809955,0.6197615373735611,17.06746825981751,100,100
ENSMUSG00000023990,0.08279290068153076,28.391890269992764,30.352096614896993,0.04095760251396227,0.7270565530589994,0.085034963239764,2.3100705293161696,100,100
ENSMUSG00000023991,0.5197638481334308,0.7278766604941099,3.9138840465102827,0.18656442416745705,1.244915231265855,1.520359915194297,20.649373267481238,100,100
ENSMUSG00000023992,0.0948898980343344,4.441921040872341,3.755691017023795,0.004629901691087594,16.437803379944654,0.0031808330534526686,6.111066822011622,100,100
ENSMUSG00000023993,8.30270599885826,999.999999989566,1.0000422917847156,0.001,16.74469200867565,0.001,0.03688188559359478,100,100
ENSMUSG00000023994,0.48137196178878355,3.0524079435644276,9.451363290153067,0.2856068515591149,0.8303841112771522,1.5449633865729677,6.77625925598295,100,100
ENSMUSG00000023999,0.001,53.273572226780125,1.0,0.001,0.0010000000000000009,0.0018685494992622788,0.18878966097922345,100,100
ENSMUSG00000024002,0.8602620990719072,1.9417698794265696,8.379938660028149,0.346953674022193,1.7438919150972327,1.5341029710411447,16.231266840479442,100,100
ENSMUSG00000024006,0.35481082885444354,0.1869825396185523,3.9949813790101807,0.06594173800813691,2.087152275714165,1.6734767166158013,148.3648337858483,100,100
ENSMUSG00000024007,1.5107198304115856,6.523895153481379,12.563654326329212,0.7971489689091587,3.0837849775465376,0.7304497259144958,6.065800889991637,100,100
ENSMUSG00000024008,9.316460220856612,739.3640239613144,1.001520666800995,0.001,21.052352313736847,0.0010000000000001464,0.03598915922708863,100,100
ENSMUSG00000024011,0.0067295293691213,17.32181957404804,42.3827602675492,0.001,0.08185546791370374,0.0016850392603931592,25.697824433987634,100,100
ENSMUSG00000024012,3.309699060011036,9.567471948148706,25.07389768109631,1.8755282282945926,7.234985454343426,0.9049302039428333,6.816937549744092,100,100
ENSMUSG00000024013,0.001,62.31581250733508,1.0,0.001,0.001,0.002065575611897451,0.19811416180180882,100,100
ENSMUSG00000024014,0.12964656864397517,0.634569215808985,12.096643564031938,0.06360243651220732,0.21370180558788693,10.259533602203753,42.98296067178477,100,100
ENSMUSG00000024018,0.001,0.007021319985686595,3.262421680929695,0.001,0.10813138751653636,3.8809502581660604,680.4070311068926,100,100
ENSMUSG00000024019,0.001,0.001272820670740762,2.0547324752631346,0.001,0.6905366074664905,1.6964889303791244,2106.9572273192016,100,100
ENSMUSG00000024026,3.462567214178047,29.15688795627674,213.40367701310058,2.201056992684092,5.906403788278503,4.0984638118929855,14.518411716981198,100,100
ENSMUSG00000024027,22.109534197088482,738.5672944005945,1.0,0.68654793411203,37.188805216027845,0.001,0.009002667582942716,100,100
ENSMUSG00000024030,27.925781482205345,725.5474886570948,1.0,2.813759335097295,54.73863341582271,0.0010499661337230093,0.010749886883186153,100,100
ENSMUSG00000024033,0.4647309163004924,0.9901824888216324,7.067174716225847,0.18955860481836354,2.344311238248621,1.774603713096148,21.961261704601036,100,100
ENSMUSG00000024034,0.001,62.31581250733508,1.0,0.001,0.001,0.0016375307434517631,0.09014004847684953,100,100
ENSMUSG00000024036,24.939192327807017,1000.0,1.022291182685796,0.001,39.56263208344086,0.001,0.008901317599521775,100,100
ENSMUSG00000024037,0.8680376609885901,4.280746276640044,10.14988848740273,0.24148676750662612,1.5441662087571764,1.1972255641856782,15.548612387687836,100,100
ENSMUSG00000024038,4.6919590625811365,403.54042450041436,2160.47948207198,3.6043994462739564,6.299335392205391,4.042865126943833,10.454901189994406,100,100
ENSMUSG00000024039,0.038974318256307226,20.365022909098183,10.754037224822477,0.001,16.74464395543006,0.001,26.311983220439043,100,100
ENSMUSG00000024041,0.001,66.84427540036525,1.0,0.001,0.001,0.0016353263262583822,0.3142921407875855,100,100
ENSMUSG00000024042,0.004974145700898975,0.07442209942488089,1.0448337866926818,0.001,0.28422305420289284,0.11646611898671351,84.52191504862051,100,100
ENSMUSG00000024043,0.5100190949873231,20.579662479159737,43.01101884254013,0.08538050207989145,0.6939935825122776,1.4596007298862301,22.67248461220229,100,100
ENSMUSG00000024044,0.6814767861727642,8.09266940521062,93.9798775417801,0.4471573046001084,0.7893355325597735,9.661729882650569,21.535267243881933,100,100
ENSMUSG00000024045,0.818070441545601,1.008554211903711,7.138634291975256,0.1930233134200977,3.7167490796003033,0.8965633036755352,58.37398760505337,100,100
ENSMUSG00000024048,4.718903781789519,291.213662282847,4440.241485455463,1.7977558037238284,6.101238424695149,1.3503049746283615,28.40201729435813,100,100
ENSMUSG00000024049,2.4775427603301186,591.623848152653,1.0,0.001,8.198776094609295,0.001025026895757352,0.07559392287698474,100,100
ENSMUSG00000024050,0.023819407381753727,0.5084028028972433,5.230114259945154,0.001,4.859014093755431,0.004512776060146752,220.60888760203676,100,100
ENSMUSG00000024052,0.5622479966533369,1.260650850342944,2.0089841019471364,0.0012683508754452455,1.3006923183262664,0.45047356359983415,1023.4192903737508,100,100
ENSMUSG00000024053,1.1335065284752952,4.822269557225157,40.0249872014161,0.8769957358047165,1.7968405406629324,4.341715607617724,12.125466895137592,100,100
ENSMUSG00000024054,0.10240736006288542,0.09121889916423208,2.2854400449298016,0.0012975732842536634,0.9642802900096773,1.4552059043586858,2204.600796369082,100,100
ENSMUSG00000024055,0.4163554940366268,0.2620152279152356,2.017701353217101,0.005537959151743453,2.773548118672191,0.48036531065994004,793.682096009298,100,100
ENSMUSG00000024056,0.03204389443840094,0.9132971496613199,9.79063601663863,0.011355442589390585,0.1010281824849576,2.093133947875633,22.93699169022356,100,100
ENSMUSG00000024059,0.13530245292653284,1.8037932711469773,2.7367614281757655,0.0761350654733169,0.42156402200769705,0.4616439347285171,2.99929770001526,100,100
ENSMUSG00000024063,0.6613822509891966,99.76130805387845,302.58558563230827,0.3903419514063057,0.8475602968239648,2.20544392542286,6.862577618438248,100,100
ENSMUSG00000024064,0.003808672796629306,0.07395515066025042,2.6532116470797695,0.001,0.08808760828927187,0.7411614207123576,146.9121847262972,100,100
ENSMUSG00000024065,0.2924001868643285,1.2652055637450228,3.384645666899361,0.1361812463728339,0.7887152416505854,0.7446433331649503,6.457624393011432,100,100
ENSMUSG00000024066,1.064075458365646,3.063475118397563,21.943873657800314,0.7023961354054606,2.019176107290747,2.7663481202190994,14.37409115469547,100,100
ENSMUSG00000024067,1.1657379914137755,2.549991578386306,9.827943620182817,0.5802997578836799,2.992237758642254,0.9874845111436377,12.801212928953912,100,100
ENSMUSG00000024068,0.4428538582103528,1.4689013839526752,4.162890640197555,0.17515534434773963,1.0676050169898466,0.9461387023039914,10.225928156298728,100,100
ENSMUSG00000024069,0.7291183447242545,0.5306185427927504,3.845855295979233,0.2965401352633244,4.107210520886445,0.5439894523862365,23.802485432787066,100,100
ENSMUSG00000024070,0.3676070517457345,1.4744163887598623,3.8330096393372597,0.18955852182563843,0.7644842120638196,0.9502630346467534,5.365827773391011,100,100
ENSMUSG00000024072,3.3826115475110092,701.1820485918307,219.6236958900235,1.496608335795318,12.099343033806068,0.0953961782910482,1.188911011869474,100,100
ENSMUSG00000024073,0.5392719332658606,1.6455744137678394,4.361355897383183,0.30177768789981824,1.0577586349074661,1.0266892772601053,5.686880084258811,100,100
ENSMUSG00000024074,0.2579409643283698,0.953015945987815,6.677447709642106,0.07985302961134755,0.3923102414039312,3.7508694216026908,27.91405470316665,100,100
ENSMUSG00000024076,0.2822043974946344,2.761295279333264,23.29141970875996,0.20942226291670482,0.3658481268752797,5.742742358304813,11.784032841628312,100,100
ENSMUSG00000024077,0.32204214646090124,1.4802049717607202,2.0429729671526546,0.001,0.8026171019045665,0.5196301782902759,776.3257801429467,100,100
ENSMUSG00000024078,0.7608632470746776,3.3853327965847417,6.07768634078289,0.029503960797570235,1.184620301402243,0.9526338881477366,114.88171972126548,100,100
ENSMUSG00000024079,0.9854879089888225,8.694940100471763,16.16995741484918,0.2760289065844087,1.3955593764207386,1.1324977093340713,14.62827366031826,100,100
ENSMUSG00000024081,1.9141685503163066,20.38905417653791,27.34733748482461,0.44207411432217014,2.8599512909500757,0.864419591825621,16.725095144582458,100,100
ENSMUSG00000024082,0.5502150576699226,1.19902699016857,5.473821298578832,0.3411993655797691,1.1115271345473399,1.619969591113287,9.055913484539857,100,100
ENSMUSG00000024083,1.394023163364563,2.855569428713161,14.597281331064405,0.8747144874232128,3.274169451300623,1.564169574806527,11.582643865299751,100,100
ENSMUSG00000024084,0.8627881827980237,152.11365039321444,490.9530997412501,0.5836508745929689,1.1138595115389096,2.4250859917967817,5.541060630048761,100,100
ENSMUSG00000024085,3.3264898775872322,95.23251851543814,397.24106504452476,2.187810946682158,7.507356884999053,1.704073604722105,8.151671455233338,100,100
ENSMUSG00000024087,0.5182700125415123,5.572119284629688,176.90275906171735,0.40941953529939135,0.6757350035945271,20.68589814976324,43.05202020521966,100,100
ENSMUSG00000024088,0.001,62.31581250733508,1.0,0.001,0.001,0.001511248420814038,0.4351911853664199,100,100
ENSMUSG00000024091,0.40317083097328654,0.3985261779629406,5.042375844693338,0.04318781898629126,0.9159566490161288,3.476467613248512,223.05337608719023,100,100
ENSMUSG00000024095,1.0710623633125644,209.7751518249451,277.7309554595365,0.7172510529028177,1.657166512864755,0.7559533036138809,2.226994650208202,100,100
ENSMUSG00000024096,1.4685502926973157,4.363811245795417,13.054754325024717,0.8162972728197557,2.608222355897473,1.3649132653017328,8.29898412051155,100,100
ENSMUSG00000024097,0.26445289486093854,0.9449770883529526,33.31579013707398,0.18433249178812539,0.41651623355813217,18.5152734581443,50.361609823331584,100,100
ENSMUSG00000024098,0.008297292940578552,0.005217873181665109,1.103591190451041,0.0012839535200611708,2.214778057979987,0.3781680485203099,991.3277971091194,100,100
ENSMUSG00000024099,5.418017292486582,999.8995418072793,2561.458472693006,3.6202714771802302,7.319356903509682,1.855613828634389,6.280331939063081,100,100
ENSMUSG00000024101,1.2703316467329293,1.980345459747817,6.645213943673207,0.5932154976754386,2.9299588622623234,0.9169117691691515,14.84604024707476,100,100
ENSMUSG00000024104,1.1520292618217325,4.553869581954899,16.142572448586638,0.4497118234832372,1.8271177772708245,1.8895642677547286,14.40778852028333,100,100
ENSMUSG00000024105,4.150080351364511,499.5848022742553,1.0,0.001,18.536253594716083,0.001,0.059920863658894645,100,100
ENSMUSG00000024109,1.6262619868264967,395.3519615968364,1.004113302142248,0.001,7.736219653851665,0.0010000000766093768,0.07119913703277725,100,100
ENSMUSG00000024112,4.554796279942837,542.0043715455705,1.0,0.001,13.9278867016844,0.0010475815966036748,0.019724086808424433,100,100
ENSMUSG00000024114,0.001,66.84427540036525,1.0,0.001,0.001,0.0016085498258402832,0.07595588972921596,100,100
ENSMUSG00000024118,0.11639663193038056,1.7554407797857061,3.840588055438925,0.02575999282873241,0.3391152487486605,0.4757436651146325,14.261353085290319,100,100
ENSMUSG00000024120,2.1681497149652524,44.612082831083704,42.793400025874966,0.44888998683952186,3.349757898084076,0.6365410369945617,11.338864364955118,100,100
ENSMUSG00000024121,0.3448194553864048,0.818407284733616,81.43801240717134,0.10339055124645602,0.5550171800135373,46.776778941508866,673.0665887324122,100,100
ENSMUSG00000024122,0.04389743479492307,0.11938617568460434,2.5839624263147534,0.001,0.30890678494946,2.2747406540755586,1167.3344060640595,100,100
ENSMUSG00000024124,0.001,62.31581250733508,1.0,0.001,0.0010000000000000009,0.001626893927076963,0.1275041313732829,100,100
ENSMUSG00000024127,1.1065347163819723,14.366975001752284,20.495776338652533,0.23514454874703086,1.6114834206629232,0.9445987120579424,12.612384437799648,100,100
ENSMUSG00000024130,0.16293894885099777,0.32034304207862047,2.4944522199445367,0.01682010723920266,0.5783421874793915,1.5848858344121106,705.2274083819186,100,100
ENSMUSG00000024131,0.08902758083938372,6.996098873068059,7.4222930355058905,0.014216536628795795,0.9512113454602361,0.08225845394706821,35.15662085244844,100,100
ENSMUSG00000024132,0.7026766460943941,3.131244412329173,17.30492758714159,0.4197799013823182,0.8986043440637671,4.064978108293696,12.361996754302726,100,100
ENSMUSG00000024134,0.24386473117386048,3.8406222780795862,3.2789368985753655,0.003577217988621968,0.9494058319883218,0.17835818395350025,71.69662237270148,100,100
ENSMUSG00000024135,0.5751373870253291,1.288604859308227,5.228562991010677,0.19564198538118333,1.079901321761285,1.7533790665343774,17.210705766306184,100,100
ENSMUSG00000024136,0.06793722780680737,18.72713943410265,10.996183964481995,0.001,16.52258159873729,0.0013541496515864517,10.752601989869667,100,100
ENSMUSG00000024137,0.6671679032481076,29.574490442729385,16.56596564430118,0.3287203449989462,2.6458084098226644,0.14738065457747013,1.3800959649966051,100,100
ENSMUSG00000024140,0.3391210956189213,18.014140025994053,54.76305311282303,0.17296423534743366,0.42395224936786735,2.0912023636797157,6.527554445777601,100,100
ENSMUSG00000024142,0.5872841620701904,5.089342616032733,9.80139702578313,0.012901741127046847,0.8305206076408422,1.2602626914101493,213.28377407477223,100,100
ENSMUSG00000024143,0.5302512041605411,1.8029006480690604,3.5066095617889923,0.24479706779605442,1.2708148020454866,0.6565811043227989,5.103119042811642,100,100
ENSMUSG00000024145,0.8495525376717372,5.088298216382385,11.571343424025752,0.07853747860923432,1.3641514637022545,1.2766863346826487,59.88185224104661,100,100
ENSMUSG00000024146,5.476047404546162,109.46126744497539,149.5295500668788,3.020215391089459,8.140741182303325,0.8504952976993029,4.036923206819497,100,100
ENSMUSG00000024150,3.144286512545844,120.2559650595199,453.4671869506835,2.22697995937709,4.878718519751728,2.420369552685437,6.578802900712751,100,100
ENSMUSG00000024151,0.19516848999661657,11.00932267587973,22.884200141234384,0.0870689137276155,0.3208226805451925,1.1547479371383402,6.337684808935075,100,100
ENSMUSG00000024154,0.001,62.31581250733508,1.0,0.001,0.001,0.0019970744562579365,0.31522233139292716,100,100
ENSMUSG00000024155,0.001,61.259704531272526,1.0,0.001,0.0010000000000000005,0.002174301606811377,0.16224162707753093,100,100
ENSMUSG00000024158,0.5904067959237503,0.985652147912953,5.377679989527317,0.011146195296913602,1.6798552743179815,1.232238590674917,680.6372511958392,100,100
ENSMUSG00000024160,0.04476361604776142,0.03454248814695015,2.049087015882654,0.0015401199538749208,0.9712971534891869,1.2821630430524698,1900.46425960086,100,100
ENSMUSG00000024163,0.9162150453300496,0.8874149875630615,4.519228638807785,0.5098041374216138,3.7491555820649767,0.6389645047696583,12.26611455152389,100,100
ENSMUSG00000024164,0.06594527654444754,35.47579186287851,1022.209040366583,0.026714987792578387,0.0954972100835356,12.513425212027503,135.79860599835303,100,100
ENSMUSG00000024165,1.4334950003462905,163.0977193420261,228.99211091438056,0.6701741313851801,1.9042284775004008,1.0773785247674614,4.4080718845638,100,100
ENSMUSG00000024168,0.06059450985231917,19.387061134040398,7.950363083642841,0.001,21.106638571836775,0.0010772925167139501,2.3630589543213363,100,100
ENSMUSG00000024169,0.23047233249583837,0.9413201925453109,3.336640339849635,0.08766023480578025,0.5233233916054681,1.1816575345815084,10.718307842815532,100,100
ENSMUSG00000024170,0.7640835190309572,64.93259585355943,67.38438617160939,0.038848851624274955,1.3654244708923895,0.6823045844328327,51.74491731450768,100,100
ENSMUSG00000024174,0.06424217188571608,15.467278920835302,19.63404431145989,0.001,0.22511684403232718,0.13747729863717345,90.96281824766169,100,100
ENSMUSG00000024175,0.001,66.84427540036525,1.0,0.001,0.001,0.001360262202198044,0.12800166617953307,100,100
ENSMUSG00000024176,0.001,66.84427540036525,1.0,0.001,0.001,0.001515863320930757,0.08895915050319383,100,100
ENSMUSG00000024177,0.7654009840933307,156.10729683033023,449.32595892069185,0.49866581436748403,1.151237911983828,1.7833215299873315,4.4485952556343475,100,100
ENSMUSG00000024180,0.3012981117903608,1.0346763835519728,4.096611940068393,0.13634685759441675,0.5986767073561953,1.6347893608745232,9.409918418160325,100,100
ENSMUSG00000024181,3.2219872596647003,7.11253845115522,19.260552921371534,2.0779838221916305,7.236599281785489,0.8806370341066332,6.594838974471308,100,100
ENSMUSG00000024182,0.7433255033839011,0.7757381156591285,6.801781835816884,0.4651536930107354,1.9689571188666584,1.9830753832543138,18.03319608944171,100,100
ENSMUSG00000024184,12.506115110378744,1000.0,1.0,0.001,21.01889145615573,0.001,0.00956866664739002,100,100
ENSMUSG00000024186,0.19854812642833664,1.9529605395155378,3.661157713363778,0.08029347955909491,0.5042757217576543,0.5712291589973262,4.20483810272711,100,100
ENSMUSG00000024187,1.085773913239523,2.3369825661071286,9.237577425413754,0.6543729779433756,1.8556903211400477,1.6225040745422783,7.9882610163474945,100,100
ENSMUSG00000024188,0.8001711217013016,0.8229406443135654,6.937491441364807,0.3751116084208347,4.033390611930199,0.8858263986944386,21.953787404275715,100,100
ENSMUSG00000024190,0.2746177553627567,2.1364677510574657,22.772945805315715,0.20178909468165362,0.35551739141326777,6.864583805292689,14.894260843383508,100,100
ENSMUSG00000024191,0.610864983017998,0.8616485112463881,2.880815213079596,0.0060274564303648935,1.1996060201756977,1.349928938050179,662.5018689882068,100,100
ENSMUSG00000024193,0.5288173424247465,19.325587719471873,19.987957218266757,0.001,0.8361665806874238,0.6365883713804465,990.7290008191927,100,100
ENSMUSG00000024194,4.5241407861902765,33.95169564421402,64.15801277671679,2.875190340170128,11.037000662829577,0.7284411994250481,4.998691804216962,100,100
ENSMUSG00000024197,1.9983746974707806,22.608580025752854,48.135688734091154,1.3408716112022927,2.8861447394965927,1.4455759072337857,4.184156579823277,100,100
ENSMUSG00000024201,0.6519783635545451,27.95990464304147,33.30963469312601,0.001,0.7341675847860734,0.9828440822873434,1554.7304617388777,100,100
ENSMUSG00000024205,nan,nan,nan,nan,nan,nan,nan,0,0
ENSMUSG00000024206,0.12425982944768313,18.321172739590242,5.009067756279732,0.010895745706102168,28.734046994202636,0.0010098664622377271,1.937464880263359,100,100
ENSMUSG00000024207,0.001,62.31581250733508,1.0,0.001,0.001,0.0016279195783421244,0.16258326936554302,100,100
ENSMUSG00000024208,0.14428507626516696,0.48411242496391976,118.86680583369605,0.001,0.29355917591706215,0.047894765009437235,2281723.529490544,100,100
ENSMUSG00000024209,0.06374579941042237,19.27885927898093,11.35533463270364,0.001,12.645700340320573,0.0015152838318289535,26.773389958429732,100,100
ENSMUSG00000024210,0.14943388535258698,2.86684726919185,3.6528514681485946,0.008186145416140678,0.37298089106844373,0.4501528743136745,58.64226117559786,100,100
ENSMUSG00000024211,0.001,66.84427540036525,1.0,0.001,0.001,0.00171488099856309,0.09226067058648554,100,100
ENSMUSG00000024212,0.06379548235095549,0.05318690356228002,2.1153494042126573,0.001402984171641208,0.8864875738734073,1.3874887168896648,1958.5801612876912,100,100
ENSMUSG00000024213,6.557977390409551,533.095620397021,643.0375810634386,4.595709756543239,9.917441207135944,0.7890362947207201,2.0442711692231197,100,100
ENSMUSG00000024215,0.001,66.84427540036525,1.0,0.001,0.0010000000000000005,0.0016167191854554348,0.09885200513256834,100,100
ENSMUSG00000024217,0.06715170306544016,0.08050560752847931,23.575916120495112,0.0010260360150322442,0.2890127360374677,41.344246290828465,18787.476867706326,100,100
ENSMUSG00000024218,1.1618247983527226,2.138755588847969,7.666841962024876,0.4012263811107233,2.5981679063483036,1.07106098512185,17.7005154114454,100,100
ENSMUSG00000024219,0.058713412805772906,0.11103187988036776,2.7975865708106777,0.001,0.45126063973862696,2.1487163387435357,1774.5043481051548,100,100
ENSMUSG00000024220,0.2726009939354923,0.8959816734652968,2.844624562483323,0.013547138306929198,0.707469857430662,0.8382067754779945,137.38947009666998,100,100
ENSMUSG00000024222,0.12085069235160845,0.22187755723936076,2.455801795239445,0.001588382326598959,0.609706648322577,1.6286571006477428,1078.470478066412,100,100
ENSMUSG00000024227,0.001,62.31581250733508,1.0,0.001,0.001,0.0017121568194695016,0.10428067769452645,100,100
ENSMUSG00000024228,0.7887224902542673,6.414753081759388,2.778074344408806,0.22970359781085842,4.039762460142717,0.07273732157661822,1.9912275998190971,100,100
ENSMUSG00000024231,0.0719751596536683,0.385176090932211,6.879493356621507,0.001695757555193583,0.20279756365666257,4.952539128905252,711.954895691407,100,100
ENSMUSG00000024232,0.05594206519753136,0.4068006689266259,2.4826698576638435,0.001,0.2148164655920325,1.1033316753050455,399.0111906753182,100,100
ENSMUSG00000024234,0.6981531338456295,0.8579325499326496,3.173536536964074,0.0826369617068116,1.9772325868787815,0.7933327767559606,61.903435397324515,100,100
ENSMUSG00000024235,0.127274926960579,5.445106564890264,13.41549677855675,0.07346501935930702,0.2912762945100187,0.6429093215852609,5.843527121764222,100,100
ENSMUSG00000024236,0.6987850677118317,1.247100176543035,5.441987640759695,0.07679605885300661,1.570481107398735,1.2573293780773935,94.86053434119694,100,100
ENSMUSG00000024238,2.2748801384376574,418.6263501149735,633.5448764589215,1.2902018340269048,3.3926205921060486,0.9862981774074552,4.421590380118657,100,100
ENSMUSG00000024240,0.2550194472637073,1.251732546964607,8.995769123645175,0.07464292615351989,0.414506991720358,3.819314482257794,36.80608144352467,100,100
ENSMUSG00000024241,0.001,0.001420796242099753,2.0376743240583464,0.001,0.4490814887322778,1.9282159122317173,1875.6335721623125,100,100
ENSMUSG00000024242,0.9249185198516274,65.79200447073913,171.62764319851095,0.606602621877017,1.2150640002728141,1.9141535039577735,4.986651238380901,100,100
ENSMUSG00000024245,0.001,62.31581250733508,1.0,0.001,0.001,0.0017275106325327686,0.5586541969564576,100,100
ENSMUSG00000024246,0.7330528648056172,39.110755747748534,29.904082425198144,0.001,1.387250556830533,0.37869553955419755,1009.3647016323985,100,100
ENSMUSG00000024247,0.4166238352836105,56.9303125436735,385.1533005527224,0.24896175959198807,0.5346675380260061,5.024857878444493,12.615240575833695,100,100
ENSMUSG00000024248,5.422805935021897,489.42457556560413,1277.4496419085465,4.694239010568518,11.206388071930638,1.1921247624997866,3.20976556082788,100,100
ENSMUSG00000024251,0.388934643111983,2.7040427559457587,2.9911821682299853,0.0884484531478697,1.0065895477127222,0.33721664976156507,6.092782046799311,100,100
ENSMUSG00000024253,2.0656977657498907,146.55983667361713,268.9984045185238,1.3934712897651806,2.7766464423847106,1.317326837262099,3.5725989432612035,100,100
ENSMUSG00000024258,0.9798799036904527,1.0415506851955052,4.958341785297532,0.439342530681612,3.310225989349221,0.7715822551354272,14.223835195618216,100,100
ENSMUSG00000024259,0.8441496014706231,0.4168942526920803,2.395240696419015,0.2204458887714142,4.871898729571854,0.37205486239128815,38.69397433475748,100,100
ENSMUSG00000024260,0.6667422576674398,0.5716547812339688,4.585124158332536,0.2571552181509052,3.5055075924714325,0.7025760830019627,32.01655402759813,100,100
ENSMUSG00000024261,0.001,66.84427540036525,1.0,0.001,0.001,0.0015421904114213474,0.14299355067521027,100,100
ENSMUSG00000024268,0.8009332332117729,11.269965152037464,80.79755890694285,0.3644955767458208,1.13832966722423,5.3410061448656645,23.203464554637407,100,100
ENSMUSG00000024269,0.9223087986421229,207.96968467680549,159.82899889910064,0.17767121730911603,14.669686592347933,0.061897450137909905,29.42315796171515,100,100
ENSMUSG00000024270,1.779961253206936,297.4535931667442,740.2995625088641,0.9637124836031985,2.532062791046074,1.7733363607406707,8.702759939788937,100,100
ENSMUSG00000024271,1.3731422265525879,1.6801947798511958,7.434099428199573,0.4887803599917221,3.834672813801599,0.95243174433793,24.18478682234155,100,100
ENSMUSG00000024273,0.04979495362152865,0.050519191081844494,3.0626519977665176,0.0010486842550717558,0.6226696928906573,3.400503570543792,2848.748663657415,100,100
ENSMUSG00000024274,2.802543221300401,701.3251955151088,1.0607463065107965,0.001,8.36133173961567,0.0010164556812269849,0.06167745160663999,100,100
ENSMUSG00000024276,0.788332668644322,4.627996403526352,5.0219624432592145,0.12988737518569357,1.6938178483959434,0.4262450844906767,14.245658811269337,100,100
ENSMUSG00000024277,0.9120169684795463,1.4503754554542998,13.080870509531662,0.49779385764521944,1.6388807165826955,3.4501787078584547,19.91699589272381,100,100
ENSMUSG00000024283,0.8579185660701556,1.3555708445941121,11.555505274169946,0.30496281114043333,1.6303787979198399,3.0554326477439693,38.41835091942457,100,100
ENSMUSG00000024286,0.5103282275937189,1.208923796203876,4.919848019759603,0.2708156583503061,1.0005338277141542,1.6573620880070843,9.429214122072626,100,100
ENSMUSG00000024287,0.6982203802671034,1.4244372260403104,4.2577697324837205,0.3783843548218967,1.5116261344239355,1.0675198912489088,6.511160128852799,100,100
ENSMUSG00000024290,1.236795511673111,4.180626580963896,4.85234804587607,0.46068811062977577,3.227685522192087,0.3440543968506613,4.566274517856855,100,100
ENSMUSG00000024293,0.3098142428730677,3.803525361995426,4.637462803866862,0.001,0.4705840069387204,0.7713957774341869,672.9252179984329,100,100
ENSMUSG00000024294,3.6321273427357514,92.73093927245634,52.62600726519236,1.3942495120208631,6.548105714153552,0.2969691493961857,2.8726831837295865,100,100
ENSMUSG00000024295,0.023933157178196007,22.896369033394215,31.377889212256107,0.001,6.964793763483389,0.0014938865253618784,28.544882095622114,100,100
ENSMUSG00000024298,0.47261126632512956,11.412268122637814,6.6403222614213835,0.11238779016280669,1.255700570172841,0.19897665432839773,3.8362406173594117,100,100
ENSMUSG00000024299,0.9647609723347538,60.802175575086316,160.6191726148715,0.6377662299305737,1.2555016655648008,2.0292267544618214,4.538762361768807,100,100
ENSMUSG00000024300,0.001,62.31581250733508,1.0,0.001,0.001,0.0018054613905844476,0.1421938099893254,100,100
ENSMUSG00000024301,0.03965604814067656,1.336329357710514,7.999339919342893,0.010643522944636555,0.10035115635448982,2.1094322293737253,20.01091737823257,100,100
ENSMUSG00000024302,0.07399024180083603,0.37220860823277807,2.5982556292557897,0.005146772176030198,0.3146870576116654,1.3718351698730409,169.11655085044262,100,100
ENSMUSG00000024304,1.7218826326217278,6.874362060130749,51.73861007355899,1.1251665742896027,6.820227049668954,2.01408935596196,17.031268656594495,100,100
ENSMUSG00000024308,1.59322484816485,199.5145148449281,489.0295710262748,0.94524023339039,2.330254767117301,1.6523702795613815,5.966967091428026,100,100
ENSMUSG00000024309,1.79691272003592,291.594368510715,639.794009643978,1.1171627624023825,2.440931995999004,1.5382101874026164,4.814381784465844,100,100
ENSMUSG00000024312,2.1009256234075093,111.99348719386784,100.79305673672866,0.2949840884902669,3.601971907969281,0.5068458716713518,22.490516033690447,100,100
ENSMUSG00000024317,0.6189590386613587,0.613719130077932,4.944405955763017,0.22011864958218358,1.709936752971863,1.5026859037430922,33.08367294997675,100,100
ENSMUSG00000024319,0.6043978961059204,0.2583683282399061,4.464002294079665,0.10881254600191576,4.887783006437097,0.6411898986610527,161.78949132460406,100,100
ENSMUSG00000024325,0.19169933922195978,0.37362365694446015,3.059472805140813,0.04534323281897143,0.6314490176515863,1.9482835548656288,35.973800053264796,100,100
ENSMUSG00000024327,0.06019420189237438,0.14753030447759755,22.91576417843351,0.001,0.16378894431896085,51.82321961833139,18606.30495451109,100,100
ENSMUSG00000024330,0.16944245543970912,26.44664392150716,28.185048369284473,0.001,0.39679822679550114,0.3492366974353509,230.8390485950569,100,100
ENSMUSG00000024331,0.011793391356925436,26.41838642867998,82.40333207960697,0.001,0.19103371639575015,0.15541377098841652,64.59970340216132,100,100
ENSMUSG00000024334,0.001,62.31581250733508,1.0,0.001,0.0010000000000000005,0.0016993679764554003,0.13098195554175532,100,100
ENSMUSG00000024335,1.1106186973700638,1.8440299023589666,20.025220420658428,0.837822513857174,2.2610828095255764,3.2522882841684706,16.26110009060984,100,100
ENSMUSG00000024338,0.0731041726589397,0.3884935638242186,5.251595413114699,0.01915347402050429,0.19367811946786367,4.29294559875214,49.17083453936827,100,100
ENSMUSG00000024339,0.8936194102101936,2.892501046452289,9.889362925143212,0.5517881539475069,1.9822123783966514,1.283011558819067,7.0709250013589475,100,100
ENSMUSG00000024346,4.123852858767274,38.812713750618116,174.421849103094,2.460792599294966,5.9913239340135735,2.8475146755415808,10.070256131542319,100,100
ENSMUSG00000024347,0.04089595068749947,2.7116098515142255,4.153386222530928,0.005624593801571363,0.3338812988462899,0.029175810835007525,4.19723352739684,100,100
ENSMUSG00000024349,1.2171810386412911,4.31904948001834,15.942909410779098,0.6633890284168403,1.990271930198571,1.8386847529670765,10.75940674048488,100,100
ENSMUSG00000024350,2.01093711506353,122.75069862993047,115.40649921101675,0.9913031744653213,2.9013514093530226,0.6328515986752479,3.1654054502234787,100,100
ENSMUSG00000024352,0.3849353582074652,0.9286700665462291,6.911263661588228,0.17566316752620498,0.5802605807365584,4.401160781428887,19.461368110619247,100,100
ENSMUSG00000024353,0.001,62.31581250733508,1.0,0.001,0.001,0.0017269485859958832,0.11126182360311157,100,100
ENSMUSG00000024354,0.001,60.188376913276144,1.0,0.001,0.001,0.0018156680326285317,0.05886358401220503,100,100
ENSMUSG00000024357,0.8628119344374025,6.490167543853123,13.543539973086533,0.36889200550262446,1.3237137258764093,1.224335506832113,6.704363615404335,100,100
ENSMUSG00000024359,4.6689629665887855,34.19636410827595,296.32512372179133,2.8071775210893053,6.445277302764945,5.672175380456267,20.270309772833624,100,100
ENSMUSG00000024360,2.5704896196196563,21.802654643964633,71.80997363055482,1.798566687556301,5.019817363306064,1.4821712106747487,6.09064564582453,100,100
ENSMUSG00000024369,0.9044437964555218,2.351488756922394,9.561291902096817,0.48789943430719496,1.4298978373299258,2.0604247032701473,11.238756603427625,100,100
ENSMUSG00000024370,1.1812182493420789,1.5442157163907944,4.35413972863292,0.12950017263967678,3.562054312692051,0.5492334509242627,68.74837444595846,100,100
ENSMUSG00000024371,0.5579929983025593,121.45662234955275,1.0000272647501331,0.001,5.301570876253139,0.0012402616750822441,0.16964311673623583,100,100
ENSMUSG00000024376,0.07066245259182484,1.2914008694424601,10.323788564910561,0.001,0.14303350441651436,3.746979344963269,442.18186381070007,100,100
ENSMUSG00000024378,0.7289018472036685,159.3576132580606,360.54823503333705,0.49643661970137254,1.1286250965888116,1.242620212915178,3.8119975125854424,100,100
ENSMUSG00000024379,0.24519456158269662,78.78249305218915,278.30142905564657,0.15677058981201447,0.3901710410386291,1.7917488376705162,6.601903355722057,100,100
ENSMUSG00000024381,2.1835552696090628,27.500153965078777,103.23504255935327,1.220869987247605,3.889634144069934,1.9733062480752999,9.49908751838403,100,100
ENSMUSG00000024382,1.7360031773343552,1.8021794354871938,3.8790047571771087,0.013451314997000894,3.6756939271986524,0.7808850510349126,870.9053278731024,100,100
ENSMUSG00000024383,1.060493604006052,0.892970360546074,4.876532739844451,0.558712910496032,3.6247414771599455,0.7859765392758851,15.521905494599604,100,100
ENSMUSG00000024384,0.5624584758885006,0.8429147688111168,3.005829501553713,0.20042021470001542,1.901767669742258,0.7059691255491871,13.132066305323681,100,100
ENSMUSG00000024386,0.001,62.31581250733508,1.0,0.001,0.0010000000000000009,0.0016490951209148581,0.4141732157048389,100,100
ENSMUSG00000024387,0.001,13.147732610051081,1.0,0.001,0.001,0.11250442580761846,6.641908650173056,100,100
ENSMUSG00000024388,0.001,62.31581250733508,1.0,0.001,0.0010000000000000005,0.0016437418884561353,0.14610468605278926,100,100
ENSMUSG00000024391,0.0246427603728239,21.92129884131965,30.048027740975815,0.001,14.535932703039824,0.001531938872827983,30.351330351135637,100,100
ENSMUSG00000024392,1.8507283952453388,2.725289683986876,23.541913745732902,1.2833644670017201,9.436617077867641,1.1203186728125916,15.305418395631747,100,100
ENSMUSG00000024393,0.4405607057215036,0.8702570974307431,8.74422447137754,0.19244413914263497,0.8780476057460203,3.7456837993413243,31.58429626515032,100,100
ENSMUSG00000024395,0.09236215234949337,0.9866462643235369,5.011783297324872,0.024740226976526128,0.1878300439823263,1.770963833086179,18.589124318170185,100,100
ENSMUSG00000024397,0.001,61.88525872635182,1.0,0.001,0.001,0.0017375029928919385,0.5536917618515707,100,100
ENSMUSG00000024399,0.001,66.84427540036525,1.0,0.001,0.001,0.0018219429530163713,0.26815627513377865,100,100
ENSMUSG00000024400,0.4457552361145381,0.618652032854045,4.851198248177071,0.19057565472118482,0.9745057201578566,2.5359606678780446,23.60273672236687,100,100
ENSMUSG00000024401,0.001,62.31581250733508,1.0,0.001,0.0010000000000000005,0.002307767287870287,0.1934103452308175,100,100
ENSMUSG00000024402,0.001,60.80878088638715,1.0,0.001,0.001,0.0017539789687544488,0.10955521412517367,100,100
ENSMUSG00000024403,0.14379854170468076,3.1012254347532417,1.8728777585209644,0.021140152461962235,28.054665442535402,0.003315454258467435,5.756011827208737,100,100
ENSMUSG00000024404,3.57795975842924,157.55710340129488,209.40877068930382,2.0448357091279097,5.377497490404975,0.8562134303837134,3.4172860104957326,100,100
ENSMUSG00000024409,4.203836902510016,1000.0,1.0,0.001,13.539032503939058,0.0010000201368082719,0.06795885738302308,100,100
ENSMUSG00000024410,0.5094664284680029,0.5595559828446546,4.712928543743749,0.16154041247446416,1.498491296492857,1.5814192072311386,37.89240824335248,100,100
ENSMUSG00000024413,2.613357429977701,457.0413012185353,773.7353297225329,1.9202108439156995,5.13303860749975,0.8943847959557781,2.6312887236237774,100,100
ENSMUSG00000024414,2.0034632881971883,3.863349000576516,10.823037688967604,1.147365543418394,5.862184978507859,0.6515102034314458,6.984815815182437,100,100
ENSMUSG00000024420,0.25854642219585533,1.4770906734919955,8.37627913815989,0.1443188559352488,0.4315841280389323,3.0945599710510256,11.509113781210088,100,100
ENSMUSG00000024421,0.0334334041874145,20.66352281302698,17.910018742039618,0.001,7.016397144485804,0.0018717022533714135,26.539743623036074,100,100
ENSMUSG00000024422,0.13860276616976325,0.11313643311105286,4.021323269986242,0.0028669045284146896,0.5166719522525457,7.696656748081203,2242.947382003558,100,100
ENSMUSG00000024423,0.1115047218145598,28.332127418083672,43.04564932083061,0.051335560081033675,0.3068952394128041,0.47371830922911373,3.664036045892157,100,100
ENSMUSG00000024424,0.3464972597357092,22.51959602752831,27.664100863991642,0.001,0.5003890845116484,0.8117818546320918,751.0976969743747,100,100
ENSMUSG00000024425,0.6488558979760004,3.180528508913101,25.938306728777626,0.33329852337346977,1.0300384540928562,4.617778435406148,21.894013339963827,100,100
ENSMUSG00000024426,0.16223482048832719,0.2797179963318674,4.64654767585552,0.03701572904186022,0.34187531412750655,6.819297002454346,82.64598705009567,100,100
ENSMUSG00000024427,0.20130210048719052,16.052647967504903,25.00873618302049,0.00953697472657196,0.3595312323178296,0.7938299178215183,173.76579204489866,100,100
ENSMUSG00000024429,3.5582942439736147,38.66735163736597,93.77288961019288,2.6747648291718646,8.007885219035938,0.9944041250106604,4.03167676327309,100,100
ENSMUSG00000024430,6.067356498278447,484.89286478205446,1.0,0.001,16.945911213825084,0.001,0.028510848498626673,100,100
ENSMUSG00000024431,0.9290907879495305,1.6116357577888671,13.729631810487831,0.5725841539146894,1.8993024332140716,2.7786342894106273,19.066197966542177,100,100
ENSMUSG00000024436,0.6829095710910156,1.5649145048178557,13.695482114930032,0.4484867883876821,1.1738201372888737,4.060289912498641,14.940700978137823,100,100
ENSMUSG00000024437,0.06918333288284176,21.419843840605136,32.22885953620157,0.001,17.549971173099422,0.0016902327001085092,18.82972936760223,100,100
ENSMUSG00000024440,0.001,62.31581250733508,1.0,0.001,0.001,0.0018937425343382992,0.10922003057311594,100,100
ENSMUSG00000024442,0.001988732221364613,0.001,1.522730414039321,0.001919163327490061,1.548629582439323,0.8923390127551486,1527.7684321574584,100,100
ENSMUSG00000024446,1.2317905396514541,1.7842920743931039,8.485675921376156,0.3316720545717473,3.1029805249725735,1.1562357736396023,33.36158817465409,100,100
ENSMUSG00000024451,1.841988715766862,443.41926254649763,1.0,0.001,7.180684638194206,0.0010226739001305168,0.05039877369728636,100,100
ENSMUSG00000024454,2.738931594372357,174.60121286108316,135.9189818526033,0.8965460223467461,4.635722806169092,0.4525320647216702,4.991238479223425,100,100
ENSMUSG00000024456,1.3859423767568002,6.770644304908053,10.585091991697025,0.6967338865726712,2.277279706238608,0.7431979845154622,3.929720975323587,100,100
ENSMUSG00000024457,0.08099910688993205,0.13264853354581094,7.048000803998014,0.0010114985102534038,0.2900871011841956,15.879127639820002,5652.129288699823,100,100
ENSMUSG00000024459,38.76378535210061,968.5899736976003,1.0,0.4531095241536396,51.44193181805392,0.0010135052290727068,0.012079458415811603,100,100
ENSMUSG00000024462,0.3554464428067293,0.8137253439060023,2.2960654805644682,0.005572691088718067,1.0968025249982485,0.5938337082005191,258.60208813607136,100,100
ENSMUSG00000024471,17.41101436017912,684.3331114478578,1.0,0.001,38.90770002516659,0.001,0.008897026524545302,100,100
ENSMUSG00000024472,0.2806241875606357,0.9188527745139469,3.30004176164579,0.0020321807518419266,0.6662221322145792,1.1708738943907266,807.6251912078861,100,100
ENSMUSG00000024474,3.217798107156903,18.886302433457605,56.8366414238691,1.9927783824034853,7.748964511632327,1.0538974837154302,6.593351209360231,100,100
ENSMUSG00000024477,0.8169313656779101,18.279370848608746,21.040266335833905,0.0903684784559925,1.221878724246151,0.8109445095027086,21.593277932484753,100,100
ENSMUSG00000024479,0.001,62.31581250733508,1.0,0.001,0.001,0.0017568485226840671,0.14154577218092226,100,100
ENSMUSG00000024480,0.001,0.0010035098226333506,16.07919781984178,0.001,0.05979488649498508,37.06172206227886,17737.16060429422,100,100
ENSMUSG00000024481,0.001,66.84427540036525,1.0,0.001,0.0010000000000000005,0.001767376669153229,0.28137924643514484,100,100
ENSMUSG00000024483,0.4366995606137311,0.5849517111591543,4.7828046286881865,0.17647293856533117,1.0371314804467024,2.4161935339339653,27.343489482398105,100,100
ENSMUSG00000024485,0.003274275714770447,10.312814670651504,25.500834799450118,0.001,0.08582939266022249,0.001450208380360962,8.489389685376489,100,100
ENSMUSG00000024486,0.9089836474346329,7.282362286176415,162.57910783671977,0.721231457185538,4.40890381072303,7.723512580292685,30.848582742980007,100,100
ENSMUSG00000024487,1.6065527102665085,9.693992483990233,44.45948577456248,0.9671066605829202,2.568271766869005,2.662837137679814,10.866369813246102,100,100
ENSMUSG00000024491,0.20044793493203716,0.39694579963161536,2.7149576648690408,0.0010038089937261163,0.6305035037688742,1.4500936732690524,1613.7009201447072,100,100
ENSMUSG00000024493,2.912957695500263,267.66000669863666,503.4100086518952,2.1149275993829066,5.485636765608697,1.0124246424557617,3.4215618271202275,100,100
ENSMUSG00000024498,0.001,0.001437183154884504,2.5310166783677444,0.001,0.3457108706098688,2.9257257836066684,2310.600919453861,100,100
ENSMUSG00000024500,0.006523834023841299,16.978657189209034,42.42738037909248,0.001,6.736026097422935,0.001453914323562348,29.3100117303093,100,100
ENSMUSG00000024501,1.254282262490817,10.039349939198322,56.752605474178836,0.9776202282329717,1.7414979865656006,3.6093194558985457,8.694633512359687,100,100
ENSMUSG00000024502,0.001,62.31581250733508,1.0,0.001,0.001,0.0015248650320881612,0.14905776856982783,100,100
ENSMUSG00000024505,0.16577612286190307,17.816035021319852,4.101110714661003,0.001,38.56832768874608,0.0010286239128431843,1.3574355579144668,100,100
ENSMUSG00000024507,2.8966628766956393,16.747585531506466,38.73844267520902,1.9799843322315578,6.154409919529703,0.9299999876329552,4.9088668160800655,100,100
ENSMUSG00000024510,0.001,62.31581250733508,1.0,0.001,0.001,0.0017388591847230293,0.2650183613258891,100,100
ENSMUSG00000024511,0.1751445584800199,31.43322508741388,23.475659323736437,0.001,0.4515602168866146,0.1691458995849175,132.22451582088564,100,100
ENSMUSG00000024512,0.004162943903795802,0.8405798794405671,22.959205355234268,0.001,2.4243456021728202,0.0019031189853288863,82.54219234355747,100,100
ENSMUSG00000024513,1.041669352673107,30.956116610736707,71.5843775203461,0.4142170831955523,1.7102419053228262,1.424683874294065,10.219193013151854,100,100
ENSMUSG00000024515,0.5260097305356348,3.1307241760306694,10.719641786934966,0.04246854580365926,0.85518857930964,1.782274725378379,89.87989981837211,100,100
ENSMUSG00000024516,0.08612400259377037,0.08581507265434192,10.03916340807759,0.028136798274521355,0.5461268864120425,10.950230317778253,425.52838015174734,100,100
ENSMUSG00000024518,0.01090245200113793,19.36747864531501,22.105786835682352,0.001,5.301151425079513,0.0014667101712608087,20.520414795024834,100,100
ENSMUSG00000024521,0.17755367682701495,60.15650860276509,477.95446553480497,0.13043226811018027,0.24362167785832783,3.6694745668879323,11.71714198664086,100,100
ENSMUSG00000024524,0.010084765111594477,21.66427061991884,52.47407453221238,0.001,0.4864543377652099,0.0017449456669031906,38.503709407292334,100,100
ENSMUSG00000024525,0.01652971506566923,0.024558249661104235,1.0,0.001,0.8551317918511073,0.4470941330859822,861.2163984947226,100,100
ENSMUSG00000024526,0.001,66.84427540036525,1.0,0.001,0.0010000000000000005,0.0014986554879952286,0.2079587700728252,100,100
ENSMUSG00000024527,2.1279358215678608,23.412012407010955,36.4482661606166,0.9660601364196588,3.4697028406685986,0.8643837610519969,6.037523104509013,100,100
ENSMUSG00000024528,1.248074018797742,2.448173120742044,6.814574763362951,0.5988085042321707,3.579320269693167,0.6557682990393949,9.126340221505885,100,100
ENSMUSG00000024529,2.3854684253012235,21.949026301875605,3537.854195005899,0.391160471639616,21.666267229985998,2.8440529306042035,2526.915250842306,100,100
ENSMUSG00000024530,0.03978170096378136,19.66450392428054,10.390978514211982,0.001,15.643354702050097,0.0010077968988817193,4.22221202939294,100,100
ENSMUSG00000024532,3.064001335653063,740.182082544854,1.0158708812906911,0.001,9.547584978225569,0.0010863383752718343,0.0976120025950687,100,100
ENSMUSG00000024533,0.28300757601942156,0.40783988438655105,3.8670976144034404,0.13911906447340466,0.616466581968887,3.051117291381858,24.071020248260545,100,100
ENSMUSG00000024534,0.06401000424093296,19.283718727177728,11.359765623257138,0.001,24.36754190248832,0.0011746960972461272,24.197173240940852,100,100
ENSMUSG00000024535,0.3455566097455111,0.7720228707721258,3.152412499553079,0.13757500022012814,0.7825193627376704,1.385932801574477,10.505757925714793,100,100
ENSMUSG00000024537,1.3686585756862433,7.728280498275406,12.452281868938016,0.15713035467297523,2.5249825078468584,0.7836401336471832,38.86205721263801,100,100
ENSMUSG00000024538,3.0586589323369497,58.687584869089044,599.1699709077262,2.090018059612362,4.52371710160668,6.4025928576601325,22.018484820098138,100,100
ENSMUSG00000024539,0.47436144231494626,0.7291786747349184,3.8920331028298194,0.12531180587645124,1.2293051757311577,1.3660433417578484,28.66784413953355,100,100
ENSMUSG00000024542,1.2037297072789663,33.00893770085127,9.107614085141952,0.20090890169047976,12.961171237927232,0.02633875789339493,2.5508411253644474,100,100
ENSMUSG00000024544,0.9924464132969129,7.317232069813377,11.433649435633617,0.5400255773752135,1.7276392635816455,0.7761894079921812,3.910105280269664,100,100
ENSMUSG00000024548,0.09732567349797315,1.005611894899892,4.271849728232394,0.015695507259178752,0.2157017079250974,1.5527425142718783,42.52928661703408,100,100
ENSMUSG00000024552,0.0225992156662114,20.851978938840965,15.165009996224866,0.001,11.410825679817133,0.00110784254436022,23.225508533170597,100,100
ENSMUSG00000024556,0.9424520747037008,86.20286560388286,70.8907107211278,0.010027969426110986,1.4389858434329825,0.5195816812205325,239.83249203958133,100,100
ENSMUSG00000024558,0.001,62.31581250733508,1.0,0.001,0.001,0.0018123221483564052,0.18418085366194678,100,100
ENSMUSG00000024560,0.3656336264080932,0.28579166205653517,4.715918803332202,0.13495606064976506,1.7326064257594798,1.6660357310137681,66.73477111792894,100,100
ENSMUSG00000024561,0.48073308745232013,0.40830916900222525,3.6061521334496853,0.10142122856326913,1.7003773175209576,1.2634055189804558,95.51865560390696,100,100
ENSMUSG00000024563,0.2589280672864832,0.2645107663542587,5.088339702446938,0.0017640238107813153,0.6653503928595821,4.796269555305596,3822.3520646165716,100,100
ENSMUSG00000024565,0.001,62.31581250733508,1.0,0.001,0.001,0.0016157496368917163,0.4703104093074091,100,100
ENSMUSG00000024566,3.3612242622115103,84.86968155099953,49.00879363310172,0.006514968534687542,8.729134814351337,0.23367808645214153,2080.2549532935445,100,100
ENSMUSG00000024570,0.25292800729919784,0.13105431975522366,1.9836214120474265,0.005712463105290723,2.39633639103293,0.5733820972568018,938.6138212880617,100,100
ENSMUSG00000024571,2.0947284155627734,4.83515204777159,19.34047515582738,1.308675734117252,8.787194038786492,0.6659347288194338,9.306818756283306,100,100
ENSMUSG00000024575,0.001,62.31581250733508,1.0,0.001,0.001,0.0022305789308308664,0.44458256315576783,100,100
ENSMUSG00000024576,6.621369948487919,313.8735740172488,476.48368981559094,3.1552164235763835,10.029819842746384,0.9845548109016227,4.734238921394397,100,100
ENSMUSG00000024578,0.001,62.31581250733508,1.0,0.001,0.001,0.0014190209644864005,0.3140003114237884,100,100
ENSMUSG00000024579,0.5273325814171735,3.0374259658791236,1.675052257003836,0.08976821747994546,1.4535872733686064,0.20284616651640514,4.951685682497944,100,100
ENSMUSG00000024580,0.22464908581818113,0.23151974496305688,3.4308252497331515,0.08807220833922226,0.8219570916092094,3.2341308112700196,41.4343772621296,100,100
ENSMUSG00000024581,1.2041074875294995,6.0693349198827775,8.054262335090057,0.4158981058259341,2.2710446538643154,0.5932652921488741,7.487740351295681,100,100
ENSMUSG00000024583,3.097140013720893,999.9999996705421,2858.9931599533943,2.15281165824916,3.968949045223871,2.2209517317895493,4.363942492454203,100,100
ENSMUSG00000024587,0.05812261605165649,0.4065288745179821,85.10634276203201,0.001,0.1007618163095848,0.013246610045683196,2808.486496436246,100,100
ENSMUSG00000024588,0.7199872427017755,2.40217579128753,10.509197318524325,0.4556099134256033,1.0553546454315827,2.6567128630570203,7.823456011224895,100,100
ENSMUSG00000024589,0.43039391314301306,1.7275274683442983,7.796987633598835,0.15774923970055582,0.71182119914117,2.6313214539807497,18.154272804324826,100,100
ENSMUSG00000024590,0.12478039262476015,2.3167146947367003,14.463020961093907,0.0690405148144928,0.2009241772604372,3.709051890408093,11.269047841541877,100,100
ENSMUSG00000024592,0.13175478461771478,0.08353898340042572,1.757202538011406,0.010671961289105383,1.6539234170785186,0.7914963920448306,216.5117446121622,100,100
ENSMUSG00000024593,0.010812996747485959,19.47482992383004,22.225753014131502,0.001,4.998938806221654,0.0014028877970177255,12.866529641716824,100,100
ENSMUSG00000024594,1.6583654199158884,2.6458363570920778,19.206200024815004,1.1931313415480496,3.944785275948571,1.9064625336082182,12.434349779904522,100,100
ENSMUSG00000024597,0.18286841393821743,1.0729083885476982,2.39913201867128,0.047841340059050386,0.5109921706196294,0.7926467246682769,9.673496504372125,100,100
ENSMUSG00000024598,0.011048963810953008,18.840228171939337,21.480743212690953,0.001,4.915955035184464,0.0016173150203240628,19.518837326296378,100,100
ENSMUSG00000024600,0.04385981048877227,16.808300633924276,19.52027569516148,0.001,30.681652700840548,0.0012436443344880082,9.40657841427755,100,100
ENSMUSG00000024601,0.6782009908287777,28.85931831591791,19.50437213690232,0.013689756112446692,1.1085507646467718,0.37942928783504076,84.73362724889492,100,100
ENSMUSG00000024603,1.2412602528481103,1.413048802058998,5.747589234850854,0.7570976336892628,2.5756525208541436,1.248460798965929,10.218029366619714,100,100
ENSMUSG00000024604,0.7313482817385017,0.9576964174568201,5.806162425853781,0.2443229595687053,1.966885395469778,1.5893381760220344,28.02835544943072,100,100
ENSMUSG00000024608,0.08180162503878853,0.29106580870404025,495.49094772694804,0.001,0.0010000000000000005,0.00460802170579571,466.69411862638606,100,100
ENSMUSG00000024610,3.056214351663582,736.0513408990713,1.0,0.001,8.32796891279623,0.0010000726881715374,0.05315067053211965,100,100
ENSMUSG00000024613,0.2985490021402473,0.21701344138419085,3.6602684389565447,0.03952212160374678,1.4474190832112022,1.6124654206042628,204.47344217357124,100,100
ENSMUSG00000024614,0.6418605548046015,0.8034818780909507,8.737847576697519,0.33724891438203797,1.6605643741708616,2.288620812217884,30.417345787944388,100,100
ENSMUSG00000024617,0.054857839514942004,0.5957672164681164,1.0105172787148167,0.006711461748850633,1.4245426215044845,0.021346391061103212,11.285754210939226,100,100
ENSMUSG00000024619,0.001,62.31581250733508,1.0,0.001,0.001,0.001548938786282674,0.0856713262773656,100,100
ENSMUSG00000024620,0.6026028212018064,11.451527222448146,40.56000323003363,0.38745461742811027,0.820870978903667,2.425041471430956,7.086182224018668,100,100
ENSMUSG00000024621,0.04340254500965882,1.4820242818777076,4.217568878313707,0.015029236049381962,0.15412541826296883,0.4378846918239587,10.64917027727978,100,100
ENSMUSG00000024622,0.6715035419260355,0.6556922470134581,4.4139389495508805,0.3272879148501918,2.2761574743429787,1.1464811189567259,21.60419680774951,100,100
ENSMUSG00000024639,1.3075853402587498,1.2458591233438072,10.795810694044611,0.8894364472851339,4.899908794210312,1.1958967306389379,16.850725162868365,100,100
ENSMUSG00000024640,0.7245892462511937,401.03284252219345,1862.530129425053,0.554009225186666,0.885721770893295,3.4756681022012565,6.761633348739876,100,100
ENSMUSG00000024642,0.05420587390037415,17.14565328844232,18.691229251577827,0.001,22.095502546105358,0.0014114088805263867,76.00140561627869,100,100
ENSMUSG00000024644,1.81368809110895,251.70144426318143,1051.639702397245,1.3915480439118042,2.535635865429806,2.9496432456153157,6.033948171560097,100,100
ENSMUSG00000024645,0.09644395748573376,0.06162368140299248,1.7884227187147796,0.0032160063243306834,1.4059496718558124,0.9252253648039364,1213.1208720278742,100,100
ENSMUSG00000024646,3.0988650473457446,27.98620137415546,386.83916083545694,2.0763091366171595,4.519167447387719,8.70113366084329,26.32133310264443,100,100
ENSMUSG00000024647,0.001,66.84427540036525,1.0,0.001,0.001,0.0020127231429900266,0.19928506061515963,100,100
ENSMUSG00000024650,0.001,62.31581250733508,1.0,0.001,0.001,0.0016986876409451571,0.14410710824781806,100,100
ENSMUSG00000024653,0.001,62.31581250733508,1.0,0.001,0.001,0.0015564342506351396,0.11801447344477375,100,100
ENSMUSG00000024654,0.13633292588288762,0.45948179562249647,2.0967467551869436,0.0010307744024976436,0.5107078867714668,0.9046390392324127,590.0070018784936,100,100
ENSMUSG00000024658,5.192944119789857,629.7844690876775,1.0078439766659637,0.001,16.74446663132178,0.001,0.042021165849765056,100,100
ENSMUSG00000024659,3.6611992793031427,66.79334450657846,1656.116215650976,3.0509556806565072,4.457458329190282,14.747912408033212,31.625690801428107,100,100
ENSMUSG00000024660,0.18541782636496562,56.19596445277526,245.38320679275313,0.13882224513780037,0.2786581528627231,2.029724109880758,6.707364864351526,100,100
ENSMUSG00000024661,0.2233687350371673,2.4125087095159907,8362.785576474538,0.001,0.001,0.008304036943481984,0.5605828667284459,100,100
ENSMUSG00000024663,0.06214810468251505,1.1081446699512605,3.3128157895224315,0.004898936836301609,0.23734840399544202,0.62224379761417,76.29189524839877,100,100
ENSMUSG00000024664,0.883867349488742,2.041564003229593,20.466379867556014,0.6292793407989362,1.647950864459574,3.732596393710148,17.230880937715554,100,100
ENSMUSG00000024665,1.1263256273293607,126.91452271394135,609.2911210235363,0.7998770476663877,1.4255073748894134,3.631670262257749,7.60748333206918,100,100
ENSMUSG00000024666,0.6495625599088962,1.2012947937515452,2.6193631848567906,0.011839493027210352,1.2833918795813588,0.8004256889572527,327.98082827847804,100,100
ENSMUSG00000024667,0.7032837598229391,2.918772606300007,3.742310183997978,0.1685803827794935,1.9368829642975331,0.37314581324008006,9.116635376717237,100,100
ENSMUSG00000024668,2.2745441007942615,18.7926335090078,35.47721536180155,0.868830687006681,4.7076964904997345,0.7801080133163694,11.808407746320231,100,100
ENSMUSG00000024669,0.001,62.31581250733508,1.0,0.001,0.001,0.0014952296461510058,0.19203011276514415,100,100
ENSMUSG00000024670,0.001,62.31581250733508,1.0,0.001,0.0010000000000000005,0.0016929303707088963,0.1655464838943186,100,100
ENSMUSG00000024672,0.001,62.31581250733508,1.0,0.001,0.0010000000000000005,0.0019504394033669995,0.09187682389509909,100,100
ENSMUSG00000024675,0.001,62.31581250733508,1.0,0.001,0.001,0.0017480757077869779,0.17182147661566194,100,100
ENSMUSG00000024677,0.001,62.31581250733508,1.0,0.001,0.0010000000000000009,0.0013547093014780816,0.09163433998699119,100,100
ENSMUSG00000024678,0.0063075483500946725,0.4532297312466101,11.985827222532542,0.001,3.1836606123096303,0.0027927311838471915,292.0332431412728,100,100
ENSMUSG00000024679,0.003285858126365494,10.04792997220456,24.57323944863133,0.001,0.043691766702863316,0.0016798868901735846,16.962247756372065,100,100
ENSMUSG00000024681,0.001,62.31581250733508,1.0,0.001,0.0010000000000000009,0.001792602724185756,0.20109868671441794,100,100
ENSMUSG00000024682,0.001,62.31581250733508,1.0,0.001,0.0010000000000000005,0.0015664222002118185,0.23771886224287964,100,100
ENSMUSG00000024683,2.449087383043266,557.8028028009298,821.1931812464722,1.2884065803004585,4.613553013663399,0.755594174053386,4.987093975952764,100,100
ENSMUSG00000024687,0.18492494221407363,0.28673598284404667,2.782037553139322,0.0018009063149448076,0.7994104786704275,1.5447477048243967,1393.4738410690377,100,100
ENSMUSG00000024691,0.3203558231886384,137.85231174189826,408.3116137076759,0.21906862777078168,0.4894180702229689,1.7891673064047338,5.256505005692556,100,100
ENSMUSG00000024694,0.001,62.31581250733508,1.0,0.001,0.0010000000000000005,0.0018592605445493283,0.19610149384219827,100,100
ENSMUSG00000024695,0.8547489476799907,0.46686157111677246,7.707663226840883,0.3099612733850825,3.793824180221554,1.3402225582877754,61.84338304709024,100,100
ENSMUSG00000024696,0.001,66.84427540036525,1.0,0.001,0.001,0.0018080438620166317,0.14004226162060082,100,100
ENSMUSG00000024697,0.03326484175010569,21.682971303610334,24.206792714634936,0.001,12.54383946156885,0.0014145157402573254,25.448031840994553,100,100
ENSMUSG00000024712,3.1988861895775913,38.82001177251505,44.33399472071105,1.5973775669683739,5.284144781061665,0.6503956819431549,3.9148537018497764,100,100
ENSMUSG00000024713,0.15370457531439324,1.4665582284857472,1.9210123429750325,0.0861694280683705,0.8846512293535747,0.2205716028284071,2.768689419515187,100,100
ENSMUSG00000024725,3.5410373518952247,321.4952806299484,348.59277851354386,2.4740728824413383,6.438375428418539,0.6237743619304407,1.761228516623381,100,100
ENSMUSG00000024726,0.001,0.006730966722786415,1.314257506123889,0.001,0.2258397751542734,0.6010849703135248,191.7728492639239,100,100
ENSMUSG00000024727,0.010769888189685875,19.62668157823122,22.394570765570798,0.001,2.7859997754439494,0.0016964786689609426,13.776227659560835,100,100
ENSMUSG00000024731,0.0012241444728322206,84.83231106059885,2564.4274517430713,0.001,0.004406827040588461,0.0017223817446578274,19.497875588923435,100,100
ENSMUSG00000024732,1.7176913937029656,225.9475506580618,273.05413298482887,0.944832364596155,3.2267592113317205,0.6306562791123467,3.1320863920529205,100,100
ENSMUSG00000024734,0.001,62.31581250733508,1.0,0.001,0.0010000000000000009,0.0016404286907474065,0.08520226551520951,100,100
ENSMUSG00000024735,2.8085040578334994,7.299744760402865,30.640086808490512,1.9060481309215511,5.222146386809602,1.6484327607156049,8.517720242874141,100,100
ENSMUSG00000024736,2.2593222528735484,24.126085626543333,105.66680744047348,1.6178690767985495,3.4301484325061677,2.4670194831543593,7.072097860432793,100,100
ENSMUSG00000024737,0.001,66.84427540036525,1.0,0.001,0.001,0.0018155532976012747,0.14210071816247977,100,100
ENSMUSG00000024738,0.001,62.31581250733508,1.0,0.001,0.001,0.001924962498588767,0.28537654853359595,100,100
ENSMUSG00000024740,6.738585743369246,359.6417659322128,1110.8208058105495,4.313731335639474,8.939459379801047,2.3130468403429356,6.982293824369417,100,100
ENSMUSG00000024742,0.12887711295093082,1.8588522404891479,14.205988144066042,0.07821916342188368,0.21829495633283275,3.6892191262100367,13.043921615356886,100,100
ENSMUSG00000024743,0.0829933526707291,23.746487920738023,25.86096223291896,0.033357783057357676,33.65614692953241,0.001292078852152451,2.5205627596487368,100,100
ENSMUSG00000024747,0.002259559461502067,4.179602748312616,21.31636005129088,0.001,0.047757100263498956,0.003163841328599759,25.780265111281295,100,100
ENSMUSG00000024750,0.05804005626890451,1.4237108208013876,12.680987142750094,0.001,0.11243578599270548,3.562606749404647,663.2298420725754,100,100
ENSMUSG00000024754,0.24645293351318748,33.216384317007694,19.791243667970868,0.029313130540845916,2.9287258303477413,0.09390794921011612,6.696370886630161,100,100
ENSMUSG00000024758,1.9725994828165208,31.15894014922035,94.76934948016125,1.445552320832948,3.79903281448819,1.5101834163505594,4.9907161268246085,100,100
ENSMUSG00000024759,1.0015617456908552,1.349271852591342,6.694908964422339,0.5145022873572916,2.542541958535019,1.203165212056804,12.71847422520067,100,100
ENSMUSG00000024761,0.001,59.32355257794531,1.0,0.001,0.001,0.0015831636378281447,0.2090663068027602,100,100
ENSMUSG00000024764,0.5322567098734076,11.35135471050827,16.89733565300852,0.21370573917596736,0.8371537273674461,0.8167454396930487,5.710559927640086,100,100
ENSMUSG00000024766,0.31806191924448496,0.3394723408688051,2.385170500148289,0.035540962911289234,1.2654273958935995,0.9453410055800782,125.23012870064561,100,100
ENSMUSG00000024767,4.3428828974665485,681.7192469432715,1547.85273980121,3.1956051921033892,10.09167842906856,1.207439958089088,4.117477781951777,100,100
ENSMUSG00000024769,0.5845455292670935,59.408107251456144,125.77476812200283,0.27894824735774126,0.876558503457898,1.4341028140788605,6.109987240428133,100,100
ENSMUSG00000024770,0.001,62.31581250733508,1.0,0.001,0.0010000000000000009,0.0014527411871086329,0.15716453997241053,100,100
ENSMUSG00000024771,0.03313796186215776,21.736564552044094,24.258346810523317,0.001,14.996419951915513,0.001120073803413074,43.443002647541746,100,100
ENSMUSG00000024772,2.196512835686098,3.7180554552830656,39.92135680252002,1.6319764883292258,5.697831001115175,2.4975260206355685,18.425846936551483,100,100
ENSMUSG00000024773,0.31160569548144423,0.5782166752703934,3.2929821324655966,0.12433883515332965,0.7486681210921667,1.7349153583437813,16.120276192649346,100,100
ENSMUSG00000024774,0.001,66.84427540036525,1.0,0.001,0.001,0.0012226299867637105,0.20489811225017746,100,100
ENSMUSG00000024776,0.9029176442002194,2.9197666584960933,8.298620328255856,0.31935158576589256,1.6650451617138837,1.1721879337835315,13.822677541780028,100,100
ENSMUSG00000024777,1.2959933662434435,2.6455709429661396,9.335284588441501,0.5317560383546394,2.5917577643557195,1.1928629259447212,15.779515062660828,100,100
ENSMUSG00000024778,0.8924044496350679,33.148975933570604,104.74350470753483,0.5262621323372209,1.1412548978483121,2.4424148468111264,6.694169453269392,100,100
ENSMUSG00000024780,2.0113596519297805,13.797720767427442,21.11371361965077,0.639972609267914,4.24815811471572,0.6600379991518965,11.181789595388674,100,100
ENSMUSG00000024781,2.4728248359292837,11.367044630787598,32.96094087643933,1.5197197809776648,4.091953082025476,1.4345773629828118,6.356279186462335,100,100
ENSMUSG00000024782,0.5713085993141231,280.32936507122804,287.49312991950654,0.2917655236155162,0.9679319569809727,0.5556877736053638,2.5861874823261,100,100
ENSMUSG00000024784,9.114611845588891,737.7571147812607,1.0116433889800232,0.001,21.307466218319796,0.001,0.013630487452136474,100,100
ENSMUSG00000024785,0.6387683966715084,1.896561751055142,4.743244345294311,0.23719148435098678,1.203630767778782,0.9264065696867145,9.980139070009063,100,100
ENSMUSG00000024786,5.258113088776328,632.3102273632963,1.0,0.001,13.03794577894704,0.001,0.01976751617984713,100,100
ENSMUSG00000024787,0.8121860723333065,1.4995217932485099,5.839179616355291,0.4824827952975722,1.8076962551052351,1.3517503669814839,8.357053702536852,100,100
ENSMUSG00000024789,1.7870004709969296,540.7992738667106,692.4500078861005,0.9117387057624418,3.903775250052057,0.5527368204697463,3.8453919481742957,100,100
ENSMUSG00000024790,0.001,0.0011022006374148728,1.0,0.001,1.13524002460186,0.5022103284805233,1104.6825384983767,100,100
ENSMUSG00000024791,0.06722247152588456,3.1502446866671923,8.94701114939945,0.01647151715060379,0.16620374031283897,0.7179861083325327,15.93758532901316,100,100
ENSMUSG00000024792,0.9928864962433149,1.1506474649292389,6.200512986236619,0.4916951187848859,3.0420006641378565,0.966221248834062,15.613218196485137,100,100
ENSMUSG00000024793,0.011984905832837203,17.353281488266152,19.83576409874293,0.001,4.921349346233947,0.0015361756573269566,9.256400102631316,100,100
ENSMUSG00000024795,0.03448257815130213,1.2017254601663458,6.241645528150986,0.008127533904959785,0.11843358087585934,0.6534051303483912,11.556478689000635,100,100
ENSMUSG00000024797,0.3132687754422022,0.07161926953542734,2.2635082355757667,0.014694638407971704,8.809575487389385,0.21599839480628646,1061.058554664698,100,100
ENSMUSG00000024798,0.03165281269692667,7.591951443067327,14.173673203402965,0.001,5.430900198916467,0.0016467464767062922,34.35175558490626,100,100
ENSMUSG00000024799,0.3940692948888014,1.5258069903805258,9.98905150665027,0.1126961071013508,0.5486936114437823,3.7738710233349275,28.384361411427022,100,100
ENSMUSG00000024800,1.1406245664031354,5.289549861718194,10.744863821326504,0.6639285550366321,2.5125048513662156,0.7005918932685185,4.567110912683443,100,100
ENSMUSG00000024803,0.027192355153239752,1.0604911819699596,27.187397436239088,0.015911231273928995,0.10228233828253527,2.0324675896926574,78.8863138792872,100,100
ENSMUSG00000024805,0.10565046790158694,0.34347759511150683,3.304476431291552,0.006197600561367842,0.31516199574131354,2.4112786530077104,205.689214162244,100,100
ENSMUSG00000024806,0.001,62.31581250733508,1.0,0.001,0.001,0.0019673148553020444,0.08986751467149802,100,100
ENSMUSG00000024807,0.7634232345461459,0.6065943133071878,4.743497947978074,0.2088088333925426,3.7896708816616163,0.864457168081736,48.507142221573204,100,100
ENSMUSG00000024810,0.01476628395526733,3.1461993208246586,117.85428155739876,0.001,0.08831149413502414,1.1562794390380517,133.0474141691348,100,100
ENSMUSG00000024811,1.0038135270246529,9.916413715873666,18.500319741039633,0.06078830255902616,1.4230015431203968,1.2349954279797912,73.13481599935858,100,100
ENSMUSG00000024812,0.9139887511570007,3.4597188535411574,3.877350861344233,0.24689386841988445,2.180200650869864,0.3312987275476963,7.792636283420454,100,100
ENSMUSG00000024816,1.0646540995976381,1.7712670856875639,6.687264893410903,0.4434328814856229,2.5552436751125214,1.0433785423521469,13.988314146407753,100,100
ENSMUSG00000024817,1.3723112540920364,2.2481465858555243,11.294338964113331,0.9475698808344186,5.410366576314901,0.7969013996557619,8.408277507866977,100,100
ENSMUSG00000024818,0.29613948216118,32.01762921578313,17.7936151138421,0.02685183528910189,0.973750822200488,0.14107792153496118,7.466734035577666,100,100
ENSMUSG00000024824,0.43085162195470267,1.1327113232318786,3.914436496166803,0.08111793181588323,0.9113938212175194,1.1736775898781835,31.58458427033173,100,100
ENSMUSG00000024826,2.4139640722968565,7.3009131183904055,24.985747848102204,1.454265861306043,4.741640020498238,1.3885840089961217,8.333897381101629,100,100
ENSMUSG00000024827,1.8855242048223924,454.9597606392765,1.0,0.001,8.777097703610123,0.0010000001087742579,0.07413061964301293,100,100
ENSMUSG00000024829,0.02715817388536641,0.046393390816900706,12.666605578444114,0.001,0.0961417746295953,59.43217158327888,10350.703987355819,100,100
ENSMUSG00000024830,1.276133240703888,1.6953215091055238,7.667307101208502,0.6727856304019482,6.409141527120193,0.5818413551639825,12.434280236919351,100,100
ENSMUSG00000024831,0.03982340221428738,0.1180379013037557,1.0770704529533868,0.001928988841391407,0.5615396710849185,0.42162750017958883,217.82337250975195,100,100
ENSMUSG00000024833,0.314079334803612,52.430348076771736,103.29797724359423,0.17751811118649333,0.45145664228718296,1.1770853155139802,3.8311476517538883,100,100
ENSMUSG00000024835,1.8881000649162805,4.578842220241566,42.61543646281471,1.411603655001484,3.552694867798338,3.5938003980413873,15.139413215373903,100,100
ENSMUSG00000024841,1.9588815491639566,316.6512470136554,680.090815019137,1.39015649537226,3.8160748550978862,1.0901921535756793,4.021806393760157,100,100
ENSMUSG00000024842,0.001,66.84427540036525,1.0,0.001,0.0010000000000000005,0.0015296557538417796,0.1403689074439709,100,100
ENSMUSG00000024843,0.07667621516722065,0.6202090232930002,4.127306759180533,0.0014251856759701855,0.1875530759449448,2.2435786527768826,293.74593706170504,100,100
ENSMUSG00000024844,0.47492211756948893,0.8655924433988584,51.28913911847616,0.3186699817120456,0.9083533617785888,23.03445910785343,90.44147789199768,100,100
ENSMUSG00000024845,0.5758859482685831,1.256945616294717,16.60615054575329,0.4123529051148695,0.9743829511473645,6.275614288337062,21.01407995396209,100,100
ENSMUSG00000024846,0.26769876208115145,333.8398104497649,3787.6467151875527,0.22445803189183391,0.3645894187900701,7.219188293125172,13.271236748780726,100,100
ENSMUSG00000024847,3.316169417880376,245.6687424584181,475.5184932669147,2.089857365779885,5.428876641129934,1.154544981404464,4.560565699752007,100,100
ENSMUSG00000024851,1.4105974252397828,2.8036847793659674,5.327641241132946,0.40081395008040227,3.546343464629911,0.4948889723613126,13.504722693004688,100,100
ENSMUSG00000024853,0.7280730288910385,0.9146320484219937,20.465453051922164,0.3878442427947489,1.6044504574165535,5.7483111171351755,49.673694899950604,100,100
ENSMUSG00000024854,2.2341415212713374,34.95285104519089,148.9192123071557,1.6432129285796802,5.4845346236269,1.5577865973838287,7.814740679959733,100,100
ENSMUSG00000024855,0.001,0.006634927833505159,2.701500569197415,0.001,0.15909153284610883,1.4722519251393695,568.7144759333025,100,100
ENSMUSG00000024856,1.650521297900043,35.99418340008357,173.88299656235043,1.1337727961772501,2.4112200764618805,3.5476800743197376,8.755056004697252,100,100
ENSMUSG00000024858,0.591349338310707,0.6753192177766718,5.527135131197607,0.3015236687716786,1.6827558884311373,1.947305814866965,21.380870666005208,100,100
ENSMUSG00000024862,0.001,15.589878108493298,1.0,0.001,0.001,0.009667213768189423,1.706621651061992,100,100
ENSMUSG00000024863,0.001,62.31581250733508,1.0,0.001,0.0010000000000000009,0.0015371541078296462,0.42971800170994157,100,100
ENSMUSG00000024866,0.18045446939142407,6.856708782864209,13.890800300336686,0.07986041664513377,0.30638148025568357,0.9466408367309651,5.083337079216601,100,100
ENSMUSG00000024867,0.044329178894476455,19.064545160937378,35.99564879830901,0.001,0.25380699522539024,0.10876614559430436,78.59346664782002,100,100
ENSMUSG00000024868,0.001,62.31581250733508,1.0,0.001,0.001,0.0015970606503320477,0.19570966243433,100,100
ENSMUSG00000024869,21.454805899260467,999.9999999983609,1.0093581088827732,0.4118049679432963,28.051592858451514,0.001001134947444566,0.009177013102490902,100,100
ENSMUSG00000024870,1.4344675366617314,3.36686872341144,32.81020945501065,1.004234152702952,6.241542173667531,2.2016813216453324,17.137622812711907,100,100
ENSMUSG00000024871,0.07446087597548555,18.060017261094682,18.982406996067617,0.001,0.20505173190109188,0.18968386694061423,98.47743451989646,100,100
ENSMUSG00000024873,0.06339408635288651,18.495943806072148,14.456176489396611,0.001,5.825897470111656,0.0017965267002048812,56.2760847044417,100,100
ENSMUSG00000024875,0.10905961293694262,0.14723786367379338,22.26274570768309,0.016243308030403796,0.3537029227221937,28.300407117085435,1091.7463241163448,100,100
ENSMUSG00000024878,0.1310679268725915,0.09766180645110603,1.0147388660618808,0.0011025403065692478,3.401821664710197,0.16868878173860757,1072.917716327207,100,100
ENSMUSG00000024883,0.9657153916039652,50.73146610587728,153.4356123346477,0.5036837967099563,1.294625965246294,2.3091312629047276,8.082846733191877,100,100
ENSMUSG00000024885,0.1825187779568706,0.6967715393554512,3.4261027706331237,0.04033039843840876,0.4369191802866921,1.7432318256843882,23.267629156682453,100,100
ENSMUSG00000024889,0.1886637963644615,0.2472812241733145,3.948752050335007,0.026095842022737428,0.7280101721767419,2.5464041346705644,157.7387993925223,100,100
ENSMUSG00000024891,0.10643083600030277,1.5356843859587208,3.505575093056294,0.045684503770865206,0.2565215060203649,0.6564649755892866,7.33345298691075,100,100
ENSMUSG00000024892,0.0017414664929090917,0.013468370642819867,2.9390727466878857,0.001,0.10429182995413046,2.98763142570313,523.0711727386821,100,100
ENSMUSG00000024896,0.41706161899701955,288.9491463858728,424.77182596416696,0.001045757712725281,0.7801917056889314,0.6832398351489968,939.7351370324277,100,100
ENSMUSG00000024897,0.15318101630350087,23.309927064301377,20.943449553475226,0.051027433170286546,1.813275205835101,0.03299002465234183,2.685718589524954,100,100
ENSMUSG00000024899,0.8312067680789645,272.5281825265635,286.8741668226252,0.15373703131834104,1.3451784964923696,0.6130827851656098,11.115350165050977,100,100
ENSMUSG00000024900,0.6185586083637181,1.182031440804016,13.478242860951195,0.2522293524611609,1.1102542302250882,4.241812424475961,38.03552312737702,100,100
ENSMUSG00000024901,0.08570657400317007,1.2140773482876703,1.7258943993276266,0.001,0.5297458477606469,0.09166524659247663,70.37779943090737,100,100
ENSMUSG00000024902,2.883604106179439,90.70649983085244,106.34957260422202,1.287967064756481,4.6291187252642265,0.6968514268398323,4.7516982086617965,100,100
ENSMUSG00000024906,0.650141844765054,19.173032046110556,23.56800280118839,0.07223165723775224,0.9114631633971224,0.8160151604967686,27.261640664990093,100,100
ENSMUSG00000024907,0.0015774148164834818,7.788312797075187,83.06155746714525,0.001,0.015693558065928127,0.0017382323243376237,36.51365558512683,100,100
ENSMUSG00000024908,0.5119727320683339,0.8250947544792271,9.04712279107407,0.19585184868901784,1.0496642929729842,3.4400971129948625,41.65056073489847,100,100
ENSMUSG00000024909,1.8903786342964326,28.468333816265847,913.9964387058914,1.6519323577255998,790.1527496858947,1.0172783501821054,41.76340450415542,100,100
ENSMUSG00000024910,0.08934358282690838,18.786294467353134,6.210433682149481,0.001,22.303947099254962,0.0010605316509079941,11.393988402811836,100,100
ENSMUSG00000024911,0.889933729637035,1.429960530744963,7.478397602058121,0.45136947153211265,1.529183974149471,2.420971774946429,14.137930178613558,100,100
ENSMUSG00000024912,1.6762294041235526,14.203705287545855,60.474108066632986,1.0507123561249343,2.361713189002023,2.776788297569044,9.05751740575281,100,100
ENSMUSG00000024913,0.33104456665508214,0.7870895673120574,4.175030017723836,0.07508914533670055,0.6218356704396648,2.118807277436071,26.578970783044014,100,100
ENSMUSG00000024914,5.655783840233776,100.79098546260234,141.97276274014527,3.355754805679573,10.744950671420312,0.7318207700160906,3.587473569099126,100,100
ENSMUSG00000024921,0.7361765286545392,3.9765085940083895,13.225466133958045,0.42650716007631473,1.3216745450564762,1.6396166220834163,7.6809163092482855,100,100
ENSMUSG00000024922,0.001,62.31581250733508,1.0,0.001,0.001,0.0016054395388471632,0.10360994250872582,100,100
ENSMUSG00000024924,0.34755582851571987,2.910642017904611,11.485213480162614,0.12015965162331423,0.5698724372919248,2.3317986530772368,15.294799586034506,100,100
ENSMUSG00000024925,1.6572866038612106,155.10659115756926,285.518109475882,0.749516570869661,2.339013889337009,1.2542246800293557,7.328464002980398,100,100
ENSMUSG00000024926,0.8688677800823273,1.9384708905199528,5.812702826783776,0.16002430258613756,2.036532783269826,0.9519209084332341,38.94720170979455,100,100
ENSMUSG00000024927,1.5403659628959612,28.423670788002653,52.19489668155462,0.8110066990388743,2.116717972126204,1.2652926997729295,5.990197180041857,100,100
ENSMUSG00000024936,0.001,59.52330063774062,1.0,0.001,0.001,0.001995769487104688,0.1307788391061787,100,100
ENSMUSG00000024937,1.385801894564428,4.6058891909907524,29.2295138955206,0.9846344473942048,2.1036854593258134,3.329348132543514,9.883455032987838,100,100
ENSMUSG00000024939,0.001,66.84427540036525,1.0,0.001,0.001,0.00202682876025317,0.2701148514210286,100,100
ENSMUSG00000024940,3.5629486854214925,330.11803853737234,544.9749160593652,1.7514842565084152,4.801549367307315,1.1915656463217434,6.044326038026506,100,100
ENSMUSG00000024941,1.6589518755821948,3.5508700573014407,13.915481862277524,1.139467605427278,3.4835114711779624,1.305189770292374,8.278417075242398,100,100
ENSMUSG00000024942,1.5420087767020476,378.9126270288343,454.6922613975752,0.9897672434326084,2.4448200938607485,0.739900482671986,2.3556215441365413,100,100
ENSMUSG00000024943,0.10259206689413111,0.06555978069964953,1.4340271280478443,0.01952247286793206,2.6092327874987973,0.37581928040224,127.8148726584626,100,100
ENSMUSG00000024944,3.8646043765989933,94.55731919124095,278.5445138579913,2.009309106910258,6.377263739157389,1.7924364493258933,11.011736600527051,100,100
ENSMUSG00000024947,0.3399684850656276,0.6586485241169316,2.670399549546351,0.0011102924261783458,1.0744550706106997,1.0492268899492694,1792.982847830362,100,100
ENSMUSG00000024948,0.3348380392130316,1.3198151937497693,1.850315454623171,0.01651343345594383,1.224911971338361,0.25465060789992966,51.30903710789522,100,100
ENSMUSG00000024949,4.724060095971165,15.290438481522363,30.19841573251237,2.536486085057785,8.732579402620935,0.7812103058015539,5.6324494460654,100,100
ENSMUSG00000024952,3.8940591447964827,413.9598219338851,415.11779827558394,2.3759405017096134,6.125218524371494,0.6401268784933238,2.4317130165462855,100,100
ENSMUSG00000024953,1.5784065773747487,4.516612747632864,102.70826231141231,1.1686619879463613,2.5061910365748146,10.993242111099448,34.04400351864395,100,100
ENSMUSG00000024955,1.5186167134429018,179.5446800459695,238.21092253166353,0.767295918920723,2.620538492509798,0.7045715988992851,4.578562696873824,100,100
ENSMUSG00000024957,2.684773051267332,649.196933434762,1.0,0.001,8.349275086365285,0.0010856510102196532,0.04509560075358565,100,100
ENSMUSG00000024958,0.15021897807184398,0.20837463095695177,4.024649186027453,0.0012456665551891233,0.4649011364741257,3.721487576706904,3015.722016523705,100,100
ENSMUSG00000024959,1.6955453526902478,4.2930836536149,10.46158783806027,1.0094337979103383,3.3355724084731464,0.9002437634536142,6.298409034283434,100,100
ENSMUSG00000024960,0.3549031425138093,0.8296429006813277,7.581133938798866,0.07811402152773439,0.6587732553745822,3.9308741054113367,55.84627022872154,100,100
ENSMUSG00000024962,0.3348561464535605,1.1591228715061626,3.4899949892972932,0.0010023175677718484,0.6582397699148045,1.267141386155766,1592.8501083829483,100,100
ENSMUSG00000024963,0.2599309716472131,0.384035944385906,2.295976560699438,0.025897510432923217,0.940738660620007,1.0890171551454286,459.02135255734,100,100
ENSMUSG00000024965,0.016638596359565806,2.0825706324519975,3.1205450102053423,0.001,19.052032583806785,0.0010573873385118608,4.273158104277552,100,100
ENSMUSG00000024966,2.262688779602791,35.464508060940155,252.7543595679039,1.7452042985899243,3.2045182101836573,4.800293985149452,12.869999239729523,100,100
ENSMUSG00000024968,0.027931409647660364,9.557639059876866,23.219030472717805,0.001,0.13063954041539455,0.2341538567547127,129.5520081577104,100,100
ENSMUSG00000024969,0.09226887494304324,0.07633192272814883,4.075124770050583,0.0014798296980807041,0.28284008448018017,14.500476350070219,3443.663935238017,100,100
ENSMUSG00000024970,0.001,0.0015414344417914343,1.7503081904476447,0.001,0.5411685199172143,1.4176557533696756,1452.4427613336684,100,100
ENSMUSG00000024972,0.001,62.31581250733508,1.0,0.001,0.001,0.0017145416086623436,0.11783832611851108,100,100
ENSMUSG00000024974,0.2353745203516259,0.2702949200155902,4.452553307141951,0.01782913987636538,0.7558960074078246,2.5745410703248055,264.5373778475046,100,100
ENSMUSG00000024975,0.17049469519711194,0.8010884906890942,2.916879543619234,0.0010011184928043772,0.4612894573494887,1.0725295332393063,770.0282767738427,100,100
ENSMUSG00000024976,2.3984389176392944,3.6906935659853075,10.028221369939288,0.9076773641905015,6.8064899159482195,0.5767376620852138,20.704029405099952,100,100
ENSMUSG00000024978,0.19132320296102984,33.53178199811421,16.816754357780027,0.06035827402497284,3.1744986590587283,0.012434980313691809,1.8027340283272668,100,100
ENSMUSG00000024979,1.77889767106868,435.05565630393556,1.0337441480290168,0.001,8.30291345446034,0.0010252682559386598,0.053913952233812956,100,100
ENSMUSG00000024981,1.6345643420669387,4.078002588563206,18.063537100529814,0.857737735624684,3.194759128207116,1.690513926271492,13.260569628449362,100,100
ENSMUSG00000024982,1.020594723202219,1.1608081468329488,5.166455923193254,0.5269432561372438,3.002024759651709,0.767691262114504,13.836227065030243,100,100
ENSMUSG00000024983,0.5583870299150865,1.5755050553181966,8.32822784079403,0.35114049673244296,0.7992361648979018,3.0571717331877823,9.685773851767475,100,100
ENSMUSG00000024985,1.2905686388082915,3.3507798696988567,5.34225261010986,0.43852957731905373,2.853635268370458,0.5157769920364554,10.008639160141911,100,100
ENSMUSG00000024986,0.022590630904919834,20.722364265602025,15.077830119637714,0.001,9.230866701591996,0.0013166192291640942,17.111559146654415,100,100
ENSMUSG00000024987,2.961200185399535,721.6290393901162,1.0064427689282454,0.001,8.296911489182783,0.0010135110790284146,0.0781978455281063,100,100
ENSMUSG00000024989,0.030502865184808655,20.76853811506458,50.138726661468716,0.001,0.7922736016419394,0.001679056098652803,16.771991049643955,100,100
ENSMUSG00000024990,0.003198908387085948,9.479116397141851,24.04844202957141,0.001,0.06422905976282953,0.0019372635569162874,8.367018743397173,100,100
ENSMUSG00000024991,1.3486657087314509,3.470757657875831,49.31856530672764,0.8482760314516815,3.101037119203038,5.159365758760733,31.147535504713964,100,100
ENSMUSG00000024992,0.001,62.31581250733508,1.0,0.001,0.001,0.001482713891895005,0.23688736825365614,100,100
ENSMUSG00000024993,2.179736307646743,10.534785139247305,11.230859897494259,0.9463116562814704,4.163627005480837,0.49075908315414507,4.206091179244307,100,100
ENSMUSG00000024997,0.5326215776083351,0.9230583478673668,6.1567924660509785,0.14470067631669842,1.1416010799068594,2.286134987951798,35.59579866611254,100,100
ENSMUSG00000024998,0.34095696523929825,3.2936727647449926,14.337028822451051,0.19097223635505517,0.4681126231116084,2.712215023263226,9.130482807977032,100,100
ENSMUSG00000024999,0.3573379806884941,0.6191946335850421,2.7833166938207405,0.0013849735238410533,1.0849943712377301,1.0584721300667292,1758.2022240645208,100,100
ENSMUSG00000025001,0.03749210757956346,0.8847426646381891,5.3406830756181565,0.015505321863041087,0.10033502346734269,1.5166732007982828,20.678322384755532,100,100
ENSMUSG00000025002,22.416658118194157,999.9999999967938,1.1402200451217523,1.189006291118274,41.80064583663288,0.0010000000000000002,0.008800684743423801,100,100
ENSMUSG00000025006,0.42013940153871165,1.7675493657723689,5.055167203681615,0.2458255516214749,0.8454665537987269,1.1432712742464037,5.354222794629008,100,100
ENSMUSG00000025007,1.786543261895746,8.118352654575101,52.898176961939285,1.3527519949102909,2.7364513627502496,3.539869697254945,9.642328949640014,100,100
ENSMUSG00000025008,0.7942228527255978,85.12118949028817,41.5865265014367,0.1772254623928745,2.421178179612152,0.1539248978049485,3.203374107622297,100,100
ENSMUSG00000025010,0.576915778192375,30.912072863936245,7.506413829826269,0.15470745762220064,87.09185163733447,0.001285696595324872,0.9240257811535888,100,100
ENSMUSG00000025014,0.001,62.31581250733508,1.0,0.001,0.0010000000000000009,0.001774435560949767,0.14075205305334057,100,100
ENSMUSG00000025016,3.188706006037238,22.01372638973665,50.4164816938341,2.0187910001994505,5.9902196012399225,1.061044399511018,5.153586431005098,100,100
ENSMUSG00000025017,0.002158688206990861,20.232604411006157,66.80655435960244,0.001,0.030081416309477145,0.0015145723210407925,16.895888805654444,100,100
ENSMUSG00000025019,0.05378474773968464,1.8351608668159032,3.2265784574921232,0.001,14.338107139521211,0.0019001916060405093,64.17231250385858,100,100
ENSMUSG00000025020,0.001,61.674132606755,1.0,0.001,0.001,0.0016046764485325733,0.3144370113595384,100,100
ENSMUSG00000025024,0.5031625445878013,2.91643810300261,10.785058249786747,0.15353162209858115,0.7229930226446588,2.426579826143975,15.807863136887214,100,100
ENSMUSG00000025025,0.07993683000798128,0.3372032000890533,2.256360923719938,0.001,0.34506400934072723,1.0802382377463091,574.0898311372885,100,100
ENSMUSG00000025026,0.001,18.181071790092705,1.0,0.001,0.001,0.00592848459456056,0.8064902097569973,100,100
ENSMUSG00000025027,6.919547355043843,136.01444660186522,313.6625870394742,2.8855740634995914,12.291224426708258,1.206435815780873,13.416793278911546,100,100
ENSMUSG00000025034,1.4842261699045112,6.604580642680429,8.475397967517004,0.614949289718313,3.169382234953134,0.5091056119616342,6.24187344303159,100,100
ENSMUSG00000025035,1.9414613059530108,2.920265822078837,22.47507047742443,1.3750125826495618,6.104200527415287,1.5057194521249877,12.88925459901137,100,100
ENSMUSG00000025036,0.339632381128228,0.40516854232834676,2.3172824240292704,0.004334448868956102,1.5347372000843222,0.7199040035532138,717.9084700417789,100,100
ENSMUSG00000025037,0.271068853180132,2.289059245431376,39.44008760679983,0.10723571394418993,0.3882991693931551,13.243209224333604,58.682862894762806,100,100
ENSMUSG00000025038,2.2847492689943922,578.7622526003178,1.0770843335328297,0.001,8.33407152567426,0.0010000000000098376,0.08362220667823256,100,100
ENSMUSG00000025040,0.08917347012763097,0.15993601056595902,4.471007860224912,0.01851215967514616,0.20207514331621496,10.386006802319443,149.28516402607372,100,100
ENSMUSG00000025041,0.4521672826719784,0.30310284210729127,4.36378095638145,0.14270400345340922,2.2009135114152967,1.248375425479333,62.96826810240802,100,100
ENSMUSG00000025044,0.001,62.31581250733508,1.0,0.001,0.001,0.0018068481016830051,0.2191867652339004,100,100
ENSMUSG00000025047,1.270010118390572,4.273421437620641,10.02977986723688,0.47531070928800007,2.4567154816719325,0.9935105194424105,11.682139289731442,100,100
ENSMUSG00000025049,0.19149664786769888,1.3665962949949009,1.7130757394902956,0.04424709003456509,0.6927798798902413,0.26240264033106975,5.164797523661509,100,100
ENSMUSG00000025050,0.21100766090831288,0.5961542241428895,1.115735978308857,0.06742359950037244,1.529066000677329,0.1987681335196435,13.745852566336495,100,100
ENSMUSG00000025058,0.001,62.31581250733508,1.0,0.001,0.001,0.001458308924219439,0.2530730794861252,100,100
ENSMUSG00000025059,0.23799877650463405,29.413912420133784,26.477235680429327,0.001,0.5208106686953238,0.3711076425670947,264.14627851658395,100,100
ENSMUSG00000025060,2.049778669743505,7.0026708171971315,20.409243806648664,1.135388789789344,5.239779681682913,0.8985616751998369,8.528528007168886,100,100
ENSMUSG00000025064,4.467309874947441,535.5734633772857,1.0,0.001,16.815322703334864,0.001,0.065176341060174,100,100
ENSMUSG00000025066,3.6706776410837167,167.93663574580472,600.4296854343746,2.2671774933980826,7.782294919978039,1.886649513514616,8.225737620492437,100,100
ENSMUSG00000025068,1.9063501146473791,252.45476023971452,2738.1673580635716,1.448128764471481,3.592094843305288,5.038709829402927,15.309513632466496,100,100
ENSMUSG00000025069,0.11769853519662793,30.340648747377156,38.679664080983294,0.05971573685222583,0.9939502592898513,0.06506454048812746,2.757165513019988,100,100
ENSMUSG00000025075,0.001,62.31581250733508,1.0,0.001,0.001,0.0015896553218872366,0.2653215616120869,100,100
ENSMUSG00000025076,0.45686977500516796,3.2773060934585563,5.2080123553764075,0.06558052318307317,0.8786712203922704,0.7989751107332843,19.871885905891048,100,100
ENSMUSG00000025077,0.49077324246904486,40.95438318846412,31.94957619700388,0.001,0.9359503078879551,0.38019142798954886,559.5296164960267,100,100
ENSMUSG00000025078,0.32568757613286237,0.28781820850070633,2.906602160854322,0.0736897968033274,2.424385242718355,0.90726108454269,54.91809908917489,100,100
ENSMUSG00000025081,12.505208962200282,1000.0,1.0,0.001,20.91594497248124,0.001,0.01796548811369142,100,100
ENSMUSG00000025082,0.005084585588703996,11.951025800677009,72.1901681030289,0.001,0.010057294627483095,0.0015073023870003886,45.19596002956639,100,100
ENSMUSG00000025083,0.17365241786239524,30.78408715229174,21.530468878128897,0.0013925266759476703,0.4910060753346881,0.1997215685767318,120.44879113156136,100,100
ENSMUSG00000025085,0.40967946628688756,398.6339912443876,2487.4093095746634,0.31054014577133593,0.5279462151837566,4.278422904691844,8.930511163908873,100,100
ENSMUSG00000025086,0.2810860086430485,0.29938784910652355,4.662664036414785,0.08328866469506396,0.9660826459722243,2.559102854566519,79.35405528771227,100,100
ENSMUSG00000025089,0.050652689551193064,3.129106449372436,23.476289469733196,0.001,0.10177969333897294,2.966229497913309,308.0422376204406,100,100
ENSMUSG00000025090,0.001,62.31581250733508,1.0,0.001,0.001,0.0016598552140745884,0.1780544029188279,100,100
ENSMUSG00000025092,0.2826892041839411,0.6498592393744136,9.175796490134244,0.09334619793115274,0.4925836208073431,7.257937007032636,46.8563578368661,100,100
ENSMUSG00000025094,0.001,58.238635741216,1.0,0.001,0.0010000000000000005,0.0019556707336998054,0.0832907949503317,100,100
ENSMUSG00000025102,1.8520453835754134,1000.0,1596.5696740747262,0.5755326038257813,3.846973701062737,0.7671679254157558,13.36202811200138,100,100
ENSMUSG00000025103,0.47090753622311615,1.5157186323486977,8.218359596134661,0.05882708593421509,0.725431618938162,2.9880793280028706,78.6555429331503,100,100
ENSMUSG00000025104,0.35328366076936835,6.472860379372969,13.766994691960162,0.1813189092755176,0.5548799806079341,1.2348932555908425,4.813661583380228,100,100
ENSMUSG00000025105,0.02470331061412594,0.47086120902274836,3.649427212839674,0.001,0.08545158639091373,1.7893651502283037,203.1669292851047,100,100
ENSMUSG00000025127,0.001,62.31581250733508,1.0,0.001,0.001,0.001991865919557043,0.16064365352928084,100,100
ENSMUSG00000025128,0.021408128119492328,52.45975439012385,568.970260842283,0.0020245203812124675,0.16115314826041677,0.18468933877378485,49.10543210219137,100,100
ENSMUSG00000025130,3.795474324236425,71.93484273144712,1507.7350064102604,2.157983641642956,4.669468179966007,15.271019963621054,48.46331225639183,100,100
ENSMUSG00000025132,0.2213828427444808,0.3509181793921305,111.04234950321397,0.001,0.40041588115941196,0.026003678007635676,53350.76723065277,100,100
ENSMUSG00000025133,1.5560103609891938,14.837888104907602,11.608695477207924,0.003088794462080274,1.7211426196665025,0.8188005744712253,1273.3552825920306,100,100
ENSMUSG00000025134,0.22620299662766824,0.34439889989688727,4.552104554932219,0.07749189638705478,0.41020431109863226,6.313049729646653,51.48109322408054,100,100
ENSMUSG00000025135,1.0227064463819864,2.2674805125580515,30.483694513148528,0.7495126930641001,2.0353015526391838,4.640226900881414,18.97094700984959,100,100
ENSMUSG00000025137,0.8280148260786467,4.190778358328252,37.23139952696634,0.6293777727714396,1.1426645585045798,5.593285627239931,12.870959069723357,100,100
ENSMUSG00000025138,1.1302687121621908,2.246303687964351,9.464721285082618,0.6065612710957937,2.1886477646175586,1.7336452608936885,11.552991945362166,100,100
ENSMUSG00000025139,0.5798081168799736,0.7729396194355241,4.366968295530707,0.09787290539993243,1.450627965048513,1.574458661599507,52.33528379290402,100,100
ENSMUSG00000025140,0.9526179216437036,30.447063339379973,73.30242170125665,0.5790036879366515,1.279162277378151,1.7240277985576329,4.524881823593496,100,100
ENSMUSG00000025142,0.4784090729838444,0.6570437897873043,7.5932751476963105,0.27833772025473325,1.0275438886464738,3.585535167642467,21.662523395035173,100,100
ENSMUSG00000025144,0.054934572639345626,0.09007718511617732,12.827739492850183,0.001,0.19163983679119717,43.08466102772943,10273.527527398333,100,100
ENSMUSG00000025145,0.29136421875496255,0.36717545322026957,3.354913549271379,0.1055251751333952,0.6777983608123626,2.7355701552544494,28.13871758595801,100,100
ENSMUSG00000025147,0.10999793799736453,0.1848057502507733,6.970980343027134,0.0010478500624715491,0.32097057042905275,6.996947685387272,4855.232795483393,100,100
ENSMUSG00000025150,0.0696977647935335,1.966511827876047,27.921304980158002,0.029334388536270142,0.10290495454556398,9.346208641039608,36.252663797046864,100,100
ENSMUSG00000025151,0.32767262697876326,2.927789540435417,173.54365632769395,0.14029065394608442,0.43445031728854244,43.65018112220113,202.7576970747511,100,100
ENSMUSG00000025153,0.5716156547522355,1.281214852898124,15.52259193502083,0.3414328055417347,0.9523723072941794,5.844853585388941,26.576321277377403,100,100
ENSMUSG00000025154,0.06860851202557335,19.688245279258474,18.89866790371894,0.001,1.8444785512254929,0.0030744530554523636,71.64444786038356,100,100
ENSMUSG00000025155,0.16164723243335022,0.1968989997093002,2.327013499443802,0.0013462115662063734,0.9273699811784869,1.1963293767185395,1851.63365513827,100,100
ENSMUSG00000025156,0.17298902120314988,0.446584815714566,33.85208156239971,0.04174509269632469,0.40462972911926043,35.70978683978126,397.6561384195155,100,100
ENSMUSG00000025157,0.5210634063118251,0.7646425933853477,9.078377138859667,0.24195152275901272,0.9370447539509277,5.8016188612077695,33.70980826251932,100,100
ENSMUSG00000025158,0.10259468795660164,0.9408319103087339,3.754106337503137,0.00795575297957193,0.3180590478559851,1.1066249421055736,76.70203714419578,100,100
ENSMUSG00000025159,1.0186178416678604,1.1363778959707114,6.295237615555928,0.45941255435654316,3.273756274807859,0.993376554196068,21.47305328800381,100,100
ENSMUSG00000025161,0.2057448765141897,1.1784993250254086,35.76886256193566,0.14916475464243273,0.272074477387466,20.611120117062118,42.0003666690371,100,100
ENSMUSG00000025162,1.9356850226149322,2.64318911717375,27.008161545028788,1.2922198581421354,5.938525328016745,2.010356412394275,19.27726145079461,100,100
ENSMUSG00000025163,0.001,62.31581250733508,1.0,0.001,0.001,0.0018869110848517244,0.14951816192967468,100,100
ENSMUSG00000025165,0.0021631725330666885,6.566646332708019,35.29732557503754,0.001,0.10105631200339293,0.0019708803497933336,25.674185327369457,100,100
ENSMUSG00000025169,0.8026154949376019,76.95845649746097,54.92187268334907,0.001,1.7680896947355547,0.30339542471240855,911.2029285085956,100,100
ENSMUSG00000025170,0.23496538834221625,30.259176169218968,29.997314258650746,0.015616868774316024,0.3715016351783397,0.5686307608007285,19.77328829250112,100,100
ENSMUSG00000025171,1.4460429793698388,3.467380943934728,9.408913283888747,0.8659597306861696,2.794542711743074,0.9787654618265806,6.588681844824698,100,100
ENSMUSG00000025172,0.026561326711238703,23.11598224086879,46.61983081654668,0.001,0.1403764622209702,0.0016616676419467136,90.9144023415947,100,100
ENSMUSG00000025173,4.222856727228079,205.3048723353552,265.4309548478392,2.210736046208706,6.502358644269078,0.8107933116333659,4.505546847417108,100,100
ENSMUSG00000025175,0.001,62.31581250733508,1.0,0.001,0.0010000000000000005,0.0017887966758683164,0.32521228752759035,100,100
ENSMUSG00000025176,0.30577184093386944,1.8801426532569343,3.3887505162832237,0.1460371119812629,0.7511697509606026,0.6699503873426975,4.836913405456371,100,100
ENSMUSG00000025178,0.7546796020471456,0.6378272278532785,7.420979309406632,0.3855093085760888,3.816748203762425,1.1709284524866275,30.13003573695911,100,100
ENSMUSG00000025184,0.5996767439080228,0.847675670216104,2.231142883714584,0.003657682726809397,1.8239423399290793,0.48072752356315174,890.5649902686782,100,100
ENSMUSG00000025185,0.8470308360230105,122.48314038260108,353.75491042717914,0.4754677982978606,1.008989494071024,2.336591825075639,7.488529272320569,100,100
ENSMUSG00000025188,0.9159932699872361,7.618962872474489,9.855332857969694,0.0022008420155790985,1.128128730924755,1.149552481154402,1399.567334679753,100,100
ENSMUSG00000025189,2.637135356197505,317.2721861715893,1.0,0.001,18.98880281185773,0.0010089770572313111,0.0107055489243844,100,100
ENSMUSG00000025190,2.3336730315002536,7.855204715290347,37.84700256140628,1.5758614915469322,5.592822254336778,1.5605316548221513,8.706874673198461,100,100
ENSMUSG00000025192,0.15515500081802763,0.6282182484604799,3.109448342069915,0.05244960326545562,0.46256022115498263,1.3175852321957997,16.922170348082787,100,100
ENSMUSG00000025193,0.30312851622284626,5.545216245621704,8.998584478741167,0.04592969676557104,0.5344937602736595,0.8384536591603149,43.56460618703633,100,100
ENSMUSG00000025194,0.001,62.31581250733508,1.0,0.001,0.001,0.0015972117354284947,0.09969071442817842,100,100
ENSMUSG00000025195,0.08447011037291785,0.05457387345852636,1.522492591563658,0.021447667419939264,1.8523552734656283,0.5621378717725857,129.5454652892908,100,100
ENSMUSG00000025196,0.03787473465590284,1.9220482727033448,36.11704646414161,0.020924932284986486,0.09296917924570375,5.076312821111886,52.989092743873925,100,100
ENSMUSG00000025197,0.27372006874054927,17.5943057355406,2.9546937883777558,0.024383990377714944,37.49309011417752,0.0011084577108900827,0.7420171969245177,100,100
ENSMUSG00000025198,0.65365940332564,5.351389608620787,11.865066773711106,0.37738013804383475,1.1163719360356108,1.1075599439927912,4.304031093376443,100,100
ENSMUSG00000025199,0.6871840763092,3.6957786427695005,6.005869690362145,0.13607827507649847,1.205125495968025,0.7031413434012905,10.842557797195708,100,100
ENSMUSG00000025200,0.5494749015316586,26.66986259396578,22.559561420983023,0.10167816825211035,0.9460274172397269,0.5002914557050344,7.63303037030713,100,100
ENSMUSG00000025202,0.001,66.84427540036525,1.0,0.001,0.001,0.002168982045108097,0.2325430550288452,100,100
ENSMUSG00000025203,1.9114969375113502,6.801148898282576,115.90542743146818,1.5348203244506786,7.60100808871503,5.212646169224513,24.82706413765758,100,100
ENSMUSG00000025204,5.072596733026289,14.70028859909063,74.4934727568266,3.2728866404266377,7.92932721291103,2.428784373310935,10.401514479598074,100,100
ENSMUSG00000025207,0.19832713932792134,1.7649992670169854,1.0,0.06989978063586483,12.697620561217953,0.006207605321345242,1.369089776432883,100,100
ENSMUSG00000025208,3.0826778551704717,7.084515659375611,17.726631591342368,1.8519564506907886,5.815854792747611,0.8972063036732594,5.275416924668494,100,100
ENSMUSG00000025209,0.498329757348879,85.28134977993126,78.1948459400036,0.28957804287378885,0.9791032454808349,0.4472945249546033,1.6773860793246185,100,100
ENSMUSG00000025212,2.803187206727985,8.058560604358428,18.13694101197132,1.4944252454187592,7.637015306375704,0.61715249776031,5.655311232161623,100,100
ENSMUSG00000025213,0.15151240874688252,0.8244741019100813,4.339555910800734,0.04290798402557811,0.30374349938148576,2.2071677417101863,31.02579950361465,100,100
ENSMUSG00000025217,0.8991098595362209,1.53736230998041,7.190648082939527,0.5745270124517252,2.3745101395762083,1.0589923777473167,9.71148743064172,100,100
ENSMUSG00000025218,0.21330099215822437,1.6514926857443442,2.3588240261220013,0.09719867757423205,0.6903162644527334,0.36582697908136985,5.085484442071188,100,100
ENSMUSG00000025219,0.001,62.31581250733508,1.0,0.001,0.001,0.002038098728959028,0.09403970483028083,100,100
ENSMUSG00000025220,1.3872225897216732,1.9855000348562934,20.574061334459042,0.9915166669246755,3.243013559819249,2.6485878603008985,17.766639111285986,100,100
ENSMUSG00000025221,0.01677527939042749,2.0804064464262364,3.1176129867379885,0.0024438960555306167,18.80446147649193,0.0010472485395549868,9.240976514231724,100,100
ENSMUSG00000025223,1.9536223861899935,223.6350959938924,584.2694442220934,0.9299067580802423,2.8214658939041826,1.8266701463410908,10.321834102231477,100,100
ENSMUSG00000025224,2.454589869749376,286.8726050088252,365.30745242379487,1.4165381652503624,4.613826544768461,0.6869942994131144,5.1043307816648635,100,100
ENSMUSG00000025225,0.9042846815901329,1.9999579375483845,5.420326028752995,0.4339833824021788,1.6879813296497417,1.0103260314262537,7.89107553241327,100,100
ENSMUSG00000025226,0.08678383336840952,0.5171350960295422,1.7505096860933027,0.0060159701653657105,0.40754752132104566,0.4341829445038223,18.061610630507722,100,100
ENSMUSG00000025227,0.05039022400622496,15.438910406094383,10.548312884803462,0.001,10.540485494580714,0.0015869611714475962,36.09246731361281,100,100
ENSMUSG00000025228,4.48791270267962,11.01958196441896,40.230106990131,2.6679288343208363,9.879047824837873,1.194858449141871,11.093559623216503,100,100
ENSMUSG00000025231,0.41718356481741475,0.7611549582687265,3.5087212427022676,0.10595076270783296,1.1080304275321116,1.428725922886716,24.188755430200537,100,100
ENSMUSG00000025232,2.2928983068947497,659.3994768670128,2558.669169390568,1.9418475926485002,3.532443915157303,2.4410218550030045,5.590435164856888,100,100
ENSMUSG00000025234,0.6652212069842806,2.0190533582269716,7.652814087029531,0.23818910777485813,1.1962252782673315,1.8220624884271182,15.580644372616995,100,100
ENSMUSG00000025235,0.3093234611419537,9.484901923972144,10.325727347976255,0.13748524481191543,0.7428895436131102,0.41699586139238204,2.9101220722158954,100,100
ENSMUSG00000025236,0.20946663612093971,2.026912056563501,3.891412966184255,0.08835235753808433,0.5285218391589548,0.6263507686168641,5.140619452485415,100,100
ENSMUSG00000025237,0.46908665933679383,2.514968388908154,4.178898574851894,0.001,0.5353600886390417,1.1889928853922496,1560.1003247869194,100,100
ENSMUSG00000025239,1.9444239342975984,26.87381932554561,28.049346113019322,0.4065654969145557,3.4988655762246292,0.5371784581415096,13.54892589042695,100,100
ENSMUSG00000025240,2.8552043885977323,12.968945365034605,24.017105808718867,1.524361140442064,4.939327736569314,0.9301433990727965,5.498164229538739,100,100
ENSMUSG00000025241,0.46334652515892605,3.2686706376011214,6.7794209618159105,0.17808446603190142,0.7957980591735703,1.1135604481342711,7.691214645631415,100,100
ENSMUSG00000025243,0.0035547305452243946,8.300935812377496,21.245435479672327,0.001,0.05315142628874475,0.0017844327096640546,33.373390352989546,100,100
ENSMUSG00000025245,3.0319218197268243,259.77927459716807,217.99149320294694,1.845281522406017,4.804494535557664,0.5009177032532264,1.750550809081123,100,100
ENSMUSG00000025246,0.09491755554769937,0.07976609223720597,8.197772556955357,0.0018312162387962752,0.5085725878467398,11.963045934083326,7017.829765033048,100,100
ENSMUSG00000025255,0.2472235118963516,1.5754251888589021,4.502827568657278,0.062192581740189865,0.573182531597536,1.109094378583914,14.42769934408226,100,100
ENSMUSG00000025257,0.1818613623941314,37.753044262968494,14.908129211599647,0.06424100587957005,49.53363248848528,0.0011669688457586628,1.0189634861047998,100,100
ENSMUSG00000025260,0.1782350523291403,0.23142227865182263,19.229864253793757,0.1050683155142755,0.4678541735512337,18.817313903985603,163.08731803265306,100,100
ENSMUSG00000025261,0.07736256409339705,0.058391631136092706,17.21579994895244,0.0333691421389177,0.4915541371536027,20.809983297685292,799.7459171117298,100,100
ENSMUSG00000025262,0.07118682116330809,24.720946081391254,38.77120962565644,0.001,0.2522070447770326,0.3855247028877263,122.54724387610801,100,100
ENSMUSG00000025264,0.2621280597439307,0.41709432390705425,6.358855070702506,0.11826057847791131,0.5868774251922587,5.613205747148584,42.55160641032467,100,100
ENSMUSG00000025265,0.001,0.0025601220288350495,2.832093062017383,0.001,0.2590464762296572,3.1454697252317647,1393.8512827399293,100,100
ENSMUSG00000025266,0.11623530978434607,0.11042752569555668,6.437107821929071,0.02962426648374824,0.4321374440149333,9.978557042616998,316.34298703781315,100,100
ENSMUSG00000025268,0.1759239675975552,0.24626715134104243,13.482682397751892,0.12432491902381759,0.4931505452625701,14.685536308533926,86.41330465514912,100,100
ENSMUSG00000025269,0.10435370026681132,0.15154487189271215,2.8187534740272584,0.0010462789619945707,0.553872655137029,2.1892618977170732,2284.274645308533,100,100
ENSMUSG00000025270,0.11035017681369895,18.20166508026907,7.894021303022166,0.0024717377129555343,21.464367654727663,0.0014647416677229692,8.835746605372163,100,100
ENSMUSG00000025271,0.16820505414257225,30.17422379075541,28.11901590197529,0.001,0.47570362517512654,0.3642160192036362,198.02848491146568,100,100
ENSMUSG00000025272,0.001,60.80878088638715,1.0,0.001,0.0010000000000000005,0.0018029581758517367,0.0938943176880424,100,100
ENSMUSG00000025277,0.15355348361035617,0.3338021208310361,2.465066744472375,0.0020221481615503283,0.6106743886792367,1.3203138563244685,912.8245070295645,100,100
ENSMUSG00000025278,2.24455903964881,117.55950098439011,875.1030192544806,1.6910944926796818,3.440705978813895,4.517450768094045,11.091733577242994,100,100
ENSMUSG00000025279,0.001,62.31581250733508,1.0,0.001,0.001,0.0017675263617987816,0.16027836420329206,100,100
ENSMUSG00000025280,1.5473081914205558,3.9881119203482935,5.095550530027365,0.42193782249404843,3.7424538167944057,0.400025184782748,8.227722437318892,100,100
ENSMUSG00000025283,0.4305582688966289,7.538419298161205,87.03812637171828,0.2910046644053337,0.5113190836741434,9.819897679439766,18.971202751643837,100,100
ENSMUSG00000025287,0.18840270070105347,0.24394080913760427,16.978111884381185,0.09050383242835205,0.5908747013353348,14.536513721191753,189.82027881574,100,100
ENSMUSG00000025289,0.27009580294032676,0.6176035643967309,38.616870292484116,0.19032096352901517,0.4404913727087829,29.297158494464075,89.74070509016255,100,100
ENSMUSG00000025290,3.2907009408838186,144.68522673989884,3239.9072890329658,1.973694303563808,4.054989928895292,18.359449697360837,49.82822482989127,100,100
ENSMUSG00000025314,0.001,0.11537156425129239,1.6612282927004542,0.001,0.10915166320866683,0.0027329689798745085,36.60889202984428,100,100
ENSMUSG00000025316,0.1150411305288608,0.17012833992201498,2.514144755549914,0.0010223129936092726,0.6557640398787162,1.791564923978878,1729.6181978547163,100,100
ENSMUSG00000025317,0.001,66.84427540036525,1.0,0.001,0.001,0.001864872277522764,0.18260186257073457,100,100
ENSMUSG00000025318,0.001,62.31581250733508,1.0,0.001,0.001,0.0015170650930762311,0.2225931810242162,100,100
ENSMUSG00000025321,0.08617131022464716,11.723514689342945,10.551693683483805,0.0022672737442542574,25.964082820904007,0.0015970132957762394,8.477579582058352,100,100
ENSMUSG00000025323,1.2552357910420542,16.928021364545916,1.0347010587766579,0.1302860542530625,74.25886225041336,0.0011238830921020725,0.3635587638980887,100,100
ENSMUSG00000025324,0.11719093691798695,25.379991773728605,48.76673699558896,0.001,0.2016975656740302,0.8991637910306383,358.4382053349872,100,100
ENSMUSG00000025326,0.41824205920786833,0.6448785433563299,7.861990595324261,0.22164104441622234,0.6559947499791827,6.328685407501514,32.0967707140792,100,100
ENSMUSG00000025328,0.006527247889694466,17.132339919775276,42.8048156419502,0.001,3.6077426297041733,0.0016454049801620228,42.13404894289358,100,100
ENSMUSG00000025329,0.47595741621803606,17.328107945217482,2.095968732644071,0.015691179060200365,52.96476282003638,0.0010765010386017792,0.8999395476693517,100,100
ENSMUSG00000025330,0.001,62.31581250733508,1.0,0.001,0.0010000000000000009,0.0017524234796954669,0.15874446817956867,100,100
ENSMUSG00000025332,1.4257244191546365,1.4442699346824381,11.559198111876627,0.8151146139140825,7.44586456650771,0.8087045079894906,19.121439477812217,100,100
ENSMUSG00000025333,0.001,62.31581250733508,1.0,0.001,0.0010000000000000005,0.0019200220322081738,0.1453365424836173,100,100
ENSMUSG00000025337,2.3126134769582727,8.818242597920547,33.39128060648012,1.7244897780589359,5.021659077926979,1.3298739238215433,6.416948747238061,100,100
ENSMUSG00000025340,0.8450104805212054,1.336703623708326,8.996626488110989,0.48897038869795995,2.169479136448464,1.5615284670804757,14.915421637488587,100,100
ENSMUSG00000025347,3.3504443964286903,803.5814128038414,1.0,0.001,8.650735453403518,0.0010000000000000711,0.1287573721453956,100,100
ENSMUSG00000025348,0.09061049778866613,15.406063790141411,5.063937463497023,0.001,24.330315386568202,0.0010000000000000046,1.6435187431078595,100,100
ENSMUSG00000025350,0.16413415743623153,51.10485404632051,75.69116239888594,0.07419595206265228,0.4787680023716399,0.4304414440417226,4.255386008367429,100,100
ENSMUSG00000025351,0.06692682374035983,0.47509314060311814,328.3398214880321,0.001,0.08460335790916124,0.003170689606970124,835.3994036433761,100,100
ENSMUSG00000025352,0.13700114940772318,0.31699322670820795,5.369600263853032,0.014202226966505523,0.3295453724784748,5.863662447857138,192.38689749743392,100,100
ENSMUSG00000025353,0.8004431102103372,3.1265667544092577,13.741687072433372,0.504878573564782,1.1749914590192512,2.340521693664976,8.717681243986178,100,100
ENSMUSG00000025354,1.5076771461540854,2.3660804215758593,9.97635504274782,0.7883541132249376,4.8000909467615855,0.8530140726316726,13.03695698959238,100,100
ENSMUSG00000025355,0.8736532925825443,5.373510333624505,28.28892232223823,0.6089648700924102,1.4228967866287006,2.90722670935743,9.072449215107998,100,100
ENSMUSG00000025357,0.2342824828724304,12.055978557740238,14.25044065988102,0.0951013213671345,0.46562635189244006,0.5294960456937392,3.6429292496316075,100,100
ENSMUSG00000025358,0.4158304771794778,68.75647269833193,118.97149251580737,0.17816292171676454,0.6835809800052068,0.986442649882749,4.509833192277737,100,100
ENSMUSG00000025359,0.38455392451281745,9.92583231747544,5.1984421504821405,0.06564393624851277,0.9161758583938944,0.22172234410234895,4.096034704390386,100,100
ENSMUSG00000025362,5.928240192521715,34.54854941448171,381.3003992698643,0.001,13.481938181262468,0.6056545481868505,22.644632542147328,100,100
ENSMUSG00000025364,1.2962566596446259,31.967784561724205,254.65820170164005,0.8686600703481917,2.1378116711932345,4.939654038744609,16.5329823128518,100,100
ENSMUSG00000025366,0.46217620933386877,2.7351539503348006,7.032099177706033,0.21368749905177445,0.7934261471685917,1.3787088023154668,7.0504845889795815,100,100
ENSMUSG00000025369,2.14500450072664,3.760259320357745,11.553673771658154,1.0615973569623336,6.028002216161381,0.7104185017004478,9.953298507808672,100,100
ENSMUSG00000025371,1.2882450188024046,1.8233112814667092,7.91844200379484,0.7850975386140717,4.005805946451147,0.8670063066383212,10.0407244839155,100,100
ENSMUSG00000025372,0.6190473480566482,1.1089461436008194,8.892371717378605,0.3999111849792167,1.2692268071251438,2.788377639395644,13.61661343897047,100,100
ENSMUSG00000025373,1.0642964933221255,1.2479409496229543,8.787020985380494,0.5921064639268496,2.2445079440927835,1.7684489031910342,17.803910592120374,100,100
ENSMUSG00000025374,1.2836992462368595,5.150801436709437,19.03438333427909,0.7893942120653608,3.725887971247241,1.1508269956332018,8.089170303567888,100,100
ENSMUSG00000025375,0.022886036915080527,20.627126896884075,14.998939688794888,0.001,16.908169964761875,0.001002806199192597,19.22934452370139,100,100
ENSMUSG00000025377,0.3803490920344375,1.6986943477548795,4.545156137509638,0.001,0.7158498158211091,1.0541275150438445,1544.2612776869498,100,100
ENSMUSG00000025380,0.001,62.31581250733508,1.0,0.001,0.001,0.0018244036574524855,0.0909669000910793,100,100
ENSMUSG00000025381,4.314346896957006,448.1926656255141,1347.247870122487,3.1647454011945575,6.807153149978655,1.9094235678106588,4.862662914637114,100,100
ENSMUSG00000025383,0.001,66.84427540036525,1.0,0.001,0.001,0.0019977334472816776,0.3293526856983226,100,100
ENSMUSG00000025384,0.32879012901903854,3.580993181476298,3.1343681392326808,0.04718321955054995,0.6909396136429884,0.37048579251075814,7.702556338557857,100,100
ENSMUSG00000025386,0.0334230111671326,21.621379387819932,24.122078126106324,0.001,11.281565248893763,0.0012558110009624661,29.42166613959489,100,100
ENSMUSG00000025389,0.001,62.31581250733508,1.0,0.001,0.001,0.0014883394378163717,0.1628731745838341,100,100
ENSMUSG00000025393,5.894786150562709,42.15280500138543,563.9664280543307,0.001,7.556373012453696,0.5206877939612593,36.383192167937764,100,100
ENSMUSG00000025395,0.03130573800078731,0.622840215515389,8.984630994714417,0.014720563587632275,0.06602250924009664,4.546662609079224,30.424495878479966,100,100
ENSMUSG00000025401,9.673404818659073,773.343604612205,1.0,0.001,23.98468149638437,0.001,0.018789792537431318,100,100
ENSMUSG00000025402,0.5291076113957244,1.0199259249204797,13.124850012788839,0.36458772040135323,0.9535144710214121,5.26543966079131,21.66742408846935,100,100
ENSMUSG00000025403,1.9416888492537916,258.61484781396973,1104.5749124470326,1.490131220409256,4.337696059010241,1.8757875110202646,5.613902342845854,100,100
ENSMUSG00000025404,0.8896065461025792,1.7161218950257888,6.495681836239045,0.540767314121869,3.715127313289411,0.9220975095851022,8.311639812929052,100,100
ENSMUSG00000025405,0.001,62.31581250733508,1.0,0.001,0.001,0.0019271069937394228,0.15377007349973626,100,100
ENSMUSG00000025407,0.001,62.31581250733508,1.0,0.001,0.0010000000000000005,0.0019424598952079613,0.3218360376798586,100,100
ENSMUSG00000025408,0.17493458231775175,2.8205178465835803,113.10609862450374,0.0152858655315964,0.2114150697107309,28.358563980406124,2843.3364784171604,100,100
ENSMUSG00000025409,0.03516500517833742,0.019412756922530916,2.290810142897545,0.002599732043904684,1.1001589382865673,2.047855492920129,1680.6223458247891,100,100
ENSMUSG00000025410,4.561253140422814,68.74182698095888,220.36632336658974,3.166160542640964,6.349186164597256,2.182461052089255,5.750081788481479,100,100
ENSMUSG00000025413,0.7951783455042415,1.2505879840287673,3.1386740722006494,0.041638313853031114,2.415812451088324,0.48634904712802723,131.28046656048542,100,100
ENSMUSG00000025417,1.7225193284348126,2.865696689211029,8.804870328192472,0.6951254880472377,5.846635855202489,0.5896865695112647,15.646290009155834,100,100
ENSMUSG00000025420,0.001,61.88525872635182,1.0,0.001,0.0010000000000000005,0.001690910445575426,0.21801186579839416,100,100
ENSMUSG00000025421,1.5244465844872668,4.094275245254118,14.76732878780636,0.8250143217452631,4.135562770540092,1.020198129428375,10.98539099204526,100,100
ENSMUSG00000025422,0.001,62.31581250733508,1.0,0.001,0.001,0.0017203250054135563,0.05979565754992354,100,100
ENSMUSG00000025423,0.3021437964304852,0.30039547490437224,2.4849033959519504,0.03169288246601266,1.2879791409124621,1.1237523526569964,95.02127909595751,100,100
ENSMUSG00000025427,0.04299474679537281,0.9713151961665591,1.0,0.001,22.672240633906537,0.0011006068418484387,44.77676148887994,100,100
ENSMUSG00000025428,3.782378709746892,7.662051109027278,90.38212072098771,2.2848638833084896,8.07687574949927,3.9038578705656786,23.735926929421662,100,100
ENSMUSG00000025429,0.16643525592226094,17.741145529138073,8.721536688368897,0.027609278605310376,12.614285074979188,0.0018292363634184227,2.7989636907384363,100,100
ENSMUSG00000025432,0.0063433096374679475,0.6151314996253279,6.64527949973278,0.001,2.3516779117510733,0.0019290084123184661,26.417309041637644,100,100
ENSMUSG00000025436,0.24623115730390374,3.7629763333646804,6.595484983913975,0.001,0.3816700069715381,0.953142479794624,730.6602362895709,100,100
ENSMUSG00000025437,0.9636121527911545,2.006670971388244,6.994606220180631,0.3815335879996615,1.8013662779357473,1.3311507772305715,17.023821514781012,100,100
ENSMUSG00000025439,3.389811928249021,16.33005153409588,45.183291198886614,1.4317021519991888,5.362405261165206,1.5130948058119191,14.241221618389067,100,100
ENSMUSG00000025450,0.013407971378433513,21.337124511066378,32.8637643735695,0.001,6.594197603131148,0.0010204594538998175,36.571933466495295,100,100
ENSMUSG00000025451,0.29795699989480057,0.08837971498183549,2.0204177454174044,0.00971152556212107,5.456717428782795,0.28954912323647813,787.8151592863062,100,100
ENSMUSG00000025453,2.700079093528108,133.8075508410749,136.22483347320846,0.31632146535116534,4.263282570014654,0.6533578881631442,37.91524416018033,100,100
ENSMUSG00000025464,17.92449233062325,648.3769244761135,1.0,1.1134722513830506,48.232482165576485,0.001,0.011421352025802555,100,100
ENSMUSG00000025465,0.8232480134762608,0.6494588352594816,5.133535570601345,0.40503748076702034,3.2062654784353404,0.957204825481843,21.96052683734741,100,100
ENSMUSG00000025466,0.29207160375841695,11.644928712117618,15.068095995804416,0.09595845988104588,0.5063511531122378,0.6797461938260023,5.2300399244966655,100,100
ENSMUSG00000025467,0.001,62.31581250733508,1.0,0.001,0.001,0.001959742112591867,0.04584646267959387,100,100
ENSMUSG00000025468,0.001,62.31581250733508,1.0,0.001,0.001,0.001593074982857787,0.12131523331621791,100,100
ENSMUSG00000025469,0.0038272931744112544,8.082157408430623,59.1587821208974,0.001,0.1163435324714297,0.0016663377823979298,83.73199060615161,100,100
ENSMUSG00000025470,2.03749288234197,5.669507720587868,6.665824644440626,0.14454866450386944,3.9002843459491148,0.42589484941534445,51.53087406848596,100,100
ENSMUSG00000025473,0.13256021859188336,8.496494589906714,20.21884376310112,0.027344613158699127,0.2587612806137664,1.1433503577406259,9.502734830556886,100,100
ENSMUSG00000025474,0.5021427273755681,0.9973980441401628,2.5503236980193082,0.017794261258992746,1.4023386247941168,0.612395833522972,304.80738035156276,100,100
ENSMUSG00000025475,0.058957804568816184,19.478731332604248,20.587803903385428,0.001,0.9352969233099961,0.00946392177983183,84.2906398356013,100,100
ENSMUSG00000025477,0.19156597452757296,0.24909723670907766,2.7798733371839184,0.0012537283588844503,0.8414624727155893,1.637115512691137,2065.910218714663,100,100
ENSMUSG00000025478,0.14091998065102282,25.6853881190845,45.460660028464304,0.001,0.22809718612981586,1.0579427793369733,335.10277087332685,100,100
ENSMUSG00000025479,0.001,62.31581250733508,1.0,0.001,0.0010000000000000005,0.0015195277169614495,0.10490814229340423,100,100
ENSMUSG00000025480,0.001,62.31581250733508,1.0,0.001,0.001,0.002010675668541332,0.18311479552913532,100,100
ENSMUSG00000025481,0.001656638108795938,0.17348538449004955,6.60767118594565,0.001,0.05577011787076718,0.0024067411773428596,113.74210027091341,100,100
ENSMUSG00000025484,1.9295009199733415,4.558067679477476,10.756789998415565,1.2391164754266046,3.9442330505410084,0.8264263399163658,4.7513878810992125,100,100
ENSMUSG00000025485,2.108934788641122,212.06743351482038,368.774722189563,1.4348281415143265,3.3454797388139847,1.0412509454575765,3.2910703576264826,100,100
ENSMUSG00000025486,0.001,0.0010840553847139725,1.1070913550179937,0.001,1.0327001478542446,0.4819381654854109,1075.8682892796844,100,100
ENSMUSG00000025487,1.4512955973510147,2.481675396454363,22.119421311680064,1.041281369773574,3.179333921256445,2.6959539509301713,14.631641888379926,100,100
ENSMUSG00000025488,0.001,66.84427540036525,1.0,0.001,0.001,0.0023261795418135335,0.16460793406763702,100,100
ENSMUSG00000025489,0.01622917949931319,24.394721746671095,43.01863372742118,0.001,8.000513804421717,0.001365619325063535,40.346066861025456,100,100
ENSMUSG00000025491,15.087785630560246,570.3077850259195,1.0,0.001,44.02590616558426,0.0010000000000186299,0.008980334054162941,100,100
ENSMUSG00000025492,2.465505302898727,254.4879686105221,5437.228978038418,2.134071895170215,439.31234140682176,2.1170716109927006,26.799190990852125,100,100
ENSMUSG00000025494,6.970709160815768,881.4121013308576,1.048404763339131,0.001,15.914362729282606,0.0010000000000148686,0.030339895036224234,100,100
ENSMUSG00000025495,0.26423480661385224,0.5039527993248523,5.484163994855764,0.1085242899319593,0.47537530095343244,5.650135817812455,34.70336877049116,100,100
ENSMUSG00000025496,0.001,61.88525872635182,1.0,0.001,0.001,0.0015418472750198622,0.07549935717574598,100,100
ENSMUSG00000025497,0.001,62.31581250733508,1.0,0.001,0.001,0.001740103567216882,0.20077104624720532,100,100
ENSMUSG00000025498,0.15611244174019157,5.644007320178761,32.96134188798073,0.0834563009708009,0.21447948434725633,3.89869294514149,10.456006735866167,100,100
ENSMUSG00000025499,1.520828563715631,8.713423585715006,40.79167191258739,1.0897821173122684,3.3456918128346302,1.906530226420342,7.580739005539108,100,100
ENSMUSG00000025500,0.02260403470021021,20.904229052403885,15.200231616574797,0.001,10.632641692380737,0.0013003703208872121,11.275142668320871,100,100
ENSMUSG00000025503,2.745994137301052,279.9355329383087,2855.592022964525,2.336000593032585,4.1782496510558005,6.42625341024137,12.523412465141323,100,100
ENSMUSG00000025504,0.1336408754193411,1.1187640736353939,5.601352125871633,0.07696266820000387,0.27737741725589027,1.8195818750962038,8.734123790234817,100,100
ENSMUSG00000025505,0.5240178532818208,2.8620573272585266,8.576576299587092,0.32187117432327017,0.8550065221822598,1.6126785864235436,5.843931192564268,100,100
ENSMUSG00000025507,0.24131973800787218,11.677000808602703,28.188392392664294,0.11869796637240458,0.34262438477028745,1.4450235358607233,5.05360029388775,100,100
ENSMUSG00000025508,0.4545577959591503,1.3313413642588905,345.14581922063127,0.001,0.7221251415200464,0.009836797995968826,3096189.811281203,100,100
ENSMUSG00000025509,0.6766401699434339,1.6237289862707136,5.95783926959954,0.3703797929788219,1.5082816066372695,1.1796237723727845,7.935512117532934,100,100
ENSMUSG00000025510,5.074872997927685,29.75372084155003,442.6616627713165,3.9455075956488797,7.051435491350258,7.420740558918714,22.969700099472988,100,100
ENSMUSG00000025511,3.053986502697639,230.36562058495815,1212.7582946075345,2.298830980111939,4.147277207002493,3.7163618878989926,8.407306679647874,100,100
ENSMUSG00000025512,1.690185758537791,1000.0,5571.983235506625,1.4051040612388066,3.396969377361434,2.505356109497595,8.720800850567386,100,100
ENSMUSG00000025521,0.5322946660225193,0.4059637009809963,1.1178626254214976,0.08598732121455124,19.970363324451807,0.06108830410359785,33.86720346638303,100,100
ENSMUSG00000025531,0.4262293276457965,1.3471748005782223,3.867110784589569,0.001,0.5239811544237205,2.0862328090015825,2403.80785018579,100,100
ENSMUSG00000025532,0.4301704803982285,0.43372684459645383,4.234884709199403,0.19572696303437523,1.06787151101439,2.846510121348623,26.273585214252716,100,100
ENSMUSG00000025533,1.673886479385498,27.561836821346468,49.83655993527733,0.5940911038154096,3.9281759095800544,0.7616610378459425,10.583192721540863,100,100
ENSMUSG00000025534,3.396890791916967,90.92867252275424,298.4493832017897,1.7083997756136944,9.24280283111655,1.1906917700707127,11.291391221534163,100,100
ENSMUSG00000025537,0.023172901297002564,20.349222904756193,14.799338425097613,0.001,14.16529849372467,0.0010000000000062433,3.208417717442049,100,100
ENSMUSG00000025538,2.2642746292268203,912.2054745319203,1262.8389945782385,1.116063761976894,3.3804142596094744,1.0475251687720164,4.487268452788122,100,100
ENSMUSG00000025544,4.5040666180269335,38.40672728385027,65.12220122984618,1.6786649615336988,8.29709208696806,0.8270417249581339,10.656908475224402,100,100
ENSMUSG00000025545,0.22690579517615178,0.23541172151934098,2.106768093718369,0.004573454581295808,1.3658600174543418,0.8801109699068363,592.3988236577281,100,100
ENSMUSG00000025551,0.001,62.31581250733508,1.0,0.001,0.001,0.0016018730764018369,0.21483652737248762,100,100
ENSMUSG00000025555,0.9021841480836895,0.6892049286579366,5.549913009087075,0.4918772800557684,3.5287767231014064,0.9801504368026124,20.809578725067787,100,100
ENSMUSG00000025557,0.001,62.31581250733508,1.0,0.001,0.001,0.0017930492464304226,0.08144896051533582,100,100
ENSMUSG00000025558,0.08616553565619393,0.42621301678832996,2.2789920028674495,0.001,0.3095954701039413,1.2033386421205887,527.1408958443202,100,100
ENSMUSG00000025571,0.2954456122566354,1.5905281470665538,4.750415646730888,0.15207592948938692,0.5207305936371036,1.2920109623909586,6.972840141811147,100,100
ENSMUSG00000025572,0.945434790539657,2.686319612308493,11.259220319193766,0.6075618314010068,1.5092951666654257,1.9530342407040335,7.2854701150470795,100,100
ENSMUSG00000025573,0.001,62.31581250733508,1.0,0.001,0.001,0.0014716325823528706,0.1794935661230066,100,100
ENSMUSG00000025574,0.0687405456817621,24.033525641540106,305.5579871410701,0.03376891118526845,0.12052804073501647,3.8003612029241802,71.43831871743419,100,100
ENSMUSG00000025575,1.7953661074421332,3.5649704054107834,8.538782381879203,0.8255769130630269,5.546505805036904,0.5003872881518586,8.751571592048835,100,100
ENSMUSG00000025576,0.001,62.31581250733508,1.0,0.001,0.0010000000000000005,0.0017428317967017434,0.12069009371451238,100,100
ENSMUSG00000025577,0.10724020198736046,18.776876806897953,24.420107311397825,0.03763043982649096,0.4360464168185725,0.2578623754391163,3.329486159021811,100,100
ENSMUSG00000025578,0.08438502092608596,0.15108629368350474,2.316414319666192,0.001,0.490720079589002,1.7264555407232327,1433.9828978130304,100,100
ENSMUSG00000025579,2.806103118435785,5.497542701835542,30.571938478774054,1.9522003076725365,7.396619715442606,1.3242763046541062,9.960580630415771,100,100
ENSMUSG00000025580,5.061902783367019,516.3419371213936,1060.1637767802679,3.007455017673937,8.211821463508315,1.239001112201385,5.778754908555351,100,100
ENSMUSG00000025582,0.013137915427934098,0.566615526924683,5.576480442805191,0.001,0.12095908716808002,0.3363710084268786,103.8069506920414,100,100
ENSMUSG00000025583,0.1877115604476014,0.10486610643884112,2.2461325208931004,0.006309877534453235,2.104502080027375,0.8959513132857447,906.4343401256103,100,100
ENSMUSG00000025584,0.07449571942390526,0.18267415384589408,1.6387154625979843,0.001,0.5608019097310109,0.8366058143678048,791.2503792784087,100,100
ENSMUSG00000025586,0.5338326358554693,2.299711406262,17.64225971327716,0.3082475698805227,0.8581096126003478,4.365939862711994,17.7493520801519,100,100
ENSMUSG00000025588,5.6353988052295385,651.5409689622696,1.0,0.001,17.03011716279846,0.001,0.020084528053948825,100,100
ENSMUSG00000025591,0.9198200961406231,5.098935907174127,11.584199376266003,0.3246097784465061,1.6098531694670908,1.1278165922795664,9.113439744112783,100,100
ENSMUSG00000025602,0.2775118233614146,5.44707722197659,3.6806392190770354,0.08035795667343532,1.5631870947438884,0.08915482961220489,3.0900146377329625,100,100
ENSMUSG00000025607,0.5038473842643988,0.5663189607872776,4.908815719182337,0.14378181474507506,1.538075141388631,1.6187510197563655,46.63543003984157,100,100
ENSMUSG00000025608,0.016233779042949266,24.111785053216302,42.45855917106119,0.001,4.635033745030531,0.0017523932975880055,55.461756251482946,100,100
ENSMUSG00000025609,1.2342975076356464,1.9966511940189482,9.194943233063457,0.5210578419920866,2.5620830699931183,1.4812502911977965,16.021345933709846,100,100
ENSMUSG00000025610,1.6046320348181988,386.05076768576816,1.0,0.001,4.606555508994173,0.0012879048549551523,0.1460725547476653,100,100
ENSMUSG00000025612,0.06108207609901151,0.1764452694307687,1.9700613095021835,0.001,0.4273829104616297,1.128793443162297,773.1963515479854,100,100
ENSMUSG00000025613,3.862511388166252,124.82739250410899,539.6084055081844,2.072065724362995,6.849153019852056,2.541814865480541,12.079778431377616,100,100
ENSMUSG00000025616,1.4943905312823995,23.79604223855403,20.766376053652298,0.025712163426293098,2.4650760492465196,0.5278838426883812,369.83478320525114,100,100
ENSMUSG00000025626,0.026282151315116582,0.03947391987095113,4.572198755310261,0.001,0.15508370772214244,16.022705534736588,3799.4269151838207,100,100
ENSMUSG00000025630,0.18029952079820805,0.24946164145359112,27.27053687593462,0.12116952865779633,0.42099686925826396,32.28594831063005,175.65222302306,100,100
ENSMUSG00000025645,0.38917767958246113,1.381254592262895,2.420424300802619,0.0010108285450321167,1.0962421337690649,0.47885387702885446,953.1810574453342,100,100
ENSMUSG00000025646,0.001,66.84427540036525,1.0,0.001,0.001,0.0014207475413900608,0.16699730125127898,100,100
ENSMUSG00000025647,5.465541191588627,103.68543996957447,436.79773436191255,3.466453413325026,8.131892678238858,2.7077673430777116,10.361295710673982,100,100
ENSMUSG00000025648,0.30048629156331574,24.69133319634168,60.855527118808816,0.12808110906788148,0.4509597362073898,1.5621120793618006,5.78041960887381,100,100
ENSMUSG00000025650,0.2173760223184651,2.528175595457374,6.622636212072878,0.10209904340399575,0.40137484121335076,1.1050660926037073,5.623888269869748,100,100
ENSMUSG00000025651,6.825166793023562,295.79376654506484,929.9466164869073,4.7553459754312675,8.671569320017888,2.468140383463914,5.9319641689353,100,100
ENSMUSG00000025652,0.001,62.31581250733508,1.0,0.001,0.001,0.0015669623853652372,0.3093809698415606,100,100
ENSMUSG00000025656,0.17509669257834454,0.5515477669021572,5.15506000319714,0.03458404713537687,0.38638077730334347,3.1985873737931234,70.146578659629,100,100
ENSMUSG00000025658,0.001,62.31581250733508,1.0,0.001,0.001,0.001971365939522681,0.16839850911959658,100,100
ENSMUSG00000025665,2.4775427603301186,591.623848152653,1.0,0.001,5.523440433147625,0.001,0.06145542925415384,100,100
ENSMUSG00000025666,0.2286364919846661,1.1391949275642026,5.331907034509021,0.1389091151544446,0.40570581143105966,2.0918546412914942,8.80165108783577,100,100
ENSMUSG00000025701,0.005317267555439004,1.253118717784658,8.082307418881427,0.001,12.557074436443266,0.001000105066581558,61.071162210511375,100,100
ENSMUSG00000025702,2.26685548294992,4.306735737171263,17.977908672597742,1.2886952300609953,6.674769328573124,1.0135278664466445,11.576866599512291,100,100
ENSMUSG00000025722,1.0081817364547465,22.016579742115564,25.222877346559873,0.28209843867125817,1.701438438651631,0.6815222242874136,6.685126100779803,100,100
ENSMUSG00000025723,1.2427895033651082,16.91492882321017,1.0392309391702252,0.10184396416410318,67.1490286868979,0.0011045210019040579,0.36504093173607416,100,100
ENSMUSG00000025724,0.37595939654338206,0.7743194730805917,35.159834640870365,0.23950392150743233,0.9614241429245856,13.871076505060117,66.81354892209232,100,100
ENSMUSG00000025726,4.131519129298434,1000.0,1.000247281024765,0.001,6.643610423333117,0.0010238864570782866,0.10298264178869249,100,100
ENSMUSG00000025727,0.001,66.84427540036525,1.0,0.001,0.001,0.00170734555107887,0.10678833163046769,100,100
ENSMUSG00000025728,0.35068641916579096,0.8132488451455128,5.599945590476027,0.09560945704375987,0.6596706017984678,2.886538155206796,33.334076574827236,100,100
ENSMUSG00000025730,0.12318126297005802,0.2269666010220499,17.951616939379065,0.035015085218475336,0.1994584245717213,43.54254687808342,321.87816146384847,100,100
ENSMUSG00000025731,0.16720524444460233,0.8370486875512004,10.140956833122758,0.011997586868861631,0.27090548405327336,7.269646325824825,143.83743715054362,100,100
ENSMUSG00000025732,0.001,36.362512869562096,1.0,0.001,0.003604031549401493,0.0023243705661980443,62.30770760546322,100,100
ENSMUSG00000025733,1.415677466852942,7.079276706789699,5.747645575958795,0.004283243030739616,2.958914993867361,0.3277804155346473,940.4821771639254,100,100
ENSMUSG00000025735,0.001,61.259704531272526,1.0,0.001,0.001,0.0021555562207544055,0.3235363333605994,100,100
ENSMUSG00000025736,0.29939775888091463,0.599683344912221,6.272406233651914,0.17146941100002788,0.5173836706931818,5.834510336501133,22.49585194639166,100,100
ENSMUSG00000025737,0.3893353388165433,0.8855521654092777,3.0662273892274876,0.12179015971148144,0.9227180490920449,1.0955637568266041,15.971398673152049,100,100
ENSMUSG00000025738,0.04404138391180789,1.9726922551042587,4.3164408456705585,0.014654949778886652,0.5102018961479564,0.14668791231111045,7.596285608085411,100,100
ENSMUSG00000025739,0.001,60.80878088638715,1.0,0.001,0.0010000000000000005,0.0014541148944469564,0.19590230011884827,100,100
ENSMUSG00000025742,0.616097803369801,27.562749352374333,69.00403635137128,0.2897869540258847,0.8933079762591458,1.673004554165149,8.02741790053937,100,100
ENSMUSG00000025743,1.4282703015838007,6.6902730072508945,36.24198700950563,0.9775812945492515,2.3705772875549997,2.7789763193031543,9.722745085566643,100,100
ENSMUSG00000025745,3.269271065227018,17.590522153053477,54.79131009659379,1.8149006693595762,6.318970581416709,1.292895665606566,10.031483214062547,100,100
ENSMUSG00000025746,0.051352239960394244,5.507127185469818,96.31057513600086,0.03206343759657098,0.1834324029211292,1.1607289411545765,32.59713974400962,100,100
ENSMUSG00000025747,0.5066885638927594,181.88425344725192,496.44172980040736,0.3590716964130977,0.6513879916132064,1.9172895109069186,4.1267012810169525,100,100
ENSMUSG00000025757,0.24266294747282338,0.655049452740398,3.8285114786620884,0.06972661846184688,0.6109423141342099,1.8664937583910546,24.669308135341414,100,100
ENSMUSG00000025758,0.06325018264722601,1.6646157340010552,7.229147472492007,0.03138477708780131,0.13766942842047605,1.4005465055221809,9.401977067633537,100,100
ENSMUSG00000025759,0.5218060374327357,0.4387411009766587,2.5331766909608944,0.08570353672838735,2.2477237696041406,0.6724956117227088,56.334998828419316,100,100
ENSMUSG00000025762,0.12623814831645416,0.6794267277096739,2.959954147692411,0.060457540769716586,0.3212458805249956,1.3228081675587724,10.335258113758886,100,100
ENSMUSG00000025764,0.6581286722243085,18.88827975014656,177.612741929124,0.49133414213990795,0.824603927371488,7.09735393348023,15.24482977050775,100,100
ENSMUSG00000025766,5.474451711953292,35.48719350780102,1.0,0.6568359919899673,135.45445644885643,0.0012012777723328216,0.21897044825700757,100,100
ENSMUSG00000025776,0.010948251070728604,19.112606754901424,21.815111536571514,0.001,3.9946511004915024,0.0011747143435028376,34.50493211801053,100,100
ENSMUSG00000025777,12.558776007361235,1000.0,1.0,0.001,18.079778207254126,0.001020885708514986,0.016045188632463535,100,100
ENSMUSG00000025779,1.309359541126397,94.2247925905359,74.78389253958768,0.1901223164557968,1.5819045843739454,0.6693557553384184,12.63554981495801,100,100
ENSMUSG00000025780,0.01954035591449372,0.13339177322752438,3.2856270861372967,0.001,0.13571776046685818,2.8312422851912866,516.9811999408628,100,100
ENSMUSG00000025781,5.5078795840932715,104.67031519873613,405.72310160478975,3.06179168120914,7.226426324724457,2.8230909664591044,11.886525793651302,100,100
ENSMUSG00000025782,0.29483353616312136,2.883513972513159,5.923477868529005,0.10898802756700653,0.6104211516372295,0.8494201878371046,6.233419536382573,100,100
ENSMUSG00000025784,0.0394810801603488,20.085711609877634,10.603759199605772,0.001,21.11128287921302,0.0010000000000032095,8.483756071592056,100,100
ENSMUSG00000025785,0.6748819328272537,1.0366002399955516,5.819329512381706,0.3607463858966001,2.2297506553902515,1.139738909027404,12.701256279621273,100,100
ENSMUSG00000025786,2.40145100725537,999.9999999993165,996.1929752547311,1.4849344570563212,3.9439517954223424,0.6374734960870565,2.393178913821213,100,100
ENSMUSG00000025787,2.4775427603301186,591.623848152653,1.0,0.001,8.277048085598874,0.0013074293663307723,0.06820540459063403,100,100
ENSMUSG00000025789,0.09152082576688587,13.333243145483632,79.62981501176841,0.0465866257056861,0.15204963279919878,2.7937667463578517,12.90893401695348,100,100
ENSMUSG00000025790,0.8214047602917736,116.77429087518031,336.03289264820734,0.49098862326570375,1.1690977454392757,2.072715311899432,6.718626716244554,100,100
ENSMUSG00000025791,2.5779259305326305,9.497844975134177,53.982609182894095,1.853898926507977,4.1347746364678555,2.761878786876732,8.748596016974016,100,100
ENSMUSG00000025792,0.5806002938138225,3.1399526486017115,6.932516823794923,0.26832238799838043,1.015029536771376,1.0663082444095666,6.249576427414157,100,100
ENSMUSG00000025793,2.6048379892808255,6.389232649396082,24.498482099551293,1.8413945150823416,4.663426376414625,1.5213673237046774,7.102178641535835,100,100
ENSMUSG00000025794,6.422715696646807,159.31941703610377,2265.835316463206,0.2937620655635395,7.985485792645939,2.161322674136869,31.042687458476355,100,100
ENSMUSG00000025795,0.4113645109808391,32.71470265518961,14.482170838140611,0.031345440066971805,1.1862202531366255,0.13225616346283295,6.960533648872881,100,100
ENSMUSG00000025808,0.001,62.31581250733508,1.0,0.001,0.001,0.0015523830934734352,0.17334658277922865,100,100
ENSMUSG00000025809,4.824428393602582,42.00396807167592,477.34020223315554,3.1318970940565842,6.7648427597338205,7.5292325445036905,23.95402024404996,100,100
ENSMUSG00000025810,1.216337329820546,83.19904675077215,566.9449688198922,0.9136945515277622,1.5937574496549285,5.027866884086736,10.707089994446441,100,100
ENSMUSG00000025812,1.7135056456445363,27.10068868061519,22.183824703180704,0.10456972084223051,2.803608226952371,0.4869289944496049,38.893408700905695,100,100
ENSMUSG00000025813,0.04901965850592795,0.5791699585806706,3.7298890907166684,0.014282501491435534,0.15651718619826543,1.496926652554988,23.95077503387276,100,100
ENSMUSG00000025815,0.13391360709441838,28.7644277447805,35.578125213179455,0.001,0.23416604494758803,0.6992227906728956,200.53637071726038,100,100
ENSMUSG00000025816,1.681550634884057,18.812037281649605,42.701975376771365,0.8463895143704859,2.368962408771406,1.5410829495224316,8.139145999596174,100,100
ENSMUSG00000025817,2.8626358627645074,635.4899070397407,895.0774203952521,1.6479398084333559,4.506023634576131,0.8461597286525976,3.142155525230984,100,100
ENSMUSG00000025821,0.007658542977729249,0.01138805422992155,2.6483301511252013,0.001,0.3884113372145094,3.029836525268489,2218.5045986557852,100,100
ENSMUSG00000025823,3.088528365982286,396.74127647586994,1517.8579378762126,1.932856409680281,7.027412841958244,1.6922376239699237,9.491009878826166,100,100
ENSMUSG00000025825,3.570658322082973,524.0666670577758,247.09832047123388,0.6284523929035952,12.721551270976017,0.13271070142723856,12.771527562429855,100,100
ENSMUSG00000025854,0.1287098124016556,0.5274019249126816,4.954503294010045,0.008674641794251314,0.3004880642635832,2.9995724340744383,186.19088037717358,100,100
ENSMUSG00000025855,0.10926292589772134,1.1637907214614631,8.577670342010036,0.047685317408658064,0.19321659590233783,3.7749442133047375,18.862774433920855,100,100
ENSMUSG00000025856,1.001604148081341,271.837118088371,830.0414473018675,0.8074105264096871,1.4007802562989702,2.045705471915077,4.086404837352825,100,100
ENSMUSG00000025857,0.0010850466478672265,0.001,1.0,0.001,1.676626327736015,0.33350323071977583,1144.7255699028578,100,100
ENSMUSG00000025858,1.8065662342398032,12.149091868733409,13.387002974462199,0.0040571588628296774,3.0305539762579405,0.6039227763300741,2023.3335204188415,100,100
ENSMUSG00000025860,0.03576185912847356,0.03616904518299856,2.767897859580159,0.0010375071823740221,0.42097976461977965,3.523811515520887,2795.3409142828605,100,100
ENSMUSG00000025862,0.03069868727956,5.541020873559552,45.59685457839472,0.001,0.03154540360465526,0.03728589616613609,1007.3694890326319,100,100
ENSMUSG00000025867,0.05825010883988305,0.2873320225379647,4.078818860914307,0.001359757683278025,0.1914809358872061,3.4545279236446067,630.4387439847036,100,100
ENSMUSG00000025868,2.4820545928557154,60.35038051600128,158.96031019201652,1.3090241609131907,4.059589844153201,1.5540498558205413,7.875531254250646,100,100
ENSMUSG00000025869,1.5170769544898985,7.829807569762299,42.18514272159142,1.0730219612844567,2.3687566351592486,2.8224354540865386,8.828558579351732,100,100
ENSMUSG00000025870,0.3622981941066056,26.3277348482269,21.552722123352144,0.001,0.5719749759673833,0.5007253981150791,408.2124198060152,100,100
ENSMUSG00000025871,2.5931920552358534,29.856067216291517,38.36665943841022,1.384359576175029,5.310759537696347,0.5759166016331052,3.8383599435095865,100,100
ENSMUSG00000025872,2.060998900717516,460.6729836108814,281.5805630287661,0.06722978750585101,3.1838877749500245,0.36835597205620907,39.52607890832549,100,100
ENSMUSG00000025873,2.4121651424725,6.68231664313442,16.01064313479958,1.156498849663652,6.640462796087398,0.628326007892861,7.875114357476651,100,100
ENSMUSG00000025875,1.6357284245937564,5.054324120663305,22.551973015441426,1.1447408267622772,4.731475339826115,1.2869722002168185,7.452791233378582,100,100
ENSMUSG00000025876,0.001,60.188376913276144,1.0,0.001,0.001,0.0017860745080326575,0.07050217517893725,100,100
ENSMUSG00000025877,0.001,62.31581250733508,1.0,0.001,0.0010000000000000005,0.0018724366968463028,0.1305935108530957,100,100
ENSMUSG00000025878,0.8395921136748979,0.6439181692107553,3.3361688958709745,0.3414631202837336,3.702460099015533,0.5625918882707359,17.708066784207602,100,100
ENSMUSG00000025880,0.1107909784175818,0.059963792749719656,3.5939862068150457,0.00239781792576312,3.696317255307041,0.8158346436293397,3175.1329445785304,100,100
ENSMUSG00000025885,0.001,62.31581250733508,1.0,0.001,0.0010000000000000005,0.0016504271319761653,0.22952117551152398,100,100
ENSMUSG00000025887,0.7061205215530383,0.6665304383473065,4.137092934234703,0.09663954894932544,2.265873449693557,0.9402520360649307,70.01106184736429,100,100
ENSMUSG00000025888,0.0118592435061715,22.775148939791723,72.64498573214536,0.001,0.8584480634618501,0.0019695753555125364,49.306066226622505,100,100
ENSMUSG00000025889,0.08920142978530342,1.0302863434498557,18.931900929598346,0.036597918034959466,0.1327338763774148,11.28236049574625,48.076386601655614,100,100
ENSMUSG00000025892,0.001,61.024058264401226,1.0,0.001,0.0010000000000000005,0.0025519164258964167,0.12057888044535411,100,100
ENSMUSG00000025893,0.031776879484080416,13.631312130334656,32.752185956646684,0.001,0.14171602663542243,0.17432343362239044,112.89905540548911,100,100
ENSMUSG00000025894,1.2683933482423055,5.597317576279595,12.105009487362766,0.6792610771510714,2.6331907660672407,0.9018634071201141,5.267396148550578,100,100
ENSMUSG00000025898,0.4696182286349716,0.5725112930485647,1.8431131400094811,0.09310555112652162,2.3012158635588618,0.5528398507980442,29.447816316695793,100,100
ENSMUSG00000025899,0.4271275384033824,0.8164050773308541,2.2877421221562835,0.1230262296642716,1.2289299944165486,0.6184974247453843,9.914543936029897,100,100
ENSMUSG00000025900,15.035079302992186,897.83907296891,1.0,0.001,24.927626840383184,0.001,0.029635858171526752,100,100
ENSMUSG00000025903,1.707766264203881,5.549474630621002,5.666141881956902,0.2424509052658607,4.577702438707801,0.2790428697910851,21.43705898782095,100,100
ENSMUSG00000025907,0.5003126061533438,0.984931020718105,6.509773242793936,0.18295942609940707,0.9474026314703254,2.547026626060527,24.95129849734596,100,100
ENSMUSG00000025911,0.030663013987860754,5.5377003057716365,5.326971300101305,0.001,24.724084990079227,0.0010000000005062613,3.9322675241796605,100,100
ENSMUSG00000025912,0.04034494886497464,20.014372768920634,10.561135197412995,0.001,19.51556619439122,0.001136646875182354,3.8524250320179396,100,100
ENSMUSG00000025915,0.8717334386896727,262.1021520526603,60.328017720201935,0.3190738781736211,136.7375330151418,0.0014994458335119208,0.7495542077675739,100,100
ENSMUSG00000025916,0.001,62.31581250733508,1.0,0.001,0.0010000000000000009,0.0018591524556707546,0.08707601027428885,100,100
ENSMUSG00000025917,2.547891102002708,4.3131981131375685,25.15479187126515,1.6337856794340397,5.843931548294268,1.65024659043302,10.97714425462776,100,100
ENSMUSG00000025920,0.39463769837376284,0.5737155113235832,3.8407946403816293,0.10663087387642703,1.124212977908985,1.6389504401960129,36.530948627638665,100,100
ENSMUSG00000025921,0.1546725721458812,4.329070849839741,7.7785036215650205,0.0037128457591235576,0.3052787847733317,0.746236357935353,129.26645627860353,100,100
ENSMUSG00000025925,1.441623289470292,7.5510978573047165,13.760351436620489,0.8298365166566295,3.4526253555869664,0.6304182305986819,4.397657415028448,100,100
ENSMUSG00000025931,0.20604070161446636,2.111106031040665,3.7192657013660524,0.046134708808446244,0.44554938583610115,0.7255433552518957,11.125990255799033,100,100
ENSMUSG00000025932,0.14110802807985667,28.31836399146536,44.17743932954641,0.0012016604326034806,0.2764550953612569,0.6428672614619991,94.1639343891568,100,100
ENSMUSG00000025933,0.34340406005205154,4.8692118830794024,10.225767594681999,0.001,0.5278023460404184,1.4158461611647422,1044.6391119780983,100,100
ENSMUSG00000025934,0.03007892610924565,2.270795534350397,65.01199818120243,0.018437695362444877,0.07603119314529316,3.2497475863576466,85.54485383191658,100,100
ENSMUSG00000025935,2.132539101034744,222.0977983562971,166.92325412745328,0.3459833433305949,3.786050265411345,0.40005722103364943,11.534426457140757,100,100
ENSMUSG00000025937,0.890627436321263,0.9952702403020921,8.244268823998903,0.5103016282543456,3.445290409865348,1.2325720938793092,20.59679461323686,100,100
ENSMUSG00000025938,16.815418263178938,1000.0,1.0,0.001,24.691107082082965,0.001,0.008949710594412387,100,100
ENSMUSG00000025939,1.024429210224082,1.161172052986218,10.685896002581936,0.399060417879053,2.4327399726700474,2.0694222543773537,36.86346740772713,100,100
ENSMUSG00000025940,1.0730236803395743,88.2859919701927,93.53173618464054,0.46281760752466083,1.7631948455710067,0.6498699191057506,3.2515406775377684,100,100
ENSMUSG00000025946,0.001,66.84427540036525,1.0,0.001,0.001,0.0023074187942594302,0.18854070140846105,100,100
ENSMUSG00000025949,0.35036118893829565,4.639644233492735,12.814502190844776,0.12617997405934464,0.5470242314567149,1.5033959332645779,9.119863626191622,100,100
ENSMUSG00000025950,2.4677485388401426,37.11692883636114,106.13621520467177,1.4844552706140246,3.1903003747813545,2.0866629795164235,6.4516809180601715,100,100
ENSMUSG00000025955,0.001,62.31581250733508,1.0,0.001,0.001,0.001831682467247036,0.2611712193844523,100,100
ENSMUSG00000025956,0.4270113036936629,0.5042450749127568,3.7043427386028993,0.13039312572838105,1.4384488313722246,1.1941598032831222,34.11261761353925,100,100
ENSMUSG00000025958,0.1115823885962021,0.1903121868714599,3.702148797099247,0.019691025137961837,0.4053453200164243,4.020953170254765,139.70794769135324,100,100
ENSMUSG00000025959,0.5355026889511803,20.808793916219486,73.06814735350933,0.19145189135145219,0.6300200960852236,2.741510049611823,13.609543642165592,100,100
ENSMUSG00000025961,0.001,62.31581250733508,1.0,0.001,0.001,0.0017130461796629752,0.12497959162105146,100,100
ENSMUSG00000025962,1.273088554131161,196.4720895983466,147.9466694155162,0.010423917481641032,2.368020143561906,0.43723978444135414,277.3031926133538,100,100
ENSMUSG00000025964,0.19658336130841783,4.389411664790422,26.55677837835665,0.07200352066112636,0.24335540647902418,4.656645260310057,18.73955932474788,100,100
ENSMUSG00000025967,5.652170546557589,781.1411401138676,9999.99999872403,0.001,7.520074936877325,0.40591592271404753,37.26172211492034,100,100
ENSMUSG00000025968,2.261262006477301,6.005322305987944,15.898957781460465,1.046827776614696,4.638888893087133,0.9548443692631741,11.2571894201227,100,100
ENSMUSG00000025969,0.8074916137226971,2.5398487614775465,42.49957223715499,0.6249614067160868,1.3077396063658178,8.115029773561762,23.307454460637445,100,100
ENSMUSG00000025971,0.04230152938771208,0.03073453361078124,3.377304931675019,0.0013049870078145351,0.680412668531639,3.8308088200536536,3391.470180885595,100,100
ENSMUSG00000025977,0.001,66.84427540036525,1.0,0.001,0.001,0.0020965942420994674,0.2227367051566982,100,100
ENSMUSG00000025978,0.7629242417915935,2.797677743091888,4.725050213681442,0.1524190177085032,1.6539386837346215,0.6830924427693854,14.02706984370203,100,100
ENSMUSG00000025979,1.336666052590742,2.3325657736534025,20.494373356608538,0.9510140575093465,6.265212247063684,1.2363493889088701,17.05908881088437,100,100
ENSMUSG00000025980,0.47713457587936897,1.3947898650491706,210.83888212333508,0.001,0.8868460986429711,0.06863803568125602,212.54155063403397,100,100
ENSMUSG00000025981,1.0501183515231853,1.7998673841681123,8.12300747688806,0.6697242480528962,3.3720577893503014,0.985166787280764,8.716234588497912,100,100
ENSMUSG00000025982,3.1816791078833084,5.151065458937209,34.066018542029454,2.0909734430210722,6.449598761798091,2.027400762073154,14.513679801158384,100,100
ENSMUSG00000025983,1.457749481852015,407.6017385509011,1.170393506276041,0.001,9.792171316727458,0.0010000000000000772,0.10505382577963973,100,100
ENSMUSG00000025986,0.2235575157336957,0.8821332639723126,3.1216375941243704,0.020550979376086097,0.5533945244465409,1.1556494526328929,57.457968833911934,100,100
ENSMUSG00000025991,0.001,62.31581250733508,1.0,0.001,0.001,0.0023730337392675158,0.23788935630584254,100,100
ENSMUSG00000025993,0.04690095754304949,7.200270941458225,22.718453113508563,0.001,0.28616320201209733,0.18167454816568127,38.10514421412135,100,100
ENSMUSG00000025995,2.0872254456240706,167.00196882339063,308.95686613545035,1.234931351312456,3.0188384216949014,1.2433524796049529,4.642293244900818,100,100
ENSMUSG00000025997,0.1509654120793749,27.488744337315705,51.87808851399997,0.001,0.23830326035575924,1.2624357115723641,301.5058348949884,100,100
ENSMUSG00000026000,1.6777279902592634,13.08875516632862,16.096295035876608,0.31184840124927654,2.7665705121725575,0.6212651003314511,16.243397142616537,100,100
ENSMUSG00000026003,2.1365703375225706,4.934763952193018,15.471111268367125,1.3072915635707467,4.460638959885271,1.107888748349772,7.4764565750621825,100,100
ENSMUSG00000026004,0.06357696506744893,1.3153385816497754,4.678095304023167,0.017979749714079812,0.15295748184665509,1.017963579208967,13.240837912106356,100,100
ENSMUSG00000026005,1.3474519153922708,1.6442888264748685,8.250363286968021,0.8732171469090133,4.310740974267881,0.9159137515520549,10.254750132243407,100,100
ENSMUSG00000026009,0.001,62.31581250733508,1.0,0.001,0.001,0.001621669499992083,0.285038608854986,100,100
ENSMUSG00000026012,1.8097731898307214,437.46334361701787,1.0,0.001,10.466567164434048,0.0010000852814415517,0.13746467313885813,100,100
ENSMUSG00000026014,0.9727797759044855,153.97408487059687,723.4449560093467,0.7277420728855166,1.4045001105558221,2.9380295681944704,6.556707419188311,100,100
ENSMUSG00000026017,0.36960382477602977,62.45216831957804,41.046143974118806,0.16730891429404177,2.0207247029737756,0.09571500561245735,1.4050545618125043,100,100
ENSMUSG00000026018,0.18455399633565395,6.859404572471103,6.632065553276762,0.0619111037540052,0.5512318819712885,0.27922829468201527,3.177866251264568,100,100
ENSMUSG00000026019,1.0965384635997972,3.8093384058850264,14.337466270175646,0.5373101489658837,2.5574678975405423,1.3051927517701387,10.291993167337122,100,100
ENSMUSG00000026020,1.1262864715973673,2.4150318207815387,15.888914967658488,0.7107029124731892,3.42996787305211,1.472176646974165,12.282993655027068,100,100
ENSMUSG00000026021,0.001,13.33259815350744,1.0,0.001,0.001,0.02421355927366224,3.7411123572758225,100,100
ENSMUSG00000026023,0.1657933508243673,17.829039786341138,4.103631166283071,0.0113519513668213,34.66675701707476,0.001021248875982385,1.0690996441290033,100,100
ENSMUSG00000026024,0.4998149058814612,0.4050773706620755,3.488065738787375,0.1310090260337605,3.1416968881478047,0.675951437310029,46.485068592348014,100,100
ENSMUSG00000026027,0.6539975070545991,23.60806613595917,19.34666257009962,0.001,0.9001007367130227,0.5865470718809567,1120.4771212109324,100,100
ENSMUSG00000026028,1.4230213272841725,221.36179005095886,221.90273955641683,0.8427152595341669,2.3842063980831547,0.5506724996561223,2.264133165114738,100,100
ENSMUSG00000026029,1.8684565935629096,29.28921799178429,56.127233183942444,0.8699343405673909,2.7036450327936703,1.2193838330108733,6.206190810824309,100,100
ENSMUSG00000026031,0.7217626282810404,6.693993084072511,21.753494157388314,0.12997950204070857,1.149172798647101,2.09904728627386,37.072457105181584,100,100
ENSMUSG00000026032,3.238208111109365,14.356159056990322,47.18048703824054,2.2949192762296207,6.824525653211611,1.2276979970808966,5.876821440704218,100,100
ENSMUSG00000026034,0.4820820764607135,0.7739927686167678,4.097465255205459,0.13595070270990406,1.1623210928370096,1.4632689320779142,29.06008155636127,100,100
ENSMUSG00000026035,0.47368272498305963,0.39377399764568105,4.801981454683852,0.07019369285119463,1.8414212207376797,1.5834873876873807,128.45693054710094,100,100
ENSMUSG00000026036,1.5794364383637438,63.79415532888656,120.56340035183648,0.6514802963229351,2.0758194098974507,1.3696613392996349,9.28563410106344,100,100
ENSMUSG00000026037,1.1168102546119238,999.9999998631714,860.8382254235968,0.16761751691738064,1.6758231649566502,0.5969780376481164,15.677009137898075,100,100
ENSMUSG00000026039,0.014979309791933331,1.508030353035481,5.050837974016529,0.001,0.28122714306247876,0.0018300486804629938,49.50839253166269,100,100
ENSMUSG00000026042,2.1123655032442397,5.102384998376725,344.54964082245544,0.001,3.15510849871293,32.412150150937684,3678447.5766166076,100,100
ENSMUSG00000026043,0.9915519032703799,42.43068475337805,2422.008338267989,0.7730350476942767,1.2996718919574863,42.473119492930216,80.59349704546725,100,100
ENSMUSG00000026047,0.9628089597968696,1.5987062429112393,6.156934388706578,0.409185991613548,2.0725000254486954,1.3256510032310982,14.394639547517759,100,100
ENSMUSG00000026048,0.7006708756783017,17.65750408753925,22.176253615519165,0.13937912016597637,0.9505520801131224,0.878160786348875,10.610711783575711,100,100
ENSMUSG00000026049,0.26371138202581973,14.403499210690361,38.848680754761524,0.10964516074709413,0.4016266889536781,1.6899052238282386,8.128890660221135,100,100
ENSMUSG00000026051,4.132577005576439,999.9999999828615,1.0,0.001,8.302773996840346,0.0010000010454206526,0.09527732685323866,100,100
ENSMUSG00000026058,0.001,61.45463549419866,1.0,0.001,0.001,0.0016445583019246723,0.13800485646662475,100,100
ENSMUSG00000026064,0.16152332584891635,2.2371597970681836,8.222497389109279,0.060138180816040804,0.2956716849083446,1.6873477939310042,9.446622609901315,100,100
ENSMUSG00000026068,0.27943402592022654,1.616932868133354,4.02710474600611,0.08750005184258752,0.5429937182970729,0.9028229649136328,10.608416066186557,100,100
ENSMUSG00000026069,0.5322568768524968,4.4860484687835935,225.72010234600404,0.41022721256037825,0.6655045503068235,36.116849307615325,75.7802812176217,100,100
ENSMUSG00000026070,3.338165727611042,807.3831051292377,1.0,0.001,7.189305002775684,0.0012194430483411832,0.03219146116024586,100,100
ENSMUSG00000026072,0.4659096204255227,2.053459407469287,8.212092585904202,0.2634692907727974,0.7314657243489338,2.1931852736451596,9.013654984300768,100,100
ENSMUSG00000026073,24.720471882014547,832.9233442236189,1.0,0.43957694366231287,51.769041386961945,0.001,0.010457960809567474,100,100
ENSMUSG00000026074,2.4786020117524417,29.973833536394498,119.11562685702313,1.3977162099008347,6.634961775085301,1.4298389069205015,10.366153006474338,100,100
ENSMUSG00000026077,2.4117783141451428,546.8406957515016,1.0,0.001,8.095124944442812,0.0010000378881434523,0.11331527218897909,100,100
ENSMUSG00000026078,3.9669398147327293,63.880046760591036,239.3065554190382,2.4397307240693165,11.261799664593216,1.2917999476775242,8.982134125818908,100,100
ENSMUSG00000026080,0.1522916421594657,17.49767674846317,11.497259653311657,0.0036799418504878186,0.9845110869732776,0.06533295182979545,10.713139457048639,100,100
ENSMUSG00000026082,15.54944112750286,854.7166185641321,1.0,0.001,46.560486897034686,0.001,0.011308579858453967,100,100
ENSMUSG00000026083,28.32100009189941,0.001,7.00025532080736,4.2812937545882015,138.67731650905716,6997.869584110016,7003.726895279478,100,100
ENSMUSG00000026087,0.001,0.0012472874229338532,26.511048730977443,0.001,0.002746357502501452,0.08013820202766858,27549.484451316737,100,100
ENSMUSG00000026088,0.001,17.69491829209777,1.0,0.001,0.001,0.00593550999803639,1.1111056431047932,100,100
ENSMUSG00000026094,0.9276432533285132,6.602757902541983,33.74625578574135,0.6899663933335611,1.318908442060236,3.0940030708810276,7.903588241432119,100,100
ENSMUSG00000026095,1.4333037478138295,7.134771276642782,1.6008444313315446,0.4796728769526355,180.14123410357035,0.0017821895833129496,0.6856555880841292,100,100
ENSMUSG00000026096,0.4359884188890834,11.603448500389343,13.024273492099823,0.17542327623004467,0.7612098030952729,0.6025050608007497,3.977790039539423,100,100
ENSMUSG00000026097,0.04418158256143805,0.25259136088317624,3.402573053415204,0.001,0.18846049365196382,2.7293499498312057,632.2930531696788,100,100
ENSMUSG00000026098,2.6159880047167965,36.05601488296824,1.6700189761952058,0.2821375342919278,102.76334798589961,0.0011862128900523919,0.3814066920555197,100,100
ENSMUSG00000026102,0.886146872826493,33.61134310738203,24.203738397685537,0.001,1.4136252447195006,0.49907661420627336,1159.9122552871092,100,100
ENSMUSG00000026103,1.2290384716113674,19.469198689089904,39.87407670475184,0.6459422014965763,1.6136300790399158,1.4303865440531738,5.652682519655659,100,100
ENSMUSG00000026104,0.9755978770699083,40.24164849907417,60.204530120402566,0.25735395556184437,1.303261561754526,1.0804839867425367,13.222565365539054,100,100
ENSMUSG00000026107,0.6157658049015929,2.8911423419097133,13.086980980619394,0.40415619256762597,0.937449669071724,2.3302884708188416,8.59109515228224,100,100
ENSMUSG00000026109,0.05800047400653198,13.684619695590454,47.24635448156077,0.0012691264501140504,0.17666422787590128,0.7720656361698939,117.60319348773007,100,100
ENSMUSG00000026111,0.001,0.0010070315504941635,9.339301059332042,0.001,1.3051585470582943,0.5819425616986609,11671.471936663827,100,100
ENSMUSG00000026112,1.7502146556909142,25.901260503627483,65.81521176272868,1.145691734526778,3.325101723333776,1.1601399759678985,5.513195325366363,100,100
ENSMUSG00000026113,0.2100081357976789,0.8416243848695101,1.9280584649114416,0.07406924169949256,0.6451675131348786,0.5977996950733966,7.024803902640006,100,100
ENSMUSG00000026116,2.4312663245658412,244.55374976607825,191.2593529668328,0.2324078161982658,4.104813226821133,0.442837677972056,32.722454619350714,100,100
ENSMUSG00000026117,0.004541587195931627,14.58836400748127,17.39203348125328,0.001,0.024721748398211896,0.001824961707293753,16.829052406127893,100,100
ENSMUSG00000026121,0.038003534879083985,0.13997943587490394,1.7251740149016883,0.001,0.3947714621025733,1.0263102800193058,471.7672424965617,100,100
ENSMUSG00000026123,1.0754200889054222,4.57697935979748,17.89471972574907,0.256810733011008,1.8315282225316851,2.045945936369604,36.763692101363,100,100
ENSMUSG00000026126,0.08256737550756005,18.46394659602857,19.429599755604695,0.001,0.24664608142102118,0.20658346235913477,107.53408897848291,100,100
ENSMUSG00000026127,2.4509119268632085,29.39067532364189,64.25737353113007,1.2306919218479155,3.9272223420807015,1.256871419023557,7.3562812040149,100,100
ENSMUSG00000026131,2.69520626074948,5.827425090679024,26.215840363485775,1.8225780016866406,8.008050005994669,1.0885708542682133,10.478995081978603,100,100
ENSMUSG00000026134,0.5569171407453827,94.89043530935781,225.41067109880677,0.41478450115330917,0.7802940947848606,1.4085071324166862,3.4389126100373675,100,100
ENSMUSG00000026135,0.6542740716385428,3.5171241602210603,4.599298452112416,0.001,0.6825391714104962,1.1650058438871849,1668.8590958831878,100,100
ENSMUSG00000026141,0.001,61.674132606755,1.0,0.001,0.001,0.0016795368589848387,0.09645257923020731,100,100
ENSMUSG00000026142,2.0416624979936357,43.11607771237798,79.28356906839119,1.2765849861293983,3.1814909698571308,1.0886191860037209,3.8541173134701294,100,100
ENSMUSG00000026147,0.001,62.31581250733508,1.0,0.001,0.001,0.0016803255408096573,0.07385905268668602,100,100
ENSMUSG00000026149,0.001,62.31581250733508,1.0,0.001,0.001,0.001625103684785651,0.17341866024003338,100,100
ENSMUSG00000026150,3.0840941240898156,999.9999999601567,993.1742096185409,2.2004402480528453,4.9436992789486816,0.6180845751485371,1.4836746396292402,100,100
ENSMUSG00000026153,0.6666234247759514,20.679466470876747,27.990925586703245,0.001,0.6994172601288415,1.3148177645620691,1668.7561126019896,100,100
ENSMUSG00000026154,2.853339950446028,5.39657460738211,14.648039474263669,1.3693302271007606,8.66063159198429,0.638290149233298,8.920609976722261,100,100
ENSMUSG00000026155,0.25447623553438475,0.12547238979232525,3.2895617142869877,0.006037856571594691,2.383733568325117,0.9812207375103559,1338.831410968814,100,100
ENSMUSG00000026156,0.001,61.674132606755,1.0,0.001,0.001,0.0015715407594706415,0.053012265433170114,100,100
ENSMUSG00000026158,0.1561265290262602,1.4717216316468882,2.3883586331296436,0.001,0.3204778615114958,0.7801932237067768,276.49088409546613,100,100
ENSMUSG00000026159,2.024496548667574,32.72099586557419,34.53945910920122,0.5251284423291087,3.981424714093977,0.5075257246923501,12.06514451710278,100,100
ENSMUSG00000026162,0.1612764445540741,1.3273592709883886,1.0000064861385822,0.013244245637343244,1.6108143784721571,0.0030471185454103997,3.406075222666815,100,100
ENSMUSG00000026163,3.2007028190487947,387.4305189819074,1.007200126420519,0.001,16.746334781030967,0.001,0.016265113939423655,100,100
ENSMUSG00000026166,0.006407599222798811,0.45990761676197256,47.65732676950547,0.001,2.645694038607071,0.003332939813690838,252.1017928959333,100,100
ENSMUSG00000026167,0.0035153189958338324,11.459522831816152,22.638819099550066,0.001,0.042033853323475576,0.0015916234900513622,20.844297381845525,100,100
ENSMUSG00000026170,0.22275621514370011,16.556167687348808,18.168939683836683,0.001,0.29382615435819504,0.7227794287471676,428.7466765318718,100,100
ENSMUSG00000026171,0.7412650918235354,1.693216946510969,5.709226915954339,0.4123152522737614,1.159694935645028,1.4183960669274922,8.000858537536647,100,100
ENSMUSG00000026172,0.428700728794142,0.5610698664447119,1.915614526156537,0.026253923911456825,1.9903622717405933,0.48710216683275886,171.51641006227305,100,100
ENSMUSG00000026173,0.001,61.88525872635182,1.0,0.001,0.001,0.0017018714241836498,0.29805206557373665,100,100
ENSMUSG00000026174,1.7271213314553895,1.79027431822552,5.343043213584431,0.4656623410106454,9.36940796007222,0.3043579931910358,25.05315850798315,100,100
ENSMUSG00000026175,0.001,62.31581250733508,1.0,0.001,0.0010000000000000009,0.0020925223725141986,0.1636992715385085,100,100
ENSMUSG00000026176,1.7469084804598947,60.69056777987659,114.28465144719495,0.5557522822120626,2.109633022818266,1.5662549905938352,14.157081475351173,100,100
ENSMUSG00000026177,0.005254094860980468,0.14808017419537794,2.1098179666990733,0.001,0.14224065676916828,0.08974783557434773,102.91909523521382,100,100
ENSMUSG00000026179,0.07816048064968947,0.13311488183574408,17.852822297783266,0.01606778648337718,0.2048826514514766,49.35881597493659,948.1013100376699,100,100
ENSMUSG00000026180,0.001,61.024058264401226,1.0,0.001,0.0010000000000000009,0.0018865482424114382,0.3593488593906346,100,100
ENSMUSG00000026181,1.4107027024286076,22.93257137618205,38.235803875064484,0.7797529440934823,3.8641956308796734,0.7026302979693811,4.352128090897235,100,100
ENSMUSG00000026185,0.022409561599898382,3.208585758255333,346.94323636215796,0.0032503134196231686,0.08294433164846618,2.6138095200781457,475.97044190572876,100,100
ENSMUSG00000026187,0.7310878753400647,1.7750244767488699,3.8974100782109917,0.227381526913718,1.5213576937749869,0.7645771708082556,11.76304658789893,100,100
ENSMUSG00000026188,0.001,62.31581250733508,1.0,0.001,0.001,0.0017260312432610344,0.2117215153558895,100,100
ENSMUSG00000026189,0.6285371082689575,1.590461376297333,6.177977737153807,0.30126655609436886,1.2828115485415577,1.3436365181987244,9.576821354643569,100,100
ENSMUSG00000026192,1.9637035551315551,7.231138126695192,16.760412006953878,1.016191849119955,5.9752911524357595,0.5939448801136683,6.836256990999236,100,100
ENSMUSG00000026193,1.7788958847292538,44.61789075881242,7399.156935290924,0.001,2.4716403835297007,0.25574357754318255,182478.86528369642,100,100
ENSMUSG00000026196,0.08953523890554382,18.603761372745428,11.191671521978858,0.0036742712885761307,2.386310147525693,0.006253120461272648,15.245415216486538,100,100
ENSMUSG00000026197,0.9001404438440045,3.3208451047404743,7.819504601188277,0.23387676936901153,1.848372223262389,0.8976745255265499,17.262985480558115,100,100
ENSMUSG00000026198,0.02061605484438241,22.14736989017455,41.516466428124566,0.001,0.9443525270340307,0.0016240091397490412,70.94054822093923,100,100
ENSMUSG00000026199,0.31967543266503146,1.1012118090184986,2.8078425529997735,0.0011120019951266318,0.9737590314091016,0.6229081298681118,994.62422351338,100,100
ENSMUSG00000026200,0.3025797460334123,1.4150873851929944,6.263646768559546,0.09637251768349198,0.58182804889788,2.180714607146723,16.70073097616907,100,100
ENSMUSG00000026201,0.7510965512535852,0.3381067287316035,5.020274038736645,0.3675664283287461,6.224198319574219,0.5716786997007753,47.35138300583913,100,100
ENSMUSG00000026202,0.18242078409625884,0.8885594968576874,97.50069648592829,0.08557793957104262,0.2723819150501803,76.2960930539311,301.0402330891754,100,100
ENSMUSG00000026203,0.6507855258686724,0.5660348675572147,6.3411725008096385,0.31545184055681463,4.0931599513829555,0.9975484872755496,29.307691069646825,100,100
ENSMUSG00000026204,0.3100505200746187,9.607994475970075,47.33856779946749,0.23510554210858137,0.44615101550644565,3.192564100539359,7.502901847633407,100,100
ENSMUSG00000026205,19.170922582328977,896.6872913209437,1.0,0.5130801057669298,28.46506750234387,0.0010049402769960255,0.011816103716858223,100,100
ENSMUSG00000026207,0.8097651139847835,4.676135266697177,14.273924725655377,0.30819409876311626,1.1508704477480232,1.9056203360908008,12.060222681357367,100,100
ENSMUSG00000026208,0.022228808717242744,21.633154483777002,24.115041177329257,0.001,4.393683575681722,0.0014938367654680346,45.597378001097425,100,100
ENSMUSG00000026209,2.695460563263835,398.0313537381523,2231.277148145271,1.9214300100099306,4.680424210057536,3.502042331004155,8.700625796238505,100,100
ENSMUSG00000026211,0.07879408536629427,0.2921568523687932,2.8007845674628387,0.01065400388667873,0.29269789858099443,1.970730586500871,72.54671568953512,100,100
ENSMUSG00000026213,0.566971956471961,2.9170716968671373,3.781448006583886,0.0010100114685706132,0.9983468853788948,0.6419350467467513,1000.7765868668765,100,100
ENSMUSG00000026219,1.3292345735271254,2.4967057350960267,24.75319580705901,0.9425097843951358,9.273110326893423,0.9491921081346538,16.892783389779098,100,100
ENSMUSG00000026220,0.001,62.31581250733508,1.0,0.001,0.0010000000000000005,0.001457372785134668,0.23596513700487393,100,100
ENSMUSG00000026222,0.001,61.259704531272526,1.0,0.001,0.001,0.0019480178874285994,0.10305261059646102,100,100
ENSMUSG00000026223,5.414517258897337,64.60988370004056,462.3188610562335,3.4321918055844263,7.845228969522413,4.609215298415524,17.610258002328703,100,100
ENSMUSG00000026227,0.001,62.31581250733508,1.0,0.001,0.0010000000000000009,0.0017173012275058933,0.1608260503053839,100,100
ENSMUSG00000026228,0.03371140937958054,21.168703144855893,36.03987720654545,0.001,0.25713456155236847,0.10035260092307449,83.89728163237197,100,100
ENSMUSG00000026229,2.685670480428724,7.941950342177971,51.7854751992854,1.9223227713678135,4.915127268754199,2.6075172335334837,10.705224787409868,100,100
ENSMUSG00000026234,2.30743153477323,29.10585400582193,417.37011890119805,1.677359217150511,2.964884099407418,10.41641751042539,23.992705187811804,100,100
ENSMUSG00000026235,0.08077553911302267,12.369577879750805,145.0794465958473,0.048648340957628156,0.11963357085863469,4.512356266964364,22.07830686333402,100,100
ENSMUSG00000026237,0.001,62.31581250733508,1.0,0.001,0.001,0.0016307322400564016,0.12987302567957562,100,100
ENSMUSG00000026238,0.1145707414854742,0.5687503038011393,252.67382853086943,0.001,0.0010000000000000005,0.011878609823323248,1.6054320315884574,100,100
ENSMUSG00000026239,0.1508829696595381,2.2707600710477647,33.232101267274814,0.001,0.24757277573713377,10.964805953851236,1794.0559055564804,100,100
ENSMUSG00000026240,1.067304669477826,2.2728871359556626,6.592819831984142,0.5043088479786992,3.509533796719791,0.6408080990472945,8.638340713061051,100,100
ENSMUSG00000026241,0.004387929759128604,8.509680526016819,47.06483796032295,0.001,0.03134657849926506,0.0021167040793794354,39.35230133935819,100,100
ENSMUSG00000026245,2.6658467174614113,40.21957705902461,69.38499101370486,0.9945822476425619,4.61468683243459,0.9003467982153723,10.017668011190736,100,100
ENSMUSG00000026246,0.001,62.31581250733508,1.0,0.001,0.001,0.0015895101282847096,0.34144139114975464,100,100
ENSMUSG00000026247,0.17296985307558166,46.38048168945378,740.8615176459444,0.11423634987329316,0.21068565630494684,12.139137624522952,27.948253638598352,100,100
ENSMUSG00000026248,0.25259206676401136,0.27254001123358795,2.927223616248075,0.004745036916656003,1.1048525075075308,1.254801236040671,1026.8696887651636,100,100
ENSMUSG00000026249,0.45449916585856515,9.236690182041391,1179.887437604478,0.3231901462494022,0.5134189951058767,106.38619859658186,202.72415837265362,100,100
ENSMUSG00000026253,0.001,66.84427540036525,1.0,0.001,0.001,0.0015151740443573294,0.14749268468600085,100,100
ENSMUSG00000026254,2.8095439236661743,33.77722654290784,175.9020433171136,1.6807231189178724,5.231841107654915,2.5791232551655234,12.745018146699934,100,100
ENSMUSG00000026255,0.010992105774748163,19.228345528183887,21.95123156128119,0.001,6.0495570786829935,0.001469763520786808,17.153014555193863,100,100
ENSMUSG00000026259,0.001,62.31581250733508,1.0,0.001,0.0010000000000000009,0.00177007090521645,0.10452727590040883,100,100
ENSMUSG00000026260,3.7983774715901837,11.806889823053874,49.8769272889227,2.7953609093339082,7.723093001686247,1.5979139806361093,6.918090795604392,100,100
ENSMUSG00000026269,0.3165497037415227,1.6300234479198827,2.5657342691350786,0.0010053650096188672,0.7025363811111147,0.5645479684830987,860.7019903831863,100,100
ENSMUSG00000026270,0.9614521561456689,29.004056132082205,24.484301522671938,0.338639367928643,1.7977383818862838,0.3969424128282631,4.92474108904076,100,100
ENSMUSG00000026271,0.1517887057624373,93.58158748111151,221.65468633245194,0.09761429851510361,0.23611151231846156,0.9821070753439989,4.102953939379676,100,100
ENSMUSG00000026272,0.001,66.84427540036525,1.0,0.001,0.001,0.0017102816943773884,0.12754353462473522,100,100
ENSMUSG00000026273,1.0550493480362253,7.6871447546276,8.514129594043723,0.2197712714508821,1.830293774494088,0.5434978558173578,9.68595558440374,100,100
ENSMUSG00000026274,0.4033343222635985,32.810124961909736,6.421087318688472,0.02895434976124432,33.53099796849718,0.0024732801664132664,1.120303216053215,100,100
ENSMUSG00000026275,1.0390056533240735,1.1277626919517094,11.172494508501,0.6587333100808066,2.8767156907392173,1.9906364991300003,19.131099997807077,100,100
ENSMUSG00000026276,5.103486348230827,613.8220522870272,524.971213188471,3.419251633595799,10.953367586210035,0.39244263623615994,1.3419860573662346,100,100
ENSMUSG00000026277,1.7064305040271517,4.0642290191368415,16.151028756297325,0.942482456444488,3.693218934440078,1.4801100562961396,9.916816858929451,100,100
ENSMUSG00000026278,0.22730799416591374,88.50734910700572,460.4868046059417,0.14593645551619747,0.30586690942686245,3.46076354425619,8.996578337504221,100,100
ENSMUSG00000026279,1.229982111349437,4.390017705767459,6.195396369900294,0.11289163359509902,3.274116970462269,0.3987061956659247,28.044091727719326,100,100
ENSMUSG00000026280,1.4663947289070831,1.215817885688978,8.996436881550476,0.5779832337967041,6.356897537156096,0.7944595825916748,35.246050697330766,100,100
ENSMUSG00000026281,1.7966619851171657,22.651136932164853,92.69152658167454,1.4490436971155178,2.528585524636814,2.5939991026247022,5.72793520466906,100,100
ENSMUSG00000026283,0.13306480400524395,0.2913471009632516,1.6151962606016488,0.001,0.6394917557312019,0.7760372454159458,991.6144480167743,100,100
ENSMUSG00000026288,0.4282965282830732,103.14966607220127,1.0,0.001,5.889576531341977,0.001256315992258218,0.08738357379125664,100,100
ENSMUSG00000026289,0.32043770717227277,0.1472868217444755,2.2047049135024226,0.004525858925497627,3.8271835647540713,0.46813818512368716,1920.6034596985917,100,100
ENSMUSG00000026295,0.001,66.84427540036525,1.0,0.001,0.001,0.0016735910696855567,0.0880152966231803,100,100
ENSMUSG00000026301,0.001,62.31581250733508,1.0,0.001,0.0010000000000000009,0.001902127865727447,0.2876972872025163,100,100
ENSMUSG00000026303,0.003412759453397334,10.505205695434586,26.63497907112467,0.001,0.07057403235505769,0.0029220780298221836,9.515789330414613,100,100
ENSMUSG00000026304,0.001,62.31581250733508,1.0,0.001,0.001,0.0018906708106065976,0.1565378562955691,100,100
ENSMUSG00000026305,2.6512896382586995,295.7478343773386,1473.9093672002855,2.0664474319386095,4.342157012354377,2.9985354548880303,8.297173398135625,100,100
ENSMUSG00000026307,0.4700075395698852,5.243643638591513,4.727745745778558,0.14186996239732352,1.0856787647671813,0.343766105762889,3.801041142494352,100,100
ENSMUSG00000026308,0.0031567507616170774,10.471936682498894,27.697187076875597,0.001,0.18147093654173888,0.0016150392734556296,21.44608982206829,100,100
ENSMUSG00000026309,1.9163763234090396,112.00054759608439,92.7424857922282,0.09891856565211135,3.430127435338422,0.4768924669108142,67.19908608165613,100,100
ENSMUSG00000026311,0.06943777560311191,0.13550941787908452,1.8320504113250298,0.001,0.5564118237817648,1.186765177625328,1123.508596042851,100,100
ENSMUSG00000026313,0.08345786990795437,0.34426087681353473,5.46877647044424,0.018889088455807453,0.19628527688871558,4.733651431095248,81.02550027637722,100,100
ENSMUSG00000026315,0.12731126529601217,2.1681785695180555,7.292530531080866,0.056681035182826064,0.26076780715938297,1.3889192471945244,8.684267796270015,100,100
ENSMUSG00000026317,0.921298303930933,1.576501759523074,5.0632432313638285,0.45591922300853177,1.6417363776286185,1.3718991559829228,9.618436747394735,100,100
ENSMUSG00000026319,0.7769917970106721,5.596705940265901,6.976864243498912,0.20365493688291317,1.3656263180415817,0.5955137925355396,7.737442211587377,100,100
ENSMUSG00000026321,0.001,62.31581250733508,1.0,0.001,0.001,0.0017030636727599126,0.2199236673958686,100,100
ENSMUSG00000026322,0.001,62.31581250733508,1.0,0.001,0.001,0.0019497580015926906,0.3363413534338951,100,100
ENSMUSG00000026327,0.001,62.31581250733508,1.0,0.001,0.001,0.0021351581729265523,0.19655393916795988,100,100
ENSMUSG00000026333,0.42364413951392427,3.757500220524984,3.2458928655484636,0.17004947783602087,0.8731131080294929,0.36861323248348754,2.48525882232916,100,100
ENSMUSG00000026335,1.8841408384127178,52.613446762936235,88.09469925436001,1.1278206587170738,6.796576976383458,0.4464473920576646,4.416137916238925,100,100
ENSMUSG00000026339,1.8550114031912135,53.07773305330462,92.02936427035733,1.2174267265841583,2.803199149264619,1.1128842288730583,3.7393107496824936,100,100
ENSMUSG00000026341,1.4535988664830455,2.2224446414016636,20.93353501844552,1.132327226836283,3.201431608018024,2.7193723660547326,13.404000406454553,100,100
ENSMUSG00000026342,1.5224357018752097,220.12826050091513,260.338821164339,0.3391644822613299,2.8349722456297544,0.7163853804949496,13.11863069402877,100,100
ENSMUSG00000026343,0.09498810867887292,0.8382698955162041,4.20004873244701,0.03456122598788472,0.20882523894046404,2.002387587266001,14.673634299624638,100,100
ENSMUSG00000026344,0.001,61.88525872635182,1.0,0.001,0.001,0.0013758774496593043,0.14975129140497023,100,100
ENSMUSG00000026347,0.001,62.31581250733508,1.0,0.001,0.001,0.0020743595189064734,0.09276093571459869,100,100
ENSMUSG00000026348,0.001,62.31581250733508,1.0,0.001,0.001,0.002040173425435152,0.1401770760755583,100,100
ENSMUSG00000026349,0.24103260552511693,0.4558985706891912,5.5757698575721255,0.07130161056926354,0.46341319614019727,5.511352420747164,49.03979176898146,100,100
ENSMUSG00000026353,2.2075179848048085,5.723367205114732,27.15227291728111,1.3135838955867325,5.449452100849005,1.370014396791348,12.226683616839356,100,100
ENSMUSG00000026354,0.001,66.84427540036525,1.0,0.001,0.0010000000000000009,0.0016634130713613095,0.21106751082558567,100,100
ENSMUSG00000026355,0.001,41.863132427391406,1.0,0.001,0.001,0.0023999538768067065,0.29164408465609926,100,100
ENSMUSG00000026356,1.4092096681391846,2.1724531771085402,15.807382679372866,0.948255644952583,3.337859320406646,1.9924141475702746,14.136300054461874,100,100
ENSMUSG00000026358,0.05579567582020295,2.5324891221551598,2.301003298019633,0.006709549939706428,26.589690673102208,0.0011472320907114702,2.1301758018275945,100,100
ENSMUSG00000026360,0.06856826495868662,1.5402403472476882,7.952164915792673,0.029520067555745023,0.13539657886688972,2.0205254856020263,12.68309245607617,100,100
ENSMUSG00000026361,0.5416608133389209,0.6825492853742786,5.550409027224597,0.15431335723695752,1.4758238207250605,1.6429206421019622,41.41899786719732,100,100
ENSMUSG00000026365,0.06139245005729746,19.257975915218957,7.8936260657499355,0.001,17.18524705278064,0.0011129315700039663,8.54471664716987,100,100
ENSMUSG00000026368,0.001,62.31581250733508,1.0,0.001,0.001,0.0018266105321744154,0.0629781599576893,100,100
ENSMUSG00000026374,2.696874898172924,7.018398227141442,28.843094564282282,1.8979455547342745,5.139215975663625,1.5166795797369077,7.16541347727719,100,100
ENSMUSG00000026377,1.197310563634754,20.752545199723325,60.68639604606797,0.7718186683098489,1.8648426256977186,1.9623468361092877,5.7623646915554,100,100
ENSMUSG00000026380,1.4794348014843814,357.52131026778807,1.0,0.001,6.421403298764747,0.0010075268365361905,0.23443307314264683,100,100
ENSMUSG00000026383,0.16189378048432596,17.72648558058544,7.579999728504487,0.0025760708826045994,38.4174542120982,0.0013869046952863953,5.210240006297038,100,100
ENSMUSG00000026384,0.06988430025203439,2.056962539556155,1.0,0.004119976234475638,27.479432782750607,0.0010000112077712536,2.3595884035095827,100,100
ENSMUSG00000026385,4.38703214754994,304.61674160048943,2287.7000144282615,3.4111499531224068,5.741434730969407,5.587515836025172,10.623186451766497,100,100
ENSMUSG00000026387,0.001,62.31581250733508,1.0,0.001,0.001,0.0018397972587357698,0.3145734933605062,100,100
ENSMUSG00000026388,0.03690877670407828,0.24751064049392135,2.4153612302203986,0.001,0.19564605902858745,1.357064313617225,438.3087172103561,100,100
ENSMUSG00000026389,0.47803042565179166,158.9615079850997,507.01381652741236,0.34622437891344904,0.6501767821181041,2.265081515797126,4.999058815934408,100,100
ENSMUSG00000026393,3.3132655029466496,356.0303539586973,692.5363746249354,1.8214486000171926,4.628285279860012,1.352258570994686,6.2811837685724194,100,100
ENSMUSG00000026395,0.001,62.31581250733508,1.0,0.001,0.001,0.0018366878057458269,0.13244268254439737,100,100
ENSMUSG00000026398,0.001,62.31581250733508,1.0,0.001,0.001,0.0017798002548689372,0.13008359862747648,100,100
ENSMUSG00000026399,0.19588326657433264,1.639846147630898,57.597480698146356,0.07432642530913972,0.25509801825161094,23.63706924849427,317.15764363553933,100,100
ENSMUSG00000026401,8.443173939350274,999.9962232300534,1.0,0.001,19.073733301546454,0.0010000000000265938,0.06573040491419506,100,100
ENSMUSG00000026404,0.5654600827938185,1.4875010240228557,4.746980177039762,0.1719796946527558,1.220086243395858,1.1722060609315292,12.188020723662692,100,100
ENSMUSG00000026405,0.001,62.31581250733508,1.0,0.001,0.0010000000000000009,0.002124731002041168,0.26983019993330337,100,100
ENSMUSG00000026409,0.4215587226938572,32.24380931352976,14.48245442763191,0.06396826754920883,1.3742505464450216,0.14386204041049955,2.7463065246122644,100,100
ENSMUSG00000026411,3.165649676964098,29.123037834502327,62.254036774607336,1.7879361989665448,8.32737489058217,0.7772194905106466,5.529960579720642,100,100
ENSMUSG00000026413,0.016742242280983467,24.804899170707163,60.52043372903338,0.001,0.129256756690092,0.0014408315487235222,55.4569870710808,100,100
ENSMUSG00000026414,0.0018021258547697148,5.4711833361050175,41.39858020465724,0.001,0.014546883363046183,0.001720040459125054,63.20810424721908,100,100
ENSMUSG00000026415,1.4275905501715376,345.13246017114864,1.0,0.001,8.303170370207114,0.0010000000000013557,0.051181523479439765,100,100
ENSMUSG00000026418,0.8351502032981986,199.10283567453752,1.0,0.001,11.259260411244465,0.0010000902302618922,0.0797995089881475,100,100
ENSMUSG00000026421,1.400891103597407,175.92978276339005,1476.4788807864106,1.0490656981819355,2.4837614520161324,4.409664353080745,12.862373633690183,100,100
ENSMUSG00000026424,0.001,62.31581250733508,1.0,0.001,0.0010000000000000005,0.0014425815987665724,0.2056320610762598,100,100
ENSMUSG00000026425,0.2064555647812042,0.20010164339773678,2.777606123939617,0.0041365519002988,1.2217174020611248,1.299710244037111,1043.9105115120792,100,100
ENSMUSG00000026426,3.2402448357367595,29.548048995094714,51.592072856681504,1.5705027851950355,5.953935684710744,0.8564525740681929,6.883726445646829,100,100
ENSMUSG00000026427,0.7195545462704511,0.4357975112838152,4.173341878020938,0.24629160568669434,3.42400051602971,0.7999687437550977,49.69733174903413,100,100
ENSMUSG00000026429,0.09881223472636261,13.805147465292524,27.57814912412842,0.00909413685974091,0.21404743550387081,0.605641587525692,9.162990960770538,100,100
ENSMUSG00000026430,0.10861396070267225,0.2378888107796887,1.3433230561838994,0.001,0.726211629541309,0.5901905346231208,906.0335761937379,100,100
ENSMUSG00000026432,0.001,62.31581250733508,1.0,0.001,0.001,0.001481819321589955,0.09015238662748695,100,100
ENSMUSG00000026433,0.7218970219036144,1.58804154028427,4.350994916848709,0.03736857899766607,1.7165127104533004,0.7719731738335771,140.10511664663846,100,100
ENSMUSG00000026434,3.0610961845159985,33.38807394888375,36.06540550123174,0.612502619558593,5.5309976811839885,0.5175752950273744,16.294637434299144,100,100
ENSMUSG00000026435,6.70976257999576,527.7481333418332,1.004035408023615,0.001,21.415585871002023,0.001,0.014530811891645675,100,100
ENSMUSG00000026436,0.21382960824078745,0.32630794131478935,2.6121875590559465,0.01810166832221076,0.7475770292758122,1.5254522485347883,133.03872625422062,100,100
ENSMUSG00000026437,0.22010275373246668,1.447710977587541,2.854624986996131,0.001,0.46498674193710926,0.7981236455939121,545.6023916294088,100,100
ENSMUSG00000026439,1.424865154852708,4.456863075923358,7.1479609473065295,0.31618641899532984,3.0388274080707287,0.6059933417052319,15.62638542939426,100,100
ENSMUSG00000026442,0.001,66.84427540036525,1.0,0.001,0.001,0.0018292604151687757,0.12156694676483337,100,100
ENSMUSG00000026443,0.001,62.31581250733508,1.0,0.001,0.001,0.0017572688881124692,0.1840272640709193,100,100
ENSMUSG00000026447,0.08850542299781809,18.777588103875708,6.214036396833809,0.00248955488219954,23.383611394461404,0.0010908505485227962,5.5285829821682215,100,100
ENSMUSG00000026450,0.001,66.84427540036525,1.0,0.001,0.0010000000000000009,0.001711096503722198,0.21953336517606195,100,100
ENSMUSG00000026452,0.001,66.84427540036525,1.0,0.001,0.001,0.0018524998711400768,0.21764207676175207,100,100
ENSMUSG00000026455,0.16046122370008883,0.09339724251908499,2.7943808952055003,0.005492487411760548,1.6757249777882064,1.2397367725449806,1232.6965475527327,100,100
ENSMUSG00000026456,1.8707863017435133,393.254327353382,1113.6604059445458,1.3216411318646075,2.4779949797461467,2.15757479244595,4.591567107033979,100,100
ENSMUSG00000026457,0.5455152154322657,0.8805410711796141,3.457764693686073,0.18555375896763748,1.1589531737129573,1.1799220309879144,18.298733727589756,100,100
ENSMUSG00000026458,0.8851908330809943,212.44662419193685,1.0,0.001,8.539375828501441,0.0010000000000183111,0.06765773426254428,100,100
ENSMUSG00000026463,0.09638302930695039,2.5050002338780835,13.004811410761791,0.04095123359146241,0.1867201679473767,1.7176826237352953,14.06343935455305,100,100
ENSMUSG00000026466,1.8719103316923429,207.16300112478464,373.28563013217166,0.9853692586970664,2.4118870764880294,1.3898259310734689,6.045692176073699,100,100
ENSMUSG00000026469,0.7367258923677279,1.5632261447507025,6.365023786128756,0.440212660907902,1.1776263698656506,1.9970513977256734,8.124692331780308,100,100
ENSMUSG00000026470,1.540352111610924,2.2929419094988353,5.631970298977686,0.5513629363461314,3.7783333876033716,0.6391054955599706,13.980083991493306,100,100
ENSMUSG00000026471,0.3537656479183943,1.236395055127395,3.300626140633012,0.014846708539635796,0.8952303063747498,0.7847789734122952,147.61113043906406,100,100
ENSMUSG00000026473,0.6477227434201612,2.5665761934789284,10.50294076271988,0.4182691541431096,1.0177867088354586,2.267910900593568,7.889312487871605,100,100
ENSMUSG00000026475,0.14981040903274268,4.207695455096899,115.63951998753934,0.10290136655946042,0.21066183202439873,14.945788082414655,43.614419292687174,100,100
ENSMUSG00000026478,2.057551877446116,3.378522318037682,21.282757325845512,1.3271814420486763,4.613261551041942,1.7931239756835575,13.349463241052035,100,100
ENSMUSG00000026479,0.44543675056979176,88.16975763797848,325.3206635832517,0.3429181664059944,0.579646632440844,2.26893402022967,5.41836193684879,100,100
ENSMUSG00000026480,0.30733023322679703,33.00288980512342,13.54358157610874,0.04959732848988425,1.1340924613602459,0.08892023696137626,2.865344767022357,100,100
ENSMUSG00000026482,0.17125040966151917,0.36987232822377253,3.0773528667645533,0.049249275697111336,0.5214585460800119,1.8095015817261622,41.15015316407011,100,100
ENSMUSG00000026483,1.5819374820266856,30.389238825267658,283.41330575058134,1.194098089905859,2.0696808024476328,6.81662063202803,14.436235979198617,100,100
ENSMUSG00000026484,0.5225197696264614,3.05979488838121,8.069850043057514,0.15174161477092413,0.8933073519610186,1.293218517387518,12.0716201588422,100,100
ENSMUSG00000026489,0.09524019019145119,18.722028271576786,13.198602506023702,0.02473314130415177,40.750433389988544,0.001093151067224368,3.110938697826594,100,100
ENSMUSG00000026490,1.3054793461872891,3.114730910609701,9.16211855057466,0.4824949090309202,2.4554065545436643,1.0899212091147095,16.67234751976634,100,100
ENSMUSG00000026491,0.7640023006940494,5.0372713204968,7.293066750112919,0.2630712082451824,1.38129913288752,0.7607461274844685,6.554103757664161,100,100
ENSMUSG00000026492,0.2649491090241422,0.44499322484627923,5.7245668851548075,0.0013757458351489928,0.48019092801699137,5.655569993596092,3551.933040973934,100,100
ENSMUSG00000026494,0.004951330117442647,0.07605649054053179,4.383760058020022,0.001,0.07946249282674622,1.5087957044951203,342.4325807049195,100,100
ENSMUSG00000026495,0.04726675617372777,1.1350096675588748,2.3132301761429894,0.0011665927760097952,0.3423824896132453,0.1772117059604767,58.28311239834629,100,100
ENSMUSG00000026496,2.3108703540969713,279.60414285733583,319.5345769089314,1.0299244055337433,3.6420208458061416,0.7247172723430433,5.053499956400042,100,100
ENSMUSG00000026497,0.001,62.31581250733508,1.0,0.001,0.001,0.0017461314946645716,0.17398340830261838,100,100
ENSMUSG00000026499,0.3005410511692029,0.333187522065081,3.8268353200162766,0.07614157896667595,1.0289694765726245,2.347649653123755,50.75534312709256,100,100
ENSMUSG00000026500,0.6551988609877194,0.5364356902119842,9.302157605206133,0.37688878050349295,2.9304758074729698,1.902098350078373,43.73323544483917,100,100
ENSMUSG00000026502,0.2777319041519687,0.31232493594797356,3.6851043892722,0.09969825238247967,0.7428983428025528,3.606273675772897,38.1215220280136,100,100
ENSMUSG00000026504,0.08253869887758736,0.19255202576670238,2.0689939990513895,0.0010170411271288248,0.5001080599873382,1.2733269286360382,954.2854157558736,100,100
ENSMUSG00000026509,2.643543439088642,51.28392763560628,243.88786456459613,1.6705577992950287,5.929732002011631,2.088815606755259,10.994420457913172,100,100
ENSMUSG00000026510,0.33931847747151306,1.601087346856033,3.225441282456477,0.001,0.9354083418216508,0.600365580040231,1169.3038132187291,100,100
ENSMUSG00000026511,2.2269439442117482,21.88665554000761,79.39975450035918,1.541423806184449,3.2565850561994405,2.2478139721435957,7.761663030825319,100,100
ENSMUSG00000026514,0.001,62.31581250733508,1.0,0.001,0.0010000000000000005,0.001773119971576143,0.4466357711763683,100,100
ENSMUSG00000026516,0.8315104783347534,1.3235672163712526,5.254168708055643,0.23898214686685448,2.4249662736924185,0.850364471838602,26.560919600352072,100,100
ENSMUSG00000026519,0.48917451073599943,0.8228004775097392,2.405680925669894,0.1660939089335518,1.6921643106156696,0.5426189912773864,12.668168684220753,100,100
ENSMUSG00000026520,1.1152074003350725,202.3708717164709,302.87241901934095,0.41409420390694396,1.721232932727589,0.9707774675592256,8.921213943585679,100,100
ENSMUSG00000026523,0.001,62.31581250733508,1.0,0.001,0.001,0.0014680625121750756,0.16151500630914764,100,100
ENSMUSG00000026525,0.06329904695742394,20.63977081965787,24.730216007719935,0.009343625162688265,53.25607833536303,0.001030378955656313,3.085460307090213,100,100
ENSMUSG00000026526,2.207228178715862,9.766626771098476,30.720362362616747,1.4021948355896896,3.9869490210861143,1.4047605769572487,6.42779065109764,100,100
ENSMUSG00000026527,0.001,62.31581250733508,1.0,0.001,0.0010000000000000005,0.0015368915143771616,0.12289273089490418,100,100
ENSMUSG00000026532,0.15504677501863945,6.615713353693374,11.529670451252157,0.0025103156248928887,0.27213371800488795,0.9752296718802073,189.0040372594778,100,100
ENSMUSG00000026544,0.3261171728825636,20.361090666249684,26.060745349942454,0.14379302583823905,0.7154526255238114,0.5299563762300844,3.30194288008571,100,100
ENSMUSG00000026546,0.001,55.42650537347377,1.0,0.001,0.001,0.0019345603360355237,0.1997830267845066,100,100
ENSMUSG00000026547,1.4947206785359888,321.7357308349958,5040.228797442198,1.2268532493731275,1.917376633335862,11.550312029702404,20.507199900062176,100,100
ENSMUSG00000026548,0.001,62.31581250733508,1.0,0.001,0.0010000000000000009,0.0015991617490627177,0.2595227535224925,100,100
ENSMUSG00000026553,6.058942837483126,203.98358305052656,611.8441797117605,3.003456164151997,8.271754892171902,2.1204810067489257,11.507552822053924,100,100
ENSMUSG00000026554,3.071177379396076,12.433558194112578,28.381360984491792,1.730072171475971,5.006176801716043,1.1549014235727393,5.469743336077705,100,100
ENSMUSG00000026556,0.004380176821767256,0.025095803339748785,1.0224266168226945,0.001,0.1893819997051822,0.6586839736591656,228.90494163456623,100,100
ENSMUSG00000026558,0.8873441122829819,450.5551225372436,2711.4398152959043,0.6221762716229868,2.4614828976627914,2.663052691357428,9.498493601668503,100,100
ENSMUSG00000026563,0.6752179251365801,1.3742992249304775,6.15044048474738,0.13016014349516453,5.918743550635996,0.33407170785624396,41.53595663988393,100,100
ENSMUSG00000026564,0.001,62.31581250733508,1.0,0.001,0.001,0.0017422865010818251,0.07397492165338859,100,100
ENSMUSG00000026565,0.010994111050339612,0.024967023694051457,3.3757655611970936,0.001,0.2295462252672026,4.045332888804556,1815.6701893641552,100,100
ENSMUSG00000026566,1.165332341643616,6.840264093464086,4.788571754184025,0.12532945962442538,3.106907354179352,0.23387469050689702,13.158851785351782,100,100
ENSMUSG00000026567,0.001,62.31581250733508,1.0,0.001,0.001,0.001831674231764958,0.10184039512803177,100,100
ENSMUSG00000026568,1.438677173152298,3.514424725313231,18.183958355476193,1.0014729028181588,3.0538366231934004,1.6954266017307158,9.491232037996728,100,100
ENSMUSG00000026571,0.33509618960351056,0.9880042412224321,1.1953232461798229,0.12931206298279024,2.276970033862928,0.12690410874700236,3.455391943129573,100,100
ENSMUSG00000026572,0.001,62.31581250733508,1.0,0.001,0.0010000000000000009,0.001682133506840964,0.10905688315807449,100,100
ENSMUSG00000026574,0.0691704004833725,753.7119284367063,10000.0,0.06787289190330278,0.15022574372948402,9.27459050146394,51.92055249048176,100,100
ENSMUSG00000026575,0.783518372354692,4.299768482775173,5.8817645086035615,0.0016472805744727121,0.9671591200224068,1.2149224736870494,1324.399213260802,100,100
ENSMUSG00000026576,0.026578668143214166,0.38368661902175555,9.935128049347433,0.008792574529094783,0.07600936003048128,4.135544099172636,72.62862366619123,100,100
ENSMUSG00000026577,2.370009177610632,300.8130878374574,476.9128000271754,1.3576678704493523,3.597035080269846,1.0774836117464988,4.215949076704929,100,100
ENSMUSG00000026578,0.5145451666986806,29.428792331879894,14.284723038753572,0.008928772293113245,1.1021317718880197,0.2289208363132137,83.41441838184734,100,100
ENSMUSG00000026579,0.03831806576616853,20.373133774250366,28.431835811557544,0.001,0.4729637903084029,0.05551188242060548,50.783997734266464,100,100
ENSMUSG00000026580,0.12003143817472645,10.835334958571236,84.11040451039122,0.07865502541274161,0.16133374553639138,5.4065637563113675,13.819560569608166,100,100
ENSMUSG00000026582,0.001,62.31581250733508,1.0,0.001,0.001,0.001473171551849541,0.4118459265826673,100,100
ENSMUSG00000026584,0.167692729798145,0.28758692025199745,1.6266330780764624,0.001,0.8664199106000886,0.7417213803083594,1085.4626374215165,100,100
ENSMUSG00000026585,0.8519879010755959,1.5875612171889577,8.77241637257321,0.4859641718768794,3.093341876845037,1.048183845684999,13.643377746384484,100,100
ENSMUSG00000026586,1.9470557629987881,40.32559149308158,207.9872518103151,1.4498705700309915,6.911342392990257,1.5568567535705968,8.278459370901265,100,100
ENSMUSG00000026587,0.001,61.88525872635182,1.0,0.001,0.0010000000000000009,0.0016410768966706466,0.19330631080262262,100,100
ENSMUSG00000026589,0.13939452497938012,1.3401292896963188,4.008617257027432,0.043734039876577695,0.2859201789170307,1.2479908692145214,11.02025045650633,100,100
ENSMUSG00000026592,0.001,62.31581250733508,1.0,0.001,0.001,0.001603523552586827,0.15003981034285585,100,100
ENSMUSG00000026594,24.933271182902317,976.0197882736795,1.0,0.001,33.98178052819395,0.001,0.009452599709331341,100,100
ENSMUSG00000026596,0.9801019529827003,2.2482178244309936,8.591772582918962,0.5025922261444935,1.9349436541556027,1.291843527367909,12.091822043973213,100,100
ENSMUSG00000026600,1.0380334307145502,134.26235235427117,364.7058234087621,0.7671448308868185,1.4039949871378092,1.880529630007286,4.20634619118786,100,100
ENSMUSG00000026601,0.04712990857190552,20.05482436139747,14.120518124603736,0.001,19.86455011914873,0.0010576758430595472,6.138987626955343,100,100
ENSMUSG00000026603,1.518544089922333,9.334470142628417,30.701600213083992,0.9760306742407825,2.0923458488766804,2.1720199383867698,6.398235117906911,100,100
ENSMUSG00000026604,0.7021985235696405,1.482923210749464,8.274792982417118,0.45152405907382664,1.107801944448657,2.851212876095687,10.989170440486024,100,100
ENSMUSG00000026605,0.011703622274313905,0.7373747090593897,12.859088359608025,0.001,0.10993694117944634,0.22859327487779318,59.76346742667461,100,100
ENSMUSG00000026608,0.35953092861078906,0.8664384330250874,3.247083711261042,0.013098631655700826,0.9424878152660903,1.0940329226138423,313.314439619826,100,100
ENSMUSG00000026609,1.9751834003142985,475.50700159073045,1.0,0.001,7.417512501941619,0.0011034636115507196,0.10798309255958563,100,100
ENSMUSG00000026610,0.001,61.88525872635182,1.0,0.001,0.001,0.0016442354477908057,0.21579609369001637,100,100
ENSMUSG00000026611,5.654703720479373,680.8860085015151,1.0,0.001,14.1517825119039,0.0010160273478964448,0.022716339075397444,100,100
ENSMUSG00000026614,0.001,62.31581250733508,1.0,0.001,0.001,0.0016406515742144472,0.17938286750733834,100,100
ENSMUSG00000026615,3.051196209093714,17.656387410371927,88.3229273317706,2.0284373047883353,6.316369053492874,2.022602717801165,8.837105334780146,100,100
ENSMUSG00000026617,1.1143069756077564,3.216670982643492,7.691691162906817,0.49424751356485885,2.0899520969858676,0.9639529194349918,8.034623499098862,100,100
ENSMUSG00000026618,1.2489350558682881,4.978835589883728,12.15533843129085,0.5553916724231396,2.806875197112895,0.897286126129681,8.952491663587965,100,100
ENSMUSG00000026620,0.11112974394027485,3.669078259280248,7.805961014550347,0.001,0.24881998165469502,0.7567426609649155,231.40059241114045,100,100
ENSMUSG00000026621,1.9084349789585087,457.80829610882074,1.0,0.001,12.064906474895894,0.001,0.060484551500375155,100,100
ENSMUSG00000026622,0.024434252744493234,14.469056229785275,68.07365365720457,0.001,0.06441513805357538,0.10879586885589093,189.6182412642092,100,100
ENSMUSG00000026623,0.0729747063835752,0.2545939482838203,2.3048269656752995,0.001,0.3533782110308854,1.3574756579345193,679.854205195413,100,100
ENSMUSG00000026626,0.3141438802936138,0.6939276774427354,4.749400499135893,0.013135857040862835,0.8505408762048838,1.946355958641851,227.77642517090118,100,100
ENSMUSG00000026627,0.347795738463412,3.004244264706801,5.445365786099349,0.1846885430911953,0.7146018204340399,0.7374306026075874,4.024915271756795,100,100
ENSMUSG00000026628,0.023656790392050226,24.287699054525277,116.78005714544209,1.4633549445765248,49.80705871507821,0.0010242827770942152,0.008992936690932856,100,100
ENSMUSG00000026630,0.001,62.31581250733508,1.0,0.001,0.001,0.0017387456005611276,0.6523577632847916,100,100
ENSMUSG00000026632,0.11051625311877865,0.27282589368066956,1.3141552214614094,0.0028885738960162826,0.7320675093163758,0.4743232342651511,184.33720282605714,100,100
ENSMUSG00000026634,0.23522898444521814,0.28793661012151023,1.9659070786303074,0.08603379956494107,1.5338583558807006,0.5648362455705926,24.03608237493102,100,100
ENSMUSG00000026638,8.320240977504195,998.5051768834971,1.0007728417221071,0.001,20.64465623961854,0.001,0.05036431637747468,100,100
ENSMUSG00000026639,0.10934929367373462,21.86646310690547,42.94915959745159,0.00113914903171044,0.22773200089589282,0.9055503641688774,221.36970802090008,100,100
ENSMUSG00000026640,0.38161959514133625,1.6814006473418492,11.356768073278516,0.21575250834625848,0.6167435239356879,3.6075102836573327,13.475702929198164,100,100
ENSMUSG00000026641,0.7425907260260902,0.4918224924318988,2.7475757167483628,0.11612542646510657,2.9348329125142376,0.6288562355643623,67.95955685072681,100,100
ENSMUSG00000026643,0.8142536429626385,160.93232266412426,226.63641266918134,0.3884222161355366,1.1064339699656873,1.0202517787813887,3.8768537164060515,100,100
ENSMUSG00000026644,6.3426902392521,763.772844724742,1.0,0.001,16.744735489526157,0.001,0.01429523284953768,100,100
ENSMUSG00000026645,0.001,62.31581250733508,1.0,0.001,0.001,0.0015463537171050011,0.19978530270482656,100,100
ENSMUSG00000026646,0.2699628311430458,31.693904207086533,15.416294984437382,0.033512538507842415,7.313145614075811,0.050547556888633806,4.235703927233744,100,100
ENSMUSG00000026648,0.11957853546553197,17.01563819845499,15.743697075364405,0.02775159068063226,0.779497746048597,0.004446305906024615,2.493202573145749,100,100
ENSMUSG00000026649,0.10356983922509114,27.04408125574374,1.1202310798824295,0.001,8.44311998191569,0.001000000000076406,0.09661814139931982,100,100
ENSMUSG00000026655,0.5531565094597075,2.029267659780755,8.19163162301278,0.2620432991244387,0.9250166415656926,1.9406536693126073,10.175205168836142,100,100
ENSMUSG00000026656,0.001,62.31581250733508,1.0,0.001,0.001,0.0015494931327735642,0.26729322785165943,100,100
ENSMUSG00000026657,0.5443641102864429,1.3386422997752792,11.034114731461514,0.3510119257751053,0.8016523451070495,4.910002283569873,15.11283860840091,100,100
ENSMUSG00000026659,0.966093652138678,1.0372330053424987,5.26400193400319,0.4093465729584064,2.548813637488567,1.0108185226324249,17.087136088797568,100,100
ENSMUSG00000026662,0.5624240916261215,0.6538522297881381,5.1589132617645035,0.3661734958255345,3.8476368260093774,0.6441998785639763,17.214518381511134,100,100
ENSMUSG00000026663,0.1363414383146331,0.2063270793301928,1.890608389164024,0.0030512930906340923,0.7923215738309088,1.0085501893232793,450.01497223361554,100,100
ENSMUSG00000026664,0.7043428124277895,1.7051516806633187,4.197393526793994,0.3983723265207219,1.8964606221621305,0.642339652986885,5.215794515665708,100,100
ENSMUSG00000026667,1.7091221912555496,2.226982626592136,9.270800098989364,1.0435459971041021,9.298211671957791,0.4354374155070825,9.143472549228244,100,100
ENSMUSG00000026668,0.001,62.31581250733508,1.0,0.001,0.001,0.0016505524363803574,0.4238379033188817,100,100
ENSMUSG00000026669,0.033783147117464614,0.6211540590112236,3.2003677807741004,0.001,0.12313102940741763,0.9198701401969283,174.96088098487542,100,100
ENSMUSG00000026670,1.0015801669414532,128.74136561737686,953.7041596131631,0.8078639654631007,1.5379476871162174,4.095532562799123,10.021844678068884,100,100
ENSMUSG00000026672,0.7752942434272068,94.37283189162099,171.73102377790565,0.5433942781932029,1.04498591292002,1.142558847440453,3.115181664192085,100,100
ENSMUSG00000026674,3.7831354063096496,82.9298528215374,247.0288482266798,2.7771285918393174,6.858645835604365,1.5758245007546583,5.293371488956721,100,100
ENSMUSG00000026675,0.5772829143187505,1.3232609464856415,8.134959692853688,0.36692270251203585,1.1306240430730963,2.214726215731923,13.067119423150832,100,100
ENSMUSG00000026676,0.13103705730138046,1.0209930152900157,9.862509109838355,0.06821003469519855,0.21486081133757,4.920740363807354,17.408462302889284,100,100
ENSMUSG00000026678,0.02396068177575607,1.4486254223238488,16.9626439303554,0.001,0.061297166379125204,1.1298362019062873,70.28615871978764,100,100
ENSMUSG00000026679,0.12610437281667655,31.859313157882095,27.7941225597649,0.001,0.343125825519343,0.227289345068795,137.7124241334202,100,100
ENSMUSG00000026683,0.025596664387177833,7.091970893782099,62.75531181187837,0.001,0.07486091874791809,1.401847532907598,379.11283160443793,100,100
ENSMUSG00000026687,1.7942374241939358,385.2507769026706,397.7178006155221,1.013827447847306,2.8964510019608354,0.6775613946205173,2.227514590869861,100,100
ENSMUSG00000026688,0.7369198586640435,56.714432128208735,459.2323441429181,0.5620983123695931,0.9075632023810865,6.528569173743832,12.214034614492068,100,100
ENSMUSG00000026691,0.001,62.31581250733508,1.0,0.001,0.0010000000000000009,0.0016575355147466126,0.15498394171950514,100,100
ENSMUSG00000026692,0.022593357942280984,20.705694613891424,15.0632073005379,0.001,12.82447317616391,0.0011920927080448244,16.073934063420616,100,100
ENSMUSG00000026694,0.39668831980664193,0.6766647668194716,1.700027859964156,0.006912324598424921,1.6333487810768164,0.38244326592106725,595.9892102355648,100,100
ENSMUSG00000026696,1.0468880207087614,1.9928833894397868,4.766637319929718,0.2559923395312093,2.558769358855206,0.6364240651851849,22.585397749297222,100,100
ENSMUSG00000026697,0.001,62.31581250733508,1.0,0.001,0.001,0.0014181594267469726,0.11645925681488763,100,100
ENSMUSG00000026698,0.7222287559872133,1.5493462559588909,5.525279672925598,0.21339619250085967,1.578760061034948,1.0871535177490634,18.04438422122042,100,100
ENSMUSG00000026701,0.768241333527397,16.242588936954316,619.276826572693,0.5758018478192601,1.1126066757339932,24.662512721190655,55.6785130918726,100,100
ENSMUSG00000026705,0.004009513527414276,0.003021187753526111,1.4610496637743113,0.0012491927315609246,1.2597341183381516,0.9554046981450511,1390.419074821316,100,100
ENSMUSG00000026707,0.42615653496707134,25.787731752829938,20.942205710810235,0.001,0.6517861759139993,0.495690809044811,722.1792296998756,100,100
ENSMUSG00000026708,0.01741202018546044,14.62732508899576,22.637101977969564,0.001,3.9834990867215474,0.0012156701814189231,35.25521367516327,100,100
ENSMUSG00000026709,0.001,0.030202774444311145,1.6445702154154433,0.001,18.321834235836327,0.0011475835950922404,111.84452572474395,100,100
ENSMUSG00000026712,0.01988273771657073,0.1811239228547823,1.0,0.001,0.24368788892143559,0.16920489885308984,104.1480855060637,100,100
ENSMUSG00000026715,12.827045161018328,1000.0,1.0,0.001,19.90730329709981,0.001,0.012716468598156366,100,100
ENSMUSG00000026718,0.8607162527575861,0.9159691289457572,5.070774949777094,0.538974394443662,2.5587936913433444,0.9438388225645175,11.58924194642737,100,100
ENSMUSG00000026721,0.01484660869668176,0.0255728690335163,4.478271332202922,0.001,0.1398377950424167,9.394401281908605,3599.1045549414084,100,100
ENSMUSG00000026723,0.27975230485386404,80.18094002835265,44.56030460291626,0.08416540546210352,1.5157256075811572,0.08477745392919171,2.2230135720102124,100,100
ENSMUSG00000026725,0.001,62.31581250733508,1.0,0.001,0.001,0.001950477248437165,0.20636031989079312,100,100
ENSMUSG00000026726,0.1824732656454985,1.0543031311405362,2.4500011604155976,0.02202951567893813,0.5520339395788906,0.6396350047637366,23.365985552107844,100,100
ENSMUSG00000026727,2.9877038040530377,999.999999998433,6569.743307656455,2.347996693436966,4.24861494566342,4.440883765542225,9.026369839033919,100,100
ENSMUSG00000026728,3.1383088327614854,26.31774857981392,1669.8965012348372,0.1742395564984578,13.118469849543388,2.133551386577559,4013.3225975389983,100,100
ENSMUSG00000026729,0.001,62.31581250733508,1.0,0.001,0.0010000000000000005,0.001297411959324302,0.18137393418489617,100,100
ENSMUSG00000026730,0.603423629299814,1.6454318581516842,6.720616626014189,0.2846505216836856,1.0523391353837952,1.7276950681636505,10.860936425805416,100,100
ENSMUSG00000026736,0.07452289268597437,0.7078183819586309,1.7429911279616273,0.02529613338463197,0.308027475973345,0.4447435460455661,7.7869911404265615,100,100
ENSMUSG00000026737,0.5529758579120827,0.6033441171767336,4.028092186490365,0.2514489483891773,1.734767839064448,1.2251359466059253,18.0324424743025,100,100
ENSMUSG00000026739,0.8020440503120704,32.5932030009136,7.759283771750882,0.19094269095470756,10.240628067724167,0.022939746474324854,1.154601725598932,100,100
ENSMUSG00000026740,2.04984623805151,3.685454435514553,10.612547608977245,0.9397288562502175,5.259473655582541,0.7524342818133951,9.981479785614594,100,100
ENSMUSG00000026743,0.0028527828750350486,0.004128049462429669,1.5045967236404743,0.001,0.61290539801633,0.9881800854446438,1164.3254120618353,100,100
ENSMUSG00000026748,1.886158616016189,19.24981864735351,72.38787715160444,1.072663608086426,2.691396105068086,2.5399154745630517,11.170521507629692,100,100
ENSMUSG00000026749,2.6031816567110004,420.642500554397,530.559186115037,1.1110827526173905,4.637985120300112,0.7109989822102843,7.691343057400214,100,100
ENSMUSG00000026750,7.25241221196967,101.16867228966936,366.71698980432905,4.299825099664145,13.368455218936194,1.8412699443510274,9.667691637770014,100,100
ENSMUSG00000026751,0.001,62.31581250733508,1.0,0.001,0.001,0.0016968303647882095,0.8762031073343841,100,100
ENSMUSG00000026753,1.0584486170618723,1.2588522049377169,7.546595931333974,0.5883583965207244,3.3971528643641955,1.0497112021021786,14.592353816929798,100,100
ENSMUSG00000026754,0.08868414238266827,0.1323302036192651,2.283173503194503,0.0010358250960837913,0.6930498465999376,1.33391816242901,2025.8987335554486,100,100
ENSMUSG00000026755,2.0997332877370556,8.252304403250827,42.403969707426384,1.442270470899635,5.115432165320887,1.7691198733718045,10.202815036677702,100,100
ENSMUSG00000026761,2.6373907259295457,38.460972433002766,39.406304104802906,0.9834835002551315,5.208029527864415,0.5270600726032422,5.765114491779263,100,100
ENSMUSG00000026764,0.03543988057055918,0.9334295795774052,2.4583950710724323,0.001,2.9143141117692277,0.10500226433926944,115.26964582291114,100,100
ENSMUSG00000026765,0.005046819411384594,8.484123921985365,33.687457281934286,0.001,4.948322623232562,0.001417436694434741,32.17476142580374,100,100
ENSMUSG00000026766,3.20840465296899,13.57383409260979,31.857235801265524,1.9189873327702744,6.544277517890562,0.9228916786398911,6.096891731374587,100,100
ENSMUSG00000026767,2.2216719893026227,22.810125588236296,13.729530540255867,0.8650188494622302,6.992485404246648,0.17165137433567196,2.923489376014082,100,100
ENSMUSG00000026768,0.06443126002415278,9.626561772357626,11.218819655996432,0.00744401649494275,28.952574020340627,0.001502877972936142,4.383904439182602,100,100
ENSMUSG00000026771,0.3883804889339595,1.0567030108123976,1.9270509256870356,0.001,1.6056616347142791,0.31793170865492526,912.5825347107238,100,100
ENSMUSG00000026773,0.11958385041091944,0.19516544016121942,1.915892257035991,0.0016591446314622202,0.7348261394064292,1.0299528237601665,999.2408710456534,100,100
ENSMUSG00000026774,0.001,62.31581250733508,1.0,0.001,0.001,0.001674803932794951,0.1938552552147355,100,100
ENSMUSG00000026775,2.5256975442837946,50.40184153346233,88.53380246496818,1.3444187096384785,5.273829503197943,0.8235067338396562,5.689261434195368,100,100
ENSMUSG00000026778,0.001,62.31581250733508,1.0,0.001,0.0010000000000000005,0.0015151026464928765,0.1488650016467818,100,100
ENSMUSG00000026779,0.04227306216692129,0.5882028127855502,2.445204085566131,0.0035763682124794714,0.24028038697805454,0.7623754185967437,42.63409446553497,100,100
ENSMUSG00000026781,1.768778125473473,219.71921949997287,233.11144238489885,0.836185151282385,2.6007985811293515,0.6553312868706578,3.5425256971388492,100,100
ENSMUSG00000026782,0.4490661096433736,161.64507632977828,336.8768428115938,0.16530997823221297,0.6246277794272153,1.3841196067142416,6.829190322673258,100,100
ENSMUSG00000026784,0.377511342546261,0.9170694869425285,2.9730457034416737,0.17369372914862752,1.0169129461545185,0.8040510906340643,10.752325099525677,100,100
ENSMUSG00000026785,0.2899642402524889,93.79979676420061,92.89265633696341,0.14754564408874593,0.7987376975309104,0.3249658136705366,2.454878674910808,100,100
ENSMUSG00000026786,0.11767124783624511,27.642871523193335,39.208625900188835,0.001,0.24164138818869565,0.5990727147693327,281.25178916462954,100,100
ENSMUSG00000026787,0.001,62.31581250733508,1.0,0.001,0.0010000000000000009,0.0017660993000946565,0.12617596455271068,100,100
ENSMUSG00000026788,0.037592855910257725,9.996382369693771,24.455385909316462,0.001,12.785006739585388,0.0025185685159656687,147.19703290564462,100,100
ENSMUSG00000026790,0.37449944292245896,0.5630476320270876,4.186009378679859,0.004686462332211536,1.0201985000320697,1.9421852135427393,970.5712308214406,100,100
ENSMUSG00000026791,0.001,35.62727072597383,1.0,0.001,0.001,0.0037816468652227776,0.21774871420134906,100,100
ENSMUSG00000026792,0.06567720497112631,1.789421187405016,6.159822188395869,0.001,0.17101529696389495,1.0017427367706264,308.8726620025217,100,100
ENSMUSG00000026796,4.148526268409424,27.19010787869168,142.62382022183976,2.896695276329708,6.331389416926431,2.966232580059561,9.496548594030447,100,100
ENSMUSG00000026797,0.27286077322177027,0.1756461887949046,4.350281534956009,0.09136377269896549,1.4370508228681738,3.3630939704810454,82.30775086749527,100,100
ENSMUSG00000026798,0.0011629317326134468,0.001,1.9492433208552,0.001,0.7667252416629031,1.6800403216386415,2010.228881734337,100,100
ENSMUSG00000026799,0.3236072762924579,0.3314266681761441,6.754746276822675,0.14110884634562615,0.7641926906755325,6.490906331333287,57.99809261303896,100,100
ENSMUSG00000026803,0.4997003606288925,0.6784103467816278,3.8261518327507043,0.20013706398277023,1.330733369818332,1.5392930320706733,19.0905045298896,100,100
ENSMUSG00000026806,0.06097113420084381,0.07219629201431178,2.119853692909099,0.001,0.7062307459412309,1.5353418984709997,1933.4743081265292,100,100
ENSMUSG00000026807,0.001,61.45463549419866,1.0,0.001,0.001,0.0019326219677502782,0.22246496547742017,100,100
ENSMUSG00000026809,0.12428714328683137,3.3636851990352357,1.5162246341350962,0.035059735168499015,36.095063766827366,0.0012004570829403636,1.4120161929829076,100,100
ENSMUSG00000026811,0.8041678215544524,2.2695957844331507,9.728360776984562,0.36756046420641364,2.8450484312234066,1.0779732114116134,12.686849053111118,100,100
ENSMUSG00000026812,0.3192944815824962,0.3642487094216061,3.1411186996442173,0.008621215924171014,1.239453502925394,1.2493217758923567,444.0374880469783,100,100
ENSMUSG00000026814,0.08597001363122418,0.31760939493098034,15.365736614875955,0.04877221417975298,0.1648977611639852,22.310268372878234,95.53225286832169,100,100
ENSMUSG00000026815,0.001,62.31581250733508,1.0,0.001,0.0010000000000000005,0.0020645695821631437,0.13150143026361658,100,100
ENSMUSG00000026816,0.0747095882142926,0.06694628985153092,1.5656044527818949,0.018549970720783168,1.2663659894587305,0.685962304905127,109.73254451141054,100,100
ENSMUSG00000026817,0.001,13.200824771510755,1.0,0.001,0.6380092041233284,0.09577501600795013,11.10830911583739,100,100
ENSMUSG00000026821,0.6947646076157389,2.5299553138369943,3.580604684426222,0.0594513675954841,1.4933157232868977,0.5538678298911552,29.21641697278094,100,100
ENSMUSG00000026822,0.001,61.674132606755,1.0,0.001,0.001,0.0020742508953272526,0.27350497813496566,100,100
ENSMUSG00000026825,0.001,30.022114890022486,1.0,0.001,0.0010000000000000009,0.003279223282336035,0.2892655993970145,100,100
ENSMUSG00000026826,0.0568176122705219,1.87150898734704,6.359894261494017,0.010521435343438662,0.16952041804935963,0.9604519535112226,13.163429385254037,100,100
ENSMUSG00000026827,0.7228474662232869,168.2799969433457,404.55541096799004,0.43319841570438433,0.9596006924281979,1.7255282401830898,4.970843996854142,100,100
ENSMUSG00000026828,0.001,59.75744064589286,1.0,0.001,0.001,0.00188132687105047,0.4095104013859835,100,100
ENSMUSG00000026829,0.6929120873771311,166.48605762337863,1.0,0.001,9.476179149362881,0.0011855553832329003,0.2189665630096968,100,100
ENSMUSG00000026832,0.001,62.31581250733508,1.0,0.001,0.001,0.001937165562066821,0.1787098377711896,100,100
ENSMUSG00000026833,0.32364681657632294,1.6314229299775667,4.765998977179256,0.14684312075796713,0.601445356404669,1.2403679576297004,7.062423734618084,100,100
ENSMUSG00000026835,0.001,62.31581250733508,1.0,0.001,0.001,0.0018036917796657435,0.21839039035270236,100,100
ENSMUSG00000026836,1.8161347987560763,30.052932205398463,47.421498461955046,0.9877225304505759,3.032715567450234,0.9147558700741342,4.495286651176143,100,100
ENSMUSG00000026837,1.748308278666635,7.516329289684353,361.55610036947974,1.3916976726283536,2.5710011623376774,26.71889969236546,64.71278088835014,100,100
ENSMUSG00000026839,0.21433678859911282,17.78673621827157,3.48434480010421,0.03998780866084718,38.918059233329245,0.0010431689612860717,0.8008335135704869,100,100
ENSMUSG00000026841,0.001,59.52330063774062,1.0,0.001,0.001,0.0015694861545430905,0.2306631447534484,100,100
ENSMUSG00000026843,0.001,13.390426730109503,1.0,0.001,0.001,0.046261866267908125,3.08661253663415,100,100
ENSMUSG00000026848,2.4184333461023835,10.724857108265427,21.828818598016483,1.5280545116682918,4.3503344177869305,0.8717110342963375,4.855187248625385,100,100
ENSMUSG00000026849,1.6129392729848535,7.379758413561271,13.904521651520634,0.7267662929255212,3.3371045749226846,0.800637378567763,6.723058140531518,100,100
ENSMUSG00000026851,0.5642706398654119,0.8243917550972967,13.560708092177007,0.3226393973519992,1.5408217048578383,3.5099463240668483,32.475562002086235,100,100
ENSMUSG00000026853,0.5423544762217689,0.4288174866906683,4.374663691113837,0.26416296766817243,2.15835419883707,1.148875926347624,25.012455070857655,100,100
ENSMUSG00000026854,0.08054469276003262,0.3418779874035999,4.57234931307495,0.001,0.24072860852335926,3.7456918044158583,790.539033906048,100,100
ENSMUSG00000026856,0.00375765759326975,0.004620859850267055,1.6737937472629731,0.001,0.5751821062906328,1.4116805134368913,1381.5857382136737,100,100
ENSMUSG00000026857,2.0616690997325984,223.74162560409425,681.5828199982225,1.5472322910075542,3.199658192743474,1.8957468988826265,4.2432136696459,100,100
ENSMUSG00000026858,0.5431698672384785,0.8848774916073849,2.356382234444765,0.23990715679545965,1.8769209482260525,0.46557796682048214,7.061495393412839,100,100
ENSMUSG00000026860,0.5695474878144359,1.5608433211050379,7.295028799481382,0.1765558252410479,0.8592645878989551,2.822163419403374,19.148721281708283,100,100
ENSMUSG00000026864,2.4377375413562175,598.678672239507,10000.0,1.8242782346855093,3.0664123804428662,12.928240089853453,25.479562690243476,100,100
ENSMUSG00000026867,0.36476509409709146,0.5317275521230219,5.619204411961806,0.11925413819876637,0.689645353236432,4.356778541548188,43.23475638364647,100,100
ENSMUSG00000026869,1.830631206198503,4.844965100169108,15.239934828081248,1.1686260677980833,4.161832824197425,1.0515675958726216,7.219241042010598,100,100
ENSMUSG00000026870,0.01580567013452446,23.86804451695956,42.39002637309297,0.001,4.071860243238917,0.001712813739892014,42.50531203380224,100,100
ENSMUSG00000026872,0.0863508710838177,0.17107097383339376,7.831571746179004,0.029774685744860627,0.16350889600122004,18.602013856497607,134.9933031748881,100,100
ENSMUSG00000026873,0.8351502032981986,199.10283567453752,1.0,0.001,5.793214166436588,0.001260348129501092,0.08690557030646288,100,100
ENSMUSG00000026874,0.0032801894036665062,8.680153989218681,21.139517402723143,0.001,0.05228784326493853,0.0017034096839446066,25.41495601715934,100,100
ENSMUSG00000026875,0.0032690628691855613,8.96997212603367,21.857514037046418,0.001,0.02130148323833854,0.002571202137480288,16.49082481306532,100,100
ENSMUSG00000026878,0.642357835910986,2.1812285758236087,30.223930334901755,0.4597865751901493,1.0193103538995552,7.675783974899977,21.4032055736794,100,100
ENSMUSG00000026879,1.3086775994739042,3.630851962443592,102.20182675768821,0.9945609549356648,2.2573120382028096,12.61665858964925,39.842233557629584,100,100
ENSMUSG00000026880,0.35466541357921966,0.8348597956618096,40.39838246999131,0.24099004249952974,0.6188533972973482,21.298819389897123,69.7806445993217,100,100
ENSMUSG00000026883,1.2054590887597914,2.5895996866590876,7.940883930595645,0.329308924409331,2.272674557870232,1.1320825932737137,28.9093081744371,100,100
ENSMUSG00000026885,0.058357546646684834,19.640466787748835,15.418601116931193,0.001,0.3447228829304895,0.050408018626534844,66.72101695372479,100,100
ENSMUSG00000026887,0.12380781069172475,0.14829191053172536,3.3879821162245904,0.0011050044256578691,0.8713831350628136,2.03979594762717,2821.627318867412,100,100
ENSMUSG00000026888,0.4303973382403552,63.51362276374697,262.05789949985467,0.27908805392358704,0.5468070571605174,3.0563417310702565,7.409946079018846,100,100
ENSMUSG00000026889,1.3045027058844019,3.2036611618703708,10.060919224255219,0.24271508618624457,2.865123844844459,0.986775822002567,42.318802362029885,100,100
ENSMUSG00000026890,0.0032801894036665062,8.680153989218681,21.139517402723143,0.001,0.06152323165202661,0.0017494082046893575,29.877367689556397,100,100
ENSMUSG00000026893,0.1879991761509061,5.387412442025922,4.67690668641073,0.08222751900728942,0.4684886240569922,0.3014590451993008,2.131748019669161,100,100
ENSMUSG00000026894,0.001,62.31581250733508,1.0,0.001,0.001,0.0016478920192310735,0.08638853028629559,100,100
ENSMUSG00000026895,6.162579735422165,999.9999972972262,2502.36418785885,4.4258062660498725,8.89928179115955,1.742393042332919,4.611398605930944,100,100
ENSMUSG00000026896,0.41982852646517244,2.9733298955581375,7.824681983330985,0.26631216581835526,0.6206453698673552,1.3983915641545956,4.477839888313394,100,100
ENSMUSG00000026904,0.001,66.84427540036525,1.0,0.001,0.001,0.0018466331335731917,0.2321617495710568,100,100
ENSMUSG00000026914,3.2163798898562814,15.754976121889047,57.23848298141506,2.1259262157439025,5.689213730680156,1.7580880890828128,7.338633079502361,100,100
ENSMUSG00000026915,0.19344936964484089,0.8186117679133855,2.5719817805132337,0.0016068277910311882,0.6884602801916363,0.6926773836645743,637.6710906469539,100,100
ENSMUSG00000026917,0.603766733925978,1.3456367732847279,5.208816836080624,0.20406060472569626,1.3385239968889109,1.2469930011299586,17.50454335273598,100,100
ENSMUSG00000026918,0.7440944893450618,2.0006093876159783,7.063881553369545,0.40112235229357085,1.5974225576876013,1.1649911176959789,9.483152130368694,100,100
ENSMUSG00000026919,0.001,62.31581250733508,1.0,0.001,0.001,0.001778734024786878,0.16345914567558173,100,100
ENSMUSG00000026921,0.17018191770375385,18.01156313877348,4.125831327398718,0.001,37.90630660210817,0.0010117364082561967,1.1157164953274932,100,100
ENSMUSG00000026922,0.3571739333178821,2.1593072828621667,5.4674359364869165,0.09342047625176927,0.7208058354157361,1.0493452906164675,13.374676415309423,100,100
ENSMUSG00000026923,0.1239108598248395,0.5690510768212139,4.839652176916817,0.001,0.274923012310045,3.3643303442293995,1235.0824465105534,100,100
ENSMUSG00000026924,1.470269121860755,5.164836870244254,15.384626890805452,0.8217314060797971,2.9578762094005238,1.1815022725245332,7.690830866704838,100,100
ENSMUSG00000026925,0.23797449917340568,18.089429351238792,27.065830265905753,0.001,0.44307219752573845,0.760705627491542,483.53673894712404,100,100
ENSMUSG00000026926,2.278144785084786,7.5719407130726895,34.60344687688831,1.5174447720848372,4.596293819807468,1.7664351504159117,8.233985206704634,100,100
ENSMUSG00000026927,0.7230345754654166,2.9756007176865955,4.966081895041195,0.2768360610192123,1.4469914216814677,0.6644345379371714,6.95359789794513,100,100
ENSMUSG00000026928,1.8097731898307214,437.46334361701787,1.0,0.001,9.376395737622769,0.0011227238305926476,0.046763085385836706,100,100
ENSMUSG00000026930,0.18611146135213308,0.5207513010607595,2.48644925909534,0.001,0.3884684678779814,1.6956020730888612,1225.7398184133135,100,100
ENSMUSG00000026932,1.0545934175576732,2.8128257441830837,11.366480874646859,0.6799782798598426,2.2080667040648825,1.4507772239255219,7.118770709448633,100,100
ENSMUSG00000026933,0.0014689111743915026,0.0016360236623202118,1.944067316135811,0.001,0.6357627445315648,1.6189988686463166,1981.485698020232,100,100
ENSMUSG00000026938,0.07021104655066016,18.907154130402905,15.640697835137475,0.001,0.4947425518196251,0.05608916605216239,67.61877036455738,100,100
ENSMUSG00000026939,0.4095832621295653,0.5350818310246445,2.3162072557453315,0.04530117717501524,1.4241147103998029,0.7469699054285517,76.46737111826445,100,100
ENSMUSG00000026940,0.001,62.31581250733508,1.0,0.001,0.001,0.001836852541097671,0.24795636481152317,100,100
ENSMUSG00000026941,0.06279356528981114,122.78540474729485,73.29719152381323,0.0010388691789761666,29.6007404870241,0.0010000000000013058,2.3142545741562612,100,100
ENSMUSG00000026942,0.29831444928030126,0.5819949339875625,4.704755226262894,0.0187592070617949,0.6401741789602166,3.1999451421340703,585.455409119484,100,100
ENSMUSG00000026944,0.4242314316479961,31.99189589183601,14.344218528846634,0.07950434177430021,1.6286215333687801,0.08845406717260228,3.123081763103583,100,100
ENSMUSG00000026946,0.08621267494157782,0.4733664463679095,1.3942489168120704,0.001,0.3960578144996463,0.42356886880442235,243.3500057869028,100,100
ENSMUSG00000026950,0.08852043084557884,18.791529148056462,6.217381749316315,0.0030965750381464876,25.86617832046037,0.0010426577717453584,5.123869889588194,100,100
ENSMUSG00000026955,0.02415382452907385,2.4176261121057023,6.257668678033253,0.002369847115228103,8.608013060839461,0.0013859090071206789,18.145230020052292,100,100
ENSMUSG00000026956,1.3314775824633507,310.77118199420164,689.3959661683559,0.7895118506592793,1.752398968035397,1.6717760565729383,6.114823253985026,100,100
ENSMUSG00000026958,1.1181492199669723,4.741569521295903,27.538405687970407,0.6697274715503378,1.6495339977182275,3.4106903652956326,13.581072094013916,100,100
ENSMUSG00000026959,0.001,61.674132606755,1.0,0.001,0.001,0.0017596020324733347,0.18557501663727047,100,100
ENSMUSG00000026960,1.046771350597392,8.70202649258628,12.47054017446778,0.5902829214208025,1.7314827744685628,0.7712816476135875,3.2656368755296605,100,100
ENSMUSG00000026965,1.6108284688524144,2.558164613654255,16.562915865442907,1.067764080139984,4.612546066564768,1.4867582679245661,11.895582058737489,100,100
ENSMUSG00000026966,0.7551670860994159,1.452999291329687,16.52699583210845,0.5139522502533768,1.531249528134608,3.649693553360338,21.873005125701706,100,100
ENSMUSG00000026969,1.0752409784945784,280.3448670159383,1.0844986976483493,0.001,10.133140141286063,0.0011220661296851924,0.10250607937643441,100,100
ENSMUSG00000026970,1.637066492004002,8.791925417268187,32.25717432731256,0.9288271135423156,3.587034921728268,1.4718912560793287,9.487573864467638,100,100
ENSMUSG00000026971,0.013579030448799127,24.920785554362865,60.51377514051769,0.001,0.800150866848006,0.00606197533420966,42.94163588379496,100,100
ENSMUSG00000026972,0.0010015203485850856,0.001,1.0,0.001,1.332027537355677,0.3341678557340223,1066.4197097457295,100,100
ENSMUSG00000026974,0.41194346042580576,5.029796556445216,20.601734114217347,0.17934156065801804,0.6555095846649551,2.5854093539066927,12.963049134054337,100,100
ENSMUSG00000026975,0.8212339014312429,34.9564391596153,32.53215221478086,0.04513358698271548,1.1340197465592294,0.6349612280892922,37.70844259438836,100,100
ENSMUSG00000026976,0.003152375789089701,9.389929231126672,24.416147148488815,0.001,0.03614778115777134,0.001714072757063527,8.44687806166985,100,100
ENSMUSG00000026977,0.21464159440515596,0.3027267288247069,6.740346936535535,0.09192506618763152,0.31625191366289146,12.937361306905267,65.8446666348573,100,100
ENSMUSG00000026979,0.17423873961192018,0.37198980253857367,1.724610353387967,0.001,0.8639278526773648,0.5881729098584283,1077.4676612755127,100,100
ENSMUSG00000026980,0.02817521630096474,0.08105239223821721,1.728481967110037,0.001,0.3557457325518628,1.292457603358094,738.6927635142385,100,100
ENSMUSG00000026981,0.019368849333947565,3.589522448588383,63.26728012409377,0.001,0.3138992742968285,0.01690750065412068,64.35814146799781,100,100
ENSMUSG00000026986,0.16083356089492257,20.43293718510553,18.446533418420284,0.04534183238180713,0.7911476858201875,0.13012809605573214,3.404268593865821,100,100
ENSMUSG00000026987,0.2812668159667607,0.8876409806362637,5.312018094183843,0.08335400584171615,0.46717853073493165,2.8606132653597593,28.36028396550195,100,100
ENSMUSG00000026988,0.5788215492139952,28.722291341607214,20.914486400927384,0.001,0.7356958161092373,0.5210620794887839,863.5334881885392,100,100
ENSMUSG00000026991,0.3111714345764817,0.8194275388982692,3.950251434632436,0.02159632335089147,0.6238173398937008,1.9193169867660824,178.32450920509334,100,100
ENSMUSG00000026994,0.030606778080426243,1.7984920144576875,3.727396548326175,0.0014395789467712278,13.014264816676247,0.0014815339779857906,10.324866905993773,100,100
ENSMUSG00000026999,0.06150577779079198,18.069976368317903,55.400831754397906,0.001,0.11935303636171589,1.0294522659025431,346.6816665551679,100,100
ENSMUSG00000027001,0.11046580211335352,0.17390830002438268,3.349516109359339,0.016469518793171406,0.28927181514567524,5.849957901470869,143.85218694662018,100,100
ENSMUSG00000027002,0.36235765269096437,0.4182733627599376,8.070168973096713,0.09252900349546697,1.109759938621531,3.6985229005417644,142.52337148591357,100,100
ENSMUSG00000027004,0.036092089550667776,20.855020478782148,26.227209616516877,0.001,0.2669530863136659,0.001499091087349501,80.56044108209467,100,100
ENSMUSG00000027006,2.6938036273771293,4.17190165938151,26.632736696922052,1.873204786263163,5.583463105636058,1.9131176612320129,11.96526788839191,100,100
ENSMUSG00000027007,0.1122829766371716,0.4299347788935865,3.904438533199291,0.0019305325761296921,0.3160759327361309,2.566879855003661,567.0902344728875,100,100
ENSMUSG00000027009,1.4575666565593663,336.20027556916165,1.0,0.001,9.976920688108805,0.0010000000000062,0.11800976883550472,100,100
ENSMUSG00000027010,2.0170238880622224,14.508932646977945,24.5820924027317,0.9687454760421987,3.4377976849058918,0.8581879858014401,5.743111081583043,100,100
ENSMUSG00000027011,0.17927230870763083,0.24019843422234163,3.6108066677371773,0.001993458021312108,0.4800950535268209,4.414604238284316,1942.7790554167855,100,100
ENSMUSG00000027012,1.014446123514525,2.2905237612160234,37.60837005369405,0.5918557922308576,1.7855447223167933,6.739500986650425,36.66217665730686,100,100
ENSMUSG00000027014,0.7377532437909935,2.506494385052549,8.838870802752592,0.18293918486216748,1.2714461134855886,1.5138075431380562,22.76208398465827,100,100
ENSMUSG00000027015,0.001,66.84427540036525,1.0,0.001,0.001,0.0017486258450666562,0.12295229637046892,100,100
ENSMUSG00000027016,0.046157922348569067,1.905480399663706,3.938016538770985,0.001,0.34651650129176126,0.13388550770674953,72.56945185002436,100,100
ENSMUSG00000027018,0.519485002418949,87.18884840776794,201.99719164513309,0.28310426370086916,0.8021952797449383,1.629360711989976,4.748042969822869,100,100
ENSMUSG00000027030,0.18257936369637226,0.5481183516034952,3.5654949438407546,0.025751352150249956,0.5055736865989902,1.83278609612436,50.75021729783069,100,100
ENSMUSG00000027035,1.7757061909613912,5.023722167904636,20.117225088151937,1.1773579065788755,3.172329593039019,1.6678173866556705,8.115883348911998,100,100
ENSMUSG00000027048,0.001,62.31581250733508,1.0,0.001,0.001,0.0016458063511753036,0.18738765237971514,100,100
ENSMUSG00000027067,1.3497004680438747,2.627027052954903,16.26678003608451,0.7189561569253331,2.4727754976891063,2.117865394259108,14.904798140816627,100,100
ENSMUSG00000027068,0.20915021928815378,0.5316007706065973,2.8816427353307614,0.012497260861269226,0.6281756153127259,1.3235779177939104,409.41399948567175,100,100
ENSMUSG00000027070,4.219504931279212,999.9999999606476,1.0,0.001,8.448483321190448,0.0010000000000286368,0.1604285111785071,100,100
ENSMUSG00000027071,1.67061604863853,398.5402109334709,1.0,0.001,12.886923624594878,0.0010000000000061826,0.07794870093797082,100,100
ENSMUSG00000027074,0.029327550831407742,0.22751813199707963,2.1377415691087385,0.001,0.1830314941777616,1.360777189415425,308.57237748069815,100,100
ENSMUSG00000027075,17.205772461693478,999.9999803723668,1.0237249681362153,0.001,24.340398898700002,0.001,0.008973262727258551,100,100
ENSMUSG00000027076,0.004158700921784379,0.03337077249611707,8.99431317542143,0.001,0.029887447418615255,0.053420759483996244,2582.898574171551,100,100
ENSMUSG00000027077,0.001,66.84427540036525,1.0,0.001,0.001,0.0021556213081580424,0.2729549102205944,100,100
ENSMUSG00000027078,0.001,32.39197953767683,1.0,0.001,0.001,0.002736701148569342,0.22068476300872858,100,100
ENSMUSG00000027079,0.3398912894176694,1.303128391407379,3.0678706626817434,0.001,0.5493765128764194,1.1160821282560662,1168.0849293359238,100,100
ENSMUSG00000027080,0.058307548486640125,5.2036476114946435,5.304007223600001,0.001,34.02581171083784,0.0012880266888237446,138.04153042985797,100,100
ENSMUSG00000027082,0.33275378692447655,0.754577817810581,25.62365751203668,0.17193671828105372,0.5300030840929225,16.366574195580345,84.66757026784562,100,100
ENSMUSG00000027086,0.07490970065707447,0.151199220260038,1.318025562431031,0.001,0.6281401364183086,0.7351210437882783,919.8655152165499,100,100
ENSMUSG00000027087,1.8987293023327567,63.61186323122448,133.90940616956425,0.4152339461959984,5.24433472253091,0.7657318544941125,24.6027938391658,100,100
ENSMUSG00000027088,1.5394507843983458,7.57543356314335,7.451240629235105,0.5470915922780724,3.2075631457030767,0.40433381355160714,4.7496542469002,100,100
ENSMUSG00000027091,0.5276973550899672,1.15668311760536,29.713246171210386,0.3497084800155066,0.9316740937754953,10.07837398432306,45.510104038034754,100,100
ENSMUSG00000027099,1.4474796066699913,295.8291726078567,212.05303061895134,0.3871292753276625,2.544186383416045,0.3897480281083684,5.30972149733662,100,100
ENSMUSG00000027102,0.001,66.84427540036525,1.0,0.001,0.001,0.0016762234746477557,0.21709882238663533,100,100
ENSMUSG00000027104,0.5032339289581079,0.7264457150587881,3.8362947121002082,0.06594451980513438,1.240517900231601,1.542244280691892,116.35792793590929,100,100
ENSMUSG00000027107,0.005206690671790723,15.714606562606209,60.74374285912966,0.001,0.1229034523649352,0.006399278252070852,28.529174521045363,100,100
ENSMUSG00000027108,0.6922081675796549,1.4808949334562804,25.963556621226576,0.4465365212784915,1.1723225771432384,7.765141580937808,30.329581427010815,100,100
ENSMUSG00000027109,0.4556572685019223,3.905520098422109,3.718710997076233,0.001,1.5093412686180936,0.2720228277375254,763.8475279668178,100,100
ENSMUSG00000027111,0.10713395751590186,1.6512123080143917,10.278124282965644,0.02568481182982215,0.17939306509521058,3.157922066392217,25.68984207552564,100,100
ENSMUSG00000027115,0.10373239557917487,16.000238918928055,14.717676625446144,0.01634171556216337,22.39870064935272,0.0015913048053860265,2.986565942146173,100,100
ENSMUSG00000027122,2.724381226443907,458.8938893046089,231.91179340533418,1.4174864261280147,8.402265119251426,0.1598089400976722,1.0534604510848595,100,100
ENSMUSG00000027130,0.09258734744089739,1.1357384097279901,7.16624689277036,0.03350102065642868,0.20580316432745793,2.140756059369716,16.903432746050363,100,100
ENSMUSG00000027131,2.426243614592986,9.893264892400733,76.02709347840523,1.5776778413590458,4.188270968356333,3.7576618392268673,16.275061569862444,100,100
ENSMUSG00000027132,0.6319105673174963,1.2866542977725413,3.3894488915855256,0.03408169335117145,2.029396002288323,0.4813560099822214,106.98327365357672,100,100
ENSMUSG00000027133,0.14599623206497725,0.39770839641611017,62.38614162568022,0.001,0.28775145855353057,0.03666252617884379,34561.272708415374,100,100
ENSMUSG00000027134,0.18626492221270238,164.10148507534066,139.57142646566237,0.06954914577551582,1.1601984963107184,0.16023897577442228,2.0537544116761746,100,100
ENSMUSG00000027160,0.44940126978139616,1.4110393631526772,16.051117695209623,0.2422451980838604,0.634071293191351,6.613844672523655,25.26232225734661,100,100
ENSMUSG00000027162,1.0184422807821452,1.5529169926538084,10.236935392441787,0.6608658383279963,2.2715087664504248,1.8038663347899613,12.755808985698685,100,100
ENSMUSG00000027163,1.265783528955693,2.096605813241143,12.562913867524616,0.7511960807553446,4.727998692539641,1.0929638369072638,12.849018327913466,100,100
ENSMUSG00000027164,0.4257076326263975,27.591147427794027,20.564166149992317,0.001,0.7105377346455807,0.409887002526642,577.189607083552,100,100
ENSMUSG00000027165,0.6996837054478403,1.3367123073960796,5.347826329059263,0.3326992143370775,1.333796231691521,1.6355779285256538,11.071794757702829,100,100
ENSMUSG00000027166,0.21587930942572697,0.18113557943348174,3.075304693739152,0.00297972774914054,1.2040559763562693,1.3365385843350543,1530.0766272179515,100,100
ENSMUSG00000027167,1.0849434597454644,8.590814590431277,6.544010666415974,0.001096075401226367,3.4523715635935925,0.26459743352401943,1196.5356072920385,100,100
ENSMUSG00000027168,0.001,66.84427540036525,1.0,0.001,0.001,0.0019193812486736463,0.8583852362123102,100,100
ENSMUSG00000027170,1.1026985083913166,3.336734073073187,33.03292861443489,0.7378496491729671,5.837684111971345,1.2374235522383834,18.516242374606676,100,100
ENSMUSG00000027171,0.02269342422462802,20.693171497976135,15.049218988348786,0.001,9.011630364032868,0.0011412185199685442,15.091502989749447,100,100
ENSMUSG00000027173,0.21029840761473081,129.33625153273994,362.8706238664448,0.10067086607675815,0.3804183610945918,1.1537233638388535,6.901718130579347,100,100
ENSMUSG00000027175,0.043586198820600205,0.12559286502258887,2.296435697923261,0.001,0.303020497880803,1.7313977093634385,797.4709418076088,100,100
ENSMUSG00000027176,0.6153569319354506,0.9743823191382311,4.9906905608214736,0.1321828867155092,1.4512595729973428,1.4343376391734202,39.5445514017681,100,100
ENSMUSG00000027177,0.3074705977840451,0.8542006468596689,2.435145451883931,0.0010446327379739686,0.9315225926243158,0.7018380858643709,1044.903520628538,100,100
ENSMUSG00000027180,1.3938054172346512,1.6547164460310735,5.54685094961111,0.2768227907879366,3.6168641731648474,0.6773024415091471,42.52597268784464,100,100
ENSMUSG00000027184,2.018972680528415,5.455056889791764,31.738625531868944,1.2237150151987959,3.6959476476190094,2.398411505783042,14.30662011364635,100,100
ENSMUSG00000027185,0.6885539278647047,1.305492525705459,3.934061202313714,0.2978758990072957,1.3167479772811648,1.0922266948832033,10.531160106148057,100,100
ENSMUSG00000027186,0.001,62.31581250733508,1.0,0.001,0.001,0.001854458256717457,0.26360415235383716,100,100
ENSMUSG00000027187,2.7312437306651245,999.9999999994487,2489.8490186270965,2.1682164526453076,5.645340801177406,1.1226206195510442,3.6470167132414435,100,100
ENSMUSG00000027188,0.10384341981566211,10.51250086360593,54.27786493747875,0.06656756403306796,0.16911624802154313,2.3721921692942276,8.95198224373288,100,100
ENSMUSG00000027189,0.9416591690732214,2.5836884269794784,6.430373508698109,0.4123360891393474,2.1279772482387447,0.842230634756594,8.792183728232576,100,100
ENSMUSG00000027193,1.3620236787784152,1.4668341046149138,11.810082215438555,0.9826284269954071,4.820507389247044,1.270344702158543,14.372643555803498,100,100
ENSMUSG00000027194,1.1616153364770878,4.212306070271594,14.220512773292704,0.6891388109761931,2.1887629467664085,1.4409931563417717,8.113845268757698,100,100
ENSMUSG00000027195,2.9388184916364146,13.628558894276875,39.70182667800087,1.9678165456812362,4.454876441321483,1.544790627011046,6.2637253120625935,100,100
ENSMUSG00000027196,0.001,62.31581250733508,1.0,0.001,0.001,0.0016480168706570326,0.11185345025578705,100,100
ENSMUSG00000027198,4.847642724184044,287.15191949434325,556.8528467772612,3.1206853848119422,7.40327397559913,1.2540000309809283,4.144748410123926,100,100
ENSMUSG00000027199,0.001,62.31581250733508,1.0,0.001,0.001,0.0016358636648576253,0.10895735444456034,100,100
ENSMUSG00000027200,0.1422997906523208,4.0058348488122855,5.804792621650431,0.07314638562268948,0.6661466382786101,0.2769906542614358,2.7940477547516482,100,100
ENSMUSG00000027201,0.6059274792351803,2.6860562927163065,4.748382457316421,0.2008609518058925,1.2209342746651344,0.7435477484197679,7.302947394743152,100,100
ENSMUSG00000027202,1.2942464081253242,312.7073817864961,1.0,0.001,8.36246064139805,0.0012850644238848515,0.03312204602161343,100,100
ENSMUSG00000027203,0.44191911328583283,129.7226642097746,788.2038004475678,0.33818762830475535,0.7087102419951006,3.135834115975155,10.119344909844408,100,100
ENSMUSG00000027204,1.3031146916252756,41.84463528421124,1794.7231461115803,0.9912622623141303,9.770716345256037,15.807402301447425,70.17457846184281,100,100
ENSMUSG00000027206,0.9169728744249789,1.188526460494773,10.943102765537319,0.6231643101539084,2.385113252329762,1.9979140983954202,15.86697906792562,100,100
ENSMUSG00000027207,2.461470493197822,208.53656808945124,902.186378476943,1.6872495090298703,3.353646542375869,3.187621544242565,9.053764142990358,100,100
ENSMUSG00000027208,0.4285436072362756,1.4654604657811576,64.80899894950028,0.3364361689286438,0.5848467198535836,27.204908897289776,62.42445855170779,100,100
ENSMUSG00000027209,2.961200185399535,721.6290393901162,1.0064427689282454,0.001,8.606521144926555,0.001,0.0900932228792192,100,100
ENSMUSG00000027210,0.21230760116022154,0.6159167339076156,4.191405828397181,0.030450765663966768,0.5047473644861595,2.1031138618633274,65.61480033612,100,100
ENSMUSG00000027215,0.9829382158951157,2.5644761270815164,9.242537828066993,0.5330436863946328,1.5358691084650182,1.756441819088597,7.652495663215902,100,100
ENSMUSG00000027217,0.06706677832877159,18.841474583427377,7.682726524382147,0.001,19.22689535817904,0.001,1.9147209308112523,100,100
ENSMUSG00000027219,0.001,62.31581250733508,1.0,0.001,0.001,0.0014949575129030571,0.11789500749062888,100,100
ENSMUSG00000027220,0.07138547898439467,2.4614122472371767,12.927463410626405,0.03772808155444238,0.14685817023303027,2.1330212296274254,10.219981574516044,100,100
ENSMUSG00000027221,0.03508747508244157,0.49130031066007024,3.9539002736090123,0.001,0.11873892088244983,2.302756235756012,467.26636234913406,100,100
ENSMUSG00000027222,0.24839283056054967,0.1860478176447337,2.549802727552519,0.0040927770226740195,1.9753573896618946,0.7825241136720016,1115.2941753215619,100,100
ENSMUSG00000027223,0.3429501086049591,1.0445571742035795,4.468270025521917,0.18260331453763404,0.6576484848122341,1.8455944354357359,8.859665976553877,100,100
ENSMUSG00000027224,0.032258588981558305,0.874595608098197,3.4829926943085567,0.001266992519146248,0.17873932010438115,0.48339848806695296,43.782229275957775,100,100
ENSMUSG00000027225,0.001,62.31581250733508,1.0,0.001,0.0010000000000000009,0.0014292665238524913,0.08570673554872874,100,100
ENSMUSG00000027227,0.875985834970569,55.95930937451661,94.24671181895617,0.16268375453638528,1.0927701389850297,1.3882213271849624,15.468793439969987,100,100
ENSMUSG00000027230,0.24803949605414027,1.251196153935241,8.626516157843565,0.07926446197308264,0.36294850062004047,4.516600655045229,24.86965936838094,100,100
ENSMUSG00000027233,0.001,62.31581250733508,1.0,0.001,0.001,0.0017275091301064398,0.06506087717455739,100,100
ENSMUSG00000027236,0.17071241303834553,0.2636692621169264,23.172096263290392,0.001965525979855821,0.5806432413533746,20.53207492132345,14321.223193520036,100,100
ENSMUSG00000027238,0.001,61.45463549419866,1.0,0.001,0.001,0.0017002459229519184,0.07521851364898174,100,100
ENSMUSG00000027239,0.010632613938573923,0.8488459392270084,11.477316096348911,0.001,20.927962841391697,0.0011484607225063117,64.91247043492424,100,100
ENSMUSG00000027242,0.058202633813026206,2.5490937375131533,2.307709890721614,0.018845792844540833,26.199187141780634,0.0012139412001698335,2.8830264054276347,100,100
ENSMUSG00000027243,0.655731922049804,120.15324792915402,105.05502115345621,0.3176990391867364,1.1614244397045739,0.4482711842571015,2.1453226976286737,100,100
ENSMUSG00000027244,0.9415507767286229,2.614472495809846,9.149823342152212,0.3215816730924598,2.403220510178655,1.1241909833534591,15.169231773162647,100,100
ENSMUSG00000027245,0.3604501793978503,0.18144456538991224,2.664299125698717,0.10354934753135675,2.341119801329018,1.0113203170970841,64.19656269800706,100,100
ENSMUSG00000027246,1.9436899174801565,467.0695388708544,1.0,0.001,8.3361539332053,0.0010000805465247783,0.07170355905097073,100,100
ENSMUSG00000027247,2.1237783754528676,6.374714201517934,17.585075603258957,1.2041055824477611,4.075196509295276,1.1234408806036993,7.511842171184294,100,100
ENSMUSG00000027248,2.4000792661881136,16.078900882393985,354.8956257080108,2.1637236363769676,4.004020925514474,11.742543329680416,28.267416184556076,100,100
ENSMUSG00000027249,0.03031325979390172,6.623940234577582,6.355205774949857,0.001,21.10765814926406,0.0010000000000206133,5.604632507517882,100,100
ENSMUSG00000027253,0.2592994800870481,52.01566900906957,65.52309024469271,0.13310680571339628,0.5458619210226457,0.5323980785301842,2.6512640045094367,100,100
ENSMUSG00000027254,1.4192083333347303,4.217022128646243,17.339994053148672,0.4968234267657037,2.613626014710035,1.7736817364359596,25.77049271653471,100,100
ENSMUSG00000027255,1.1448239761470405,2.966807251467613,21.209734182394616,0.8302379526024786,1.974282204994286,2.885160077230949,11.653529624986668,100,100
ENSMUSG00000027257,0.5963163578562172,0.7950764912243846,4.5968204314689265,0.2693089126997038,0.9453289558855458,2.8248406923568377,17.20109447349916,100,100
ENSMUSG00000027259,0.29658592936364175,26.61665945571095,23.33507970285774,0.0012937955819793756,0.44615619215751795,0.5929277438281473,266.6850876865882,100,100
ENSMUSG00000027261,0.03532710420503956,21.225141262999347,27.107137877364007,0.001,4.30082282506925,0.0016686546132848228,65.03796107294863,100,100
ENSMUSG00000027263,0.8027682289702784,35.60370012532534,62.0734632603068,0.0011425708255586248,0.928066545493638,1.5727881637514929,2501.656319386127,100,100
ENSMUSG00000027272,0.001201896209485847,0.0012970632420492064,1.7434256189356778,0.001,0.7668330677407559,1.1421555884057004,1747.4686887850157,100,100
ENSMUSG00000027273,0.001,62.31581250733508,1.0,0.001,0.001,0.0015381398476713441,0.1680298199823583,100,100
ENSMUSG00000027274,0.3647216319372541,2.261992343735476,2.2526818357359204,0.0552267650506683,1.1020111708972469,0.22188456766246034,6.452199059198206,100,100
ENSMUSG00000027276,0.12979352508708536,7.712369598299556,20.22129114381067,0.018104428312701523,0.20149717348736831,1.2994388364122111,18.25035608879932,100,100
ENSMUSG00000027281,0.15454512216357308,1.0775346186283816,2.421348925268194,0.018122033570767675,0.4094828691387094,0.7338105885898382,25.82208443146396,100,100
ENSMUSG00000027282,0.4762456632466093,0.9847545460886625,45.05088272721978,0.3153733064239513,0.6767857800288367,21.720890469691852,74.23074618940029,100,100
ENSMUSG00000027284,0.1818640025309695,28.146124705796048,25.79272827344116,0.0010126055496845585,0.4066582755759387,0.2962831949915334,130.56449241023955,100,100
ENSMUSG00000027285,0.6328438547306742,0.3372730741721274,1.8990215753552973,0.06192549617422776,4.027558644818431,0.32126129660770564,81.4236699680109,100,100
ENSMUSG00000027286,0.7161082834709662,2.103033193022887,2.711261843190322,0.0014474319366420078,1.552610400715236,0.45076064114447156,922.3846956643263,100,100
ENSMUSG00000027287,2.1017167561976193,4.747980555653332,19.906986599715598,1.456761780068474,3.771286901246939,1.6070661589001745,7.162410097458635,100,100
ENSMUSG00000027288,0.7336651360239486,0.6638595566265256,14.192971924703848,0.4974806140890855,2.0879656406916944,3.634599412843201,36.552288744692206,100,100
ENSMUSG00000027291,2.8183813829957747,646.1965221236755,637.5295251233408,1.5748804951565223,5.153374476898243,0.5338246849662497,2.49592043724394,100,100
ENSMUSG00000027293,1.6789051358271456,173.3289105877182,283.2057209700673,1.1095287205837698,2.4663348558509113,1.074136993223898,2.797625403864996,100,100
ENSMUSG00000027296,3.3467679826601007,809.4058638924901,1.0,0.001,9.717946841059195,0.0010000000457398052,0.04935489583074357,100,100
ENSMUSG00000027297,0.001,66.84427540036525,1.0,0.001,0.001,0.0017358707878586395,0.23358589008558883,100,100
ENSMUSG00000027298,0.03131213141697071,0.04592249748749619,2.3970985020598845,0.001,0.43377567415070944,2.018902385002196,1906.493806725065,100,100
ENSMUSG00000027300,0.3367248070948563,1.600018291510813,3.520165117532784,0.0012859677442113673,0.7496685324968574,0.7664873410973114,812.5736845779641,100,100
ENSMUSG00000027301,0.001,62.31581250733508,1.0,0.001,0.001,0.001836139770293095,0.13989491159006676,100,100
ENSMUSG00000027303,2.274946880867335,2.2239692975622334,17.489054843134497,1.7435377236407228,7.275507628356844,1.2965695553478311,12.614033129786836,100,100
ENSMUSG00000027304,1.068932466020303,3.9271484012784335,9.360978385357383,0.3604747590751367,2.1074124161651864,0.9923563146255006,13.236394527484052,100,100
ENSMUSG00000027305,0.8455027809724824,1.689695280607988,6.760975694169911,0.3442517820212945,1.6771366109016723,1.3610069049905873,15.387279398529635,100,100
ENSMUSG00000027306,0.018332942891237707,1.0097508433043485,11.50963267516303,0.001,0.2912675216031813,0.0054561059266693725,32.550738185132325,100,100
ENSMUSG00000027309,0.004537353198799693,0.007618039990900074,1.8752568480728546,0.001,0.42528760164826546,1.7565667735586667,1288.8167559279718,100,100
ENSMUSG00000027312,0.2673034737956658,0.1905760012907815,2.727626203743112,0.07248816345947415,1.9791014447959727,0.8520257242363869,68.77728639608188,100,100
ENSMUSG00000027313,0.1321252910345835,5.308972643428072,28.132470173794704,0.08998167717898309,0.21882195768727752,2.242617772241088,8.667323947307366,100,100
ENSMUSG00000027315,0.001,61.88525872635182,1.0,0.001,0.001,0.0016602485312815067,0.13846822087800803,100,100
ENSMUSG00000027316,0.1727170742397759,5.590404048131259,3.571282372743926,0.01649923689692546,34.84551110500334,0.002261632951060533,2.301137484189784,100,100
ENSMUSG00000027317,0.001,62.31581250733508,1.0,0.001,0.001,0.001804688036067059,0.10594627961634692,100,100
ENSMUSG00000027318,0.047412801416823185,0.7207261673359989,5.298644048627423,0.006175001347124095,0.13150985267891907,2.4983666753276297,62.033160149159144,100,100
ENSMUSG00000027322,0.001,60.37820284006485,1.0,0.001,0.001,0.001843642086424881,0.24689115430755093,100,100
ENSMUSG00000027323,0.03246959708076208,1.4832723004285167,13.949076404515043,0.013512924957619861,0.07599193687097122,2.4002327559553445,20.475607222648453,100,100
ENSMUSG00000027324,0.28595206040548765,8.35039090673568,6.472267906554763,0.1058724188290351,0.7409504336911543,0.27512826269342544,2.701575637470329,100,100
ENSMUSG00000027326,0.027002526026261492,22.56824954843847,34.345999323333565,0.001,11.143007864374503,0.0017285564697630826,64.62060214399494,100,100
ENSMUSG00000027327,1.5233727133957382,6.127935231208885,24.086697242006874,0.9534208589834616,3.151013753355906,1.5683824257265342,8.19205289556239,100,100
ENSMUSG00000027329,0.12986328337610314,1.469450275092386,4.554163723749145,0.001,0.20776437893946373,2.3951696712317982,550.147579548631,100,100
ENSMUSG00000027330,0.08185615516228546,24.47509806578451,68.72377310597061,0.03582120079220069,0.516214022811274,0.22583941982625172,6.892976595913602,100,100
ENSMUSG00000027331,0.013231592221418145,0.3595732045621923,9.063156771650815,0.001,0.03684033034148262,2.4671240405594927,322.0057900836051,100,100
ENSMUSG00000027332,0.5653914787110477,0.8959575978114076,4.6344778798435735,0.17774721991791426,1.733248108785343,1.0361717026054884,27.592491700370267,100,100
ENSMUSG00000027333,1.3679462243545712,32.935378397413906,205.82062668871887,1.081275775475735,2.0335393929884074,4.0965622979123655,9.090270905671744,100,100
ENSMUSG00000027335,0.37018951247462517,4.042443324816762,29.81005669107862,0.2797582663254608,0.5442503329844731,4.56665329040311,10.929293554618157,100,100
ENSMUSG00000027338,0.002190377272485905,11.67361533406478,63.47116752675672,0.001,0.02645977030941029,0.0018512095798955551,39.40295277555947,100,100
ENSMUSG00000027339,0.10697016428709767,1.1908112393763746,4.54888882082482,0.036549610842946625,0.23266565352332824,1.493550649218197,16.531125802836073,100,100
ENSMUSG00000027340,1.2750407808758386,15.927611665754412,44.947524123457974,0.7775907900454907,1.7503171524989005,1.995384058964376,6.372929380225122,100,100
ENSMUSG00000027341,1.4655335593206655,6.847498409190629,28.1790572276735,0.954107800689386,2.1594285263720616,2.3281667515530637,9.720973693823698,100,100
ENSMUSG00000027342,0.5945052178209351,5.059506802769224,25.363372868535414,0.19321940899675993,0.7526200431355962,3.744517983076876,27.761302552666642,100,100
ENSMUSG00000027344,0.022418633393933168,21.48999112031288,23.95117991696565,0.001,9.808794265004952,0.0011198424392470513,44.48749014189781,100,100
ENSMUSG00000027346,0.9928721313350455,18.947433521655487,16.446937041319135,0.08902655570600237,1.6732521065345076,0.4979876583690772,27.5382496365469,100,100
ENSMUSG00000027347,0.001,66.84427540036525,1.0,0.001,0.001,0.001628211718679317,0.06234658597946424,100,100
ENSMUSG00000027349,1.8372315022467682,3.072115875544653,5.232743749410614,0.1343105437492903,5.806638232501456,0.36682845863571395,64.39718691436372,100,100
ENSMUSG00000027350,8.337340215101097,999.9995653472448,1.0,0.001,16.815508700881143,0.001,0.025405962090740822,100,100
ENSMUSG00000027351,1.269023075293692,38.40909681229116,71.9495748269517,0.3065650635112538,1.765921424467375,1.2808277476022454,17.04515188646182,100,100
ENSMUSG00000027353,0.12043652822248754,21.324111825283392,18.181748546703002,0.04281875753762349,1.3869981189448972,0.007051386100423966,2.0909676142569102,100,100
ENSMUSG00000027356,0.001,62.31581250733508,1.0,0.001,0.001,0.0018297134839719805,0.0926834957109083,100,100
ENSMUSG00000027357,1.2504542174048843,14.554563368977735,9.616479287316297,0.11992925060611333,2.726202563624355,0.28258574300366057,17.148914154181913,100,100
ENSMUSG00000027358,1.7516396843847362,416.3850225706921,1.0,0.001,6.396350838544777,0.0013178940172575945,0.09038185463108485,100,100
ENSMUSG00000027360,0.001,62.31581250733508,1.0,0.001,0.001,0.0016256933700185424,0.5991199711954381,100,100
ENSMUSG00000027361,0.32702617022073155,0.91238207131859,3.9179962183118917,0.13228127828438777,0.6772283770917098,1.5133974542694282,13.580766737253516,100,100
ENSMUSG00000027363,2.3920482476448277,12.683192374661466,17.47104081622782,0.6787565057123657,4.727929474716333,0.5638699701246144,11.563966046280054,100,100
ENSMUSG00000027364,0.001,15.788032074297924,1.0,0.001,0.001,0.009888598128641426,5.126410637881684,100,100
ENSMUSG00000027365,0.43532447732779495,0.2951119646535987,3.533197394931821,0.12703028223944474,2.28679158546323,1.0343381237570755,62.83463554799258,100,100
ENSMUSG00000027366,2.974031461898374,9.829861180960824,30.75733699704638,1.7901028008217816,4.891333062057521,1.45187583022709,6.56502940306844,100,100
ENSMUSG00000027367,0.0019634394915773305,0.0013624786508034188,1.0000001260403417,0.001,1.8170458095935174,0.39751670416358964,1215.3286926088222,100,100
ENSMUSG00000027368,0.00998655814613175,21.631485796492672,53.0477764512954,0.001,3.160973654577143,0.0022208050459980133,38.29604855931028,100,100
ENSMUSG00000027371,0.3274890457759655,26.82880674360508,24.66801375420624,0.02726752661414035,0.5953726179349743,0.45883226236234775,14.473298857227956,100,100
ENSMUSG00000027374,1.106813700164152,3.2126604040289286,13.333277333177685,0.6192186136364896,1.8395888721582048,1.950560060670795,12.020060497769824,100,100
ENSMUSG00000027375,0.010495726690228144,21.85280594731381,86.57993889234079,0.001,1.6950568599141538,0.002195672903878357,24.4060613313276,100,100
ENSMUSG00000027378,0.8781230312058185,145.10406990306507,111.92252833537272,0.38471619469506385,1.8863070006652718,0.3812403715184618,1.9773096835397834,100,100
ENSMUSG00000027379,0.01945257470454737,0.9954761444809459,9.59676617530723,0.001,0.09270409607739974,0.16819480094968578,79.2493069229168,100,100
ENSMUSG00000027380,0.001,66.84427540036525,1.0,0.001,0.001,0.001868185696027023,0.08050112311125239,100,100
ENSMUSG00000027381,0.36212444575489666,3.4747038104385255,8.875431552458386,0.051085207491513254,0.5355644051818067,1.502770974536112,32.73722902602932,100,100
ENSMUSG00000027384,0.18119608472688642,0.25235309612577284,2.4220412596698346,0.00963212666119714,0.8826558662049433,1.3557127480447941,221.37087348225015,100,100
ENSMUSG00000027386,0.08578468653681595,31.91974532865386,54.02264796053535,0.011761055392528665,0.3055844207877395,0.2670760371133133,7.546824907287971,100,100
ENSMUSG00000027387,0.35152546168956206,5.738292466679258,4.157790304727829,0.02833249841370579,0.829574010320832,0.3107940201734247,32.34846838452063,100,100
ENSMUSG00000027394,0.5251293543843711,0.6412207226233365,4.5391370918905825,0.18508192411617197,2.0102119033068266,1.0020379694064891,30.403174718442443,100,100
ENSMUSG00000027395,0.20797412002124582,0.9711365094186158,3.885711613548816,0.07664260822254268,0.43560984227856525,1.408762120666569,13.762240278364537,100,100
ENSMUSG00000027397,0.9170216144221859,80.73466628747086,321.8259269874036,0.41793719215757114,1.0626826171317432,3.4510429125632163,15.038353686585538,100,100
ENSMUSG00000027399,0.001,66.84427540036525,1.0,0.001,0.001,0.0014972161340043488,0.17297250692716865,100,100
ENSMUSG00000027401,0.001,62.31581250733508,1.0,0.001,0.001,0.0018073044037852956,0.1710792084464861,100,100
ENSMUSG00000027404,4.301397599940606,193.48181472133427,876.7688926242172,2.8294143766275583,5.398168221200274,3.542961171733581,8.488262974761332,100,100
ENSMUSG00000027405,1.1913925106908243,6.74327945594669,46.69125366921697,0.9084246067225651,1.7068856748106511,4.33116054693336,10.020453690925507,100,100
ENSMUSG00000027406,3.090313661524232,8.324023826404225,27.33177289733939,2.1423183343611996,6.1511666450765965,1.2945102442600638,6.818703988930113,100,100
ENSMUSG00000027408,0.09190313404040104,39.22849780811476,266.04426893572474,0.05055304545695126,0.19700939408881452,2.1071266378285376,16.265523908996702,100,100
ENSMUSG00000027411,1.2592260856284698,3.5502412447978675,8.518815519582331,0.366163384315344,6.11470578566218,0.44273496447536975,18.40916102147368,100,100
ENSMUSG00000027412,0.8908010083252711,3.696809003648587,14.561600881885656,0.5818741663406777,1.3829255815068913,2.1930854336575933,7.197435531165679,100,100
ENSMUSG00000027420,0.09347874103525575,19.580499407315557,348.7158711622468,0.03786107482421902,0.1241901481124864,9.637999176609426,90.33617530778366,100,100
ENSMUSG00000027422,6.432226769664887,912.6852492250673,2596.0978369023123,5.241850605269945,10.027156507523745,1.8028527426796526,4.6879829734672835,100,100
ENSMUSG00000027423,0.18228264088785123,0.20654074712460818,4.932803165446191,0.008626000954197154,0.48941659148889227,6.187008383245921,1661.3712329277191,100,100
ENSMUSG00000027424,0.141015877855903,2.5226657575320828,6.208781316697557,0.013589898767222611,0.2777961819674152,0.906454592019706,36.86127088707753,100,100
ENSMUSG00000027425,0.001,0.0011782250315075951,1.9350375995352258,0.001,0.5767736230678479,1.780222464297685,1830.9054056948344,100,100
ENSMUSG00000027427,0.8465345734435525,2.983484640606968,3.858662559396905,0.31857825284503305,2.5854585496581146,0.3103397435212417,5.528032752896033,100,100
ENSMUSG00000027428,2.2638440183800443,15.422095141999577,14.321768091089108,0.4970158798266476,4.260981702475661,0.4634482248427555,13.796765386994464,100,100
ENSMUSG00000027429,2.5834530615756504,319.22958360664114,754.5410033104713,1.0308523040980135,7.299033525303919,1.058406366525877,15.229164619117268,100,100
ENSMUSG00000027430,0.6914746909744932,1.1478393762641361,5.692976624558513,0.26412145013830873,1.204137137460384,2.2168489419062265,18.87310091601176,100,100
ENSMUSG00000027433,0.9495349933197533,1.6941830160575442,11.847628042401643,0.588820324293233,2.3816527199277595,1.865410112900138,13.98554354024958,100,100
ENSMUSG00000027435,0.6929120873771311,166.48605762337863,1.0,0.001,9.289015749488795,0.001000000000001521,0.04225467414704376,100,100
ENSMUSG00000027438,0.48769706639464494,92.18390411933862,33.007212031741766,0.18725063226870148,10.702936510785587,0.0323213205109649,0.9343890256895717,100,100
ENSMUSG00000027439,1.3833319006008071,28.309585397144954,22.273746606699838,0.4557951734554714,2.091604794796557,0.48452167903241694,3.8951173155035574,100,100
ENSMUSG00000027447,4.514286349201772,160.34474214548106,2307.151839201494,3.8555727188028257,5.492282184096265,11.416079848514798,17.736867705691875,100,100
ENSMUSG00000027452,0.001,62.31581250733508,1.0,0.001,0.001,0.002464170777749764,0.17014930976684076,100,100
ENSMUSG00000027454,0.1460802253570542,25.201905193351926,34.05605300922877,0.0012018315185677144,0.2844622618549326,0.8146016911846437,173.32524587471391,100,100
ENSMUSG00000027455,1.7151653009222692,8.322775463507465,48.612088143394175,1.143084625699207,2.426914854766899,3.299661633854415,11.53462112196987,100,100
ENSMUSG00000027456,0.13091505500004286,17.75309809577586,11.356830059361915,0.0013931371734568919,0.6351587877962195,0.03226721319479316,31.32994152337712,100,100
ENSMUSG00000027457,0.18804057981765177,0.3928014514853527,2.253965589087518,0.0010198347775415562,0.7626140959494239,1.005081978755351,1182.7114903522329,100,100
ENSMUSG00000027459,0.524790683617193,6.555791344393118,19.0078484202763,0.2769533120748626,0.7830708075332764,1.892667659229713,6.639166600839426,100,100
ENSMUSG00000027460,0.25314328328052926,1.965417392744739,28.95829728106434,0.1810420149554507,0.3724139164288326,9.402629874826626,23.514943193503356,100,100
ENSMUSG00000027465,0.9895852277851568,1.9051059335056482,8.505041348368783,0.5443788029746401,2.0341582911876186,1.4313117476030188,11.684313992343306,100,100
ENSMUSG00000027466,2.11027154600533,9.479572531959905,21.993181634139642,1.0912131179186488,6.723428063059852,0.5543964652694292,6.401788435204063,100,100
ENSMUSG00000027469,0.16862546888086283,69.55213161980994,455.4863368238541,0.1255263070940555,0.23589219865874286,3.9404595119897428,11.341485577350644,100,100
ENSMUSG00000027470,0.001,0.016989915925808438,1.0,0.001,0.10399794809867165,0.4109722474481634,74.7942315128338,100,100
ENSMUSG00000027472,4.449523808811806,610.2006648210942,2486.6284286238265,3.07741825578222,19.36603465322392,0.9735904954129277,8.138133992511195,100,100
ENSMUSG00000027474,8.303528396591057,999.9999999923217,1.0,0.001,16.167989221378864,0.001000000000003649,0.026253054838925788,100,100
ENSMUSG00000027475,1.1434467865621734,1.4232078340027552,6.772370058758143,0.6413736026615885,2.6236324578805013,1.1442566807970647,11.066333591146755,100,100
ENSMUSG00000027478,20.68183596089444,979.7970845499926,1.0,0.5785125991583417,31.120452548035853,0.001,0.008966016044831798,100,100
ENSMUSG00000027479,1.9709067594373066,7.683560136412098,61.129246610928554,1.4110805537429267,3.943966157926343,3.035208754933564,13.136296143498246,100,100
ENSMUSG00000027487,0.21720727330994205,5.5168585694436425,3.771632480722673,0.07794074047302677,0.995584235394849,0.10479022635421653,1.922549825322353,100,100
ENSMUSG00000027488,1.196465495913829,6.481406035732179,16.226936165200527,0.6173749016346559,2.22154192771061,1.1784249069084325,6.590961346612356,100,100
ENSMUSG00000027489,0.0032740089765415986,12.498190223156492,31.172284062541085,0.001,0.03203040573530605,0.001659654084480472,8.495912085846417,100,100
ENSMUSG00000027490,0.3725059442134993,1.0761931601784742,6.02108374504041,0.09421602824830613,0.7266493462031801,2.3776699665239924,29.904492845744876,100,100
ENSMUSG00000027495,0.2906195758838044,0.21573926840709637,1.4870574743659664,0.0047143986738900955,3.711351791117025,0.2273613991672579,955.6554238749615,100,100
ENSMUSG00000027496,0.04206969727768576,1.4917706425242372,14.469160987963718,0.023620271243208264,0.0944415992292297,2.737500453540643,22.74589968425198,100,100
ENSMUSG00000027498,2.403884402678175,8.042407142862228,21.02833252121561,1.6420245747067028,4.0689798669501975,1.195402909593422,4.8339131727665805,100,100
ENSMUSG00000027499,0.09059594363753441,18.742209601078077,6.188697865178359,0.001,23.962065638528422,0.001004567778780499,1.9466268485944058,100,100
ENSMUSG00000027500,0.001,56.71823759891341,1.0,0.001,0.001,0.0016287396217986444,0.1854180366783303,100,100
ENSMUSG00000027502,3.3838554799852285,7.653986666991317,20.687489449332766,2.105411312034154,9.263561579941051,0.695145552812714,7.631475108164964,100,100
ENSMUSG00000027505,8.3377439030878,1000.0,1.0,0.001,16.813816582664685,0.0010003614571046182,0.050119087843918095,100,100
ENSMUSG00000027506,0.5449102891850888,4.467306595583952,15.743222856613889,0.3024972236858412,0.8442333026455733,2.1276740235745293,7.699244634857626,100,100
ENSMUSG00000027508,0.33457512050518207,52.31159275779451,68.06341261772721,0.17270447177520348,0.6033114179462595,0.7099238869993729,2.604335207283559,100,100
ENSMUSG00000027509,0.814962454800597,0.5936720344907156,2.2588684514634783,0.04720703766627368,4.876999714026743,0.33377030279174436,139.83794676102147,100,100
ENSMUSG00000027510,0.14273129160295228,35.572421594329626,20.29146170428311,0.03792974814997821,49.41935652800677,0.0012162321283452396,1.3311088912739053,100,100
ENSMUSG00000027514,0.22946331397477956,4.0481480104435645,27.916754432891803,0.17288980210422594,0.3216572604361533,4.2983868861468695,9.766225687490273,100,100
ENSMUSG00000027519,2.4767739085405687,3.0997220422833256,8.42234660834936,0.9342603227854989,7.555622773665463,0.5205912134559036,20.39381708431869,100,100
ENSMUSG00000027520,0.001,62.31581250733508,1.0,0.001,0.001,0.0019444220870461866,0.09001214153212053,100,100
ENSMUSG00000027522,0.5009748000725884,0.7107748433926669,6.7048610587151805,0.2521385560822769,0.8964463136490788,3.6209259918044436,23.13074170871971,100,100
ENSMUSG00000027523,2.8931672955149823,6.102979683147905,137.00691048400574,2.2779774984439043,4.800607589104223,9.525922039752027,31.901056182212663,100,100
ENSMUSG00000027525,0.001,62.31581250733508,1.0,0.001,0.001,0.0018629304513128177,0.21061328861156473,100,100
ENSMUSG00000027530,0.001,62.31581250733508,1.0,0.001,0.0010000000000000005,0.00153274055307436,0.14605185891203554,100,100
ENSMUSG00000027531,3.587949009787792,27.355963414226718,40.23142062669719,1.3868892853731434,5.959906556981885,0.8154179744914227,8.285972205842242,100,100
ENSMUSG00000027533,0.3017287636489881,37.00105451236797,531.8385158102163,0.23237363392552327,0.4035503521094551,7.989763181473741,22.06621449484536,100,100
ENSMUSG00000027534,0.693802739966419,2.9041909814390685,4.810726154604966,0.23671151619987507,1.6039973810271215,0.5985370220672404,7.041757285030153,100,100
ENSMUSG00000027536,0.04147528757332849,0.485672700884908,1.2932051139321445,0.0012324260179354452,0.20916691991253672,0.3691478565542077,98.36690715084492,100,100
ENSMUSG00000027540,0.1142873933164514,0.296032241882693,16.72752666848357,0.02757064013882861,0.2346273843358507,27.346109858750594,243.35197983285966,100,100
ENSMUSG00000027544,0.010776122008091178,19.989653969899127,22.79484511489494,0.001,4.699876243339145,0.0019536026123612537,20.994161360693262,100,100
ENSMUSG00000027546,0.2544749532459561,1.3453747501274973,8.900205305846644,0.1420519749894597,0.40368091867479505,3.379183064996651,13.741756675806906,100,100
ENSMUSG00000027547,0.001,62.31581250733508,1.0,0.001,0.001,0.001795686597839699,0.19465299177058068,100,100
ENSMUSG00000027550,0.5467373727963509,28.137043469195564,20.824122728920365,0.001,0.8955416986707743,0.4727147522451878,936.975363102223,100,100
ENSMUSG00000027551,1.2087413708317154,62.60672732467023,91.56259491613858,0.29431870480033295,1.6056961343053455,1.029008261814857,14.012922800139961,100,100
ENSMUSG00000027552,1.0740188441369807,20.887744787461724,18.590855009413954,0.06429005381925747,1.8821998213848214,0.4847858504869982,305.1162783451913,100,100
ENSMUSG00000027555,1.3838334227312126,615.9757090552683,1801.3639989114902,0.9633613662863549,1.9747009972953689,2.142499331343629,5.079360508842386,100,100
ENSMUSG00000027556,0.08379478875157667,18.528254390339292,9.319520083622931,0.001,15.717663789884675,0.0019228991483308013,27.266133311947662,100,100
ENSMUSG00000027559,0.07408441519893767,21.922048692602672,3405.5652148303575,0.06522778805285268,0.1519959066927844,11.189648639823154,137.29765069310258,100,100
ENSMUSG00000027560,0.0452541595275083,0.49886987375263714,2.212635919182315,0.001,0.16930466358933538,0.7201862759429346,190.94866863223166,100,100
ENSMUSG00000027562,0.07737790618747631,4.903855439274687,28.062306502560222,0.03686460833504775,0.1351468010947849,2.411001339393065,11.167262203815199,100,100
ENSMUSG00000027566,4.069926922571497,53.64561085506303,363.795358326192,3.1965731301626894,6.537061652348078,3.7844128537895063,10.229380960922857,100,100
ENSMUSG00000027569,0.16078123901456648,0.18384246141876942,4.917810192661566,0.062423760983248255,0.3801314861594944,6.506757732897122,76.88226405366689,100,100
ENSMUSG00000027570,18.413066899489017,708.382176824227,1.0,0.001,34.18025445837878,0.001,0.009016085436082955,100,100
ENSMUSG00000027573,0.6487177468242163,28.274728803806724,34.56357952098992,0.001010332856304193,0.9399846943401065,0.8225742016155249,1396.5234380247307,100,100
ENSMUSG00000027575,1.7012060788630476,2.7665691545673305,17.228938825933614,1.1096223899997593,5.413986772228532,1.350901764628318,13.28074088411326,100,100
ENSMUSG00000027580,0.3146005373172891,0.6386339196140751,3.3864645903451813,0.0688343163038039,0.6804112439623414,1.600633478283294,30.012483900130334,100,100
ENSMUSG00000027581,0.001,61.674132606755,1.0,0.001,0.001,0.0016435401579076802,0.32010628350868353,100,100
ENSMUSG00000027582,0.20266672636910738,0.39049663083929276,3.6233202229090025,0.07804962176909122,0.6819042736055779,2.0464029821530567,26.73537000577409,100,100
ENSMUSG00000027583,0.08893268399754883,18.827767444235903,6.226557364571259,0.001,24.515987071963828,0.001122248211568183,1.4644918708436672,100,100
ENSMUSG00000027584,0.001,62.31581250733508,1.0,0.001,0.0010000000000000009,0.0015116588097247542,0.1547298544281171,100,100
ENSMUSG00000027589,0.8429038550707948,3.1164122315212666,5.363351593467042,0.03345541257422738,0.7704952388177511,1.6827772073029492,78.76681536093596,100,100
ENSMUSG00000027593,0.001,13.24437027100208,1.0,0.001,0.001,0.05617987916796692,4.543857983887776,100,100
ENSMUSG00000027597,0.014987857265069413,0.07617133786726966,21.226745674908564,0.001,0.05526233194327719,0.039370292587127056,5193.879975685835,100,100
ENSMUSG00000027598,0.8291449078742886,21.24651256025544,28.20627356846662,0.004365485200128218,1.2010300182304376,0.8901390764756463,671.9365025379692,100,100
ENSMUSG00000027599,0.7600568823177617,1.039077388460106,4.263952763027502,0.15425335261059925,1.5748329625250352,1.3186326026044775,34.511952135301186,100,100
ENSMUSG00000027601,1.6086788947579251,3.946427134207463,16.02562452220912,0.971383579877587,4.740157905058973,0.9555508146974505,8.679851642154667,100,100
ENSMUSG00000027602,1.589344869676837,3.175940199746865,18.996020689584345,1.0704550706249591,3.1350625546226403,2.0428343989422717,9.649985926727943,100,100
ENSMUSG00000027603,0.19635211147426887,1.1960897442525094,10.31931297732458,0.12688955916545905,0.2987538825855611,5.050086914568137,14.663978997157965,100,100
ENSMUSG00000027605,0.0467487204877721,1.255869235365381,19.661852164669778,0.023428643755118425,0.11438947247754136,3.8543055186106674,42.076949838487785,100,100
ENSMUSG00000027610,1.9566746224598046,109.78449373950669,333.7522709595625,1.2300248211849962,2.685176783924665,2.250797666456501,6.63492212285779,100,100
ENSMUSG00000027611,0.44934001938105905,74.8781964632479,1027.2076323039357,0.33511070266968923,0.6309852681911926,7.639622500570534,22.2756670695601,100,100
ENSMUSG00000027612,0.06426208754602919,19.09396374890518,7.804542418549882,0.001,22.210546461455607,0.001000080970485662,4.903359967628392,100,100
ENSMUSG00000027613,2.3938572542769343,568.2588434488715,2459.0733616502657,1.8729208314107084,5.385218461351952,1.8656457601849339,6.206970284213732,100,100
ENSMUSG00000027615,1.1045947941849932,139.26545971094222,25.20200817135827,0.3617146677574415,174.64246510782942,0.001438367791083788,0.5580950553153992,100,100
ENSMUSG00000027618,3.1079835339306197,77.79635558908558,107.70503512003512,1.4841075094839782,5.28432804428074,0.8172266682439653,5.172882214280611,100,100
ENSMUSG00000027620,2.139900230416205,8.92366420764908,28.74290302890407,1.3709837660967548,9.073039621118385,0.7180034822664816,6.54719205965986,100,100
ENSMUSG00000027624,0.14253562005700507,0.21989310135999673,8.532987633417374,0.06353326721492425,0.2950247359009301,13.399605780240925,95.26737033995687,100,100
ENSMUSG00000027628,0.4000697421776977,1.1697673312255912,4.12925146359959,0.001,0.6355120577216631,2.312610676061134,2466.777400445815,100,100
ENSMUSG00000027630,0.8060809554046002,3.652610118557381,9.274513987574736,0.19268723334361093,1.4826144285699505,1.0994022666840375,22.160912773211457,100,100
ENSMUSG00000027634,1.0289378875270099,1.9965455792791238,7.194571832425152,0.573874020442411,2.476702509128831,1.028231507282089,9.61593691276383,100,100
ENSMUSG00000027635,0.013174580832277679,0.20047085728722516,1.0,0.001,0.32327561660455195,0.003371930240890941,80.31334961122992,100,100
ENSMUSG00000027636,4.131519129298434,1000.0,1.000247281024765,0.001,8.302934422128605,0.0010012635285138848,0.12231117018998858,100,100
ENSMUSG00000027637,2.3285937039583438,5.831910715549063,21.23482236907347,1.1780780631387202,7.769943596314441,0.8321979977097376,13.676508059994635,100,100
ENSMUSG00000027639,1.1934753153036057,273.1550753607162,243.5191623554604,0.46208457727267915,1.7275079060974612,0.5697915456573006,3.9417496390695317,100,100
ENSMUSG00000027641,0.09275683611466308,1.3110113193306072,2.8494951130010575,0.03809044609680898,0.2561337308890443,0.6278995513889076,5.864534309882312,100,100
ENSMUSG00000027642,6.49080076976448,201.68436929828357,1000.9090607396578,3.913237144866204,8.852670888544464,3.5642629929481804,12.988639499706839,100,100
ENSMUSG00000027646,1.3286896924269231,3.8222779783005736,19.56762356526019,0.8629615345091479,4.853317621838553,1.045484075371648,9.811741898213949,100,100
ENSMUSG00000027649,0.998907710478264,2.7624205526898966,14.285905100403925,0.3268838206092105,1.9682463937450878,2.203662239436457,29.836383260289672,100,100
ENSMUSG00000027650,0.6836204298728095,6.65829552139945,6.825474705429238,0.001,0.8661042884799087,0.7381711006778409,1146.4107786176587,100,100
ENSMUSG00000027651,0.1524968679924007,0.16968756629869214,2.154351057236882,0.0031683043590398285,0.7588889844065412,1.4867995972569756,719.6567109687327,100,100
ENSMUSG00000027652,0.004228604157869447,0.001,1.8969807148671756,0.004316962722079425,3.5422253597080724,0.6076057002358024,1984.750287303706,100,100
ENSMUSG00000027654,0.011704053699764039,0.5240896591202457,4.951472653340325,0.001,0.1747672282570421,0.001691735494926505,62.589376162382536,100,100
ENSMUSG00000027655,0.9271519502282565,5.42290742270703,3.850830432871857,0.1342811105238131,2.2480652086850883,0.2472769442236944,8.688738321127868,100,100
ENSMUSG00000027656,0.8890121803463407,4.381360132458805,265.2482008113668,0.5999996613588936,114.49858837739177,5.237980794462244,109.1432511871416,100,100
ENSMUSG00000027660,0.5478641282082627,1.7217413968895174,3.437283507857496,0.15879623743420188,1.3423375425088129,0.7099579389558663,10.81719486112487,100,100
ENSMUSG00000027661,0.07434305393371159,0.09801496995135126,1.5871049396346188,0.001,0.8508233110825425,0.7997915804490576,1475.090166632291,100,100
ENSMUSG00000027663,1.3752565415927687,4.4759770592033785,11.253039792009115,0.6214599678392516,2.386789234749725,1.1389288480113575,9.202891822330509,100,100
ENSMUSG00000027665,0.37175213733872936,0.5104930310915685,2.7753477304385887,0.004222811962522395,1.2711007653368158,1.1506428808604747,660.4404553919366,100,100
ENSMUSG00000027667,0.2768913164620523,0.6413805121315312,4.391444008990616,0.05690692822657327,0.5983949322466109,2.567883942421613,58.3081590035827,100,100
ENSMUSG00000027668,0.6287799983127743,0.8736226527515459,3.3536861528239763,0.13951124892750932,2.07211382964973,0.7881682924368414,27.458173827354987,100,100
ENSMUSG00000027669,1.0183214892005161,4.800990067608162,20.103520681803328,0.6108482709192409,1.4629515653841687,2.4454777301756154,9.028798597526492,100,100
ENSMUSG00000027670,0.022691965853926615,20.70708601689183,15.059885683568744,0.001,6.046970222192338,0.0014804131227971775,16.863316753892015,100,100
ENSMUSG00000027671,0.9023367651342256,2.3067881107801145,6.857451219307641,0.3549643376862933,1.9305729249176005,0.9571013380581033,12.016809264966344,100,100
ENSMUSG00000027673,0.10064790764909606,0.1952738948490808,29.98935764221108,0.0583104677232308,0.17428897266248128,81.7419789664691,320.7918678520791,100,100
ENSMUSG00000027676,0.002397757982489692,0.41396721441898304,3.7281630452615278,0.001,7.704983758939776,0.0012879610901734401,45.27245711221457,100,100
ENSMUSG00000027677,0.001268110342404895,0.001,1.9550062650901687,0.0013974478515003158,0.8601927887742838,1.4263832867020323,1892.9377715189876,100,100
ENSMUSG00000027678,1.6006667727488773,34.95369041193211,9.67356320320882,0.5165476710099122,238.91836858366992,0.002894741194273233,1.372512459150529,100,100
ENSMUSG00000027679,1.6997028752002858,1.8066635804096458,10.058806193786515,1.0238211089216025,7.694298928163311,0.6879687788601456,13.449094106409248,100,100
ENSMUSG00000027680,0.504684028921195,0.5380443088842182,15.221944706900231,0.2566263963990892,1.490443959837139,5.2132054766872145,76.27120110376053,100,100
ENSMUSG00000027684,8.076401781937735,461.8636316031037,1.0,0.41910423746737435,27.584984951860456,0.001,0.00899046177387907,100,100
ENSMUSG00000027690,0.001,61.88525872635182,1.0,0.001,0.001,0.001665436741965262,0.11286842328080038,100,100
ENSMUSG00000027692,5.540626924667818,440.9073972588888,1.0,0.001,21.107972789292965,0.001000000000001231,0.019217555938953575,100,100
ENSMUSG00000027695,0.30759219845087304,29.620605417190824,34.403382767189925,0.001,0.4672342193114015,0.7368332699163465,531.0991760985792,100,100
ENSMUSG00000027698,0.1302360297941921,1.6924985728819013,6.640736374590766,0.06081261930403829,0.2414512877048211,1.8092857423139468,9.332353924935889,100,100
ENSMUSG00000027699,0.001,57.79469271457354,1.0,0.001,0.0010000000000000009,0.0020069685084915254,0.21234953954948155,100,100
ENSMUSG00000027702,1.2820171876976274,312.5979982767532,1.016120712349006,0.001,12.383728074345896,0.0010000001291172117,0.08397579833579989,100,100
ENSMUSG00000027703,0.001,62.31581250733508,1.0,0.001,0.001,0.0017249149016415322,0.29031684951804876,100,100
ENSMUSG00000027706,2.7878272936370454,14.107461260284943,98.0787012528995,1.9522943135383564,5.01582605750673,3.250926815703607,12.781319606981288,100,100
ENSMUSG00000027708,0.555566523775219,0.3816243080895535,7.558539151859968,0.3121492799911082,2.2261593970884928,1.9427977994245946,46.34880342590218,100,100
ENSMUSG00000027709,0.31987935094006203,0.212825232940777,1.8557014177472066,0.02868905095829371,1.819347680445611,0.7368378341401263,144.8002167681007,100,100
ENSMUSG00000027710,0.7916390722690649,3.3450076473199455,8.766084695221405,0.3875472214800362,1.3271893717665448,1.262259737081738,7.13438013198001,100,100
ENSMUSG00000027712,3.71936637244893,62.555164847591705,1289.2364492343688,2.791666776802024,24.395130776861375,2.81014834396163,34.10354296848487,100,100
ENSMUSG00000027713,0.06975834617316172,34.98241258518416,29.840156464194447,0.006887378530540983,30.013851537399987,0.001306785372038476,3.761251165906991,100,100
ENSMUSG00000027714,0.010381156028838899,0.0032286526125175265,2.415356832849951,0.0034989157683504783,2.088997144682576,1.045129796727672,2415.7557178372053,100,100
ENSMUSG00000027715,0.01761726757678403,0.40433388477590326,5.030525140543428,0.003580065740814796,0.07904685050553253,1.5982993385839421,45.19868825288037,100,100
ENSMUSG00000027716,0.001,62.31581250733508,1.0,0.001,0.0010000000000000005,0.001826393693098459,0.07170863872665767,100,100
ENSMUSG00000027722,0.4097173784975685,1.9125380672075933,4.866343181313871,0.003834318111242905,0.706391296806617,1.1810607794207293,730.4530877907446,100,100
ENSMUSG00000027737,0.082723136269681,7.685967935968588,145.89672749812476,0.059292052027293735,0.12288541728421085,9.554536482323645,39.383274069830655,100,100
ENSMUSG00000027739,0.6358469080541371,0.5885263983040883,3.865819575705924,0.27725920768034407,2.1688280140209324,1.0372021401888356,18.04884454709884,100,100
ENSMUSG00000027742,2.3539470213601343,9.13635223631852,15.295012162374256,0.8010661334036933,5.838723420429434,0.5771976229223112,12.20836831608206,100,100
ENSMUSG00000027744,0.001,62.31581250733508,1.0,0.001,0.0010000000000000009,0.0015556862155698026,0.3549009083377977,100,100
ENSMUSG00000027746,0.08254669357432372,0.15234565125075414,20.867511086574726,0.001,0.17758651807351603,61.179005814473015,15154.582154089672,100,100
ENSMUSG00000027748,0.022034240875189626,6.846664233014465,5.306890423362611,0.001,12.992854201944462,0.0010052504616199758,21.816000995661085,100,100
ENSMUSG00000027750,0.04905510515976286,4.058409796834882,135.3892603910139,0.016138416143727602,0.07906265026608086,10.759579083101794,97.00932607018431,100,100
ENSMUSG00000027751,0.6385406676168165,1.0909365935198037,4.710826353329172,0.3658095426942912,1.1830516071056205,1.8009275482516003,9.099798370740892,100,100
ENSMUSG00000027752,0.7838658122477278,14.142717824113303,27.35763139277117,0.35171702202397875,1.1713417222977411,1.182421696073789,6.557872868974723,100,100
ENSMUSG00000027763,0.6148795537889963,2.375869820227415,37.84740795888295,0.4366032128065274,0.8684781755610741,9.346922629764471,25.944198448513482,100,100
ENSMUSG00000027770,0.01725906419762527,0.15689241993142033,1.925275294664577,0.001,89.44023236094993,0.0011894276657625183,558.091033823668,100,100
ENSMUSG00000027774,1.5330055926237982,5.736214977276361,9.482333750195838,0.3867545527600337,3.204171935752946,0.6443426927615594,14.049245677311127,100,100
ENSMUSG00000027775,5.13187445861577,483.6131248997178,898.6493849051648,3.6686839743694386,7.977331425680972,1.1609368977930332,3.2375769303812083,100,100
ENSMUSG00000027776,2.0826313051015224,503.49146876914733,1.0,0.001,10.249273967118636,0.0010159232821237703,0.16260021390076382,100,100
ENSMUSG00000027777,0.5421050358946069,30.492717764117515,15.127708701225078,0.09426782449159482,1.2602723594655159,0.229683594261754,3.522323310351352,100,100
ENSMUSG00000027778,0.1467405439653534,0.40581789760274767,1.7374540768667432,0.001,0.66613853610456,0.6683034753343913,858.6289164072134,100,100
ENSMUSG00000027782,0.5396054019982183,0.6673856081858356,9.302628519184152,0.286573384736415,1.1607454726612334,3.749699313732167,30.01340732672398,100,100
ENSMUSG00000027784,1.608229249771775,15.017728418962543,71.23412935261406,1.0600569914565174,2.2874314434700533,3.090697574027189,8.378092621171081,100,100
ENSMUSG00000027787,0.8987980806433832,1.520185646429029,13.498191255008281,0.6310844515379964,1.840778707160517,2.8826153598685353,16.207850154532537,100,100
ENSMUSG00000027792,0.0685527979030102,19.090267172204424,16.134824807521237,0.0019868795799742704,14.108475428654664,0.0019868068896200086,41.18639746802923,100,100
ENSMUSG00000027793,0.001,62.31581250733508,1.0,0.001,0.001,0.0015573276977809518,0.3082715137400681,100,100
ENSMUSG00000027794,0.001,62.31581250733508,1.0,0.001,0.001,0.0019279621573762148,0.10411925511094507,100,100
ENSMUSG00000027796,0.2780420201815325,1.943531885655256,1.0667118287666195,0.121018263404405,2.8592717155800234,0.03455123501993463,1.4250641233119072,100,100
ENSMUSG00000027797,2.0840859645165692,999.9999488877619,2489.5250375065793,1.353736412454511,4.065753050154584,1.1837938109217085,4.2529527783385905,100,100
ENSMUSG00000027799,0.2059803435064525,0.6048320571918981,2.0975959968777382,0.001,0.7310032073864097,0.666816420262366,1048.022367795083,100,100
ENSMUSG00000027800,0.6308434424449566,34.810104057428205,311.2805017527339,0.5037033787751624,0.8016575371516753,6.462769780641572,12.29480356260314,100,100
ENSMUSG00000027801,7.986775230751372,635.7923592513968,1.0,0.001,19.638040766631853,0.0010000000000000987,0.0921995241563972,100,100
ENSMUSG00000027803,1.6747334368633922,29.98550444098073,62.12284542834269,0.8347471333171002,2.932202043463869,1.1173938225633502,6.613050681685399,100,100
ENSMUSG00000027804,2.676765937445935,254.90450851667052,491.9538188930607,1.8816387146625921,3.626846001247095,1.3766468185173804,3.213520572776341,100,100
ENSMUSG00000027805,1.517423838511898,8.09886554355828,50.499479332091035,1.1219424545275323,2.426544548054679,3.4656034114594645,9.682745968033839,100,100
ENSMUSG00000027806,0.5134155125883376,1.6002587960656482,10.675390930656038,0.31724412017647086,0.8573164642822668,3.495651735488747,12.679451438298715,100,100
ENSMUSG00000027808,4.548228513014426,478.1513966958821,653.7922966183298,3.2455457502739566,7.565990907642341,0.8291535652567669,2.494810567813032,100,100
ENSMUSG00000027809,0.2361262897944002,0.14572753514519976,3.212045126982448,0.0036799666141950306,1.5321622713027563,1.401741748985081,2070.070321445354,100,100
ENSMUSG00000027810,0.256289258656213,0.27231733304711797,7.493223337256383,0.10456667017319557,0.4980380545704435,14.195036528175951,67.75020121225009,100,100
ENSMUSG00000027811,0.3218436434199905,24.429148595241553,28.516853398299112,0.09449758913776746,0.5821869780142132,0.5872557293532237,4.902253321709694,100,100
ENSMUSG00000027820,0.1692774837942989,17.976539945616302,4.122056868060397,0.008576413847995809,33.085585272924774,0.0010924448631033563,1.367582942442144,100,100
ENSMUSG00000027822,0.13334502728131783,0.1083801150551536,4.735468639767257,0.016320745381180966,0.5852845292703424,5.731231899930785,389.0051122735788,100,100
ENSMUSG00000027823,0.11520533957573771,0.7169355220636501,11.610665063151,0.033489116485030966,0.2144987731669643,7.193000326940307,65.94747882723178,100,100
ENSMUSG00000027824,0.001,61.88525872635182,1.0,0.001,0.0010000000000000009,0.0017786520515558502,0.17035541104942492,100,100
ENSMUSG00000027827,0.24897402143361402,83.40397939138785,100.4509487527921,0.09931901970472179,0.4864939354557163,0.5693590421692636,3.2761427753202232,100,100
ENSMUSG00000027828,4.944384951976002,173.4089340271162,829.4553336009362,3.439130030925355,6.437759097949313,3.6170614590097245,9.267260261658102,100,100
ENSMUSG00000027829,0.5826999878835607,118.23170959527877,132.41441416606992,0.0010646341128143727,0.88273609302824,0.7831793703213096,1110.0116167793494,100,100
ENSMUSG00000027831,0.001,60.37820284006485,1.0,0.001,0.001,0.001781552282087181,0.44448904477135404,100,100
ENSMUSG00000027832,0.44158192255081685,3.708250737965533,396.7453624547268,0.35262047283871034,0.5421746462320753,76.79333830794106,141.732913043241,100,100
ENSMUSG00000027833,0.23729812209401666,4.913573921304685,1.0,0.01450684608354847,34.53889946170641,0.0010114571591941916,1.9645999814150306,100,100
ENSMUSG00000027834,0.10696465668342371,30.353811600780794,41.004818567493714,0.001,0.24698363379731,0.433448121264926,196.73519921627923,100,100
ENSMUSG00000027835,0.6826329822574327,0.4062880262769569,10.173391822110897,0.40697970693869195,3.1470669016432233,2.039107117775342,51.10995765680468,100,100
ENSMUSG00000027840,0.001,61.88525872635182,1.0,0.001,0.001,0.0018578334337508036,0.12713043769444898,100,100
ENSMUSG00000027843,0.03145584367986788,0.9582181812499198,12.894463054372702,0.014780747647090753,0.10957925492054157,2.305595865582574,33.8395320799132,100,100
ENSMUSG00000027845,0.4635252976335711,29.617311099720002,20.245619728159255,0.050860159537544414,0.8051382742299376,0.410864563617969,8.999012543366984,100,100
ENSMUSG00000027848,1.036340835380328,19.739274342241973,151.1203308166956,0.7660159251382581,1.3935011841384655,5.567061867304999,12.48993938152599,100,100
ENSMUSG00000027849,0.001,66.84427540036525,1.0,0.001,0.001,0.0017148695330834152,0.3983464219481042,100,100
ENSMUSG00000027852,1.9680656779690557,225.8818016299507,493.11542049544687,1.342095196074226,4.391789075995259,1.0083559344527935,3.9635124016049748,100,100
ENSMUSG00000027854,0.7183877972056719,3.5164685682282997,8.681957313853413,0.0038295631821371294,1.2058908754786182,1.248573657422483,925.3435470315535,100,100
ENSMUSG00000027855,0.001,62.31581250733508,1.0,0.001,0.001,0.0018418026615889438,0.07803617636877799,100,100
ENSMUSG00000027858,0.01508046682506184,23.386381132150806,70.28590984184453,0.001,1.2793894013046399,0.0019763988179188068,73.30689796522664,100,100
ENSMUSG00000027859,0.2798831214867351,1.612433286613647,234.10905166785292,0.001,0.38401029812217824,101.56516477776799,1276626.6505687225,100,100
ENSMUSG00000027860,0.0012899816205402376,0.004526229202145947,1.3111402995688783,0.001,0.32219348365044354,1.0075370139227844,509.6621817613553,100,100
ENSMUSG00000027861,0.013190309465328823,21.462419723306063,33.78265298185646,0.001,7.831783992388191,0.001000000833855077,14.783695408269942,100,100
ENSMUSG00000027864,0.48509939114922934,0.4335149753359261,4.616744998081533,0.18891398646234997,1.6178128908111518,1.5505298903216085,38.81845652801806,100,100
ENSMUSG00000027865,0.0034389496680883444,0.001602893041772502,2.0470015191005215,0.0033257304485198105,1.419996369664286,1.219701511871246,1295.2972468758733,100,100
ENSMUSG00000027867,3.07783631307003,741.2598198343227,1.0,0.001,7.471409287898167,0.0013923258285349596,0.06462850624021838,100,100
ENSMUSG00000027868,0.2938458813642804,0.6946825047655132,2.4308361635137268,0.0017207348827023572,1.0143011366515422,0.6723709666084844,817.1126135679665,100,100
ENSMUSG00000027869,0.0046026134747252255,8.909078077922153,42.722321310530404,0.001,4.13420014077969,0.001720973576163621,50.17835201559884,100,100
ENSMUSG00000027870,0.001,62.31581250733508,1.0,0.001,0.001,0.001520088107533537,0.20950030677916662,100,100
ENSMUSG00000027871,3.338165727611042,807.3831051292377,1.0,0.001,7.410563969038439,0.0012128199527335235,0.07824941309026712,100,100
ENSMUSG00000027875,0.6271465480030781,154.92719237319113,1.0725811857353496,0.001,7.767469763012651,0.0010219097387965128,0.1284973330065376,100,100
ENSMUSG00000027876,0.001,62.31581250733508,1.0,0.001,0.0010000000000000005,0.0020136318933277287,0.20105850137957593,100,100
ENSMUSG00000027878,2.8958672188766084,5.31713310403708,23.54348262939366,1.7542816072578749,8.820909767605247,1.050562763064522,10.295685020126767,100,100
ENSMUSG00000027879,5.011242596320067,451.6889851745821,815.0357878464927,3.1285587373798105,7.830469332419062,1.1706961325448506,4.700342497105087,100,100
ENSMUSG00000027880,0.001,62.31581250733508,1.0,0.001,0.001,0.0015440430872496944,0.19787608012665792,100,100
ENSMUSG00000027881,3.773048589391128,258.4371910725418,370.8673016830155,1.5805733016669046,6.117067924493722,0.8782012432382827,7.546631472713204,100,100
ENSMUSG00000027882,1.128610807671696,3.5961532282379918,8.848061606963723,0.5114351313559324,1.9196494194335647,1.0653931724324437,8.4708181023268,100,100
ENSMUSG00000027883,0.148183378807396,66.49565949763925,130.75976936034746,0.07740038261039392,0.34869443315223325,0.6101698562019422,4.0796119231799395,100,100
ENSMUSG00000027884,0.0025322673101557183,0.001,1.7198065135231766,0.002091854762861462,2.0198853999707556,0.8248487711600752,1823.211387317589,100,100
ENSMUSG00000027886,4.146906333238779,999.9999999237627,1.0,0.001,7.646917511646853,0.001096289727056684,0.04357190605472861,100,100
ENSMUSG00000027887,0.001,62.31581250733508,1.0,0.001,0.001,0.0017117293937383656,0.1336653360710126,100,100
ENSMUSG00000027889,1.5138659576427305,203.61364797060148,344.87263471345494,0.24416509723011348,2.3933203496818525,1.1111808412938493,33.61912969465188,100,100
ENSMUSG00000027890,0.0711190677961834,0.06735320644815887,2.36028251121886,0.001,0.8016685997558316,1.6032278223267378,2197.5994590021173,100,100
ENSMUSG00000027893,0.13706373179739872,0.25811000625043745,13.555280902368025,0.037373245609153144,0.30388466602584563,22.30553498920616,290.85646400127064,100,100
ENSMUSG00000027894,0.15854511961590256,1.291899578880059,21.061144209315124,0.11516843132165094,0.2247081201123358,10.622804343066878,24.48447541855149,100,100
ENSMUSG00000027896,0.0676508585979631,0.6062924769886188,2.383737869483884,0.002918602152491529,0.26398895268277567,0.6549152974732136,129.75290987843562,100,100
ENSMUSG00000027900,0.42222088781487344,0.2613063310716693,5.519747472297909,0.14097683389135413,3.172943918350943,1.7654063459014018,94.89778093592291,100,100
ENSMUSG00000027901,3.789566138684033,897.6453678374126,1.0,0.001,12.77044701640924,0.0010000000000042772,0.22792050537996078,100,100
ENSMUSG00000027905,0.30992025157777203,121.59865569878669,109.0470792686611,0.1827236573283237,0.7628897101887597,0.3212890515175618,1.4622575952360404,100,100
ENSMUSG00000027907,0.10958614904087408,0.3342514555019649,268.16871784511227,0.001,0.1412888892079915,0.018341602921425157,976.7200195652083,100,100
ENSMUSG00000027908,0.001,61.674132606755,1.0,0.001,0.001,0.0022701854642858993,0.178058655767658,100,100
ENSMUSG00000027913,0.010680809208437484,1.7204714154792131,378.84495958373594,0.001,0.0487766766459628,1.3969418799438524,314.20287924205803,100,100
ENSMUSG00000027931,0.0031351585754898223,9.586267260554946,24.8549171356134,0.001,0.04925123424713505,0.001346371161020606,16.812261584110367,100,100
ENSMUSG00000027932,0.1601683604898273,30.172413090741983,19.871162356170895,0.001,1.54241076877897,0.00397569862106116,57.12219249471012,100,100
ENSMUSG00000027933,0.7581288913835709,0.87970254998657,3.8561563255513533,0.14461433837485943,2.2093709177162877,0.8410819527291611,49.441030832800976,100,100
ENSMUSG00000027935,1.5323713058572384,14.295113531905518,42.77165121463393,0.9476291641051642,2.4118711905610724,1.6122996672803738,6.587039542175743,100,100
ENSMUSG00000027936,1.0070665257224771,3.3531023314102097,8.772439165012138,0.5369888309949378,1.9644577839604194,1.0505334787458753,6.961906020637366,100,100
ENSMUSG00000027937,3.159782977077256,410.4979160911973,651.2307607001354,1.7779282670667929,4.697119310949942,1.0852097112585448,4.448164702206347,100,100
ENSMUSG00000027938,0.04484106182802198,16.594398906871344,12.199270237473058,0.004600148700705719,21.646518064995593,0.001221280297344975,4.387659309327518,100,100
ENSMUSG00000027939,0.06315735234362573,19.374387709697746,11.422564159517416,0.0029580046788586258,13.843426836724927,0.0012920311512969605,4.304805994099545,100,100
ENSMUSG00000027940,0.6922120117184161,1.5110915150134108,45.69516101245989,0.4755020120079507,1.2127340566797176,11.854557406009206,46.64668256261058,100,100
ENSMUSG00000027942,5.3761539854262255,424.74575520232275,478.52465660330853,3.7565543778731816,9.017504577519349,0.637770765094504,2.1470981287984836,100,100
ENSMUSG00000027944,0.11216784420173549,0.17353350227183445,28.618877918127044,0.03765070178918721,0.2328521936673657,65.75926230097772,586.9211922930847,100,100
ENSMUSG00000027947,0.10676745148332706,0.7984114333980326,2.253731416450098,0.031021624689049867,0.3555953409993288,0.7433267300985744,16.015718270708064,100,100
ENSMUSG00000027950,0.06943588572276238,18.746094290064825,15.841851412191811,0.001,13.528547410771914,0.0016526105129507623,58.27253177964246,100,100
ENSMUSG00000027951,0.18991294765933456,0.16960904580580854,2.76889323588944,0.007605939462950242,0.8195781100280799,2.23190382763289,541.3597465044265,100,100
ENSMUSG00000027952,0.24641954016616638,2.3871832882870865,6.6278518627295515,0.012303363233440615,0.4592936923973887,1.2544444428948789,32.40987553721489,100,100
ENSMUSG00000027953,2.3743744607273802,325.557351424999,534.2272929448557,1.5399059152889574,4.425322186323872,0.8821300679374641,3.461906617917105,100,100
ENSMUSG00000027954,0.21197367033569406,2.0197327050390377,11.636603849481286,0.0904534164366057,0.30838280743281465,3.677642967332769,15.947283339590541,100,100
ENSMUSG00000027955,0.6586864662398703,11.843105417098368,87.08983799462928,0.4792822328268891,0.8552992838912947,5.5668010250193305,12.29042523935123,100,100
ENSMUSG00000027956,0.4140268768451207,24.145772135842908,20.93562012535085,0.06431767711375906,0.5989565254828997,0.5553018245626555,7.515448402425752,100,100
ENSMUSG00000027957,0.001,0.0013742987328630777,1.4179989978801466,0.001,0.6765508669820486,0.899126490813511,1304.7173396787093,100,100
ENSMUSG00000027959,0.07261267475005781,17.563112987901164,20.24563310666963,0.001,0.5629819574182211,0.10774425451886945,77.74114593121669,100,100
ENSMUSG00000027961,0.04606772486723256,31.572177134110373,22.608547608867042,0.001,18.980345221049983,0.0011163268374720678,3.0806236067848127,100,100
ENSMUSG00000027962,1.1196787438929543,98.22329938242561,1726.9382441341095,0.8926773647074218,1.4195624616353335,13.127566771903869,23.873810279666813,100,100
ENSMUSG00000027963,2.726441152472367,791.0174288064167,1303.4141045596023,1.9852231786159247,3.9084598045123404,1.1272174552413083,2.8446774438010545,100,100
ENSMUSG00000027966,0.103350484472002,35.223098345905925,126.87276376205553,0.009765239820423826,0.17162109276671217,1.8628799358693549,49.39374827228134,100,100
ENSMUSG00000027968,0.12713056173570364,0.08287475833454612,2.649519529999676,0.003312153316688298,1.4525873840927295,1.3025058157240366,1386.3113351411407,100,100
ENSMUSG00000027971,12.77266825709077,1000.0,1.0,0.001,27.89295573967322,0.001,0.012402710484983981,100,100
ENSMUSG00000027977,9.59330806521279,766.9735831556192,1.0,0.001,21.10594954490326,0.001,0.020664921354381586,100,100
ENSMUSG00000027978,0.33257435427802007,188.07028834588235,463.5312261440488,0.001,0.524754163906437,1.3211480594479674,1137.8086035739852,100,100
ENSMUSG00000027981,0.21877643784536502,0.3789973716057839,2.0650401590942025,0.0010572617304325433,0.8205933433148822,1.0641705379737951,1388.1659034233703,100,100
ENSMUSG00000027983,0.2680074733735572,0.4410090860493928,3.1458053327741133,0.05298706556914181,0.8694843714147638,1.5159404907042968,51.12167159342035,100,100
ENSMUSG00000027984,2.4435606751566676,30.360860333941172,43.89382585578745,1.181801155156725,4.053088801841485,0.8115829265673055,5.540502388612374,100,100
ENSMUSG00000027985,0.08811145896490521,18.829641178915494,6.232682273115945,0.0034599940724085376,26.37287015463044,0.0010004401393621477,1.9127906007049515,100,100
ENSMUSG00000027993,0.8282722342661532,4.476302904024066,13.835598930926693,0.29670236995904153,1.2201646834837816,1.8359850177220225,14.339370162629322,100,100
ENSMUSG00000027994,1.2520750647785657,215.37382735270174,463.14316107258037,0.8700938004988917,1.750560029003692,1.432296030318204,3.8679202955257677,100,100
ENSMUSG00000027995,0.0014929626612358764,0.002813820767532882,1.1391669461493041,0.001,0.5392512182485185,0.678746809471938,660.3398921863933,100,100
ENSMUSG00000027996,0.001,54.99590512765986,1.0,0.001,0.0010000000000000009,0.001805241118759053,0.18322862715596844,100,100
ENSMUSG00000027997,2.5407729330873656,10.186209761379494,19.522546010028663,1.5338200181254906,6.100569817454124,0.6888321882402053,5.324933694028112,100,100
ENSMUSG00000027998,0.18499563143019135,0.20372989223978843,3.2036950651004648,0.001304667044821484,0.6772823215947774,2.591794774834413,2512.9225002363764,100,100
ENSMUSG00000027999,0.33572134377553187,0.4391589535527241,3.1539066783024787,0.0069688619848195035,0.8620649260650182,1.6484822197420526,631.1573510967866,100,100
ENSMUSG00000028004,0.006830267817907728,0.19667027109746552,6.090015213419683,0.001,0.07618592651405048,1.0486485280130857,227.81254091103375,100,100
ENSMUSG00000028005,0.001,62.31581250733508,1.0,0.001,0.001,0.0015928680777281493,0.16055416834970332,100,100
ENSMUSG00000028007,0.46403770679233947,0.9349478808781538,4.05383843174152,0.19018507380579597,1.117888892721789,1.178548149231951,11.464822494295243,100,100
ENSMUSG00000028009,0.001,66.84427540036525,1.0,0.001,0.001,0.0019614808527043523,0.16089985005214066,100,100
ENSMUSG00000028010,1.2386251966028747,3.1387800535234476,18.56778172935775,0.838321190114421,2.3099747980641627,2.1396912406779487,10.404064012618019,100,100
ENSMUSG00000028011,0.001,62.31581250733508,1.0,0.001,0.0010000000000000005,0.001601975859770394,0.11319160416491839,100,100
ENSMUSG00000028012,0.001,61.88525872635182,1.0,0.001,0.0010000000000000005,0.001536067046884942,0.14390707346404166,100,100
ENSMUSG00000028013,0.46949490333351235,1.070595738931141,3.106236667382201,0.03171120391817295,1.3132471572927495,0.772110513396954,83.67831181455637,100,100
ENSMUSG00000028015,0.8665613129752575,4.566870237677706,7.018185609146108,0.21483476938134213,1.5461594453423617,0.7276724211283327,11.887085610286748,100,100
ENSMUSG00000028016,0.014599271903138963,0.012235848654733709,3.5102416338061424,0.001,0.2396741285479323,12.119983619708208,3687.5789485796104,100,100
ENSMUSG00000028017,0.10209724402041001,9.566143510875177,5.518206340351928,0.020512977465860407,32.083361134852666,0.0010715229241191318,2.5469638834757964,100,100
ENSMUSG00000028018,0.23630161037135794,0.41488480187653165,2.845136769222732,0.02538712610448783,0.7116942511863229,1.3976198939983822,73.78973957777842,100,100
ENSMUSG00000028019,1.1750831784644613,4.086685749768921,8.131355609154904,0.0776921717932741,2.7935641766379966,0.6345152510084124,72.31126088096583,100,100
ENSMUSG00000028020,0.09016685758918369,18.72502703399799,6.185997024832387,0.0019538145133630148,28.664131468288673,0.001,3.7261460667017867,100,100
ENSMUSG00000028023,8.403911208771744,999.9999999694847,1.0,0.001,16.957327678849992,0.001,0.0566785683631329,100,100
ENSMUSG00000028024,0.07266647072288404,1.306934451652985,8.74748311944598,0.03205754953063334,0.13669600329224021,3.212181903090408,14.976580164692976,100,100
ENSMUSG00000028028,0.3582650032570272,1.2676382454051218,2.460902389935382,0.0010008225662308226,0.9926368659806821,0.6344326583425007,1032.4262712400964,100,100
ENSMUSG00000028029,2.163114931512428,14.741730021997935,34.67251310371695,1.400297801069508,3.224326056384884,1.3505578775134361,4.624003292076098,100,100
ENSMUSG00000028030,0.30827348760418016,1.3141321146863958,2.5339578420704623,0.0010007607263713516,0.7498146292923521,0.6763084249602349,962.4573717901919,100,100
ENSMUSG00000028031,0.38062438353993616,1.1885989078432433,80.07548646348519,0.31708632774917456,0.4968169782804163,38.81051207439882,88.96674733154055,100,100
ENSMUSG00000028032,2.146298972873976,20.045641115743088,46.160069323366386,1.2862454141604645,3.6791289567702528,1.183232514722658,5.086605079756026,100,100
ENSMUSG00000028033,0.2592096983806106,13.340169609297613,27.343364447547344,0.059660244340961066,0.3737208312223359,1.5226679653901352,9.138896804882974,100,100
ENSMUSG00000028034,1.754646107299963,23.082085699764995,61.63713914874244,1.0105723382020393,2.449218839244959,1.7944475767895267,7.505084821872757,100,100
ENSMUSG00000028035,1.6684912351317787,260.72949370651963,115.68491347741161,0.11111027721891595,2.986824321853066,0.2565267335709792,13.845032588320878,100,100
ENSMUSG00000028036,0.17613860695367986,10.682356328089334,117.67652552130382,0.1314805518778895,0.25577498016889666,5.834652202820339,17.62475241645557,100,100
ENSMUSG00000028037,0.0809760256712321,1.8657534047599087,3.3775532931877494,0.005854024105125272,0.5746718671155397,0.11751693360400656,8.89984962224641,100,100
ENSMUSG00000028039,0.024043119452598214,13.195684188229539,40.4509725205597,0.001,2.2966750351210345,0.0027764876074477056,77.08767939795474,100,100
ENSMUSG00000028040,0.2294164371959945,0.8542336916681088,6.2810494734527,0.1234631900441,0.36208861873915554,3.9716421499409624,15.91326531720644,100,100
ENSMUSG00000028041,1.5296223976834236,3.4123055886397378,9.908854722986746,0.9523109110483094,3.237274794742229,0.9150473045040375,5.854736212290484,100,100
ENSMUSG00000028042,0.3009223652266171,0.3306351104010657,4.96247263000079,0.10998653324502831,0.7069087477028149,4.543401588217154,54.43365817330893,100,100
ENSMUSG00000028044,1.310531676421005,607.0296329487394,1874.809212955443,0.9456227870799407,1.8144342969372333,2.2241209052040993,4.74567357604952,100,100
ENSMUSG00000028047,0.15823839680407178,0.46282392759386937,3.7212413482291016,0.017262326538342074,0.393105123991512,2.574756855883071,528.8723626631216,100,100
ENSMUSG00000028048,2.071873328525417,251.16824452037866,855.3698826333987,1.591314485335968,2.7740740966485298,2.3273139373640497,5.02155528126203,100,100
ENSMUSG00000028049,2.6316054358825354,3.6468292449232966,27.976486998604205,1.8053964821173154,7.080100835422572,1.7086224419401557,12.62379782714211,100,100
ENSMUSG00000028051,0.001,62.31581250733508,1.0,0.001,0.001,0.0017881191776821155,0.16060292053859684,100,100
ENSMUSG00000028053,0.3640358571532234,0.6065442249371938,10.717156858107526,0.1880864887442833,0.5109077031264777,11.463576330534785,43.14765513503797,100,100
ENSMUSG00000028057,1.9831841913526975,7.259163834990598,20.459778528469002,1.1866816060271554,3.8659584834525633,1.1255666601768106,5.870736233606311,100,100
ENSMUSG00000028059,1.2082323788691172,3.0476028478242276,15.45792592064712,0.7642494828058153,2.4177838995842422,1.8903345966083789,11.234293856479603,100,100
ENSMUSG00000028060,0.8622143407414368,1.4018171052954946,6.551829587678723,0.2858314722239658,1.8488880460241899,1.4564438510077924,22.586785732234013,100,100
ENSMUSG00000028062,6.554328687874032,596.8055758466397,1385.0846674553663,3.4810023246540753,11.436665310659311,1.3070291845300157,7.312899659971881,100,100
ENSMUSG00000028063,3.433868440257049,11.14133572445569,192.32422160915084,2.3457678918483835,492.4764156343133,5.035321341876953,31.634737295869126,100,100
ENSMUSG00000028064,1.750658321459322,421.40314619562344,1.0,0.001,11.49271549059893,0.0010000000165051187,0.07267684943917463,100,100
ENSMUSG00000028066,0.3360685255931141,3.567329842805732,9.306584855054327,0.1809000302880605,0.5585850178554899,1.4421976494187283,5.712867503985742,100,100
ENSMUSG00000028068,0.013335638875082899,0.4859675947363393,4.963264821668566,0.001,0.12205067932417304,0.0018692745147081326,133.81658875266965,100,100
ENSMUSG00000028069,0.20989717802419486,0.40123417534861544,8.534035780469548,0.10248496863256287,0.4714994775532074,8.184836225406302,49.017796640356536,100,100
ENSMUSG00000028070,3.9391292800190483,193.75230088285255,233.92730060029587,2.2957893094132196,6.399767998369354,0.7408950416884408,3.400324282722986,100,100
ENSMUSG00000028072,0.001,62.31581250733508,1.0,0.001,0.0010000000000000009,0.0020798391342748213,0.1612091924514343,100,100
ENSMUSG00000028073,0.15643946919551271,2.2112612950067376,5.514729680496713,0.08435549496840022,0.3023258258216398,1.1662935511274868,6.226172252152361,100,100
ENSMUSG00000028076,0.41786206794567954,2.083479464410406,5.740740829373471,0.2407419708122933,0.7815837539356847,1.2183185352343964,5.599398737234729,100,100
ENSMUSG00000028078,0.15536838489171692,31.92782167552508,25.89109509409892,0.0020029502499353757,0.49580388156521643,0.036156991063638656,19.36897177106031,100,100
ENSMUSG00000028080,0.5083122695204166,18.30295883183872,43.42717325007248,0.35293670097978114,0.7039578451967735,1.604238340726508,3.8903421140927534,100,100
ENSMUSG00000028081,0.09163422750838551,0.3630508882657651,282.64883111088005,0.001,0.001,0.0032984322126020866,1.28877314070985,100,100
ENSMUSG00000028082,1.0667469367057443,3.58006515919374,13.146818892937594,0.5815185732269488,1.8177144972899968,1.7053450788709252,9.533582260200435,100,100
ENSMUSG00000028085,0.12382365686965197,0.11014097284653011,2.087638427186602,0.0062501463023201635,1.163278256648595,1.0916097798888056,454.6303567176651,100,100
ENSMUSG00000028086,0.19227928681189668,0.3353282486805104,2.563575560999027,0.001,0.49381861293072193,1.8938889565560517,2003.8920491141744,100,100
ENSMUSG00000028088,0.10877833791675114,4.898024071307554,4.239577531950872,0.015195443980660583,17.08238076912526,0.0017360891301593563,2.5993268465214254,100,100
ENSMUSG00000028089,0.535996282101654,30.642972186272647,20.938921976976225,0.10005629007430322,1.4649760736800583,0.21433738401934616,4.630647421142718,100,100
ENSMUSG00000028093,0.2563685513016199,0.9128668097867623,5.881950843012838,0.034769258337890754,0.4881521436896491,2.8095739582229644,52.72688342599602,100,100
ENSMUSG00000028096,0.01717148578352937,0.027332471668038535,3.0759400188530854,0.001,0.23706355319329048,5.748825629947123,2466.442662386483,100,100
ENSMUSG00000028098,0.001,17.090947509021657,1.0,0.001,0.001,0.008556292791542823,0.8055424095370581,100,100
ENSMUSG00000028099,0.11424485798255636,0.10258433913062005,6.030128263014733,0.026826649718297964,0.77462773072225,4.46350562617395,242.1916674307378,100,100
ENSMUSG00000028101,0.02124567219986205,0.03155238719023634,4.42429795451213,0.001,0.17618335135506624,11.114193913226039,4244.5448355342105,100,100
ENSMUSG00000028102,0.7457659051377612,24.595747025852003,31.20716479813993,0.09612920414863879,1.0791941990717393,0.8435531176195877,25.430091235710925,100,100
ENSMUSG00000028104,0.1922738164010896,0.38190044823351244,4.549388002152818,0.024444339246863393,0.4557839026723134,3.8729003313847534,114.95519116812716,100,100
ENSMUSG00000028106,0.4872305882367249,1.00454042834187,5.71041662953529,0.163198156156096,1.0537911249053766,1.7534010150897634,23.559990579163035,100,100
ENSMUSG00000028107,0.36253130097202874,0.45368219664550546,4.87734948707324,0.17646836460426568,0.6178403873734143,5.089354701696534,27.71582227490613,100,100
ENSMUSG00000028108,2.53726024496812,26.072718350645744,1395.2725657804347,2.2095094596623923,3.176475331010952,39.324303277675995,75.97705501294068,100,100
ENSMUSG00000028109,0.001,62.31581250733508,1.0,0.001,0.0010000000000000009,0.0017986259235123166,0.26268103734093345,100,100
ENSMUSG00000028111,1.783961159027757,14.176950766030384,180.21074714022635,1.367282250024925,2.491081944060773,8.205697857825106,18.720451090362324,100,100
ENSMUSG00000028114,2.4990582095044394,251.8550483870549,231.09423913183244,0.7179923225057123,5.779300781814845,0.3797295823107833,8.789732750335832,100,100
ENSMUSG00000028115,0.03224827416649132,7.8878208316726495,14.633015242854855,0.001,0.1657934545484515,0.11604124542563475,88.42669519839498,100,100
ENSMUSG00000028116,0.001,61.88525872635182,1.0,0.001,0.001,0.0016427320147878763,0.28463252434083974,100,100
ENSMUSG00000028121,0.177900682503006,0.5004873220611246,3.762096380739505,0.06001518424599749,0.4014499455125118,2.374245750098713,23.693299349267733,100,100
ENSMUSG00000028124,0.6082534829723821,249.82660073140323,857.0061386616356,0.46914016374176093,0.9321589679634602,1.9733214318950871,4.669102287290201,100,100
ENSMUSG00000028125,0.2091246325712797,21.512863205890316,26.364265737023683,0.001,0.35199192860409145,0.6265036921963156,280.23226328355156,100,100
ENSMUSG00000028126,1.44147945993872,6.7876004389260745,17.687787262370083,0.8734317511721179,2.5929503121601263,1.1636943091413934,5.349011463086438,100,100
ENSMUSG00000028127,2.1670323468358306,295.54576758915863,436.14384654936634,1.5600492882971324,3.042726335072204,0.9691835068902404,2.1630771296435523,100,100
ENSMUSG00000028128,0.27494602530285306,2.5485183475285242,170.90172256999122,0.22399236869249586,0.33210154219191795,50.772200625565226,88.46056573542093,100,100
ENSMUSG00000028132,0.001,62.31581250733508,1.0,0.001,0.001,0.0018986566050764322,0.4405051188488188,100,100
ENSMUSG00000028133,0.43464754783193904,1.2571729954346962,3.711739243641234,0.12736907144887005,0.886919767494766,1.1138297777782102,13.174733860672074,100,100
ENSMUSG00000028134,0.05771646146711623,0.18704592621059524,2.6900010057109895,0.001,0.3021006851302037,1.8995995183028525,1041.5005832503807,100,100
ENSMUSG00000028136,1.4879244939392748,32.991882849292196,58.1327497041731,0.8852973630535663,2.2369060837520403,1.1005969065310843,4.449121543998861,100,100
ENSMUSG00000028137,0.6271465480030781,154.92719237319113,1.0725811857353496,0.001,9.296630576688486,0.001004729543728228,0.04952060185023595,100,100
ENSMUSG00000028138,4.000961444267881,541.1180013492394,1071.3401571770253,2.6299044281567014,5.689278594570529,1.414034021247734,4.621377149541216,100,100
ENSMUSG00000028139,0.3513567569810112,28.07435289864756,15.389183204980492,0.056969257913566176,6.600715637565173,0.1027177578224708,6.266670907589807,100,100
ENSMUSG00000028140,1.0295051941544273,2.110410128230565,5.911421703251351,0.4818664754015455,1.8457556654386933,0.994653257084239,9.613604343133684,100,100
ENSMUSG00000028141,0.001,66.84427540036525,1.0,0.001,0.001,0.001902121245781232,0.1795193238069852,100,100
ENSMUSG00000028145,0.08108183796228811,0.23969268232147853,1.9019026399355317,0.001733587799007247,0.40139845226620696,1.1798724365566506,358.3211304241236,100,100
ENSMUSG00000028149,3.0931767236351093,359.2938292192429,225.29652886557074,0.4671168516423233,5.047407892772254,0.38415700031614086,16.45031769348853,100,100
ENSMUSG00000028150,1.2820171876976274,312.5979982767532,1.016120712349006,0.001,12.558924571545713,0.0010000000000018445,0.045194946277820905,100,100
ENSMUSG00000028152,1.5300007795293455,134.06227604111828,294.3935427880147,1.017420595402411,2.644829915759753,1.2974368252249815,4.1116869519232,100,100
ENSMUSG00000028156,0.2340965813618076,0.658530950047579,38.76719149968148,0.14344778547857095,0.36412891299058847,31.110251178977215,99.30287687299413,100,100
ENSMUSG00000028158,0.3480175307822786,3.2646057652086427,1.8542747699960693,0.02083672348857901,0.8245861173158477,0.21531953138494048,13.176127678826134,100,100
ENSMUSG00000028159,0.5630790962282833,6.5711193987958465,4.32932374596463,0.19549234553083641,1.3201589310361068,0.25894310282340866,2.4541975982942494,100,100
ENSMUSG00000028161,0.8086498112648712,7.669583726951099,28.42837389372686,0.40074083015769046,1.1913212113121743,2.3793617389470514,11.978660393899162,100,100
ENSMUSG00000028163,1.1853790610795814,22.372375240227218,40.219626034752125,0.6599891618900847,1.8329669682197614,1.0496221157431005,5.3547128325886035,100,100
ENSMUSG00000028164,0.7632639991049895,0.8174615916872173,4.114607568152174,0.20142131598831453,2.22851049896681,0.8860068836740578,37.614714509135084,100,100
ENSMUSG00000028165,0.4469271763874938,0.7980299345027534,11.044557149134036,0.27184335354912004,0.8262071685060111,6.949146245713183,28.758137452713314,100,100
ENSMUSG00000028167,1.8083097483486257,5.659391861918254,13.820549586852966,1.0475768023214478,4.065802653163023,0.8316869883492823,6.500123317419034,100,100
ENSMUSG00000028173,1.4874885802037592,40.532717119559926,276.35790590652607,0.7752003311699267,1.8102896900113314,5.132828471808583,20.3566303066226,100,100
ENSMUSG00000028175,0.013340953941044753,22.641164180148934,55.98285085183772,0.001,7.726361747451431,0.001316073044378183,26.772421575368455,100,100
ENSMUSG00000028177,0.001,62.31581250733508,1.0,0.001,0.001,0.001680091838052118,0.07152183755597799,100,100
ENSMUSG00000028179,0.15114296329438587,1.3065060393511692,2.82881640797904,0.0015679699257171585,0.37861950342304135,0.7839942307658867,193.57081921754175,100,100
ENSMUSG00000028180,0.7246220343426525,0.8657467276177407,13.202044496416349,0.37728100371549966,1.7258677891622694,3.6231119657185813,34.665583752499316,100,100
ENSMUSG00000028182,0.04390342854800747,20.56531121749574,19.27985210392115,0.001,21.845548178763174,0.0012500386473135792,12.259209613858939,100,100
ENSMUSG00000028184,1.3389022088833702,132.3059503069384,489.7668794932858,0.9241437909966905,1.6438814725458561,2.9266122706388513,6.314102859418846,100,100
ENSMUSG00000028186,0.001,61.88525872635182,1.0,0.001,0.001,0.001803782698204036,0.22612920219218022,100,100
ENSMUSG00000028187,1.1714789178501244,3.995793368565789,8.523539635433206,0.45400789483975756,3.0803216203755595,0.6836922350601432,10.428414725425522,100,100
ENSMUSG00000028188,0.033162280621697744,26.181061261025715,29.819863490652672,0.001,31.449153037809708,0.0010058202596631065,5.396536122040136,100,100
ENSMUSG00000028189,0.03943998083235869,0.08317721385733746,1.0,0.002269993194142674,0.7386265642233795,0.4427623949903243,232.42106885513942,100,100
ENSMUSG00000028191,2.52500005026974,860.3844726231064,2107.5611996831694,1.7942066175551967,3.6885573967335494,1.5988321935424796,3.838760470379575,100,100
ENSMUSG00000028194,1.0169835942591632,75.11274224924162,354.0827928108004,0.7595857917071622,1.2993859199049267,3.4520400823600075,6.4233313517856985,100,100
ENSMUSG00000028195,0.5888029698949697,7.318582554536659,557.5300975798776,0.4615772065219409,0.700149956033246,51.948659204400855,115.49428944415239,100,100
ENSMUSG00000028197,0.023570476878396873,20.039293689068433,14.574767524363645,0.001,9.955473498717373,0.0012963651307437733,31.580184750685397,100,100
ENSMUSG00000028199,0.10129184317496294,0.09559802317038514,6.231949739017257,0.002071168882754932,0.2805285408228932,25.15896686422182,5412.6291605333445,100,100
ENSMUSG00000028207,2.7045391655621014,79.46049713583703,493.6183902565322,1.9575502875341937,7.130861106644397,2.760070290142193,11.095421535034,100,100
ENSMUSG00000028211,0.3200063905057943,1.1849082171807,7.535303121697099,0.050519158179155574,0.5310057162369932,3.35784806019164,72.39754286267187,100,100
ENSMUSG00000028212,0.021165885574863326,0.5919829482710178,6.58085290604951,0.007368524493076008,0.06642010655166786,1.6669857592180028,29.81480249378056,100,100
ENSMUSG00000028214,0.05078352162008106,1.6600525832603137,7.34219816566747,0.022207318453762732,0.13408974784013417,1.1528159439971946,12.515201614649644,100,100
ENSMUSG00000028217,0.12829870543121039,0.40376533041929474,1.8823742794430451,0.0010065280707711368,0.49881999893752615,1.0023306580981113,829.1170676224694,100,100
ENSMUSG00000028218,1.1771655588088126,4.911977741136669,11.287267756537426,0.657836098923472,2.4139054011921317,0.8466535085463746,5.799302866541966,100,100
ENSMUSG00000028221,2.2665568714312876,9.679965327129407,19.473076092432027,1.4674906009186846,3.5953018356777657,1.0287235145151774,4.504144619591006,100,100
ENSMUSG00000028223,1.2820850354986768,3.7464817320112638,8.994204239753664,0.5027377753125747,2.6330511665685417,0.9165855900629267,11.167806264136157,100,100
ENSMUSG00000028224,1.079216763742687,999.9999995880308,436.37032098789666,0.3567928399469833,3.715223324443261,0.11170509663654288,2.283644698359384,100,100
ENSMUSG00000028226,0.12872145601700763,35.361626790688945,49.31220998896188,0.048700219591765403,0.4533245175461827,0.23004016314424797,3.2239424877902323,100,100
ENSMUSG00000028228,0.6785006994259409,1.0341068115336127,4.03219429753317,0.3138790686560221,1.6176138224633723,0.9995055199603254,12.022583709621626,100,100
ENSMUSG00000028229,0.3992033622727889,2.275272396929997,3.308664306708123,0.10895475866129209,0.8780798671191092,0.5415992206511336,12.909095113572217,100,100
ENSMUSG00000028232,0.2791187688531151,3.6590981371721396,5.135692316250447,0.034413549971926416,0.6029833426616514,0.5501425481965658,14.91055592524407,100,100
ENSMUSG00000028233,0.65261956075375,3.2881249682430416,6.510603789873972,0.12403672543224056,1.3528283989953565,0.844329634902123,15.675134012673213,100,100
ENSMUSG00000028234,4.680476888860512,156.33849861119867,3662.3360415791385,0.001,6.189846449606912,0.39312264626688964,42448.57677160184,100,100
ENSMUSG00000028238,0.010071161780431262,1.7593720963858195,9.573286049040792,0.001,5.406346738167272,0.001625225235651084,26.93037510048144,100,100
ENSMUSG00000028243,0.24065974337235815,0.316428711443246,2.0823116227079823,0.01989915206326255,1.0812582442365066,0.9168603217629878,127.00681862623068,100,100
ENSMUSG00000028245,0.0013006393719066861,0.001,1.9010770075744785,0.0011632628980845264,0.9519752998937574,1.2346675107934506,1997.2814866504382,100,100
ENSMUSG00000028246,29.85406513190765,822.4431644472736,1.0,1.5589322558671466,46.81003218577864,0.0010022712870306138,0.00893615890765094,100,100
ENSMUSG00000028247,1.1055969732393258,997.7554556415478,1258.7675864788648,0.5901433406971116,1.8544003455284117,0.7173198003888304,3.7553721047728637,100,100
ENSMUSG00000028248,0.4600172633963915,0.5984184664328184,8.436164314450226,0.24398587434098615,1.168280653695707,3.6481976138407513,34.63455984242226,100,100
ENSMUSG00000028249,6.506153982848513,108.49447235754847,387.1306976724586,3.3709336928103735,16.052631424951382,1.4250927248217258,11.789801612144469,100,100
ENSMUSG00000028251,2.708987420388672,112.82689328036294,154.13786587213605,1.482434864817317,4.811330459911073,0.7515839010547871,4.1037061831961585,100,100
ENSMUSG00000028252,2.5136277127455884,80.7781186574178,81.20927824741185,0.6478153062584164,8.100353480221884,0.3127454632076959,10.907766084188662,100,100
ENSMUSG00000028255,1.841988715766862,443.41926254649763,1.0,0.001,13.521940775052347,0.0010000000000224857,0.08876769222110253,100,100
ENSMUSG00000028256,1.298297428910972,235.19573200125393,221.47228143678788,0.07820417270331276,2.20202928474996,0.5425293263419877,45.839563029110096,100,100
ENSMUSG00000028261,1.0099744849098489,2.424169356321216,10.322018669683624,0.6396004397243369,2.020959098331481,1.5242172306028903,9.142577417858522,100,100
ENSMUSG00000028262,0.01812526791647185,0.9335632367693034,12.629539489564753,0.001,0.09345588167187968,1.3514676707445106,73.11725686618877,100,100
ENSMUSG00000028266,0.1885891519511003,1.2102401744347566,32.967255258954836,0.06431020551325194,0.2641018493000849,19.63436658315853,96.71150691164544,100,100
ENSMUSG00000028268,0.40490261059094995,4.790811784705483,6.3635725193272155,0.05792970485457467,0.8732786024799104,0.556840067861965,18.06550223129703,100,100
ENSMUSG00000028270,0.3193823713045875,3.28043059230314,16.21792124899548,0.1977311413654202,0.4641560498435745,3.0248281108635844,9.675851623046999,100,100
ENSMUSG00000028271,1.10758821559712,1.3496763844962925,4.903429857205377,0.16724633969738176,2.998812237636451,0.7867319949151035,59.64915436558266,100,100
ENSMUSG00000028273,2.7345290016338035,999.9999999744806,2397.475115919874,1.741933566726225,4.690275466036946,1.4077133863710087,6.315124290423723,100,100
ENSMUSG00000028274,0.32650326848770983,0.592788225034057,5.961591186153385,0.09771959211643316,0.6030439655768202,4.294145556017894,40.41978778705834,100,100
ENSMUSG00000028277,0.6729196429391088,2.996355696190503,8.153164984745004,0.43620925183615805,1.1103123728507236,1.2591424972010552,5.7556905636420845,100,100
ENSMUSG00000028278,0.13901913316583747,5.161736715936992,14.794344502716912,0.06003800325420578,0.23327981505320475,1.3028377249585485,6.885918613024985,100,100
ENSMUSG00000028280,0.008301702296498903,22.29558284678804,76.2871010428715,0.001,1.2329684197064905,0.00185163320764576,55.032230129596776,100,100
ENSMUSG00000028282,0.1926643365275566,30.06403214619277,23.74633161555238,0.05999920266582869,0.7599913289754467,0.1534581460619126,2.340289214767196,100,100
ENSMUSG00000028284,1.4150513488012377,3.091347506769765,8.541689833198454,0.6998260907200836,3.2416692438567356,0.8090684884173059,8.0398740211844,100,100
ENSMUSG00000028287,8.502606647796894,999.9999999368471,1.0,0.001,15.40792016648776,0.0010000000000112172,0.05131591815940128,100,100
ENSMUSG00000028289,0.07558176745766736,25.377151754960483,40.2109847897637,0.001,0.1910951383995933,0.5793566937273615,142.8835375852624,100,100
ENSMUSG00000028291,0.1423416347691745,0.291429498656467,1.45157878361217,0.001,0.890865256097173,0.5280719918229524,872.7355218671324,100,100
ENSMUSG00000028292,0.4054628876449241,0.5339276430046301,4.60173220690679,0.0678562542265369,0.8788928216635133,2.6088593458748504,66.26540626336298,100,100
ENSMUSG00000028293,3.3224970673681273,30.3272638752355,58.19833808560021,1.4620746891898229,5.765027606544761,0.9604958072348978,10.656820543711616,100,100
ENSMUSG00000028294,1.841988715766862,443.41926254649763,1.0,0.001,8.031932708733752,0.0010073033005793732,0.07248223414760466,100,100
ENSMUSG00000028295,0.2972724810710151,0.38295223188584687,4.023851158002576,0.001,0.17009000454908102,17.102485297591397,3557.226061146071,100,100
ENSMUSG00000028300,0.001,0.0012752779606858592,1.1975274124311852,0.001,0.8257078021051437,0.5614039317169245,1169.0849902667162,100,100
ENSMUSG00000028309,0.3395508935848685,0.22899634288578685,2.7352839979431796,0.12187892485445365,1.7484865222693677,1.0668491283917292,42.802653550125086,100,100
ENSMUSG00000028312,0.2784392212105091,38.8691365590962,144.64981715336216,0.20637569887099583,0.43100898114954256,2.0968036758180126,5.880422594495062,100,100
ENSMUSG00000028318,1.200894257045965,16.315124291308788,18.214923618517616,0.2656938886002874,1.653221268999513,0.7781552915748707,11.064571297818732,100,100
ENSMUSG00000028322,0.0011688800701673502,0.019125974527530367,5.0734200071414515,0.001,0.06116685892151755,0.022761299526168392,722.3315993772726,100,100
ENSMUSG00000028327,0.001,62.31581250733508,1.0,0.001,0.001,0.0017407444501671607,0.17409223936791945,100,100
ENSMUSG00000028328,10.163805185879742,570.1381158305087,1.024131887429756,0.001,27.20212294001682,0.001,0.008942105121784765,100,100
ENSMUSG00000028329,0.5637951604377144,31.542808292511854,15.835478994071194,0.0028673780161084655,2.0192334090302184,0.1627258161655991,149.58145485388354,100,100
ENSMUSG00000028330,1.0053802559397134,2.0488038511177527,6.681707683374519,0.4167906271223145,2.331581635206084,0.9738115400612832,12.593819546164216,100,100
ENSMUSG00000028331,0.40241537093257934,33.45992299772927,12.114805784859936,0.09582272422495122,1.5940079310680286,0.0682883039270749,1.5383559295162221,100,100
ENSMUSG00000028332,0.001,62.31581250733508,1.0,0.001,0.0010000000000000009,0.002004183545683778,0.16963206794015723,100,100
ENSMUSG00000028333,1.8494414392037486,4.401539502322155,30.17822388597579,1.4202358112335265,3.7969240907423454,2.1912375343446606,11.189376517421362,100,100
ENSMUSG00000028334,2.143182857769963,5.501061455288217,32.8919521903434,1.5373103633489518,3.4238008509687647,2.699345158320204,10.303962074612429,100,100
ENSMUSG00000028337,0.001,62.31581250733508,1.0,0.001,0.001,0.001714792617601327,0.19097438381141144,100,100
ENSMUSG00000028339,0.053362437803649534,1.1833837520738841,14.169846460887758,0.0012236092297724995,0.09745274792647317,6.002520842813041,610.9432957748277,100,100
ENSMUSG00000028341,0.001,60.60768216058454,1.0,0.001,0.001,0.0019491875888929307,0.14308252438363,100,100
ENSMUSG00000028343,1.2731244845397982,1.722334102366815,16.512067790385032,0.8340288812279713,3.2284172610875714,2.147179856720907,18.211871176890497,100,100
ENSMUSG00000028344,0.23754333387858115,0.5470874883242086,2.044857527757964,0.001001972399491543,0.8322692772573612,0.7290165775675377,1235.37321248229,100,100
ENSMUSG00000028345,0.8721825270392928,2.558551430806353,5.584316762088729,0.2769950615820681,1.6541600464731068,0.8063142067983036,12.877869914715156,100,100
ENSMUSG00000028347,0.6375664675503239,1.1348243494087518,6.054899170215263,0.12470365772955981,1.5025306786319887,1.6399836234013887,40.46957031088182,100,100
ENSMUSG00000028348,0.3228950389781223,33.58705521852956,9.228733117655747,0.049372797542062204,69.66318038885565,0.0011346242811241748,0.7358396190331464,100,100
ENSMUSG00000028351,0.018129478866217536,1.445790679808902,35.88707916776693,0.0068214186620147825,0.05713351278373871,1.7788756579644307,215.97914996013031,100,100
ENSMUSG00000028354,19.07742045359532,631.749069413638,1.0,2.706429802564457,44.00337356568666,0.0010225626754655878,0.008897350382413662,100,100
ENSMUSG00000028356,0.001,62.31581250733508,1.0,0.001,0.0010000000000000005,0.0014928868455876755,0.12663927044186293,100,100
ENSMUSG00000028358,0.21566098334440162,30.992980267025565,22.087920975554383,0.029285598735741252,1.1763321845558021,0.011883359385175742,2.7406775005446278,100,100
ENSMUSG00000028362,0.001,66.84427540036525,1.0,0.001,0.001,0.0018677467839039682,0.08039967527300565,100,100
ENSMUSG00000028364,0.30068614707397695,7.758870686266292,175.74113231016335,0.24946032264894852,0.38322741727219645,15.667480716701746,31.273160009782075,100,100
ENSMUSG00000028367,0.15437304463324342,0.29959730615911767,191.12902860795148,0.001,0.056552444811662494,0.012328844525204944,293.4406746482518,100,100
ENSMUSG00000028369,1.1728838561548796,4.665627413574919,99.13832657949165,0.8877160448291561,2.133019419775822,10.738075049957207,37.68048289102643,100,100
ENSMUSG00000028370,0.09963757806911111,3.3787544792244097,21.952003338122022,0.05202401353526605,0.1651441267171672,3.282411823995224,13.802522831946511,100,100
ENSMUSG00000028373,2.9054273164315245,691.0128784415205,1.0,0.001,8.209444299747911,0.0010002855890536226,0.05573529429878847,100,100
ENSMUSG00000028378,0.9219763365788416,164.8254056201728,1861.593657749958,0.7311342174105904,1.351792933726263,6.227308550522585,16.246424583439577,100,100
ENSMUSG00000028381,0.001,14.215368224527548,1.0,0.001,0.001,0.022728270111293705,2.0025461856356177,100,100
ENSMUSG00000028382,0.32508215991073175,0.3731223103728431,2.965560506725746,0.0016355972122649928,1.168039194426545,1.287601211401236,2332.2289279052934,100,100
ENSMUSG00000028383,1.2523423057238399,9.544715424977571,10.83106168564359,0.30470158354128934,1.9383062073391577,0.6702540229350136,10.252194847206841,100,100
ENSMUSG00000028385,0.627369898721212,109.87989800968151,151.13616608385803,0.29027247763883546,0.9522382928347377,0.8907275807456254,4.260891871560316,100,100
ENSMUSG00000028386,10.626059330623438,824.761199995807,1.0,0.001,21.655649902729966,0.001,0.011100405957760281,100,100
ENSMUSG00000028389,0.3273451656831579,0.7874437521842316,1.781879618977724,0.0010031503949059907,1.0593980693921383,0.4929915219051276,900.910731006132,100,100
ENSMUSG00000028391,0.11085943926875413,20.191059012226788,28.922472308484313,0.001,0.20107540676519758,0.7104399944358359,110.65757834768256,100,100
ENSMUSG00000028392,0.001,66.84427540036525,1.0,0.001,0.0010000000000000009,0.0018829628247492478,0.19241979795570596,100,100
ENSMUSG00000028393,0.8252673718971248,679.2465981993655,1037.496597969283,0.5183584650625297,1.2361521751154578,0.9116449946955517,3.2046915967796807,100,100
ENSMUSG00000028394,1.6280579518368683,5.746498441922291,16.77460679862848,0.9644549024127245,2.9320526376201794,1.2959203590453605,6.4891900693051,100,100
ENSMUSG00000028397,0.9781702540988708,126.56532075016044,88.42509310007596,0.3862162741571812,2.070886631793969,0.3177233697510674,3.8343296885033764,100,100
ENSMUSG00000028398,2.1111815962045557,3.77881710043751,7.244757391207655,0.577899825672624,5.380228405391282,0.5512345197260459,14.507584710709846,100,100
ENSMUSG00000028399,0.019377748307935774,12.558497618666117,46.20729795792332,0.001,0.22199986470538086,0.0016543109200894274,90.83037566520223,100,100
ENSMUSG00000028402,0.007013532574876115,0.0026901215684911784,1.9227795297314259,0.003569545733259114,2.40913223611138,0.6744949459702675,1648.0508252349437,100,100
ENSMUSG00000028403,0.2946654518679714,5.2317302673080945,7.00801760553701,0.005005472503091052,0.5421225718461663,0.6446811832039283,86.67357187029208,100,100
ENSMUSG00000028405,3.091660800464114,37.33414294207851,48.53498612298067,0.8868029756636393,5.107498903574414,0.739908762373939,15.064511401566858,100,100
ENSMUSG00000028407,1.1614900329576436,1.8806599885945179,4.205511248752368,0.28028522055763105,3.91780682762517,0.4200434165870739,22.51207554219253,100,100
ENSMUSG00000028409,1.895832229325405,2.800489214169117,12.737395789305866,1.195495036328103,11.132356813887395,0.518191103094406,10.0232291686657,100,100
ENSMUSG00000028410,2.5319208840742795,103.14066420292416,711.1870667332458,1.8025199352289212,3.4740738743073103,4.874388047450413,11.677726050711204,100,100
ENSMUSG00000028411,0.30996115972277266,0.24615621507253035,3.8581904333072607,0.003480805034158912,2.588532329986682,1.9662003363747829,2634.2620137268987,100,100
ENSMUSG00000028412,0.2514440797882517,0.48555799295035373,3.948716413254723,0.007024793902189549,0.5679421191673313,2.5612143480632277,691.5615066817495,100,100
ENSMUSG00000028413,1.9400036560671163,95.1096826135438,144.11298898048543,1.2962695310790733,2.842956819526207,0.972254703171872,3.0095170941244396,100,100
ENSMUSG00000028414,0.5688623152669395,1.3679365370703926,4.045335817957865,0.2395520938750088,1.1707791315561713,0.9888265052498706,10.763196514579331,100,100
ENSMUSG00000028415,0.001,66.84427540036525,1.0,0.001,0.001,0.0018284759504662341,0.16348113124075883,100,100
ENSMUSG00000028416,0.001,0.0011152997422031875,12.354258208014386,0.001,0.16441436449345423,68.01154603041557,14641.158400300435,100,100
ENSMUSG00000028419,6.018851474679324,587.8333403742317,617.6084798914612,2.511390717058172,9.25826423595031,0.6662075513548089,7.295533084607898,100,100
ENSMUSG00000028420,0.83506816760301,2.368714530900666,7.213272578240707,0.3042177883845334,1.3621300956842068,1.3727629085080153,13.443293905447081,100,100
ENSMUSG00000028423,0.6634321038689497,0.6177680952251405,5.066035106257108,0.29367966365314613,1.9582352555887266,1.7288890833264658,23.661736819226704,100,100
ENSMUSG00000028426,5.692530896044414,512.4700425115981,1296.7705385484346,4.201551230792701,10.411255743966596,1.3651025916753206,4.427771773053719,100,100
ENSMUSG00000028427,0.001,66.84427540036525,1.0,0.001,0.001,0.0016363026061280814,0.2906596708453018,100,100
ENSMUSG00000028430,0.2575841762935845,0.31293841344052914,2.531559587188586,0.005432510292908425,0.9134690053256826,1.437592165516676,671.8905224423336,100,100
ENSMUSG00000028431,1.285568785689678,6.601678830993797,7.153262153493327,0.31737745885967794,2.69231478629203,0.430841644143602,8.937244141470412,100,100
ENSMUSG00000028433,2.373452064379294,27.891366938052634,41.4280692565001,0.800081738996866,3.44161789639171,0.8883954311638325,9.908574490998696,100,100
ENSMUSG00000028434,0.022102430011816773,2.702269180087224,5.123851186777517,0.001,11.624747040259926,0.001526575394727381,28.360934960944366,100,100
ENSMUSG00000028435,0.001,66.84427540036525,1.0,0.001,0.001,0.0017573544623175146,0.1719279942597365,100,100
ENSMUSG00000028436,0.08253148569106514,0.07801482687979151,11.62971024527101,0.006033840010531781,0.3472989346515818,27.15262162486038,6046.865885876102,100,100
ENSMUSG00000028437,0.001,13.186998118948347,1.0,0.001,0.001,0.1397030919149001,6.406122185419045,100,100
ENSMUSG00000028438,0.023749614268181615,13.195583611502505,9.902274241522646,0.001,12.72040802491671,0.0010000000010691006,2.3931748380928015,100,100
ENSMUSG00000028439,0.1571970544294634,1.5342064786544038,6.082377665018043,0.001,0.28523378877973893,2.320189390824349,655.9927905479162,100,100
ENSMUSG00000028444,0.001,59.52330063774062,1.0,0.001,0.001,0.0017249044210543222,0.147146733216528,100,100
ENSMUSG00000028447,3.397706416601275,4.946634075995798,33.23818138020142,2.138250967522131,10.898092196072302,1.3740637107467353,15.349434909300482,100,100
ENSMUSG00000028451,4.501942277191603,539.7278291285987,1.0,0.001,18.91137004418415,0.001,0.02625415612838168,100,100
ENSMUSG00000028452,1.8188805791832303,4.260794651860214,42.25791308952565,1.2978972493676313,2.905806083600212,4.354399292450815,15.96252472278065,100,100
ENSMUSG00000028453,0.4401034260518882,39.66393608144956,35.79297169647242,0.2687811444021908,0.8328106933891184,0.4091477457523953,1.6828177418940804,100,100
ENSMUSG00000028454,0.15683357399881864,0.5324739949943615,1.5402876819640772,0.015682241990671045,0.6272320294126028,0.5244735725373388,36.90783821336649,100,100
ENSMUSG00000028455,2.553569535469275,82.44455432238283,170.04561057776596,1.4817200440843168,3.4983051220387034,1.4525278675861004,5.398362728525045,100,100
ENSMUSG00000028456,0.0328853321912136,0.6379293712827049,2.9637147111393154,0.001,0.12554318756263871,0.6243096408008824,160.59909046878357,100,100
ENSMUSG00000028457,0.0916339057362207,18.493592211345668,11.103030466246624,0.0031316148122668115,3.262147726737451,0.0038624012386864206,2.8770119488532915,100,100
ENSMUSG00000028458,0.400645559011707,0.4921398529564838,1.711595751478283,0.006445017528550384,1.9404721942829308,0.4748643385633045,380.3541294255871,100,100
ENSMUSG00000028459,5.2401099378557445,630.9323998166319,1.0,0.001,15.204285245708938,0.001,0.03295999596323478,100,100
ENSMUSG00000028460,0.001,62.31581250733508,1.0,0.001,0.001,0.0019740308721229423,0.2130517840768399,100,100
ENSMUSG00000028461,1.37782840120228,0.9766918126639694,5.2915499329482625,0.12033548702246491,5.1664124863418515,0.615566986089813,205.43301283989436,100,100
ENSMUSG00000028463,0.07511661947706755,1.3574334189437445,10.034292735177484,0.022812492752293495,0.13006476038116785,3.8813439524955644,27.206825331420433,100,100
ENSMUSG00000028464,0.32044735648374384,11.555011547630333,1184.2780499592902,0.17145271245872806,0.3959010212475381,95.65508307148899,189.98813233403538,100,100
ENSMUSG00000028465,4.303215719002917,204.622009027893,578.3634888153056,2.5582785313287495,5.622698722716418,2.078784817747332,7.690927744772308,100,100
ENSMUSG00000028466,2.97421934419961,20.034554975604543,75.08345803112344,1.852961977735447,5.66484782806093,1.697113544145071,9.344444790516816,100,100
ENSMUSG00000028467,0.34025163466051067,4.126174603862172,3.99794534371605,0.03425178339115694,1.0238614400601516,0.31481868759607196,43.955984821529256,100,100
ENSMUSG00000028468,2.3998623382940183,13.802350640704919,26.561789129926733,1.431634150644499,4.552195974007928,0.8775965893452864,4.362186461861487,100,100
ENSMUSG00000028469,1.5685129374969906,3.6230176632253537,12.199365226706663,0.6021466643153393,3.681596917211455,1.0254854065968297,15.678078952646601,100,100
ENSMUSG00000028470,1.3696740347487684,15.698999605321259,31.251046812704196,0.6737887632941433,1.9684148418349734,1.2442454020840488,6.52817289071889,100,100
ENSMUSG00000028475,0.0035359886149406625,10.328451088527153,22.14192190112874,0.001,0.029590802825752417,0.0016689409558232797,9.99963254125046,100,100
ENSMUSG00000028476,1.3244655736979092,20.497851098048642,15.235155563685812,0.20375917293887022,2.1805469557149624,0.44738599649719246,13.861942735777678,100,100
ENSMUSG00000028478,1.3047052523066416,4.5323524155241754,49.66523133412056,0.9486852383363382,2.131481882360172,5.300342497359476,16.307222836569302,100,100
ENSMUSG00000028479,0.29407542388622454,0.22999459701856548,1.9151744354193299,0.0071674687227017645,2.6084888257346206,0.5108785134059143,487.521505800201,100,100
ENSMUSG00000028480,0.9480622474339774,17.17530584076359,74.50762595165556,0.7006445235454362,1.2748664289636789,2.962560085227851,6.727300254624577,100,100
ENSMUSG00000028483,1.5355595583472532,2.962958607530769,7.492002036540909,0.6297322903740793,5.001300497239667,0.5370342662098517,9.711288279666569,100,100
ENSMUSG00000028484,0.14567513107527819,0.6118598913916949,2.4632602466920446,0.06974817523788587,0.42830524000760345,1.0335009800733397,9.797357215878176,100,100
ENSMUSG00000028487,0.4343768798206429,26.735478547046608,28.04085176013358,0.001,0.6396946012213063,0.6497795363064748,822.612879536129,100,100
ENSMUSG00000028488,0.001,62.31581250733508,1.0,0.001,0.001,0.0015373055005995285,0.07851280921961376,100,100
ENSMUSG00000028492,0.001,62.31581250733508,1.0,0.001,0.0010000000000000005,0.0021027427230276897,0.1656869748983057,100,100
ENSMUSG00000028494,1.7162185373366894,317.6877101032702,3160.142035708124,1.3692616119887981,2.4416998613035545,6.21555807173908,13.246099794341138,100,100
ENSMUSG00000028495,50.89877638245145,0.001,1.0,0.14304106488639273,192.32376137803453,0.009354467569008366,1000.6120900923349,100,100
ENSMUSG00000028496,0.2868235589901316,2.0139625786754385,4.77734672077229,0.010059354000282813,0.570930811099202,0.9975576401007994,209.22474426624356,100,100
ENSMUSG00000028497,0.5722072525581731,1.5629296282851008,8.750770071007837,0.3793914828383684,1.0345901687790522,2.332533705189748,9.964803877397646,100,100
ENSMUSG00000028514,1.1984184820760455,8.112032115570223,18.26096344164467,0.29893410552826527,1.6716952833168799,1.4312993429430672,18.24488628923818,100,100
ENSMUSG00000028517,0.6743208665819843,11.970379695801444,113.7726518921554,0.479865544466133,0.8829143630294214,7.055777048469114,15.479892705974269,100,100
ENSMUSG00000028518,4.132577005576439,999.9999999828615,1.0,0.001,9.67752429322622,0.0010661762282867812,0.060635935667411184,100,100
ENSMUSG00000028519,0.001,62.31581250733508,1.0,0.001,0.001,0.001690528564462588,0.17024385158620758,100,100
ENSMUSG00000028521,0.36295485438847386,1.4950478694687546,2.3742761559195604,0.001,1.115757240870297,0.42223121325857854,992.0291401588307,100,100
ENSMUSG00000028522,0.5731192215563108,1.4306225655541078,4.439351069133778,0.18996643708215327,1.3298135328912357,1.0434053177718012,14.224156085581477,100,100
ENSMUSG00000028523,0.003822404498938021,8.250453422603364,60.299087502077704,0.001,0.04917903691685312,0.0017735843149806585,58.39170785485429,100,100
ENSMUSG00000028524,0.40108119602737236,32.85479391525487,13.104395102015925,0.11150643726071541,1.5384964389107685,0.10555161770609414,2.5544479288445263,100,100
ENSMUSG00000028525,0.6013927234318936,2.0228675944704264,19.15521214923858,0.41648559912312255,0.8014050113978388,6.398329731839603,15.254098026594878,100,100
ENSMUSG00000028527,0.6166417180241897,3.1651491677768253,11.923788726731981,0.3971031228908087,0.9009709562751599,2.1831042294333916,7.780794496303981,100,100
ENSMUSG00000028528,1.4794348014843814,357.52131026778807,1.0,0.001,7.637975574272772,0.0010000000000028168,0.04905779795170745,100,100
ENSMUSG00000028530,1.3525612425445594,5.5221325173641205,75.20862463852465,1.0154155426811569,2.162416241903411,6.443366633343513,20.010979810798915,100,100
ENSMUSG00000028532,0.6052964751713116,211.5699766411635,602.9839153942135,0.1678803941454296,0.8107148985670476,1.8717605293712838,17.323652602824744,100,100
ENSMUSG00000028538,0.460097416629708,0.29251421043236414,3.0008116847904076,0.09638366619194866,3.1049361042650707,0.5997258688482724,59.42086236812328,100,100
ENSMUSG00000028539,0.040132251752774496,1.0367713052639338,1.225907371910186,0.001,6.041423114171682,0.001944065458709778,17.75987557745749,100,100
ENSMUSG00000028540,0.9317708098018174,13.583574965594707,11.118633097666772,0.33529758011183064,1.9368331672529489,0.36546976911020457,4.216067587563713,100,100
ENSMUSG00000028541,0.09294737026364688,0.22334060047432264,3.0492641431478784,0.001,0.3716391429399616,2.1185491733298605,1151.5340680549539,100,100
ENSMUSG00000028542,0.0607910101176219,2.4562256918587027,11.05944131860307,0.016171314878405767,0.12975912325862962,1.5305984643297221,21.94426827083643,100,100
ENSMUSG00000028545,1.0752409784945784,280.3448670159383,1.0844986976483493,0.001,7.984296531818851,0.0010044689005829837,0.033941905507710375,100,100
ENSMUSG00000028546,1.4264657657904025,341.6272039188167,1.0,0.001,7.422774951388954,0.0010170361723425157,0.025506260894505504,100,100
ENSMUSG00000028549,0.2152389426594949,25.70630540328304,28.8138701873707,0.001,0.3770652948169829,0.5202146826764711,397.60434189227504,100,100
ENSMUSG00000028550,0.618899111147427,17.96415423532104,15.269251175232926,0.0010530876941228075,1.0211832976544417,0.45923062409016774,964.8500625412876,100,100
ENSMUSG00000028551,0.06323064072151967,1.0395959095374006,61.812181313362615,0.001,0.07194356535956117,53.499595918385566,5299.705194327365,100,100
ENSMUSG00000028552,0.4987005013510176,1.0407206405407834,3.969328990930624,0.18706969995575548,1.0522713991019046,1.2770117815050286,15.051632002380213,100,100
ENSMUSG00000028553,0.001,62.31581250733508,1.0,0.001,0.001,0.001529706856379836,0.21585279099119756,100,100
ENSMUSG00000028555,0.0401659267873506,19.889982829331487,10.498268296399955,0.001,22.895542327073095,0.0010000000000045907,2.4597569563302644,100,100
ENSMUSG00000028556,1.5722789465511506,9.479340351027815,16.924219834973258,0.4681561382303991,2.497511299034011,1.0127807430916544,14.023519738779164,100,100
ENSMUSG00000028557,1.1450655410962385,9.524432671228672,52.235191023665145,0.6773728401565368,1.484331963515492,3.8128873529714813,13.113548906831348,100,100
ENSMUSG00000028558,0.010818903376617197,19.769651101633166,22.552056007755233,0.001,4.083447210158431,0.0011643410027617593,9.927494131988222,100,100
ENSMUSG00000028559,2.0617299654521766,6.615998171771953,36.242718999478996,1.3329725312477492,3.9668530946954546,2.253033964674704,12.291704646600817,100,100
ENSMUSG00000028560,0.02706621008633447,1.1690845139901755,5.341982984417645,0.001,26.47005234725342,0.001264505198580831,84.23165484117365,100,100
ENSMUSG00000028563,0.6442539090885623,0.9890692288775583,2.9997239346527,0.03892616472053918,1.8508645844096392,0.7578762002581263,90.7991883048062,100,100
ENSMUSG00000028565,0.047682912303801006,0.18417441593638206,1.2212702888607243,0.001,0.4420479224435103,0.4854311194067589,223.62256230877438,100,100
ENSMUSG00000028567,0.5190773244691113,0.5001135087553211,8.391155491634596,0.2669349694029307,1.4307707853609941,3.057689005018449,39.67746197532654,100,100
ENSMUSG00000028568,0.6779323958261326,0.6297812768062205,14.312150940279997,0.38401596439343355,1.9486425970598784,3.9971906808866406,54.93182607574491,100,100
ENSMUSG00000028572,4.1336179629762935,999.9999943156627,1.0,0.001,5.558844961173923,0.0010045113883786442,0.05575790402760961,100,100
ENSMUSG00000028573,0.9131104985388175,2.5785958383078795,8.163563614391645,0.4256603977363868,1.6178474984240925,1.277794186767165,9.797909289560963,100,100
ENSMUSG00000028575,0.001,66.84427540036525,1.0,0.001,0.001,0.00169270621422835,0.5427033539293933,100,100
ENSMUSG00000028576,0.9660571388910287,1.0768621264807983,5.008555252510233,0.45505828419945216,2.8086513682372676,0.8304712007976568,14.423112642112073,100,100
ENSMUSG00000028577,0.8719003602977826,0.5383683980831603,3.374565121982213,0.022625154325138494,4.611665322848182,0.5141995392282179,486.07381346614136,100,100
ENSMUSG00000028578,0.22133788547966007,31.2282263114442,24.397905138158496,0.0855219706000531,0.6682984215955079,0.200166591514101,2.7779275807129977,100,100
ENSMUSG00000028580,0.09086700198411606,0.06230139027532214,2.6758342221006295,0.0019333145495430367,0.9222083771828853,2.3975874656989005,2284.1604340527483,100,100
ENSMUSG00000028581,0.001,62.31581250733508,1.0,0.001,0.001,0.001794220577044092,0.09142969993060282,100,100
ENSMUSG00000028582,1.2659249709470448,8.779356834046435,18.257761611473764,0.7156216427330975,1.9105698282892063,1.166745719940936,5.39840496536235,100,100
ENSMUSG00000028583,2.0475983009759573,24.167154301941427,376.83934039497103,1.4273047838442683,2.9774399423492053,10.348054904923389,28.81961770555896,100,100
ENSMUSG00000028587,0.06684897238820944,14.309109200033731,34.45782630676549,0.0173477695528419,0.21686340419498917,0.3454187663065561,9.23719183306872,100,100
ENSMUSG00000028590,0.001,62.31581250733508,1.0,0.001,0.001,0.0019377319821484765,0.11917515889173713,100,100
ENSMUSG00000028591,0.001,62.31581250733508,1.0,0.001,0.001,0.0020410640553218513,0.16941142001258153,100,100
ENSMUSG00000028597,1.5631977214681263,998.6447258763559,2428.688797190511,1.121209216598679,2.282637620069144,1.5277748368044555,4.124641549724625,100,100
ENSMUSG00000028599,0.39431819641874283,0.9934586977432684,4.8813670677826115,0.1435158719929269,0.7393523667891282,1.8916334160415889,19.83383112102526,100,100
ENSMUSG00000028600,0.40988951481703506,17.276053628319733,3.262828888555215,0.04903832479733826,52.074261444578255,0.0011297868192159766,1.3416311391474118,100,100
ENSMUSG00000028601,0.2440431188879692,0.29867635670954135,2.805860499800971,0.03621611130117676,0.8858045285172145,1.8246955870478685,97.70173251050558,100,100
ENSMUSG00000028602,1.3185553849482623,315.95047008738493,1.0,0.001,4.767943108240833,0.0010000000000286397,0.057254902598392166,100,100
ENSMUSG00000028603,0.4865485436410804,0.8504312620537109,34.772952292459244,0.2721521308682884,1.0457193163409233,13.848753717039088,89.3926900304821,100,100
ENSMUSG00000028607,1.2292600153014885,1.6172886040752925,4.6998783120733805,0.5134877092168849,3.4890164119418836,0.5905268534413983,10.674655004142636,100,100
ENSMUSG00000028608,1.587157671194922,3.2049155713943644,13.418625132804644,1.0787279475767568,2.982490686557984,1.4957513469449735,8.375960547432106,100,100
ENSMUSG00000028609,0.780857629574445,0.8444655146168594,4.771167702688323,0.33134378866145736,3.6300580019540285,0.7003853753785387,18.774255194965555,100,100
ENSMUSG00000028610,0.001,62.31581250733508,1.0,0.001,0.001,0.0017504679985859855,0.13985191246952836,100,100
ENSMUSG00000028613,0.059121739162363796,0.17340916157545896,1.6808141155567025,0.001,0.4757420753980963,0.9184677369070389,619.0078474498973,100,100
ENSMUSG00000028614,0.4027060770303731,18.186996436170958,31.490455922996446,0.15406885458556668,0.6697336976380805,0.8439097610748415,5.660399400988327,100,100
ENSMUSG00000028617,1.6031553564554015,9.14111816081381,19.375406916852917,0.8704453219977271,2.9172191003258625,0.9967220075490848,5.730476154063669,100,100
ENSMUSG00000028618,3.4932654192479786,7.377037094501458,98.81490602084402,2.5056517044004636,5.850218411411688,5.63933229774176,21.058853809603377,100,100
ENSMUSG00000028619,0.11229662581944273,0.10874042356462764,3.3218032710130956,0.0012942708182288524,0.6191514142898742,4.043265337106288,2749.962622343066,100,100
ENSMUSG00000028621,0.36412535585272815,1.2231908939747071,2.624116781411035,0.029300331362505212,0.9108871705915058,0.567083686910612,70.39045200629752,100,100
ENSMUSG00000028622,0.3707986424244189,0.34975045147386624,4.02507921798761,0.12506912651880878,1.4306171003610832,1.657791936384549,42.48734853031802,100,100
ENSMUSG00000028626,1.6262619868264967,395.3519615968364,1.004113302142248,0.001,6.696959132885853,0.001,0.08877557318460001,100,100
ENSMUSG00000028629,1.478205370024461,11.902361383892977,26.40950347404538,0.5308549578227812,2.542361263319827,1.1550060997216682,14.642684138427345,100,100
ENSMUSG00000028630,0.4197290707968215,1.931857507920456,15.183046096146409,0.14339891115558664,0.6398068943338232,4.304192477970181,30.364421374584786,100,100
ENSMUSG00000028631,0.0018077179949107915,10.025342559530934,87.35660634340952,0.001,0.02346161818370702,0.0016081017153713648,18.490608762050066,100,100
ENSMUSG00000028633,0.784333317080388,3.7895560034741624,14.300813120318573,0.3873092791499733,1.2829615847259563,1.9281340821291766,9.852769650591283,100,100
ENSMUSG00000028634,0.23999381533264902,7.03192969378714,11.330398211265933,0.001,0.33075006777852206,1.0693041068610336,559.6042194690526,100,100
ENSMUSG00000028635,0.001,62.31581250733508,1.0,0.001,0.001,0.0015681138164416516,0.1707517078260949,100,100
ENSMUSG00000028636,0.16615467953878785,0.5288723073600589,6.045328445338801,0.07637949435865406,0.27842812101400827,6.0869627265092285,31.826616089258046,100,100
ENSMUSG00000028637,0.05551025898899436,0.3712028853433149,1.614558571165925,0.001,0.26865873261422935,0.6544734617933301,216.90378396274156,100,100
ENSMUSG00000028639,0.11355403558075557,0.43489004532550163,79.7809729339087,0.001,0.19698079169328664,68.43410293518701,624.4090250691409,100,100
ENSMUSG00000028640,0.001,62.31581250733508,1.0,0.001,0.001,0.002037619818292255,0.2014488651969512,100,100
ENSMUSG00000028641,2.4365904549153212,36.17938121683133,68.80459752717388,1.1998189907292112,4.953808534887887,0.8387353711445213,5.926684631405617,100,100
ENSMUSG00000028642,0.005162779554631791,15.873377959392787,62.487351874855285,0.001,0.2020063169560204,0.0018789474921312435,32.13242088962301,100,100
ENSMUSG00000028643,1.7675541256879561,13.62144751090162,22.812620328576003,0.9145984858447384,2.5307938707160442,1.0148428048823117,5.635661006266158,100,100
ENSMUSG00000028644,0.001,62.31581250733508,1.0,0.001,0.001,0.0020937777386560814,0.1994699988833309,100,100
ENSMUSG00000028645,1.5621426665960048,118.45331954600141,1550.6691883676638,1.2821553739720652,5.928151559927102,3.1634389337168187,16.96552545127566,100,100
ENSMUSG00000028646,4.7962976183962445,9.580241186713655,42.82422148704423,2.987745535071988,11.526970712991723,1.2269040532686204,10.300174384567308,100,100
ENSMUSG00000028647,1.5263619424522088,186.1497115258453,352.4806865760512,0.814067975875518,2.0962876086143716,1.3361593927082112,4.5965944600834305,100,100
ENSMUSG00000028648,4.813396962325145,7.20496497274435,25.677588587143784,2.860305302314913,12.37431291678626,0.8454004400527853,8.57648770588607,100,100
ENSMUSG00000028649,0.13467810574818698,0.12126398175139409,12.056311890672104,0.001723444322099323,0.5139328700021917,15.245341039767268,10028.511980786845,100,100
ENSMUSG00000028651,2.4079735377689344,32.57724882802978,74.04688030045614,1.3232828362407294,3.431294659560238,1.5051958369071867,7.59460252630517,100,100
ENSMUSG00000028653,0.2602966375815006,0.5496132369538669,2.4522617570341456,0.023797650251272246,0.9450107786041553,0.7990511454930749,337.9956822789772,100,100
ENSMUSG00000028654,12.30628138736672,999.9473355891681,1.0159863495324277,0.001,20.829257055851876,0.001,0.01674518355299909,100,100
ENSMUSG00000028655,0.12903229525846052,30.0929456676946,36.49088978059138,0.001,0.2668952012088209,0.3339503173488155,182.33746157000323,100,100
ENSMUSG00000028656,5.476559735322057,209.93223344350346,548.4237284719994,3.5361799244591055,7.662736825688698,1.7848713872472282,6.483162146092674,100,100
ENSMUSG00000028657,2.485559450031293,4.470636069766568,26.165360804339887,1.6045776030328631,8.335939493132269,1.1474796129517668,12.54445094873115,100,100
ENSMUSG00000028661,0.001,62.31581250733508,1.0,0.001,0.0010000000000000005,0.0015748389992312755,0.3164499318572408,100,100
ENSMUSG00000028664,0.3200771017346267,1.2125274163651205,6.632469394613743,0.11669096752920669,0.5352044776371075,3.0592821232343423,22.37292005397576,100,100
ENSMUSG00000028668,0.9859076282058612,0.796752525124551,10.926065869734657,0.6327733516409697,4.966241791748255,1.2167190253685731,29.635261819849084,100,100
ENSMUSG00000028669,0.37564060272601996,0.8847984298667939,3.2121970975693945,0.1776660852958022,1.027306054387231,1.054459300053815,8.627924926432588,100,100
ENSMUSG00000028670,1.1458079352361332,2.578146546541789,16.600179621642422,0.7512798830886204,1.9846509561318375,2.6534469532913008,12.655496270890835,100,100
ENSMUSG00000028671,0.9393187483194136,4.891062078379677,26.706167113018257,0.6418816253426518,2.41119207993365,2.0657545236933204,10.393007076113527,100,100
ENSMUSG00000028672,2.126729774119776,134.5558353818024,208.93175954324386,1.2031306131617072,3.094016864252824,1.1048014709116738,4.0978889915008345,100,100
ENSMUSG00000028673,2.9382208200987874,149.12718005762767,571.4870924949523,1.9413352846952399,6.372667099622283,1.919883343980513,7.231522543233629,100,100
ENSMUSG00000028675,0.7994862922755813,0.8637208123490618,5.4485905637767384,0.3673581149967262,2.449408032454354,1.1534626616189243,22.975645142304504,100,100
ENSMUSG00000028676,0.04871220545926406,0.04786097307318286,13.15836818442889,0.001,0.5004871821868312,36.498364918659384,14228.490838717142,100,100
ENSMUSG00000028677,0.11986460107639932,0.17630646605018216,5.800459377895657,0.013992572718909007,0.3400469906701571,8.965520378149293,385.58936660067536,100,100
ENSMUSG00000028678,0.015337148978187415,0.7356379521294221,12.4787848195931,0.001,0.06791218735787702,0.0019594049416883945,43.433743923885004,100,100
ENSMUSG00000028680,0.07785258541796307,0.7991714389020177,6.676265222028393,0.011824746121577879,0.17668949518545835,3.1142794078930596,66.60851626778991,100,100
ENSMUSG00000028681,10.34455732719859,838.4100867840835,1.015838569240177,0.001,18.83350117002076,0.001,0.011253400409995251,100,100
ENSMUSG00000028683,0.9418282351326708,1.701408214881668,11.580846105399845,0.6707747308888876,4.022639303682734,0.996996553429714,11.611929854268357,100,100
ENSMUSG00000028684,0.5647656082496508,0.6464382860326513,8.372925877789962,0.206781987842935,1.3728451136195345,2.6816107283404884,47.24062862283003,100,100
ENSMUSG00000028687,0.022694558025698797,20.80370262744657,15.12925371185448,0.001,6.849098115217518,0.001392835195269902,19.217670999814555,100,100
ENSMUSG00000028688,0.8001853984694707,31.49169494096632,21.195484355719607,0.0010580519722424063,1.3602605829431886,0.35478691892001524,1004.2976829050975,100,100
ENSMUSG00000028689,0.24065287438904456,3.2088153319136477,3.735997285683457,0.10236973848200462,0.5424685243296293,0.4461490727899464,3.7412488868519285,100,100
ENSMUSG00000028690,0.3499089458173846,1.0707084920521057,2.8968788113474355,0.00760166835575294,0.8498454940570733,0.847579767952646,313.42603407245423,100,100
ENSMUSG00000028691,1.9343710001750534,252.65609097752682,9987.34130878089,1.4775910493865678,5.916501102167283,15.822633434441354,57.05525522704136,100,100
ENSMUSG00000028692,5.239472776991097,7.3261201902930395,242.8298459622692,0.001,10.213192413896085,0.3016993426357618,93.15847259481457,100,100
ENSMUSG00000028693,1.1194162683895594,133.30719817252134,313.7326573722535,0.8474785052229066,1.5001630431204729,1.642866245017178,3.2933089428178377,100,100
ENSMUSG00000028696,0.001,0.0013813882028383584,1.540890486016202,0.001,0.6445335991260555,1.0639316086784243,1299.851828669452,100,100
ENSMUSG00000028698,0.26334953865496985,1.6799988061347206,5.9433252942132,0.13009185219646058,0.4713220245944054,1.687928777403065,7.64141962833519,100,100
ENSMUSG00000028699,0.001,62.31581250733508,1.0,0.001,0.001,0.001988766247143359,0.11027501395748837,100,100
ENSMUSG00000028700,0.7062962902468531,0.7051801202116471,9.223987351924482,0.44824264797698676,2.477340482382592,1.9660132798915058,26.492194839856246,100,100
ENSMUSG00000028701,0.3374321748764334,1.70547459062208,3.3389452429750186,0.1384395472745442,0.7488473306984114,0.717252946480289,5.81845568929749,100,100
ENSMUSG00000028702,0.010364156016614605,0.23174996831575212,3.6240111252343175,0.001,0.12851552484493528,0.1631104894250314,175.0618591293432,100,100
ENSMUSG00000028703,2.5243700266704745,17.051054863392526,32.32469670208392,1.0413942241644598,5.792039557932098,0.7148161120843011,10.183166550909267,100,100
ENSMUSG00000028706,0.6492864929660607,2.865428270214891,7.218701908673896,0.15723068279346186,1.0918273157839362,1.2814664181093325,16.276971552546357,100,100
ENSMUSG00000028708,0.8067953585134369,1.1244417972279481,3.470921440501008,0.2503144596204853,2.362714361504425,0.6367087173721173,15.745529615363669,100,100
ENSMUSG00000028709,0.5895421950032709,26.245605773335228,35.0745924454145,0.36100658546268527,0.916661977540743,0.7734913802361815,2.1999509098098606,100,100
ENSMUSG00000028710,0.41021061164176015,1.2169429501330526,3.309101886338519,0.15669699630961786,1.1581331338044432,0.8407572241138999,6.833479330931553,100,100
ENSMUSG00000028716,0.001,62.31581250733508,1.0,0.001,0.001,0.002087215280102374,0.33878859340705286,100,100
ENSMUSG00000028717,0.001,62.31581250733508,1.0,0.001,0.001,0.0021994781319991373,0.21293033610731849,100,100
ENSMUSG00000028718,0.06800792064925948,20.211430078989416,60.44868065935964,0.001,0.1297858854371261,1.3221832923537118,339.2761856744273,100,100
ENSMUSG00000028719,3.6512358462978045,16.104432876086943,58.04172383401263,2.363453558759301,5.807190413790025,1.8322874820302175,7.337044060983125,100,100
ENSMUSG00000028729,2.3339297619313615,124.74957077330134,271.7615393812633,1.26970133034289,3.3399786246086824,1.4279442495067005,6.12378105623122,100,100
ENSMUSG00000028730,1.3803169300596472,327.04300968260327,1.0,0.001,8.441104942554524,0.0010657870438303039,0.08687465158788617,100,100
ENSMUSG00000028736,0.001,62.31581250733508,1.0,0.001,0.0010000000000000009,0.0015851449876327257,0.08729347240687185,100,100
ENSMUSG00000028737,0.8689910721147763,2.1106667685456593,10.498190134650711,0.5367579114100215,2.264910714558356,1.646456706327066,10.28377237322698,100,100
ENSMUSG00000028738,0.001,62.31581250733508,1.0,0.001,0.0010000000000000005,0.0018319618145598376,0.3407755686474292,100,100
ENSMUSG00000028741,2.4026822031984945,262.60029684969857,681.4477952905793,1.8422296264910938,3.393284325957402,1.7613686795994878,3.7503157257724062,100,100
ENSMUSG00000028743,0.45886538165592694,31.154944598121126,13.234718932957167,0.13979307654897166,2.035448010102156,0.07010213033295773,1.6004321367021437,100,100
ENSMUSG00000028744,0.7360367601622173,1.6267789547770122,6.447260931380817,0.40722437062557953,1.2551636909282458,1.769128634137478,9.298155937351957,100,100
ENSMUSG00000028745,0.1352460811590813,0.47464945621291516,190.8737060008192,0.001,0.001,0.00951329841778304,2.092717782024766,100,100
ENSMUSG00000028751,0.033508032238456095,1.0881279576881295,6.770999337521681,0.0014520900742981335,0.11125804173667135,0.7419841314500775,67.84136473060309,100,100
ENSMUSG00000028756,0.001,0.006923143724188221,4.638309105410307,0.001,0.09022347656414637,6.526575835304536,1202.6673420373945,100,100
ENSMUSG00000028757,2.5133807905610643,29.95161064776849,120.67056710897681,1.8750843346187156,5.073859647843228,1.9356801706928435,6.33512117900061,100,100
ENSMUSG00000028758,0.001,61.88525872635182,1.0,0.001,0.0010000000000000009,0.001953272872083779,0.18222658004082265,100,100
ENSMUSG00000028759,0.7755182473339984,0.9138910191118961,12.173422357346034,0.44450998436858624,1.8844695361262813,3.1400853511131075,29.81780549476228,100,100
ENSMUSG00000028760,1.61691463476347,2.575132995939138,20.02518380247968,0.9998726762918211,3.315256122592801,2.3839510389614946,17.231628786430427,100,100
ENSMUSG00000028763,3.4784958771823047,124.48906088662353,757.9818303089497,1.7464143429320562,6.041685679061206,3.6450125442200396,19.736284601605036,100,100
ENSMUSG00000028766,0.03730221076066658,4.873533352044786,20.63535464069114,0.001,0.11493484498960127,0.49784867605550975,134.98096623447518,100,100
ENSMUSG00000028771,0.5044261306421534,0.43733216172801487,5.218362803858323,0.19508117919845464,1.973735570304424,1.4833140233135373,43.58183561101405,100,100
ENSMUSG00000028772,1.2660303839773852,5.034577309168133,17.224007887599644,0.8270811127208477,2.0562791413245813,1.6248056430346727,6.5414041861895535,100,100
ENSMUSG00000028773,0.001,27.223309534119768,1.0,0.001,0.001,0.0032032298119424245,0.47757838411211306,100,100
ENSMUSG00000028776,0.33254226302661455,85.33488507266601,1225.6997501324074,0.2688303946717345,0.48223841412118995,8.687100451962596,20.80457020319878,100,100
ENSMUSG00000028777,4.134300499511258,1000.0,1.0,0.001,8.30324145886488,0.001,0.055439927309329104,100,100
ENSMUSG00000028778,0.001,62.31581250733508,1.0,0.001,0.0010000000000000005,0.001956853794073011,0.18102995697818722,100,100
ENSMUSG00000028779,3.7228853302188316,95.36497254766948,100.32731904633646,1.723215836566021,6.71719003218804,0.6001145948516857,4.1226860676179555,100,100
ENSMUSG00000028780,0.8848772492261957,8.514547446090766,68.9041769527877,0.6735358784859528,1.2073305280810631,5.350742399956593,12.07100286649997,100,100
ENSMUSG00000028782,0.011034868403132603,18.997711677955337,21.68986275700861,0.001,7.833698785967728,0.0016228670838444202,12.57009274059434,100,100
ENSMUSG00000028784,0.007144343703946755,1.3253229778341484,4.729406401598118,0.001,16.892893958311696,0.0010000044774440518,34.01409157724575,100,100
ENSMUSG00000028785,0.001,66.84427540036525,1.0,0.001,0.001,0.0017018973085597899,0.3035469440600646,100,100
ENSMUSG00000028788,4.778810581131579,82.95290034468269,207.35510659721763,2.8493422219395637,6.3021971551631335,1.7353200952362444,6.713360012283347,100,100
ENSMUSG00000028789,0.009811895654394432,0.023948475112796207,1.344977337801839,0.001,0.42827789610248096,0.8737783435374268,649.3890483044645,100,100
ENSMUSG00000028790,0.15956093780509123,0.16260191232199941,11.700523016345437,0.06466325939272649,0.6234976591051491,12.00766235333534,228.00772017468645,100,100
ENSMUSG00000028792,3.2518773519381723,85.85735576688126,389.4465360223726,2.3336224429873225,4.879495131330094,2.8851732864827397,7.899654662333092,100,100
ENSMUSG00000028793,0.42768668365144913,0.7018374591141269,6.571661591822726,0.2032105338485872,0.7835210010853474,4.129753608402417,26.189823036279517,100,100
ENSMUSG00000028795,0.47626837703231717,1.8394269377897017,5.539062412809928,0.09444645960981199,0.9184119078410826,1.201367647563119,23.222987521667907,100,100
ENSMUSG00000028796,0.16630642293498527,0.1733128316540006,2.716282506685586,0.0019749963757985795,0.8278904791063193,2.0695088536826742,1857.4987591274862,100,100
ENSMUSG00000028797,1.5868508724862938,1.9413376418964492,11.411803568052923,1.1053548264856807,7.4143996376769525,0.7173634020043687,10.503067239303462,100,100
ENSMUSG00000028798,3.5764922709017615,8.471726574522053,68.39869266742541,2.468312513913663,8.783352063569673,2.3700816391865915,14.187819298134722,100,100
ENSMUSG00000028799,0.31459779201391225,1.6138105853097788,2.5774938048943956,0.001,0.5747369172076827,0.7534014758628238,914.5064145557315,100,100
ENSMUSG00000028800,2.05896110824092,3.6123531365779122,21.35930860740298,1.5379611897295091,4.331934152385266,1.8133088324869477,9.754026455357394,100,100
ENSMUSG00000028801,0.001,66.84427540036525,1.0,0.001,0.001,0.0014925401026411756,0.13766727677457571,100,100
ENSMUSG00000028803,0.0899511526744332,1.7102295713280682,8.274301382097297,0.053749144026607854,0.18136698056419084,1.8732076525669448,11.125770213351597,100,100
ENSMUSG00000028804,0.001,62.31581250733508,1.0,0.001,0.001,0.0016679830090594854,0.22537872274636644,100,100
ENSMUSG00000028807,0.17651587895761126,30.914499426745596,24.81261641604109,0.001,0.45874097362404165,0.16585099864113087,154.0275027324642,100,100
ENSMUSG00000028809,0.9398949325524514,2.76690640129105,9.566120964310889,0.4221722373661766,1.7461749180045283,1.49932621179311,11.292414566551225,100,100
ENSMUSG00000028811,2.948152475103175,47.458704919251545,133.61734153886678,2.096289358888099,5.2018807357113,1.5507237297968934,4.926279004379092,100,100
ENSMUSG00000028820,0.06752068187602601,0.1292858404095886,9.51613654608325,0.016640916190674954,0.1957888298666304,19.67517952622417,347.9320036528944,100,100
ENSMUSG00000028821,2.838682067579171,59.79941811641133,105.55991664462894,1.3830632009689177,7.2175308565639735,0.6785697827952027,6.1609087968130805,100,100
ENSMUSG00000028822,3.686085336303222,3.593583340936683,47.671997091003696,2.3532485525511033,9.513729791071452,2.606727374800661,29.303694219174105,100,100
ENSMUSG00000028825,0.013334936688124327,25.962306162927092,62.90722971795628,0.001,5.4549223489168535,0.002026281438946332,42.411168179467765,100,100
ENSMUSG00000028826,0.7896696719085329,1.322878659837983,5.635761625736511,0.23960126702023615,2.05157366908499,1.0981440829338829,23.408599826521815,100,100
ENSMUSG00000028830,2.677100815776112,27.550068387616502,30.529517674140724,0.9355152063475449,4.5749642545318405,0.5990441065523748,8.240409471545199,100,100
ENSMUSG00000028832,0.023575193568816353,0.5436011763740269,36.042721758833146,0.0015831804153945655,0.06041189913587602,7.481730605641042,437.509628449881,100,100
ENSMUSG00000028833,2.0115333355164884,32.48047446089011,50.35072778087767,0.3716195985125812,3.277146529228823,0.8567040737975297,30.03462320603434,100,100
ENSMUSG00000028834,0.001,62.31581250733508,1.0,0.001,0.0010000000000000009,0.0018267540190101525,0.1317885200550617,100,100
ENSMUSG00000028836,0.001,62.31581250733508,1.0,0.001,0.001,0.0017682206449973602,0.15465748258071263,100,100
ENSMUSG00000028837,1.875566385096143,5.833318009801935,59.42874533514482,1.2309136104096368,5.241710046917584,2.62501692249065,20.053373422196117,100,100
ENSMUSG00000028838,8.372306420884035,1000.0,1.0,0.001,16.448236319413578,0.0010000000004640728,0.020270899018774644,100,100
ENSMUSG00000028840,1.19000625910365,5.928458586036292,15.329143972510328,0.7177216057265948,1.9598397283876876,1.3051611981034639,5.531709804051234,100,100
ENSMUSG00000028841,12.664557401664867,1000.0,1.0,0.001,21.501075824307733,0.001,0.048666020876688476,100,100
ENSMUSG00000028842,1.047539075915737,4.344781819395155,10.425923769200836,0.5132763075171332,3.330480408153969,0.6796061069295826,6.178811608107713,100,100
ENSMUSG00000028843,3.522578192031019,44.3319072594412,329.7536938157404,2.4666084083061213,5.552916207176306,4.359210667406016,13.30552729119881,100,100
ENSMUSG00000028845,0.001705896292627724,0.027058944537005813,1.0405491920209136,0.001,0.331733496720213,0.08746290976908319,89.26766134604324,100,100
ENSMUSG00000028847,2.8110055952268294,5.053348191107061,25.840036620167016,1.5087895587927047,6.934730883933081,1.3769131874853677,16.349795568126844,100,100
ENSMUSG00000028848,1.29411069012582,61.8373299937462,55.17546744752949,0.07233057077694979,2.138025296235604,0.515588409688909,472.69996352038044,100,100
ENSMUSG00000028849,2.8641210384345985,25.768659496144952,73.74850531289805,1.7026602911771027,5.980006999147512,1.2781082602687661,7.023974593158731,100,100
ENSMUSG00000028850,0.17254557057329797,32.24050917016421,24.132830207760193,0.001,0.4222797233780776,0.31476337088766304,126.83961616114642,100,100
ENSMUSG00000028851,2.421073303194751,12.072177586651327,60.089055087822395,1.7551242124529667,3.8641017275652905,2.724181354359607,8.983564247367315,100,100
ENSMUSG00000028854,0.001,19.719183639382997,1.0,0.001,0.001,0.004480260500042216,1.516143864969594,100,100
ENSMUSG00000028857,2.709166669404322,5.309759489773755,20.728566758802486,1.766530588471566,7.4260763933687155,0.9477554803537125,8.90616247673228,100,100
ENSMUSG00000028859,0.001,62.31581250733508,1.0,0.001,0.0010000000000000005,0.0019263474823428424,0.28080409798223166,100,100
ENSMUSG00000028860,0.08991327930044124,24.33350829464463,50.70334528997969,0.001,0.18130721993175836,1.0108381611945754,210.75522414445774,100,100
ENSMUSG00000028861,1.7320939662278012,127.80963071357162,210.04267651475948,0.8698822421422863,2.298693334743759,1.1614036825559033,5.11689751394143,100,100
ENSMUSG00000028862,0.2504763168058575,0.9423210186933415,2.1130862605579663,0.10584091627079192,0.7587356012883051,0.5780454118551162,6.797243268099306,100,100
ENSMUSG00000028863,0.11671504182371943,0.1634386250413727,2.651953168862108,0.003270767908027641,0.5074293165642769,2.676923677447948,1185.778732719407,100,100
ENSMUSG00000028864,0.05609924593045522,0.6422021327933799,1.899018667202488,0.001009416852224012,0.2778092709675944,0.42373620557011826,122.86228666865586,100,100
ENSMUSG00000028865,0.022600906909835947,20.814587909276206,15.137052845918584,0.001,12.411539250043631,0.0010000000541914935,21.007824778766636,100,100
ENSMUSG00000028868,2.8595236394684282,5.772304262523449,17.65963782312147,1.7450039268265245,5.732584716977568,1.011326767836322,7.817741014688771,100,100
ENSMUSG00000028869,1.1705835121736763,3.4554758908939065,15.212153427746815,0.7585896272870843,1.9661447703130446,1.9686243551745868,7.537602512213978,100,100
ENSMUSG00000028871,0.013913326094248347,0.3386770313607846,2.313249502628198,0.001,0.15870955009858853,0.002617523536759608,99.91587760711442,100,100
ENSMUSG00000028873,0.08897050946788669,8.40161589089077,59.81385352577939,0.062468822712277675,0.1425527526878203,3.0555689822672187,12.341639563706334,100,100
ENSMUSG00000028874,0.001,62.31581250733508,1.0,0.001,0.0010000000000000005,0.0016414442377114184,0.18188535813576137,100,100
ENSMUSG00000028876,0.001,66.84427540036525,1.0,0.001,0.0010000000000000009,0.0014841453665865438,0.156733571139558,100,100
ENSMUSG00000028878,0.39312633371818884,0.37469420905256634,4.052022247535768,0.1593635032989273,1.4677822993559133,1.3007130981504353,36.481797169938964,100,100
ENSMUSG00000028879,2.2153353292708338,3.2764892384960973,13.67454348294099,1.5356866327532406,4.685067006808463,1.200294797849023,7.565271765570425,100,100
ENSMUSG00000028882,1.558771901876372,4.179548397023025,15.749966781853448,0.8210436580027146,5.758144740298517,0.8500316324129542,9.723731448004859,100,100
ENSMUSG00000028883,0.34862237185135214,1.5603220209233137,18.55673890527302,0.23847785038575134,0.5344303524874802,7.321800252497114,20.98414019911015,100,100
ENSMUSG00000028884,0.3236095902240269,317.7653439508815,926.5181530839347,0.2303708707272718,0.4760868628044961,1.5361890594183762,5.127300132788053,100,100
ENSMUSG00000028885,0.14868228972398717,2.822803817656624,6.765219476045385,0.001324780625746049,0.25219533523072585,1.2280762484922243,286.8684831314534,100,100
ENSMUSG00000028886,0.7648116249605258,0.8048972408287214,3.790241908567592,0.2412296907697022,2.155121915515964,0.9809203683749133,23.457865525986684,100,100
ENSMUSG00000028889,0.6123925733470892,4.139682522263199,10.183423029615575,0.324130549709879,0.9867272232588353,1.301941787002041,5.374755261219789,100,100
ENSMUSG00000028890,0.48823120895605804,0.9332481861801665,3.6899887911791427,0.2108498203772455,1.1388841557842373,1.3435367153121869,11.03948771180092,100,100
ENSMUSG00000028893,1.1081544030248764,8.070590191237725,20.367344126314084,0.6939324913949736,1.9410835604435306,1.215933364318042,5.459961216243637,100,100
ENSMUSG00000028894,0.9985568222179398,3.8725662499145135,5.626339461511218,0.09238713862331942,2.0880825224142705,0.5314415589221861,35.1948605185786,100,100
ENSMUSG00000028896,0.8430328970207087,9.350710393683368,29.717379291940762,0.4644538080678576,1.1471323070154824,2.152471640011264,8.0858398842868,100,100
ENSMUSG00000028898,0.6613438012710765,1.197256607039785,7.699341712921108,0.40519951763356327,1.2070938745396376,2.62494940755966,14.078336275618117,100,100
ENSMUSG00000028899,0.5052171982712536,0.7419305994769894,8.490609008977508,0.2656192458204213,0.943539857642368,3.751899083251577,29.73670701786093,100,100
ENSMUSG00000028901,0.4506058619552345,0.7173694638845586,3.8609974042333426,0.18372337575895334,1.0551246539736743,1.7028206275619082,19.765228380144432,100,100
ENSMUSG00000028902,1.8534325897044253,3.479373567778608,17.54821558081874,1.16444268950749,3.8366456390583705,1.6570438339638218,10.324355896440021,100,100
ENSMUSG00000028906,0.5011095140558408,1.7120279884367307,4.83702964729162,0.16850377978175557,1.0281213187693612,1.1100385023622379,12.638311624799506,100,100
ENSMUSG00000028907,2.0292818298653073,7.75269708887629,33.0732387976183,1.282816778253085,5.551092590798055,1.2291065692309964,9.768183160029352,100,100
ENSMUSG00000028909,0.024244702588167782,22.132963389836018,29.848250975621973,0.001,1.0069555748040644,0.002196196858292202,47.185404914157616,100,100
ENSMUSG00000028910,1.0430393161311056,2.022014354548878,8.614065307370296,0.3258451678336253,3.9668731337755547,0.7734705724744042,25.2931480892165,100,100
ENSMUSG00000028911,0.4536749930671421,0.9260558813666964,3.1586262057110255,0.001568830646669994,1.5150412767579007,0.769448725150248,1627.1289997908025,100,100
ENSMUSG00000028914,1.1932299960658561,18.02655038285093,16.375104061856344,0.08775678502798114,2.163891648072714,0.4875928744641622,87.05877391040008,100,100
ENSMUSG00000028917,1.546637467589523,2.4406718595773738,7.903125084448485,0.8006662934976891,8.186579549393203,0.39711149693674475,10.49545095333008,100,100
ENSMUSG00000028919,0.25853212292046446,0.6310557370903238,3.32992027370826,0.04286593061700077,0.6821379734461317,1.8223547092418402,44.66078780597988,100,100
ENSMUSG00000028920,1.2975600841247317,3.0051748856748195,10.06355275443952,0.7755399000675031,2.4428305730801636,1.1548199000201076,6.66795501625544,100,100
ENSMUSG00000028923,2.612280606227327,6.406926713863016,38.435218783031154,1.7510634156171316,6.770623644421816,1.6080047456189255,11.643806556056685,100,100
ENSMUSG00000028926,0.38377641331809836,1.9843714626334321,4.51647004809236,0.16660807716605075,0.7780438984454259,0.8926661613735871,7.010493024172818,100,100
ENSMUSG00000028927,0.6271465480030781,154.92719237319113,1.0725811857353496,0.001,9.223339266062013,0.0010000000000387498,0.05507954398465441,100,100
ENSMUSG00000028931,0.12543506622436948,29.90747417228164,35.26480995926082,0.001,0.2539799109707336,0.4161171861382068,211.29489736452433,100,100
ENSMUSG00000028932,0.6063901455407299,1.0058208624736555,41.025682111149145,0.4243485136222319,1.3404032132025945,12.391476831172422,63.06575445793456,100,100
ENSMUSG00000028933,0.1115023561377012,17.743993831364097,14.215782745025045,0.0026306694779945415,13.28721017713665,0.02584774313747855,45.42029480001219,100,100
ENSMUSG00000028936,4.9699744430351975,16.22281050289074,277.0096525335076,0.001,7.9913507374113575,1.1464099881022771,37.82814775105684,100,100
ENSMUSG00000028937,0.49222295406119204,22.560454776769813,141.15533045666453,0.3423420918372144,0.6180496240975151,4.897020958970147,9.786297280470944,100,100
ENSMUSG00000028938,0.001,66.84427540036525,1.0,0.001,0.0010000000000000005,0.0019679680268579426,0.1754607876676972,100,100
ENSMUSG00000028940,0.001,62.31581250733508,1.0,0.001,0.001,0.001515853800097474,0.19887037875375657,100,100
ENSMUSG00000028943,0.022883914372233208,20.64000395238256,15.01018361306851,0.001,11.884086473915858,0.0010000669915153704,20.491516141735406,100,100
ENSMUSG00000028944,0.001836832545047594,0.0028961098697575503,1.8181106078179028,0.001,0.44294601765791675,1.5503734556417417,1243.4354649614063,100,100
ENSMUSG00000028945,0.16198628649900007,0.352731927002958,29.3658917908445,0.06772777196766683,0.31348423819990745,36.24133159464803,249.48676621934666,100,100
ENSMUSG00000028948,1.9475879199178552,6.4544952244749245,16.151035652567305,1.052989729516332,3.642385041838595,0.9981554597158881,6.8137722771498055,100,100
ENSMUSG00000028949,0.31305526226996694,32.26333384902995,41.355604847995394,0.1041305443789343,0.5431923220210011,0.6415429261613308,4.960129990303026,100,100
ENSMUSG00000028950,0.001,62.31581250733508,1.0,0.001,0.001,0.002073491222025775,0.28296002329043135,100,100
ENSMUSG00000028952,0.33592948936422135,28.165745860778944,30.313544966547596,0.14146153520464833,0.5924415467907952,0.5312775383847737,2.7288597174480764,100,100
ENSMUSG00000028953,3.711434685811659,146.1749213862057,252.32999024623612,1.9897855889147569,5.1487064336920225,1.232438232510339,5.436934579873094,100,100
ENSMUSG00000028954,0.31325609263706367,0.7021602015146452,5.955869535192067,0.023875424208900202,0.6554323659497465,3.3494505289606966,166.52891508175418,100,100
ENSMUSG00000028955,4.475581669877504,345.3670149491936,419.5849341524146,2.6176552419126207,9.809416103239812,0.555319608122867,3.225024987097025,100,100
ENSMUSG00000028957,0.10678180415274471,16.062910478878685,14.770579623779895,0.03169392317382874,1.7320495914411163,0.020763859676955706,2.505934784439165,100,100
ENSMUSG00000028958,0.19837817531157925,0.5287228513764476,3.552720189494858,0.06129574337957802,0.4438239589929771,2.398112258945447,20.621646049975787,100,100
ENSMUSG00000028959,1.4280369886062863,7.244289770022212,27.56112205775099,0.7056395019365493,2.0632291573716186,2.1149335759121155,14.780686835269508,100,100
ENSMUSG00000028960,2.036697238235472,3.179240839324061,13.83643591317193,1.2387448451909981,4.470670204838794,1.2013288772515331,8.909760148088242,100,100
ENSMUSG00000028961,3.8455950814618816,376.83635707259623,2172.578685339494,3.228588344304934,7.336557516747843,2.984622457268008,6.824946959404849,100,100
ENSMUSG00000028962,0.5450138228256322,0.7104331671462357,11.373408744743296,0.24778947340166285,1.673402484001686,3.1191730823101507,49.41457424886106,100,100
ENSMUSG00000028963,0.001,62.31581250733508,1.0,0.001,0.001,0.001728993884683163,0.21779031748605432,100,100
ENSMUSG00000028964,7.204717891405941,525.6152783368308,3537.1953539640003,3.288553121884977,9.515009945975834,5.042478643502848,23.785269153904228,100,100
ENSMUSG00000028965,17.441510487267358,670.9690931764458,1.0,0.7754627919341093,37.622683405879854,0.0010000026397936977,0.008977056503377913,100,100
ENSMUSG00000028967,0.26642219444859666,4.905687398055381,69.7737693856634,0.21674456815804682,0.3663738030966083,8.566428807751056,19.101044520857847,100,100
ENSMUSG00000028969,1.4966160489908784,4.708645144915973,29.679396771383335,1.005862735339331,5.759386194807175,1.3736578398810946,13.186726461334105,100,100
ENSMUSG00000028970,0.19971350656943154,19.732656019349516,34.80409620352867,0.1269371552447317,0.3704702346252975,0.7663120838194692,3.351491456832952,100,100
ENSMUSG00000028971,0.10426053644529418,17.58923291039217,10.43549742691634,0.001,19.38782527980891,0.0016682829276988883,15.552915384130827,100,100
ENSMUSG00000028972,0.023934172471625284,23.113819618806154,31.675783398437098,0.001,8.302161265003882,0.0013388888130260782,44.50673954709633,100,100
ENSMUSG00000028973,0.06161726435592055,0.07728123653354828,1.3692801003994133,0.001,0.9543193041587055,0.6764752175917256,1163.0834762193417,100,100
ENSMUSG00000028974,0.5767429625424818,0.8573654284401907,2.9747521224980145,0.19109023544927062,1.7235581608124897,0.692024550386048,15.074925563557002,100,100
ENSMUSG00000028975,0.21998261341839276,0.18375571063947022,5.37215067288364,0.06831479559402985,0.47257766199647866,10.941303412674944,116.6383098006443,100,100
ENSMUSG00000028976,1.2942464081253242,312.7073817864961,1.0,0.001,6.298623075430405,0.0010677719433083654,0.06896568850805901,100,100
ENSMUSG00000028977,4.801503074041292,578.0330745970851,1.0,0.001,16.815389613887298,0.001,0.06076125099343205,100,100
ENSMUSG00000028978,0.0021342404102381966,6.2531517958113065,35.567741408082895,0.001,0.023382183048172696,0.0031054649716261503,42.140708533957536,100,100
ENSMUSG00000028979,0.0760359338912636,18.269792977507247,22.19623321518539,0.001,0.21512865319189156,0.26744880637320195,112.5267793247389,100,100
ENSMUSG00000028980,2.250685978137126,165.64881213308453,618.8884422509908,1.6462901413652284,2.946827191218298,2.752359847957295,6.265758371064058,100,100
ENSMUSG00000028982,0.3458479160328948,0.7210067655136663,3.0534193129289267,0.04053776161737399,1.0216164967402896,1.0408280097962441,62.17993377394271,100,100
ENSMUSG00000028986,0.9574040804401063,3.3569262223081715,9.294710489976733,0.2974356293189595,1.704781200074754,1.1202905461018493,15.07813196078273,100,100
ENSMUSG00000028988,0.6455679184025482,107.860465531238,69.14318464110428,0.3699086069059132,1.767521153761002,0.19136290135149756,1.3185216598575389,100,100
ENSMUSG00000028989,0.06619569445088587,1.5227396461234166,995.8878322105851,0.04664695616906074,0.09474070010482316,13.003061050944414,1113.384813110391,100,100
ENSMUSG00000028990,0.98349747999215,2.566818539632909,6.0175510819592475,0.21048692420752863,2.1849733674315237,0.8081929570838553,22.315241223852148,100,100
ENSMUSG00000028991,0.2828657144034598,0.2641386932147125,3.8688726211883044,0.045624595500472175,0.7308708214673161,4.461307253667982,170.79199133318977,100,100
ENSMUSG00000028992,0.2876102286548528,0.3482942881419608,2.2484200135254615,0.030125708981032184,0.9294309378947302,1.2542512557242218,215.0904840315396,100,100
ENSMUSG00000028995,0.9508704664279312,267.7176208253561,477.6729939355285,0.5905135321986847,1.3870172837566237,1.0964946708093255,4.011254115981498,100,100
ENSMUSG00000028996,0.6271465480030781,154.92719237319113,1.0725811857353496,0.001,8.266336971342149,0.0011241350048115132,0.24899254120088798,100,100
ENSMUSG00000028998,3.585891830192539,7.908016632058846,52.25499403482162,2.645064532873552,7.10268309797433,2.416906679593079,11.98478427812956,100,100
ENSMUSG00000028999,1.3416878316355934,4.386316719319375,4.304729677972262,0.1915345035058132,3.22378676046948,0.34610058025165735,12.54895479086297,100,100
ENSMUSG00000029001,0.16057600751500883,17.86173152843877,8.835958413029566,0.015350728352152399,4.069273614556509,0.01300036461657245,7.189926561364636,100,100
ENSMUSG00000029003,0.20402781829831004,33.49682553252235,97.28776420017812,0.001,0.29621389979472157,1.7912674590161457,874.7840977385106,100,100
ENSMUSG00000029004,0.2816441663177171,0.6011719446956075,7.853469051150271,0.12502539563728501,0.5497237660187332,5.900003661338108,36.86292478287815,100,100
ENSMUSG00000029005,10.353923438035778,807.1307854614263,1.0,0.001,18.45328805839997,0.0010000000000069016,0.047787627078262736,100,100
ENSMUSG00000029007,2.1368777076795347,488.4491250674445,768.1112168286105,1.1309107571918577,3.212693326727509,1.0343361320346995,5.558215301808319,100,100
ENSMUSG00000029009,1.149289906295925,3.036525712104738,9.741151242796624,0.22312116529261405,3.0912541236018587,0.8908791511565277,38.89736967601683,100,100
ENSMUSG00000029012,0.737851391193814,2.0573818227937957,3.9904522780657734,0.0012736582025019158,0.8303015957807013,1.7977654752005856,2102.6509405730685,100,100
ENSMUSG00000029014,1.1214796682442734,418.693536863902,387.16783400913926,0.448663400894108,1.9895092678017072,0.4933825006436358,4.115558672068298,100,100
ENSMUSG00000029016,0.4760899062964914,6.674310752114903,5.199030593303216,0.1714206837889633,1.7595382968720812,0.19461274310002394,3.130389136645289,100,100
ENSMUSG00000029017,3.37889224972398,104.19310688612866,189.57942759771183,1.776081059180247,5.463225256777851,1.1415974912082962,4.761318761566469,100,100
ENSMUSG00000029019,0.010710637934238154,16.646791117052825,100.93409927327309,0.001,0.07722185369908618,0.178794539925636,118.38189041268112,100,100
ENSMUSG00000029020,0.011073381960859566,0.015003057603304374,9.812052534288211,0.001,0.26447273356656875,17.03125163450453,9109.155649487722,100,100
ENSMUSG00000029022,0.17565194987932364,0.338343531194648,1.469626269963761,0.001,1.006246624153776,0.5151711232998475,970.6439760814048,100,100
ENSMUSG00000029026,0.001,62.31581250733508,1.0,0.001,0.0010000000000000005,0.0019963263185638716,0.18658445169963622,100,100
ENSMUSG00000029027,0.27291708721646385,27.223287233058322,20.313088657550715,0.041896053667750476,0.8011761078977188,0.22584508742629028,5.278426070978986,100,100
ENSMUSG00000029028,0.5797773358677187,0.6303044346386999,2.3272478109536077,0.08618898511547375,2.734583460572302,0.443529884852625,39.81303014958904,100,100
ENSMUSG00000029029,1.2349493815951083,4.937186324511955,6.4908868931625525,0.06009715485886985,2.997690790985889,0.4559405043911715,47.131341165243384,100,100
ENSMUSG00000029030,0.6676596966028018,0.837506244331932,3.7600301330409587,0.19472161345527017,2.0808220059102056,0.8452681857986812,22.718923182529252,100,100
ENSMUSG00000029032,1.4794348014843814,357.52131026778807,1.0,0.001,7.8538517898675035,0.001001272691213625,0.09429719728896437,100,100
ENSMUSG00000029033,1.211927504018644,2.776911302047294,6.663146028111358,0.5122499562994898,4.088789164873132,0.5546285298738522,10.54950046965682,100,100
ENSMUSG00000029034,2.1732902227600985,324.55610376953274,369.49226521243145,1.2329645760754198,4.778014574724679,0.5384596399208371,2.669648167989629,100,100
ENSMUSG00000029036,0.9967326368300113,2.462151545905997,12.78954040149766,0.6928480175928313,1.8672884871270008,1.9816776250333594,8.539551726189154,100,100
ENSMUSG00000029038,2.4288582854954766,4.964537605414246,20.166210910983533,1.4757569101901984,7.1775988170715594,0.949623199957589,9.419623862085592,100,100
ENSMUSG00000029047,0.34957639457832657,0.9852653486019706,2.945079955795623,0.004242044052852972,0.8763540288440566,0.8980996288169165,152.8222476561403,100,100
ENSMUSG00000029048,0.001,13.333929333371907,1.0,0.001,0.001,0.02476280602227563,4.5159963070205915,100,100
ENSMUSG00000029049,0.17848823808501424,6.339791196733385,5.1947654420923675,0.04067397765071422,2.3627622522218115,0.04736322401068539,4.271981946838801,100,100
ENSMUSG00000029050,3.0307656159311667,202.35972794932354,563.3032585545069,1.448636479245161,4.5917183059748155,1.8888306338598808,10.12451633078855,100,100
ENSMUSG00000029053,0.24108463548116424,3.9772659724100037,4.312753529156468,0.07521866768352534,0.6212214848482166,0.3315414203068472,3.7030039332271,100,100
ENSMUSG00000029054,0.001,62.31581250733508,1.0,0.001,0.001,0.0016900030605737004,0.12394040295077811,100,100
ENSMUSG00000029055,1.723887096681834,402.89002048942854,1.0,0.001,17.322858400157592,0.0010000000000023918,0.032874126277590586,100,100
ENSMUSG00000029056,0.2164338158935759,0.4874275118686113,2.377239281956282,0.006335202769443934,0.6277363122470008,1.2924058310748843,775.7745573905232,100,100
ENSMUSG00000029060,0.32264685420501193,0.35679503941375423,2.377667120604999,0.01782169084599503,1.3498008734867797,0.9665630648252741,439.2486484507024,100,100
ENSMUSG00000029061,0.2985832996179352,5.581597869685733,28.01462640962302,0.1699358227549788,0.39362235050199246,3.436021381958734,9.886104897434915,100,100
ENSMUSG00000029062,1.1128763813441578,1.3585231716931732,8.583322267185023,0.5353962817597682,4.6466352446463866,0.8534441743010143,18.472523901509383,100,100
ENSMUSG00000029063,2.290319793636625,73.58946061529589,218.54025164285514,1.4616240600393513,3.7941305189248684,1.7207582984230347,7.295844223836939,100,100
ENSMUSG00000029064,0.050773133233733614,0.2892748368022316,54.391037088161916,0.015921258329364835,0.14365713158933321,25.965164572288238,1311.143754443533,100,100
ENSMUSG00000029066,5.2335069327174395,40.244265096369524,146.78778913134192,3.1208187512793995,7.3700648275026674,2.320812018280278,8.485857357953769,100,100
ENSMUSG00000029068,2.063331160921279,185.6320270898246,355.61286802613506,0.9698246841848619,3.269099512638828,1.161960725482166,7.655247354307733,100,100
ENSMUSG00000029070,2.0094329541318023,8.19270006656983,44.31512173639651,1.4085668695967488,3.3303804206891057,2.664251582443627,9.817247062624634,100,100
ENSMUSG00000029071,1.532490950665274,3.1161736339341046,9.518820886983672,0.5625480561345908,3.5439701305039764,0.954998969544161,15.342438904817287,100,100
ENSMUSG00000029072,3.3504443964286903,803.5814128038414,1.0,0.001,8.348968723883866,0.001009183923380494,0.13925533364139828,100,100
ENSMUSG00000029073,1.0079398626776574,2.1731067324591495,7.900664324276658,0.5975275756285245,1.7444696576259848,1.4657833684890065,9.279459197745759,100,100
ENSMUSG00000029074,0.001,62.31581250733508,1.0,0.001,0.001,0.001585161592093141,0.0760495404063255,100,100
ENSMUSG00000029075,23.11297711108029,904.069657123015,1.0113093860545974,0.001,31.237105397956014,0.0010000000000001418,0.008248205078251896,100,100
ENSMUSG00000029076,4.186152799733696,7.909721374823232,59.34425614674911,2.543859919756291,8.030717219458648,2.5467426074494046,18.95122069210821,100,100
ENSMUSG00000029082,0.02005225827574453,0.3335590212383228,2.918237806714513,0.001,0.1350152251897816,0.9695557371003007,136.19984301159167,100,100
ENSMUSG00000029084,0.21975969878335141,22.429257591893645,34.83180832034167,0.001,0.31472108863122084,0.9950177047120177,438.14853292291207,100,100
ENSMUSG00000029086,0.01081686731118252,19.67367168980176,22.448750887395978,0.001,4.151379758855185,0.0010035496866799495,25.375701766121328,100,100
ENSMUSG00000029088,0.001,61.674132606755,1.0,0.001,0.001,0.0016261199845613661,0.09961400084846463,100,100
ENSMUSG00000029089,0.11501729654687802,0.14302713980616988,1.757065565422185,0.006078309728431096,0.9230479891032064,0.8410490632808448,550.2501565658179,100,100
ENSMUSG00000029090,0.5468637762941324,0.3374172971145441,3.5607777886587604,0.16306059197111056,2.9960317702662316,0.7795393329531246,47.480039141291115,100,100
ENSMUSG00000029093,0.42197709618849444,27.02674622520792,44.00360203418035,0.07497772316896825,0.5901435312248544,1.1195314216725458,12.679639717957663,100,100
ENSMUSG00000029094,1.4132061504929194,19.979911036539914,16.960871656893605,0.4985578674719444,4.815167630611596,0.25188907289760865,3.5878833613702206,100,100
ENSMUSG00000029095,0.001,62.31581250733508,1.0,0.001,0.001,0.0014932929164739686,0.144399332432093,100,100
ENSMUSG00000029096,0.28776552277660045,2.814928473239522,4.758078927407946,0.08170065461098312,0.6222006504318749,0.7237899594747765,7.112993753970267,100,100
ENSMUSG00000029097,0.3169038812657098,2.453088929439313,2.274439914404806,0.018596520126369878,0.8591324938229585,0.29783554841517107,28.948002624596604,100,100
ENSMUSG00000029098,0.28429613534895953,0.43594126341334327,2.394893713490178,0.035163533345705385,1.05032669452462,1.0349633195726737,259.14646955757064,100,100
ENSMUSG00000029101,0.3093009166640484,419.64621036195604,687.6993575461489,0.0010139552264175804,0.6596798470248726,0.6696730746861643,773.9398832007466,100,100
ENSMUSG00000029102,5.060326783204891,615.461284003333,1.000129961399874,0.001,12.654698660252283,0.001,0.030882262231684773,100,100
ENSMUSG00000029103,3.8495731216669977,232.76743555546116,1189.525339846856,2.8940742996287554,4.863519501984635,3.8882206645189283,8.984138133345478,100,100
ENSMUSG00000029104,0.05568138556148252,0.020662957451075076,1.9618817088106137,0.003910461742984312,4.944949127492739,0.3476457931528736,1718.0885802472485,100,100
ENSMUSG00000029106,3.479043096643031,247.08040274037057,538.5071051092052,2.0178818404203174,5.786559241004413,1.3439833812092132,5.3361186400165295,100,100
ENSMUSG00000029108,0.8200499433974203,51.100228843534154,116.46090266166523,0.47532837045461673,0.9789836791372841,1.8633931522456062,5.934861292375453,100,100
ENSMUSG00000029110,2.575212150396696,4.961808179861276,21.527195488165574,1.493876735472152,5.303810544443776,1.3841710234680162,12.30075159663319,100,100
ENSMUSG00000029111,0.09966332451395572,0.08401522377839137,2.3952274677971164,0.0013646201774645604,0.792823895350108,2.128300328111398,2305.706690888145,100,100
ENSMUSG00000029119,1.483227300251448,2.465151551881191,11.177675592860352,0.7746791762252011,3.529389076994641,1.2122727992514881,13.400987043050682,100,100
ENSMUSG00000029120,0.001,61.88525872635182,1.0,0.001,0.0010000000000000005,0.0018719902125652217,0.16498669150420264,100,100
ENSMUSG00000029121,0.0035359886149406625,10.328451088527153,22.14192190112874,0.001,0.06320088871481519,0.001735581795500834,16.87988640385919,100,100
ENSMUSG00000029122,1.4885195585210875,338.10990198531243,401.67350997679495,0.8393704734710212,1.9999102312029589,0.8709971539815349,2.970278932957599,100,100
ENSMUSG00000029123,1.4794348014843814,357.52131026778807,1.0,0.001,6.646684153383365,0.001291845063710522,0.07474537899939927,100,100
ENSMUSG00000029125,0.8505981584600488,0.8110193227391476,7.184556921878269,0.5339167922185994,2.125897507016219,1.7774464632093616,20.371873932508073,100,100
ENSMUSG00000029126,0.7528413797497535,10.396042217833658,108.12775704410832,0.5653770099621944,0.9296451060061587,7.922729253611576,17.143997640942327,100,100
ENSMUSG00000029127,0.38789938456438966,0.8598858642121286,1.8994148458581421,0.001023940907014807,1.6259571073942474,0.37346211322526396,999.5084209798623,100,100
ENSMUSG00000029128,0.854914994070257,0.6751357533204821,4.834667207388662,0.3370962452484793,3.323896881490551,0.8653020928954959,31.316395779506575,100,100
ENSMUSG00000029130,0.1050985582146274,49.52423814736598,27.577804521025715,0.010949604273846442,52.48603412255085,0.001055539271976704,1.8189895591779879,100,100
ENSMUSG00000029131,1.0901775758063235,1.15983445487981,23.769560748926033,0.59358583389474,3.05298009818469,4.007793513627087,49.241731149445044,100,100
ENSMUSG00000029134,0.002187341611496964,6.375725060850193,35.16027252778878,0.001,0.030885315980103474,0.0030200200827626943,25.981640478938075,100,100
ENSMUSG00000029135,1.2079511524803472,2.8469675348939543,32.447727003128065,0.8899854156337677,6.963604755766834,1.338841032759749,18.332878376142595,100,100
ENSMUSG00000029136,0.002165580159167062,0.005162439584428151,1.0400751484161397,0.001,0.5498653305971313,0.6150626241526205,451.128140813425,100,100
ENSMUSG00000029138,0.010867882297958136,19.685228750647244,22.441210445278717,0.001,5.343540262818042,0.0013700650626985748,10.424304400150962,100,100
ENSMUSG00000029141,0.01648219740286289,0.011286829789545712,1.6991403005751091,0.011580286016669637,0.9999327509220711,1.065982533799608,452.44200178241675,100,100
ENSMUSG00000029145,0.05507909165853453,0.03552829359294934,2.2864917391983797,0.0016258924390451148,1.1367989350586796,1.434576484352855,2202.715892426133,100,100
ENSMUSG00000029146,1.7546274730207643,2.265564298275059,23.441111784889337,1.1100705280664656,4.340804582093141,2.4525202489143747,19.211993664814017,100,100
ENSMUSG00000029147,3.3711161226759137,357.5510570892552,1024.1363086643134,2.5540710385354632,5.768433890923211,1.67294437085547,3.990762802750529,100,100
ENSMUSG00000029148,3.2806887147232797,332.69895098692655,836.8644465135573,2.164776008999482,4.930410438094807,1.6677444704792057,5.8689659576143,100,100
ENSMUSG00000029149,0.07155161417206349,3.7498254982637254,3.9176820469791362,0.00693155169424292,32.470427100700505,0.0013586173106565126,4.055535597088349,100,100
ENSMUSG00000029151,1.4275905501715376,345.13246017114864,1.0,0.001,8.302804870672237,0.0010000000000000581,0.049508024636294334,100,100
ENSMUSG00000029152,1.0944854927014853,1.624362017079319,21.52405273042054,0.7436777516194889,2.221637078096567,3.9718509569623324,24.479161790659184,100,100
ENSMUSG00000029153,0.10840307375437273,0.4024011012289961,3.111990753741943,0.00914000752440735,0.364315230614254,1.782232642728851,454.6987230051404,100,100
ENSMUSG00000029155,0.001,62.31581250733508,1.0,0.001,0.001,0.0016682394157012358,0.2515858878393283,100,100
ENSMUSG00000029156,1.801102391140514,6.481398699992505,22.703204056958462,0.9235676252997991,2.9135844102715005,1.7755765483058672,11.03530354911455,100,100
ENSMUSG00000029158,0.001,62.31581250733508,1.0,0.001,0.001,0.002088816951289048,0.14482970754470115,100,100
ENSMUSG00000029161,0.356706067015673,17.142900139355408,40.274554426145734,0.21904823627210407,0.5158872671831684,1.4608663526324481,4.337660114452592,100,100
ENSMUSG00000029162,0.29869817566418533,4.265628658061904,7.641145233221841,0.03439828492883751,0.501022208443211,0.8343311821978533,86.32575381024238,100,100
ENSMUSG00000029163,1.8097965694071845,124.47290793802469,547.3326494157313,1.3116184090930858,2.396087297773084,3.307326885504839,8.052483043138016,100,100
ENSMUSG00000029165,0.2675680701320768,32.71362548386622,11.889301384000259,0.06301462307880151,2.415285339431853,0.00954561281233806,1.2843910221882329,100,100
ENSMUSG00000029166,0.3218522095011143,0.20186546800548147,2.310103614845008,0.0033792857213428905,1.9666637983668687,0.8094762889730467,1737.9833495947405,100,100
ENSMUSG00000029167,2.398468794745146,577.0230940414881,1.0,0.001,7.635261420370906,0.001000000000518194,0.1674079807765525,100,100
ENSMUSG00000029168,0.001,62.31581250733508,1.0,0.001,0.0010000000000000005,0.0015481294325917542,0.1549651797109869,100,100
ENSMUSG00000029169,0.7782462237075843,1.3188995002132955,12.386092994454225,0.48992035046040927,1.533876260137152,2.978328405949429,19.626073143858736,100,100
ENSMUSG00000029171,2.7410870083344716,363.0399899096578,531.0326103052781,0.8833821119441845,5.237813355185448,0.7317637595414597,11.768362379191114,100,100
ENSMUSG00000029173,0.016480950628086036,0.03905033727449572,1.3446317137400952,0.001,0.4951286789341456,0.7804359750308144,684.7559928967307,100,100
ENSMUSG00000029174,0.5034712462304477,1.5396739556211008,3.727542022013872,0.0011132679929641296,1.0099320962705909,1.2658633659812883,1770.6713751223115,100,100
ENSMUSG00000029175,0.5581935792742176,0.3155719607988075,4.22617126567617,0.2526913402427825,2.2065186133801817,1.3305313848137503,45.608187257032554,100,100
ENSMUSG00000029176,3.5527429377461104,27.413502498700012,44.92317672678902,1.8606460083374055,5.470287810939782,0.9405468644046073,6.478059502768693,100,100
ENSMUSG00000029177,0.04111816841060338,4.226866811832651,71.6554612685938,0.024155246390126835,0.13566633132913292,1.8684617096808966,72.65214168058696,100,100
ENSMUSG00000029178,0.8571772327420215,1.9255982026033245,14.592058164979221,0.5563011384951202,1.479391768304322,3.158851932408675,15.540018978265321,100,100
ENSMUSG00000029179,0.3594900430659088,1.1445257535961781,3.013415648993839,0.008176489644647119,0.860097933630144,0.7325194124278093,603.2019749223499,100,100
ENSMUSG00000029185,2.34196645540434,8.925200957930175,54.98225661698612,1.6420714355060266,4.941592150052914,2.442160129522724,10.645435199794289,100,100
ENSMUSG00000029186,0.4336142461144742,1.6256076809866227,3.4803538762258013,0.013833796752382275,1.3317934842763925,0.6982319420657183,571.143923798609,100,100
ENSMUSG00000029189,0.006651254208632366,17.04264488885817,42.110622576634164,0.001,3.4179631125960923,0.0017832258281605174,10.385660327941823,100,100
ENSMUSG00000029190,0.31477582536546433,0.6569769374178345,5.408415353830836,0.11831473638978818,0.545895313603768,4.032906162014738,28.177252038476627,100,100
ENSMUSG00000029191,1.1953841720518115,1.5726310998249378,3.991402514973336,0.10945427283772338,3.8719744340386457,0.4370061366854191,54.88039012628094,100,100
ENSMUSG00000029192,0.11139631040933165,0.13904378734947342,2.3919323126336134,0.001034392126155565,0.8033483932188374,1.5871226664778963,2022.3611345834113,100,100
ENSMUSG00000029195,0.001,62.31581250733508,1.0,0.001,0.0010000000000000005,0.001415151358706585,0.23359357122089797,100,100
ENSMUSG00000029196,0.030595766019524285,0.02981681137207238,1.9081598813310705,0.0010586074184781983,0.7640616479528609,1.4536334315114026,1948.8639928788716,100,100
ENSMUSG00000029198,1.534902903970871,5.031726381111693,51.77388255288609,1.1082930941030118,2.4426373090319755,4.9755576670844555,17.84514416326411,100,100
ENSMUSG00000029199,1.079266065583044,2.1567979329594436,8.881561149691409,0.5310744889236634,3.032813535722675,0.9971318532735048,11.743672051931524,100,100
ENSMUSG00000029201,1.5744138040328877,298.06246907477555,3246.4841518185053,1.33031414256939,3.8338165844043712,4.0939775191969945,13.913349258132616,100,100
ENSMUSG00000029202,0.2902600647627367,0.5562996700839238,4.332117282866722,0.09241290893615273,0.555833781647405,3.310786499632255,31.004691423617317,100,100
ENSMUSG00000029203,3.4212065079757594,10.90620266953752,64.38613336810691,2.3414227055630334,8.279749818122632,1.8798012169043594,10.276624702309027,100,100
ENSMUSG00000029204,0.001,62.31581250733508,1.0,0.001,0.0010000000000000009,0.001822750976814958,0.13613700543015506,100,100
ENSMUSG00000029205,0.001,62.31581250733508,1.0,0.001,0.001,0.0018498471185107916,0.16614829827554797,100,100
ENSMUSG00000029206,0.39135172827725445,2.141035533999206,1.0,0.1924900410904384,54.39242666841308,0.0023338735756107338,0.7477453569839875,100,100
ENSMUSG00000029207,0.6491080696505586,3.699277450712778,12.609285436598432,0.3861833229054921,0.9402906768081647,2.099624044883654,6.68233429923198,100,100
ENSMUSG00000029208,0.41165630283239607,27.722162790183386,17.96003713690083,0.20958355561896128,1.6775554283477034,0.16259773312352238,1.6781210571980694,100,100
ENSMUSG00000029209,0.5931463401698644,1.5035215038240397,9.047594124149164,0.10622620881528458,1.030960029190483,3.1849601627427537,53.73091492380401,100,100
ENSMUSG00000029211,0.4282965282830732,103.14966607220127,1.0,0.001,12.298800472130392,0.0010000000000093589,0.06106641531203142,100,100
ENSMUSG00000029212,0.0031417610150830414,8.470634489153055,22.27950756457322,0.001,0.07667361388333303,0.0021323579417489667,21.438856805670834,100,100
ENSMUSG00000029213,2.0896766584047057,4.031949506626326,14.53877484985283,1.3546478482159354,4.8702354990996195,0.9412011941865293,7.864085052387338,100,100
ENSMUSG00000029217,0.4371370362644513,14.80530794363226,29.767241111317087,0.21295007711244546,0.6150531545667977,1.2201110497223626,5.598264865024479,100,100
ENSMUSG00000029219,4.132577005576439,999.9999999828615,1.0,0.001,11.254817209479004,0.001,0.05514110000727074,100,100
ENSMUSG00000029221,0.5807433090276114,0.46507018340528045,3.85429166080486,0.0642225069455213,2.178177972229622,1.155365348697132,119.74450759199193,100,100
ENSMUSG00000029223,0.1991043733308355,27.361879683960048,688.7324478798481,0.13255092919639683,0.2604988034795197,16.356344859411063,37.61774109465851,100,100
ENSMUSG00000029227,2.175192308006963,230.5103583251256,696.398751206982,1.4310547758455043,5.287547197451255,1.2430268644549287,7.313196722603351,100,100
ENSMUSG00000029228,0.12079046877257471,18.42466309893305,5.052897996087037,0.005794917063869891,25.726307726549344,0.0010813975414208062,2.24961929371879,100,100
ENSMUSG00000029229,0.08384474680586548,0.1627097556281885,1.6000476704661053,0.001,0.7856719315875655,0.6851164692785371,913.6356748763462,100,100
ENSMUSG00000029231,0.4273208305771041,3.093350283350495,24.6961786243315,0.32096486845501127,0.5789817496427374,5.534712096458788,11.351349212105397,100,100
ENSMUSG00000029233,0.5351028553565029,1.381606004066413,3.204631035933692,0.0912422243200518,1.6528184444966336,0.5460873471903978,22.523201132568445,100,100
ENSMUSG00000029234,3.2311788422965955,999.9999990718162,1132.8946023131575,1.628094782617178,5.444665431194093,0.6735725835909059,4.459531062254464,100,100
ENSMUSG00000029235,0.001,62.31581250733508,1.0,0.001,0.001,0.0015599089323163609,0.2861481558080638,100,100
ENSMUSG00000029236,0.004746298006025853,12.486247436793537,20.894282076894115,0.001,0.11110182546527048,0.002482118818403664,9.580847020858846,100,100
ENSMUSG00000029238,0.29812743510169526,0.3660426338898109,2.3081814247672345,0.006670568658671639,1.32568464576685,1.033823676208597,363.1396307556312,100,100
ENSMUSG00000029245,0.001,62.31581250733508,1.0,0.001,0.0010000000000000009,0.0016007980874472839,0.2067119336015889,100,100
ENSMUSG00000029246,0.29086788982506323,0.7864482776504733,3.3491798686806944,0.07178430374599622,0.6664262922665183,1.3788665318923294,25.898497105028348,100,100
ENSMUSG00000029247,2.45127499754643,137.69206564267222,464.00385486714083,1.694606552355602,8.051146276867804,1.3399828422148516,6.2868692433208535,100,100
ENSMUSG00000029248,0.003279286199371733,9.656800477905469,23.37007818915631,0.001,0.02078092019215999,0.0015847342099023867,11.190486515916582,100,100
ENSMUSG00000029249,0.6310432711591618,3.070276086498845,5.886591944874288,0.049072061660191825,1.2831517382659965,0.767227985473377,76.39965052106028,100,100
ENSMUSG00000029250,1.0437301256215732,0.960466642960067,3.7211201399691958,0.27706606321614036,4.570994852500933,0.4323414927067426,30.697255414299022,100,100
ENSMUSG00000029253,1.1116482683832711,447.32160657937374,387.0904971212225,0.16986271846664977,1.4728145230465017,0.633764472628445,12.135060486541978,100,100
ENSMUSG00000029254,0.001,61.45463549419866,1.0,0.001,0.001,0.0016617133789417278,0.19657253667382962,100,100
ENSMUSG00000029263,0.37413759081786646,2.0301743144325863,4.681983825242569,0.15303967035410798,0.686235833071827,1.0613255280757,5.855125808427546,100,100
ENSMUSG00000029265,0.1325095694471835,0.08046640623354734,1.119969274284483,0.010725534391403562,3.079088781723544,0.22227293293482203,244.2996480069505,100,100
ENSMUSG00000029267,0.3068298509267182,0.7023882936808935,2.348394094860027,0.0011916983291906707,0.9707436473622826,0.7791763192938803,1435.6091759359783,100,100
ENSMUSG00000029270,0.1169299258048507,0.42949400457506187,4.530103034337053,0.007611915919556257,0.26392173497728594,3.6485209537553396,372.8711115386934,100,100
ENSMUSG00000029275,0.001,62.31581250733508,1.0,0.001,0.001,0.0016447415024267672,0.2664980324187196,100,100
ENSMUSG00000029276,0.3755001047416301,0.7683377826926439,3.057884503915653,0.05231878810040911,1.33840993621045,0.8232784900911663,327.8700126377153,100,100
ENSMUSG00000029279,0.11346468708191143,18.18677275336137,9.67431195623788,0.0026326528177576503,14.39712373397582,0.001594220827105796,10.907349402154786,100,100
ENSMUSG00000029283,0.1479917548501929,0.7800939158499999,3.182203209630079,0.05281078453392839,0.37702586631418367,1.2523702586758314,11.826329446023351,100,100
ENSMUSG00000029287,2.163487163441807,208.34579634084233,955.4558070302965,1.4262603055636969,3.4281809503970093,2.6925604564032994,10.212503283051214,100,100
ENSMUSG00000029290,1.2354183481831182,89.5612985538795,166.85995320390612,0.3982088548122026,1.8310328809894099,1.301253590268992,10.756201270783889,100,100
ENSMUSG00000029291,0.44888403203342997,2.32077250321409,2.6857792645884806,0.050393852607371406,1.1991032100430346,0.3622021828386238,25.46286156075648,100,100
ENSMUSG00000029298,0.012636506836356346,1.3674950443172975,6.435476345931458,0.001,3.8049558998145274,0.002079448870120858,49.77524540019212,100,100
ENSMUSG00000029304,0.5450929085211185,2.2357343110912815,1875.458971209631,0.42696031404075757,0.7464315484736406,502.59830195738584,1149.204562645455,100,100
ENSMUSG00000029309,0.026288375909075342,1.044399503172956,4.196405395439767,0.001,0.1581586678791868,0.45492968795622635,102.248952726716,100,100
ENSMUSG00000029310,1.96717917767503,45.38889319154231,100.26511326344995,1.0340946247438794,3.1500165691048596,1.3212415383277545,6.8180055068158545,100,100
ENSMUSG00000029311,0.6682653339039833,0.9864514384373285,4.7782918059535895,0.3224170220671211,1.3906854969147378,1.9007536859731409,13.449013145881151,100,100
ENSMUSG00000029312,0.6818713032055908,32.20998327639164,10.459127998407547,0.257078482447546,50.368333768441886,0.006000889163712272,1.373976758543059,100,100
ENSMUSG00000029313,0.8096930349124452,2.002835521470926,28.003182120092777,0.593389307859832,1.6630868135543255,5.025693273725645,21.395780004125953,100,100
ENSMUSG00000029314,0.060978206255045686,0.3452883058541835,1.082586562193681,0.001,0.5012158838362288,0.23901361231688498,135.30893018703998,100,100
ENSMUSG00000029319,0.001,0.0015684875921585391,1.1284565310792865,0.001,0.6226081596047884,0.6774904163796921,893.9530459293362,100,100
ENSMUSG00000029320,0.001,61.88525872635182,1.0,0.001,0.001,0.0020990062606950693,0.15250061989482713,100,100
ENSMUSG00000029321,0.08772015470710924,18.888375148429287,6.254146823225747,0.001,29.010585765915543,0.0010363778393474227,4.315723749510539,100,100
ENSMUSG00000029322,0.001,61.024058264401226,1.0,0.001,0.001,0.00201975144928553,0.1549028424462809,100,100
ENSMUSG00000029326,0.41701499657274876,0.6242026965001919,2.255140804739561,0.08389006265123311,1.3856018453357066,0.805680858124043,30.704687330554208,100,100
ENSMUSG00000029328,1.3894869885783039,7.370335683226006,54.48458937214056,0.9692550121348238,3.764873416574302,2.6593273896475096,12.221683190090035,100,100
ENSMUSG00000029330,0.16130425956989272,17.69853283558773,8.753052416152224,0.007467194502677231,1.4627255914853388,0.03477553696149877,8.822146358585755,100,100
ENSMUSG00000029334,0.6934354147918199,18.29903464200604,23.992592186076088,0.06932720392076264,1.0352553982487334,0.8948440695423984,24.30103244944074,100,100
ENSMUSG00000029335,0.03900376286898008,20.521946342572736,10.830630312213934,0.001,18.554047076204967,0.0010000000000297618,18.21410553057668,100,100
ENSMUSG00000029337,0.001,62.31581250733508,1.0,0.001,0.001,0.0014293221099013552,0.08026807686627968,100,100
ENSMUSG00000029338,1.991470981760458,87.3094367681337,170.78847706330606,0.7751022202046354,3.355995356095165,1.1173442783594814,9.738039220267682,100,100
ENSMUSG00000029343,0.001,62.31581250733508,1.0,0.001,0.001,0.002045586993835194,0.17277846655981424,100,100
ENSMUSG00000029344,2.8268155412567726,72.15758918760226,158.37567596423236,1.5677684340268647,5.157293586044691,1.108122376931404,5.7071621868724804,100,100
ENSMUSG00000029345,0.8391847494747207,0.5764594344622294,3.302225855323011,0.08740894614159128,3.28574888201648,0.6872062151967424,204.5390167536935,100,100
ENSMUSG00000029346,0.05523338714206499,0.5378712739436435,4.112837990509884,0.001,0.17292197369576207,1.9879858540672473,387.4735602812407,100,100
ENSMUSG00000029348,0.03342046094830786,20.618953552508767,17.878910103634986,0.001,13.650241605530557,0.0014022664799276904,24.92049694626963,100,100
ENSMUSG00000029352,0.0241582443409258,8.92331869051013,17.861712639292538,0.001,0.20064317811288626,0.0018215892473834013,65.42209550219502,100,100
ENSMUSG00000029359,0.011277411095345543,18.590987882594284,21.21660552566567,0.001,4.866753999472014,0.0014251910548757785,11.033434928267269,100,100
ENSMUSG00000029360,0.01086639780182334,19.594612027094342,22.342334150176505,0.001,3.3787386056928717,0.0018402214045963254,21.411421221826355,100,100
ENSMUSG00000029361,0.001,62.12054130191189,1.006411208756126,0.001,0.007021953065348637,0.0015465128230228637,58.61458223528062,100,100
ENSMUSG00000029363,0.267043888109659,6.716796969312568,20.83168696913414,0.16218673857532423,0.39425236082957926,1.8664216874784187,5.982865398674145,100,100
ENSMUSG00000029364,0.6825624612845168,0.6740969705450474,6.993920566361632,0.4396151473568579,2.3112829540836763,1.7222525652834628,19.17342500783193,100,100
ENSMUSG00000029366,0.42907982873478473,30.31623473402157,37.07461959147703,0.2415756392022414,0.7374987117602287,0.6473926945166781,2.5747694367112866,100,100
ENSMUSG00000029368,0.001,62.31581250733508,1.0,0.001,0.001,0.0015529730437932408,0.1952071650202806,100,100
ENSMUSG00000029369,0.001,62.31581250733508,1.0,0.001,0.001,0.0016654199488584163,0.17906379133841255,100,100
ENSMUSG00000029370,0.07212659744155432,2.1742974406915314,3.746456730988723,0.001,0.2957926674219405,0.18396952579318504,96.92742142776594,100,100
ENSMUSG00000029371,0.7461878572372856,29.50149950739704,1298.8247258926517,0.6266761063573746,1.5886648925820257,25.20405182673379,58.56671520447627,100,100
ENSMUSG00000029372,0.2140615708906226,5.308230544347593,1145.5774708523413,0.18460476350092922,0.3106180222066529,89.35043623125298,284.070578316628,100,100
ENSMUSG00000029373,0.03041846806957934,5.482914159436564,26.064002280708912,0.00703453575797671,0.7818356709878822,0.10590784719647157,32.83727059303095,100,100
ENSMUSG00000029375,8.302907533841555,1000.0,1.0,0.001,14.809245966233807,0.0010000000000164326,0.019293164030485227,100,100
ENSMUSG00000029376,0.005639352118452118,0.0046664767043689635,1.2948584553931866,0.0010112314510594771,1.1965479512924193,0.6351757969887392,1263.8261394535702,100,100
ENSMUSG00000029377,0.30906675312962245,16.079605790753735,158.12571875962857,0.23636628885004624,0.3855369265592027,7.006508723884244,15.169636664701887,100,100
ENSMUSG00000029378,0.001,62.31581250733508,1.0,0.001,0.001,0.001859479024630871,0.3307133070196471,100,100
ENSMUSG00000029379,0.014571244771554134,1.0534661414223203,91.40962854220473,0.0070712583495914985,0.10343172082044533,1.0051806390876505,249.92154076839097,100,100
ENSMUSG00000029380,0.13097065318009518,2.58489646330248,162.25159718251552,0.10700398744084227,0.1672651262369033,41.25269469007657,95.64787158335848,100,100
ENSMUSG00000029381,0.2104286567117097,0.7925072279183079,3.826790564358369,0.05442081876005224,0.4762672080866476,1.5775898824194357,20.138024683575992,100,100
ENSMUSG00000029384,3.1303636745638235,372.01155544552347,1.0,0.001,15.141120265963625,0.0010000000000107995,0.057704665094102325,100,100
ENSMUSG00000029385,0.378755465410305,1.8730981111057798,5.7158829094139705,0.1690103747351767,0.6475134492559838,1.3984089582917645,8.492732774651541,100,100
ENSMUSG00000029386,0.3617520017157508,0.6892790715083261,4.21291216706784,0.1238746130835671,0.7351047883058917,2.2811267952478813,26.229228489425495,100,100
ENSMUSG00000029387,0.006049889221993206,0.0017988693317702203,1.3882175439404048,0.02069468672083442,4.834083954418551,0.32395705023269705,290.414727559768,100,100
ENSMUSG00000029388,1.1718217371213646,1.7942793234717134,8.310220921347879,0.6574819007907892,2.373722605996952,1.474856199498165,12.23373840330682,100,100
ENSMUSG00000029389,0.20443833310140916,0.7191941030327477,3.744832315156305,0.013234004167176353,0.5228995985445055,1.6205374043127396,690.5213603608339,100,100
ENSMUSG00000029390,0.06437341476342741,0.23823719796696974,25.51963014108978,0.001,0.13856030230063474,40.23456951339866,5553.452741709869,100,100
ENSMUSG00000029392,0.7541953688800261,1.6880413331870685,3.771460877108624,0.3116827224107667,1.6188386095617224,0.7263317468881718,8.817241852701478,100,100
ENSMUSG00000029394,0.13552449816451945,0.2616975823926431,6.7045255696913,0.007725120835796249,0.38111597690091614,6.813941012061823,539.1935303662648,100,100
ENSMUSG00000029397,1.7805933662866855,114.93377677924171,289.9526037273219,1.1969226797290209,2.4780550677351223,1.8601440751941112,4.463401386930655,100,100
ENSMUSG00000029401,1.925588841849297,505.25088868334285,408.4814322234284,0.7130532467147227,3.38967134596319,0.463724081507896,3.482737723059423,100,100
ENSMUSG00000029402,1.732094713242004,159.5730182438009,162.313224583234,0.6167801798277118,2.3217398441664234,0.7244665299287043,5.329788886906853,100,100
ENSMUSG00000029403,0.1962474099875912,29.232668155870385,22.05297878014628,0.0010632209991948227,0.5062631787510622,0.2452047989081163,123.95231270600944,100,100
ENSMUSG00000029404,0.47280457726857933,0.8823664932528659,19.966942158644063,0.331772581660463,0.8972217618582934,7.666077685708769,35.35549184982149,100,100
ENSMUSG00000029405,2.085471199279268,5.50691623118641,46.29732262586608,1.5581640682296105,3.945945000102996,3.2278025810031825,13.73532539151956,100,100
ENSMUSG00000029406,0.29444757157240736,7.58284584124058,11.331643192618717,0.1439852504982335,0.6819260357755853,0.5214959501123968,3.752553470729435,100,100
ENSMUSG00000029407,2.2243439864668373,3.9045467199457833,17.000559638158173,1.0437930571101153,5.69403354306432,1.1185140243994716,16.606422987938743,100,100
ENSMUSG00000029408,0.2085778806601392,28.142955632506553,29.809960017259634,0.0014940145518385765,0.40478738685500526,0.541480867079094,203.92243241794802,100,100
ENSMUSG00000029409,7.559587725185005,908.7927558525122,1.0,0.001,15.042692790289221,0.001038478517320686,0.08615707329883335,100,100
ENSMUSG00000029410,2.0813166845897446,503.1765750646759,1.0,0.001,12.499468165182126,0.001000000000014863,0.09740477208755652,100,100
ENSMUSG00000029413,0.8246571779597113,2.2227026929864357,9.158191839124637,0.4967337968623208,1.2983609533672518,2.0851296083122963,8.354346626459705,100,100
ENSMUSG00000029414,0.0065114260132892385,0.18585897990422362,3.641347143254038,0.001,0.07696417696653254,0.07133843542293608,190.53690940261248,100,100
ENSMUSG00000029415,0.8969929808062613,2.9290516066325996,10.520148784202282,0.6221472339919842,1.585977154485881,1.6134160174132677,6.542643757236804,100,100
ENSMUSG00000029416,1.1579406720233905,224.26395432961957,120.9625231134341,0.3410024065230848,3.8211000401870714,0.17053393379779852,4.039911452354076,100,100
ENSMUSG00000029417,0.001,61.45463549419866,1.0,0.001,0.001,0.0017160018946951578,0.16619054166746783,100,100
ENSMUSG00000029419,0.001,61.674132606755,1.0,0.001,0.001,0.0015339895719258532,0.10141118103211752,100,100
ENSMUSG00000029422,0.8066052567182852,1.8571664755951276,11.648512303832009,0.3803546103303732,1.3742568855802557,2.4553339238303473,16.782552740081773,100,100
ENSMUSG00000029426,0.8874077148307206,5.420619132277426,9.252774993162168,0.464408465929828,1.4742393151550588,0.7551528552490944,4.335035525957418,100,100
ENSMUSG00000029427,0.4120326939407576,0.6294260674135808,3.1212398587648926,0.005011717502223227,1.4377782843441618,0.9678424747429369,659.3670237626231,100,100
ENSMUSG00000029428,1.2577345845972332,1.7346545748818478,4.6305903100920185,0.37210765451528227,3.1477181633408056,0.673154410784974,16.456094919463702,100,100
ENSMUSG00000029430,0.9510591697086711,3.1731211426740527,180.606874911654,0.6578837043971903,5.249387509509619,12.133397302533545,104.97869014615424,100,100
ENSMUSG00000029431,0.03993799136343092,1.5303621700726853,1.841287520158672,0.001,24.517776433965928,0.001268303622691016,13.680503672114654,100,100
ENSMUSG00000029432,3.4755734563357854,110.17944387124126,232.54305077643332,1.9229031881470502,5.028285373368335,1.4328147084174034,6.588455937193787,100,100
ENSMUSG00000029433,1.5582479626893895,1.4168680760217571,9.141403136508016,0.8752839772507668,6.997002351962026,0.7026509759057677,16.356704776355265,100,100
ENSMUSG00000029434,2.2017837422828945,3.604131630522094,16.76781854206436,1.5689850984678153,5.246386713801509,1.1972261966750772,7.842434292092264,100,100
ENSMUSG00000029436,0.17941576922370736,1.8955556400778508,11.365964058209949,0.11915491504451747,0.298985184330244,2.9213661245300075,9.664022011237162,100,100
ENSMUSG00000029438,0.08769107225414319,20.665649122527036,45.54195650412746,0.001,0.17957433174626772,0.9701984562832675,184.95016752731738,100,100
ENSMUSG00000029439,0.7030715390193277,1.0589716834961513,4.975477831353342,0.28258941322814884,2.028878872314487,1.0917148386672273,17.2110722106777,100,100
ENSMUSG00000029440,0.6047533801620518,0.49382748874256505,4.288837422384115,0.16416814926036766,1.9040791088112659,1.5308207531651532,44.80708856213504,100,100
ENSMUSG00000029442,17.609602746332797,998.170206199974,1.0122992990292685,0.001,27.189716762891813,0.001000000000001014,0.008987967918663804,100,100
ENSMUSG00000029446,0.9597926389983552,3.702756123673984,16.466573565956157,0.6450361369995511,2.203276297718268,1.5831918331738664,8.447470308820275,100,100
ENSMUSG00000029447,3.6439331155763917,36.36864329841619,213.58049592430658,2.5857457548234173,5.753506595959965,3.334689720549294,11.819250474347346,100,100
ENSMUSG00000029449,21.197329908336453,1000.0,1.0,0.001,37.37629586300938,0.0010029161296980196,0.007530994324523987,100,100
ENSMUSG00000029452,1.2419799527310142,35.750981732703906,2.9661538033282184,0.0655754348042634,106.88985880315497,0.0012571430584429482,0.4898409940972825,100,100
ENSMUSG00000029454,0.11088326874835847,18.152215240629346,7.869255117969757,0.005704686910275871,26.763966895819983,0.0012896423714701256,3.708239913934243,100,100
ENSMUSG00000029455,3.2337146955957707,31.506359260226628,131.68637327668972,2.3752532544922813,7.5142746648564565,1.638457332626424,7.047402043339327,100,100
ENSMUSG00000029456,0.0011172673842877064,0.0014623982310179979,1.0000001641708196,0.001,0.8978429479839307,0.4861862111466954,863.5476809174185,100,100
ENSMUSG00000029458,0.7090671907722403,2.221508014301932,2.667569128763727,0.0011674062650783947,1.3001800795567309,0.541027736272431,1153.0147265951432,100,100
ENSMUSG00000029461,0.29300554140023516,0.29787700235138365,4.196066173965783,0.0038735301090581774,0.9662481940193397,2.4008224374556293,1666.4261708678976,100,100
ENSMUSG00000029462,3.3631690659530515,5.677187977235774,51.66330679867036,2.5078149998173638,6.7843256979168505,2.8487753650275067,13.875250149737623,100,100
ENSMUSG00000029463,0.7786580786975614,1.7181458264632439,7.789310705322381,0.525145665678394,1.5944993783137145,1.584481827644617,8.259023989475233,100,100
ENSMUSG00000029464,1.0757682762064753,1.4087926541543196,6.79295855662816,0.5986778441157063,2.5592319938069212,1.1596017084977257,12.752034618720435,100,100
ENSMUSG00000029465,3.5225802774631725,102.03980373607428,320.9780985086858,2.169003068469163,6.0963970739218425,1.7955620361795868,6.6984932316982775,100,100
ENSMUSG00000029466,0.37947176194817744,0.3475170389680167,7.367421234913299,0.18246645494548142,0.8109262252955998,7.279229942070626,58.19184771126464,100,100
ENSMUSG00000029467,2.7990268441864647,12.212949416281042,41.65076624127798,1.874492636125244,5.299484364789414,1.439803639770024,6.22295201993577,100,100
ENSMUSG00000029468,0.1415030411456396,0.8563962600051984,2.4723906175644284,0.010695698697450004,0.3820948763239945,0.7733089692763915,63.97518801606597,100,100
ENSMUSG00000029469,0.269886268884054,1.04882239605027,2.3480499991716366,0.001,0.5222203296129644,0.8764235282447644,934.8100637940709,100,100
ENSMUSG00000029470,2.3875079070765355,16.605067103750248,43.713142665827604,1.4119083535549604,3.2472641791645627,1.6784042981544496,6.831985667294934,100,100
ENSMUSG00000029471,0.6635065167594215,1.6946051921244683,3.796666627696595,0.2427756555928601,1.4891552381276036,0.7712177588196603,8.562916609709129,100,100
ENSMUSG00000029472,2.3201854617284883,64.85727771485533,180.68172787622385,1.8569605869020478,3.2835113990954192,1.927189333737656,4.437316605860113,100,100
ENSMUSG00000029474,0.29833052774233765,0.3119914834473376,4.1994639570119885,0.006152023550145477,1.4704107413957574,1.8542896008784473,1078.7647245912437,100,100
ENSMUSG00000029475,0.09707642084130313,0.6550031442035813,12.79424967057449,0.001,0.16882863334105913,9.203784696830047,1891.654209953705,100,100
ENSMUSG00000029477,0.001,62.31581250733508,1.0,0.001,0.001,0.0017247598603714605,0.25118511275993016,100,100
ENSMUSG00000029478,1.14935146563842,1.6718267229531867,19.64599275890955,0.8527097380106596,2.624461135363286,3.101675158745638,19.74039205891632,100,100
ENSMUSG00000029480,0.38601188823829496,1.0330854947332546,1.587347843722936,0.0010000201094815988,1.4817940922867243,0.30115132130575595,732.1352418096122,100,100
ENSMUSG00000029482,1.3008974638322899,24.50094978356439,72.21592740364095,0.8258196006178329,1.7274343565255506,2.2589849069825716,5.706400902544552,100,100
ENSMUSG00000029484,1.7877462326289573,5.927098521571162,158.18076539824588,1.4419013132822784,2.9345492255194383,13.200695460589738,35.82099467150105,100,100
ENSMUSG00000029486,0.7873560459324012,2.249109519929666,3.9051985576039328,0.1402888092994025,1.7859381394005853,0.5875669273642361,20.208396251195325,100,100
ENSMUSG00000029490,0.08933869973173632,18.79215900286819,6.212782449982982,0.019122772088774165,26.268872757757293,0.00100000000000005,1.3354855323344486,100,100
ENSMUSG00000029491,0.001,62.31581250733508,1.0,0.001,0.001,0.001842724479973237,0.16453423862196867,100,100
ENSMUSG00000029499,0.18737954828266587,29.954775727414987,35.414670522445185,0.0789816556295541,0.3823056737704874,0.4333922139128158,2.81150770175063,100,100
ENSMUSG00000029500,0.9811717862451451,67.53019720096634,78.47764351248905,0.322625069246556,1.432561667591456,0.8540185163593699,5.926126365280158,100,100
ENSMUSG00000029501,1.6091639232153687,211.18499090150362,180.3496935177205,0.8663122425680745,2.467509124284404,0.5657099671205308,2.2795806039372466,100,100
ENSMUSG00000029502,0.41651667822069743,0.7756460762165401,6.331367067785037,0.21511292448653652,0.7633056426761996,3.3230767650186435,19.614460622079392,100,100
ENSMUSG00000029503,0.001,62.31581250733508,1.0,0.001,0.0010000000000000009,0.0013942641578893577,0.38783241678597047,100,100
ENSMUSG00000029504,0.554989979053844,22.182574161556122,23.18150055848281,0.016990339626305695,0.8642472498166675,0.6176300989944488,213.54673843057716,100,100
ENSMUSG00000029505,0.15192385918985024,0.18876813940787834,3.0280947032282928,0.0013421827841509418,0.575611261533006,2.99054285625673,2445.389008052466,100,100
ENSMUSG00000029507,0.2842856153735446,0.231437632466677,4.463508331762591,0.06060590249000251,0.626684818458647,7.519300956436432,113.96898563630681,100,100
ENSMUSG00000029510,0.001,61.259704531272526,1.0,0.001,0.001,0.0016871472042619489,0.29735481222836896,100,100
ENSMUSG00000029512,0.001,0.001247560197233503,2.648454791115225,0.001,0.46013168349739875,2.8427380050848052,2459.677517297248,100,100
ENSMUSG00000029513,2.027260978495686,309.8385190635358,359.23701574098084,1.3114680769420919,2.9509323082483094,0.747683057266425,1.9184406905417082,100,100
ENSMUSG00000029516,0.017198703464264765,0.5101646539151892,2.4392973410148326,0.001,0.509429133094504,0.06688110213475143,73.14807367482287,100,100
ENSMUSG00000029518,0.22175426270729823,0.1849715025085666,2.7460981726293126,0.004274365799286325,1.0154961897034982,1.9461042527290866,1001.9217480399725,100,100
ENSMUSG00000029521,0.17463223078630755,0.5053398188591254,2.6316930641706158,0.004841950542293531,0.5230590492929748,1.3088722071101868,290.46410233844995,100,100
ENSMUSG00000029522,0.07344608901392383,4.18299297536067,8.352443525476431,0.005009426255024597,0.24217856726642517,0.3821138292237071,45.15901461050602,100,100
ENSMUSG00000029524,0.3318850662895818,21.443768828025398,23.633703329061845,0.001,0.5876893075452709,0.56379297049885,635.8767272398941,100,100
ENSMUSG00000029528,2.9045125781773584,28.049612554070045,64.29624490551359,1.850415805278259,4.335935110431871,1.4009740544728215,5.0629864146378605,100,100
ENSMUSG00000029530,0.001,62.31581250733508,1.0,0.001,0.0010000000000000005,0.0020746612073355214,0.21611388730908804,100,100
ENSMUSG00000029534,0.06177828170737047,0.2424040588494444,11.792997494136118,0.021373960726211203,0.12493087677127218,17.880187065494447,135.02349300627526,100,100
ENSMUSG00000029535,1.3095854269972005,1.833497299752244,9.597283382558352,0.6365967603566125,4.033414197370796,1.0556482590036746,15.62324443817844,100,100
ENSMUSG00000029536,0.3391065011340745,0.7636389454858984,2.568247575262578,0.05377783760426784,1.1587747152295869,0.8045528305869851,35.507981982620066,100,100
ENSMUSG00000029538,0.26037399859442195,0.16507050448397947,4.042908841423258,0.0024582902496722413,1.7075195387473632,1.4978278377947802,3471.503167685388,100,100
ENSMUSG00000029544,0.05255585180336431,18.834138189419978,13.213864740752486,0.001,23.889290246935964,0.0013340690524468522,54.72953224956137,100,100
ENSMUSG00000029545,2.3975620930883697,147.6353559296988,216.4172694237282,0.7053814217023022,3.8072742559902983,0.8647791157411854,14.570447603773541,100,100
ENSMUSG00000029546,0.001,62.31581250733508,1.0,0.001,0.001,0.0017712565286962575,0.14532603280558293,100,100
ENSMUSG00000029547,1.1050270114363594,10.079898913028002,16.313253884951624,0.5669925038107226,1.6582955530901633,0.9443426126579526,5.170540341184508,100,100
ENSMUSG00000029550,0.4872196061871053,0.4821689857831608,6.678764192522354,0.09442507452611443,4.551499291129731,0.7994260077396188,115.90207338006866,100,100
ENSMUSG00000029551,1.7201162374110952,112.00078537988885,107.8530769603319,0.2633503534411735,2.7751418196837414,0.6351959440507546,20.44651105772582,100,100
ENSMUSG00000029552,2.7250990167425972,951.4306313128759,2921.1376003157843,1.755892579126645,4.372541564761362,2.016679412332464,6.914241954363387,100,100
ENSMUSG00000029553,0.022322308093751107,2.85542905107567,6.995671868297117,0.001,1.808291566123894,0.0017319159943693593,43.251119933281835,100,100
ENSMUSG00000029554,0.6074533699806602,2.32230206285847,6.654991901822392,0.18177647422572663,1.0201842165693598,1.4015218878483489,14.883224026810293,100,100
ENSMUSG00000029556,0.001,62.31581250733508,1.0,0.001,0.0010000000000000005,0.001741157983188189,0.41198609034211897,100,100
ENSMUSG00000029557,1.402691027381261,28.02343042728855,15.780999493655267,0.687153730634161,4.02087126222867,0.17582279762390896,2.2676684395323328,100,100
ENSMUSG00000029559,2.332972654193557,3.623761523844151,12.349592487931591,0.7790947725064922,6.301790989536583,0.7762404048220529,21.75660208665015,100,100
ENSMUSG00000029560,1.1777063064905242,4.443717246333703,9.017892323179302,0.573883674532943,2.344364474213042,0.7893688853016143,7.104413963054336,100,100
ENSMUSG00000029561,0.06628518586294951,0.9908092951427369,5.798681735671493,0.0011386346228641757,0.16748114979985343,1.9021599202955595,336.7974996638592,100,100
ENSMUSG00000029563,7.983949340113153,614.3902103683245,1.0,0.001,22.7105743055699,0.001,0.010832507610109551,100,100
ENSMUSG00000029569,0.3512145675464216,0.3236316844107729,4.07279309010794,0.044733815888430783,3.1565110596812356,0.9132692794306451,167.00650219947315,100,100
ENSMUSG00000029570,0.001,53.49421221855202,1.0,0.001,0.001,0.0017229292764065205,0.11597420041219267,100,100
ENSMUSG00000029571,2.1787674380233,28.71868977223791,51.5094059219451,1.3977767268582446,5.21374559725,0.7105722397612355,3.7148718605715567,100,100
ENSMUSG00000029575,0.8009229074384175,7.941636078892191,17.97632933427318,0.46214173452971846,1.2674415530402179,1.3254990315374808,4.948631407612826,100,100
ENSMUSG00000029576,0.4869430374475891,1.8230588618273722,6.556192475431806,0.2320784147075322,0.8889715069124458,1.681016662108016,9.671602953946563,100,100
ENSMUSG00000029577,2.406600115312712,6.1343524730584695,10.279245937365594,0.38770381153009126,5.74299096283576,0.5121546498057792,29.874148594217413,100,100
ENSMUSG00000029578,3.6623813322692396,12.38119276110427,19.93785099725295,1.7361095128672628,7.394170745395916,0.6244195817371001,6.289610948756758,100,100
ENSMUSG00000029580,0.14084536727609714,0.35684359741235344,831.4904824766504,0.001,0.001,0.009839389508734496,2.9065304097545015,100,100
ENSMUSG00000029581,2.2586357840220814,964.6397918848918,5908.763482621203,1.6488325038969613,2.694425199297589,4.978317050146545,10.918675383862848,100,100
ENSMUSG00000029586,0.001,62.31581250733508,1.0,0.001,0.001,0.0015285449799502732,0.09887478981166516,100,100
ENSMUSG00000029587,0.8568021778748839,21.362405459039515,19.224963028805682,0.04552642212110243,1.4532581122814814,0.5179297376476175,67.8003963248289,100,100
ENSMUSG00000029591,0.0740119588851758,1.0344835428098325,2.3021522446281795,0.012087784269262932,0.3194632337003922,0.2570454951375742,13.734810309715726,100,100
ENSMUSG00000029592,0.27412497121286045,0.386261843627017,2.7056866166492894,0.08555775170996396,0.9441284164550581,1.26195778063844,33.94357541012602,100,100
ENSMUSG00000029594,0.660794445912423,3.212443151742636,7.702694588270821,0.33549470213034904,1.0667434955400101,1.1723600139510069,6.487777826792639,100,100
ENSMUSG00000029595,0.001,62.31581250733508,1.0,0.001,0.001,0.001930610338658671,0.42421797787198123,100,100
ENSMUSG00000029596,0.15203924119351833,0.7209487233857824,8.194183544155885,0.07680011629492335,0.23555734531676745,5.569445864742625,22.27989876590168,100,100
ENSMUSG00000029597,0.001,66.84427540036525,1.0,0.001,0.001,0.0017617656190231912,0.08287034753735245,100,100
ENSMUSG00000029598,2.4656667073793397,2.4057763195727047,14.221296726251644,1.2846379433171484,7.682065522189186,0.9674744015700543,19.23266801340486,100,100
ENSMUSG00000029599,2.383359402830404,31.31236602849865,98.79602507905253,1.6086024484845298,3.5823050181420046,1.8837953513730032,5.72170022711447,100,100
ENSMUSG00000029600,0.4659323050246222,258.95178978780984,316.33080009017,0.001,0.5905329418411807,0.9799630981221914,936.4420029175403,100,100
ENSMUSG00000029601,12.292644501185544,474.80157251497263,1.0,0.001,28.966697474066592,0.0010000000000001277,0.009009962961127233,100,100
ENSMUSG00000029602,0.001,62.31581250733508,1.0,0.001,0.001,0.0016747995796412075,0.0924038502896331,100,100
ENSMUSG00000029603,0.001,62.31581250733508,1.0,0.001,0.001,0.0018042307779914907,0.1718412421989743,100,100
ENSMUSG00000029605,0.2945893346913523,2.542548939509103,3.5173101229915287,0.12871086081016475,0.7764356628486473,0.47129623315998403,3.8877248137904963,100,100
ENSMUSG00000029607,10.009228889819358,793.5615609450027,1.0,0.001,21.19479450724299,0.001,0.018490758124229838,100,100
ENSMUSG00000029608,4.1336179629762935,999.9999943156627,1.0,0.001,4.908020943349339,0.0010000072161213778,0.06316793808611537,100,100
ENSMUSG00000029610,0.5391431944956075,0.6698196440105341,5.76724625083483,0.27719380980980557,1.0134962215675278,3.181396778487569,21.742911112211345,100,100
ENSMUSG00000029613,1.2203724251857275,1.4311054350821477,4.496103293418636,0.20623304792526556,3.9303975925776213,0.5619261014980996,44.96221764172491,100,100
ENSMUSG00000029614,1.9175155674809867,2.665550362396066,260.72674668001747,0.001,5.909618195321535,0.7211946933158506,2634515.703138313,100,100
ENSMUSG00000029616,2.562593171640758,3.7714961183047935,62.55535708170107,1.9961711171946015,5.036595081072043,5.276223254997122,24.902219186549736,100,100
ENSMUSG00000029617,1.3859564797373918,10.627770241995984,11.482685873796365,0.5310311486047794,2.3907369196986297,0.5330130461695248,4.256105963273225,100,100
ENSMUSG00000029618,0.001,62.31581250733508,1.0,0.001,0.0010000000000000005,0.0014982752292104161,0.08948252075203103,100,100
ENSMUSG00000029621,2.9720809845474525,7.712513382189319,52.43019214296485,2.0794074137928296,11.828957824884952,1.2652037341305817,13.318622682656642,100,100
ENSMUSG00000029622,5.161582561501224,47.32901274029889,908.4027495179349,0.001,6.878609435087807,2.4516715729407963,47176.423379171894,100,100
ENSMUSG00000029623,3.0658904718763678,13.527621653953563,135.08642614169966,2.146496867701154,5.21775653344352,4.961292734438786,17.736074128593962,100,100
ENSMUSG00000029624,0.5277464310423565,0.8840030907687776,2.4500969439801765,0.022304270815093036,2.0938446042086554,0.45868828408315815,101.90223292894508,100,100
ENSMUSG00000029625,0.18301747899741105,0.20300010804368887,2.3786179079495686,0.0017758283879073047,0.914734549333998,1.548532549158002,1746.6485047572992,100,100
ENSMUSG00000029627,0.16105535302137922,1.118920336889104,2.795789822906782,0.07825694976131865,0.44545864379583944,0.6432187767969029,5.6022311943963325,100,100
ENSMUSG00000029629,0.3331928547165335,0.28312436354884657,2.548948164616388,0.005591751781795502,1.8636660286729567,0.8176299824676287,849.4261591064802,100,100
ENSMUSG00000029632,7.684615395282748,264.62143995505147,1575.1684703040646,6.129614079239202,9.631092449314407,3.057979527675913,7.084956619118287,100,100
ENSMUSG00000029633,0.21786485521803384,10.551446372608023,4.027435497179302,0.038162893186176286,60.49737380521607,0.0012605932229654063,1.1975682928054585,100,100
ENSMUSG00000029634,0.8307440717330757,1.2132521691052873,3.9376173401275345,0.36997040373104273,2.040294212807069,0.8998329551645726,8.845006698331538,100,100
ENSMUSG00000029635,0.509367272471769,0.4499490103621236,5.183392728714954,0.07687287867436432,1.9983151321552404,1.4047446975688267,96.29978961549325,100,100
ENSMUSG00000029636,0.06285801688479162,18.216152403426765,29.208225468667806,0.005811132196540189,0.5116116243438812,0.08776404777673585,19.808942902775435,100,100
ENSMUSG00000029638,0.001,61.88525872635182,1.0,0.001,0.0010000000000000005,0.0019947490394900047,0.20554004388322866,100,100
ENSMUSG00000029640,0.19421282601940992,0.3509558133436842,4.450146341712808,0.002471205702182259,0.3832061634495466,5.5576299905621465,1697.0161387528967,100,100
ENSMUSG00000029641,0.15077760945585003,41.85838249019954,605.752761514171,0.11304649146146956,0.23020557832788843,5.193701664644473,26.10025665313425,100,100
ENSMUSG00000029642,3.4210316382408736,8.13111639265385,76.90894918575262,2.279907607977049,7.097824838631647,3.1675849298421452,18.701970210321953,100,100
ENSMUSG00000029647,0.9754205418101294,30.373778904112754,14.616282956494322,0.001,2.446204122925079,0.21526443115631816,1000.0,100,100
ENSMUSG00000029648,0.06223971844910015,2.438130221645645,27.96022998618269,0.04121966200774349,0.09677700701826196,5.337341987505344,20.53359853274493,100,100
ENSMUSG00000029649,6.885517896244479,520.2919591745015,1441.4691152337975,4.155710897206873,9.675845378050353,2.003431315409713,7.0314296180595965,100,100
ENSMUSG00000029650,0.005229172647417545,0.04286982021783061,1.013787349865942,0.001,0.3852122455835988,0.26824175746007933,163.19691989482175,100,100
ENSMUSG00000029651,2.961200185399535,721.6290393901162,1.0064427689282454,0.001,6.556190518723194,0.001031400747673434,0.05196647198922115,100,100
ENSMUSG00000029655,1.0605681115788508,1.61850622322091,5.069440785825317,0.008513798216527892,3.347385266952476,0.6367814114597941,1222.342388188794,100,100
ENSMUSG00000029656,0.001,62.31581250733508,1.0,0.001,0.001,0.0019302784838267349,0.17598056667552403,100,100
ENSMUSG00000029657,1.3474731530963004,10.719086942830382,65.66542614553441,1.030350785971965,1.8603143263553468,3.986106532157784,9.023499923241364,100,100
ENSMUSG00000029658,16.94045530550025,563.358191329217,1.0,1.135672566835653,41.41725419852287,0.0010000000003454895,0.008955677884217122,100,100
ENSMUSG00000029659,0.37185341122062865,2.9049107721989547,48.02140381385199,0.25662932597190935,0.5053854572789033,10.956761646122942,28.07407390150648,100,100
ENSMUSG00000029660,1.2942464081253242,312.7073817864961,1.0,0.001,6.883329219590965,0.0010000000001110974,0.14161091214191918,100,100
ENSMUSG00000029661,1.964863699793332,51.93910037185715,1904.0555357290302,1.3305692613124622,3.650515213855483,19.722944854597635,68.86623268126641,100,100
ENSMUSG00000029664,0.017506474805042208,0.17411875325779716,1.2161916092252134,0.001,0.29842824858750205,0.32317046967250956,150.34245686634281,100,100
ENSMUSG00000029669,0.33533056762849456,28.928639695008048,29.385705591709605,0.14243601330588412,0.7157365209522457,0.4351526685019394,2.7486534359611716,100,100
ENSMUSG00000029670,0.2735797402411266,1.2350167480901268,2.145612397188304,0.08053077794229946,1.0107997968167053,0.33084385444135667,6.4626436297934,100,100
ENSMUSG00000029671,0.018290169718324117,4.177459916018739,15.350372461430354,0.001,3.5243407055689246,0.0016710209132040073,15.85350597899623,100,100
ENSMUSG00000029672,2.4777417646634814,273.31793721296566,668.3693997605053,1.7665179920136251,3.4727610148580785,1.7404376278438536,4.215603905447236,100,100
ENSMUSG00000029673,0.06041810528273543,0.6366969270522035,4.283821912622186,0.007466186464907928,0.17521510291070397,1.5975136683899533,47.35363565067314,100,100
ENSMUSG00000029674,0.36854114256084447,3.6154893380856388,16.768463461967244,0.21047190640990393,0.5542518822537295,2.9497902305736994,9.886726473069062,100,100
ENSMUSG00000029675,0.002676585364882285,0.5504116104665004,19.376479225610783,0.001,14.019005749572711,0.0010000000054001207,0.2606291608815799,100,100
ENSMUSG00000029676,0.27810593229507047,1.097978694486449,1.9254882859727103,0.046807994877971396,0.8509210899941192,0.4645681986196701,13.11044209977279,100,100
ENSMUSG00000029678,8.022376104344188,966.2151407334402,1.0,0.001,16.70166595333457,0.001,0.009006730020627733,100,100
ENSMUSG00000029679,2.0826313051015224,503.49146876914733,1.0,0.001,9.927651017982164,0.0010063695495806768,0.020780209801223554,100,100
ENSMUSG00000029681,0.6860799319060564,0.7625295558109636,4.607211153414505,0.2889890246238287,2.3770457837559595,0.9911885497351585,21.190881514648716,100,100
ENSMUSG00000029683,0.001,62.31581250733508,1.0,0.001,0.001,0.0015114499906689232,0.1565641350528697,100,100
ENSMUSG00000029684,0.2516277422158423,0.341502067924668,1.5782849666860554,0.0010267831412503349,1.2058712273665435,0.5551371770280289,1218.399057104794,100,100
ENSMUSG00000029685,0.001,62.31581250733508,1.0,0.001,0.001,0.001350968183718657,0.16279926235525632,100,100
ENSMUSG00000029686,1.439144745965619,2.6926840375343937,10.293470186162232,0.6730374826624954,5.171225315090351,0.6617455690000161,15.817484638658637,100,100
ENSMUSG00000029687,0.48455836538395497,119.55962029325993,317.59875226474213,0.330401164048567,0.7813722417536123,1.2668382494474133,5.018606854132306,100,100
ENSMUSG00000029695,0.022689528235130933,20.684019345760213,15.045635572758966,0.001,12.741985300685423,0.0010000004909389356,14.974753844737442,100,100
ENSMUSG00000029699,0.1330058358029428,47.6193395439961,18.330935542697716,0.016934829028828396,43.56373814597703,0.0010643243298335814,1.5081217987681406,100,100
ENSMUSG00000029701,0.8584682805796353,0.9623753925039424,5.021410856167186,0.4561425640231056,2.840853627194555,0.8770576882285848,13.97392273883198,100,100
ENSMUSG00000029703,0.38055380438461933,0.6306592588317957,3.133874184047452,0.1049050139045368,1.0840966022360803,1.1882492207706488,20.50633565871602,100,100
ENSMUSG00000029705,2.441065344121252,257.46310392282084,764.1105844884815,1.8925556152117684,3.1785834844251744,2.2652230179266244,4.5659891304407845,100,100
ENSMUSG00000029707,0.001,66.84427540036525,1.0,0.001,0.001,0.0018638659128195853,0.09415968072463712,100,100
ENSMUSG00000029708,0.8759598587025902,1.69153897322058,2.426319343617391,0.0014545483114542686,1.5676935213999785,0.7172123139175661,1354.8535572423748,100,100
ENSMUSG00000029710,0.4777273913938706,7.37529538672321,18.89540118915398,0.2043397376721642,0.5994469432126514,1.9709675636148212,7.612955965204987,100,100
ENSMUSG00000029713,5.2748982279746395,101.26026678750375,168.0290525567674,2.516184653705919,7.886590460128469,1.0768409561874344,7.052206169959023,100,100
ENSMUSG00000029714,0.8846578317748885,1.344089467138758,4.708820555498403,0.2322896718469871,1.9973017254421173,0.9377189916606533,26.99566074093876,100,100
ENSMUSG00000029715,0.648673137243119,0.9531422784893654,3.828101885978357,0.04968286364675542,1.7260727249702115,1.1280627532424106,39.7771899719916,100,100
ENSMUSG00000029716,1.8919350210788073,445.1132588648499,1.0,0.001,6.9899252088470885,0.0010040381528683504,0.17343110973278172,100,100
ENSMUSG00000029718,3.2624165020235028,6.896520338139463,223.88847925968952,2.236380050082607,5.403867141518177,14.026243424780436,57.97037096904343,100,100
ENSMUSG00000029720,0.002259559461502067,4.179602748312616,21.31636005129088,0.001,0.11314950929245109,0.002466427674802219,32.49722222878742,100,100
ENSMUSG00000029722,0.22110128738360652,0.7897963363686242,3.749257552144009,0.06989810441885577,0.5167035107200362,1.5392587144973586,19.433193646207627,100,100
ENSMUSG00000029723,1.1820560406411778,1.2067261823963153,8.303624958669827,0.2548801314039906,3.8451325107642598,1.070226910146137,85.23570678233864,100,100
ENSMUSG00000029725,0.43919245488446945,2.3622240859411914,3.6657345364519283,0.001,0.6982636344053876,0.9222648113823234,1026.255633963047,100,100
ENSMUSG00000029726,1.1832290083460424,3.548765276155749,11.216080799491584,0.4077412826952943,2.2227962795984544,1.299586612290344,15.508379621027725,100,100
ENSMUSG00000029727,0.08743954602796412,18.268473284567282,23.792470897732628,0.01707857030033847,0.6684074937735633,0.08677133286967599,4.999487741806848,100,100
ENSMUSG00000029729,4.257478546958318,935.3771331732845,365.10908479496953,0.8508903336914663,10.741824933209719,0.19124160516279995,101.34969861806738,100,100
ENSMUSG00000029730,0.3495082575801871,96.07346737997732,393.3827317569694,0.256132358463653,0.5277784807972133,2.4552040797846626,6.504465374902583,100,100
ENSMUSG00000029735,1.577516370682227,34.06010951689582,7.059864602895035,0.5786921797082281,167.219067850515,0.0023680306165112163,0.7079661156843629,100,100
ENSMUSG00000029736,0.001,62.31581250733508,1.0,0.001,0.0010000000000000005,0.0015739085980455035,0.2592725156057211,100,100
ENSMUSG00000029752,1.283103042741681,8.876745037991949,61.208921270173306,0.9589471344107123,1.7482012958841766,4.363479268455475,10.842773596926541,100,100
ENSMUSG00000029755,0.023884478460358512,0.34727642516423984,1.0,0.001,0.6629421973064261,0.002377909006558461,63.124703267140156,100,100
ENSMUSG00000029757,0.18081116158688024,4.75806690066786,2.4104308693613574,0.05665437526361604,34.39059740356136,0.001609021683436524,1.8124923079233004,100,100
ENSMUSG00000029759,0.0573136383689574,0.22383224669691773,1.7588336754813578,0.001,0.3596777505264347,0.9629163899006052,443.91018289801434,100,100
ENSMUSG00000029761,3.8551447021050342,78.39400341940838,733.014460490298,3.2540436035609286,4.596299333138902,7.292379507635104,12.877338115756164,100,100
ENSMUSG00000029762,1.0454357877615246,156.76304214357418,1306.143394404561,0.776374766362925,1.6599204074276572,4.882997965089397,12.49873274606519,100,100
ENSMUSG00000029763,2.7846070264456384,23.064719837452234,35.442454647377694,1.3570596267103507,6.029203525457026,0.6705237451393096,5.512614584558545,100,100
ENSMUSG00000029765,0.049168941501543426,2.6757213586136355,5.17889722613484,0.001,0.33827339403801393,0.001935244338750499,6.61304804910467,100,100
ENSMUSG00000029767,5.966537686454437,627.8001185427458,4092.1056543714813,3.520416274174745,6.9919904970180475,5.646885375908935,16.6042339048944,100,100
ENSMUSG00000029769,0.20328482962897754,27.391956983230482,40.934077375975384,0.001,0.2793543173104506,1.0186626254234734,469.592371914006,100,100
ENSMUSG00000029771,0.09445230483318626,3.0322992947149636,3.6473180462251302,0.03403160087598807,0.8597277433428949,0.09629936140893032,3.300510154891129,100,100
ENSMUSG00000029772,0.11632977997870765,0.19737530983386356,1.5721007865945442,0.001,0.7865225520939954,0.7507941395126008,1156.1095409510629,100,100
ENSMUSG00000029775,1.0154000735256772,42.28741614148106,58.46362953490894,0.3787165038009588,1.3396805188765535,1.0617835463577237,6.651612700943631,100,100
ENSMUSG00000029776,3.602550182104636,250.98473409675557,493.80998809521844,2.4222195668407442,5.732056461193027,1.1760389962337694,3.9584071587870997,100,100
ENSMUSG00000029777,4.248109597506028,423.2477900826217,811.6731721440217,2.8974432650025967,5.694955149376904,1.4433420059665076,3.6799223233918736,100,100
ENSMUSG00000029778,0.019286288483790315,0.8566924132588616,7.828235065723694,0.001,0.11109026795797944,0.004012949764909958,43.15514004587686,100,100
ENSMUSG00000029780,0.7634596750557686,3.297787239150721,2.440130158935336,0.04896766678868211,1.96441978060896,0.21863742688764157,20.18694038126277,100,100
ENSMUSG00000029781,4.54414837254501,390.4861514699421,2033.7485260014532,3.7612908784127868,6.219148609012282,3.8301613194358914,7.223513456049364,100,100
ENSMUSG00000029782,1.2563460089341976,393.39721854559104,459.4697525833567,0.06651879709188291,1.8509723947696357,0.7830834231998817,114.09571830696507,100,100
ENSMUSG00000029784,0.010912968175726298,19.555401065106874,22.29250762029799,0.001,7.132142513945563,0.0015210359070681758,10.387701304253639,100,100
ENSMUSG00000029787,0.6849421519429828,161.5256529640106,127.7842246848268,0.001,1.6941919693261465,0.307596517643504,1089.864416151478,100,100
ENSMUSG00000029790,0.44996984289317565,157.98795897270082,165.75793730450724,0.011871158802683248,0.9185614291086417,0.49590726580306493,58.518295723228526,100,100
ENSMUSG00000029797,0.001,62.31581250733508,1.0,0.001,0.001,0.001653425223267464,0.19012379173667088,100,100
ENSMUSG00000029798,0.07213554506948185,0.18438306500058987,1.0048708032754308,0.04294374599482402,0.6642306727059069,0.3842932117519585,7.616627990903936,100,100
ENSMUSG00000029802,0.6652406047976611,71.20946608922596,394.2646857928006,0.2990371225023892,0.8902385127128645,3.8537391116559867,19.000589655323683,100,100
ENSMUSG00000029804,0.488617798195425,31.93708484926016,15.954187272500935,0.06581956366910728,1.3139584909578386,0.1787747960527301,5.453180082874191,100,100
ENSMUSG00000029810,0.044109512008675404,0.5750088747907468,17.054270445466983,0.02648567258507143,0.07310054420828374,13.098639413471979,59.263954282000284,100,100
ENSMUSG00000029814,0.06287990724371156,1.1571916046300952,8.30450027263823,0.027922945737433938,0.13043574270018876,2.82216072766406,14.315380915836641,100,100
ENSMUSG00000029815,0.44006233604166306,0.8677614641401364,2.8924532162584757,0.1814879057210518,1.161864272754665,0.8195962169752109,10.208591807449,100,100
ENSMUSG00000029816,0.9714217198281507,335.11967980573326,3909.7617942048314,0.7651788370373832,1.267531887107173,9.208129917441925,16.556325450165467,100,100
ENSMUSG00000029817,2.4649506518005118,13.49421021716703,31.735097780613824,1.5897215356345802,7.1432349688185734,0.6975662798264338,4.824852791911346,100,100
ENSMUSG00000029819,7.9630179609853435,955.1111353341634,1.0,0.001,17.047685610906264,0.0010000019629180072,0.04342100096570743,100,100
ENSMUSG00000029821,1.050134944502032,30.4291302192948,23.829769623680534,0.1552386156435377,2.0746688919410348,0.3845398530784737,12.807638578827458,100,100
ENSMUSG00000029822,0.17443874676534102,1.467085839208673,8.48563064086156,0.05889543061292778,0.2646488643805396,3.127739211181874,19.978084988961886,100,100
ENSMUSG00000029823,1.7085224470442593,1.1940397619094674,13.980971925011541,1.0737558814574863,7.823935369809634,1.0788422472326231,27.37798908798942,100,100
ENSMUSG00000029826,0.5133234722560037,1.1184344445054235,2.7001715949818568,0.12510246490211593,1.9028476282281463,0.4266071241019623,15.532096776947796,100,100
ENSMUSG00000029828,0.001,62.31581250733508,1.0,0.001,0.001,0.0019948645382431825,0.13959197794915157,100,100
ENSMUSG00000029829,0.001,62.31581250733508,1.0,0.001,0.001,0.001504071268220908,0.15241193851509338,100,100
ENSMUSG00000029830,4.132577005576439,999.9999999828615,1.0,0.001,4.176140995198597,0.0014812514226101988,0.08959235917869596,100,100
ENSMUSG00000029832,0.001,62.31581250733508,1.0,0.001,0.001,0.0019804011861689996,0.14936123247618877,100,100
ENSMUSG00000029833,0.5687734187201797,3.1206592397045205,3.73303613131458,0.002362144374826209,1.2375495083907886,0.4781358308786211,496.1065441557375,100,100
ENSMUSG00000029836,2.2859053970381327,376.16645905685135,790.1009793824676,1.4054558599382032,3.1858938678618194,1.495910437244412,4.806710552802024,100,100
ENSMUSG00000029838,0.19214872077690456,256.89614912692196,10000.0,0.05066879145469645,0.25065309808077174,12.731887055907766,586.0717462363284,100,100
ENSMUSG00000029840,5.18766562827274,386.6490895698098,1465.3888420965002,4.084659399568153,6.976614747777355,2.733474654236014,4.822060218462633,100,100
ENSMUSG00000029843,0.001,61.88525872635182,1.0,0.001,0.001,0.0016670285222747465,0.4056558853872806,100,100
ENSMUSG00000029844,0.044299331365786426,4.772009020775581,10.079512029118748,0.0017039684945419874,0.17677558313980277,0.3427971062495806,37.15714914043325,100,100
ENSMUSG00000029847,8.158341034507007,652.1625356311096,1.0,0.001,19.735661094211338,0.0010019020433860886,0.012027797996826031,100,100
ENSMUSG00000029848,0.001,62.31581250733508,1.0,0.001,0.001,0.0013341652981388465,0.20866730491134658,100,100
ENSMUSG00000029851,0.4258468710342815,0.3096932628960769,4.1144792968374455,0.025516451057901596,3.3517679368401883,0.7189112070328524,345.1216839350261,100,100
ENSMUSG00000029859,0.008988031490934899,0.4300024035158641,3.8895049863182756,0.001,1.5048326338464861,0.003247930473826951,79.49499120601169,100,100
ENSMUSG00000029860,1.2938027714684617,93.70384210254228,527.6791816459923,1.016133509732244,1.7014197287607402,3.275491243442162,7.368826672946617,100,100
ENSMUSG00000029861,0.06456756663472889,19.194198221240434,11.305197014816372,0.001,23.49232571018272,0.0010000030745933805,17.005207170890927,100,100
ENSMUSG00000029862,0.001,62.31581250733508,1.0,0.001,0.0010000000000000005,0.0013807114686536959,0.24539461051559172,100,100
ENSMUSG00000029863,0.3660880150560274,5.096169729412237,4.620682906540337,0.09594784186581802,1.0763466521366607,0.26692278118074314,4.878731981875264,100,100
ENSMUSG00000029864,0.5307654303990057,3.704956662384011,9.133200708949634,0.24398852891457404,0.7922474077868307,1.4176676999027085,7.417391188273551,100,100
ENSMUSG00000029868,0.001,66.84427540036525,1.0,0.001,0.001,0.0016183704154935073,0.09856953420525537,100,100
ENSMUSG00000029869,0.09137649729050304,1.1212985070638797,3.2813769628967844,0.04369629850014589,0.2452095811985396,0.7170287589374655,8.294687287626905,100,100
ENSMUSG00000029875,0.001,62.31581250733508,1.0,0.001,0.001,0.0019094196037871148,0.09047944883993095,100,100
ENSMUSG00000029910,0.07516149868527879,2.311681088791501,18.594905110090192,0.042561784359869625,0.1272171901753272,4.002139748743189,15.940821231726657,100,100
ENSMUSG00000029911,2.2024090560106466,3.64551017517531,16.863339278047018,1.275540634054987,5.710784174360713,1.1372356746538619,11.840596305953163,100,100
ENSMUSG00000029913,0.5956567230211235,3.194840044115415,5.549186352574937,0.03651034727201173,1.0888173882802512,0.7994241731680454,44.01433587956992,100,100
ENSMUSG00000029915,0.001,62.31581250733508,1.0,0.001,0.001,0.002047299252124152,0.2001574231422619,100,100
ENSMUSG00000029916,0.001,25.28570561379399,1.0,0.001,0.001,0.0035609958775442143,0.698499594144837,100,100
ENSMUSG00000029917,0.001,62.31581250733508,1.0,0.001,0.001,0.001670660444384836,0.34561092535285787,100,100
ENSMUSG00000029918,5.18541019764422,473.27239751514344,937.9182436187846,3.0473977812942996,7.009975186645391,1.4364867402276678,5.331248928999155,100,100
ENSMUSG00000029919,0.001,66.84427540036525,1.0,0.001,0.0010000000000000005,0.0017153280333751316,0.1521450864842272,100,100
ENSMUSG00000029920,0.4059766074760883,1.0408162467046493,3.66044227622176,0.06376628805711596,0.8513764092413032,1.2089974351920925,31.640639697966115,100,100
ENSMUSG00000029922,0.03892642233249029,0.02876054601037351,3.221492764930464,0.0012113035796004349,0.5083193780643716,6.229106703160296,3167.0092015928103,100,100
ENSMUSG00000029923,0.881564516204355,212.83947995384116,1.0,0.001,6.802928260446366,0.001253718182753463,0.21611649574603703,100,100
ENSMUSG00000029924,1.1282409045699273,2.8911615370074957,10.336833319276653,0.6198443758298231,2.2518629601263234,1.4403068957715832,8.911850232584552,100,100
ENSMUSG00000029925,8.30227979909083,999.999999943638,1.0,0.001,15.98914251932368,0.001,0.017089461949591614,100,100
ENSMUSG00000029992,2.3116505517270114,11.5706303581301,30.386907234086898,1.0418006752795719,3.86611491955579,1.3281362331652156,9.874185828231333,100,100
ENSMUSG00000029993,2.3303285864368397,91.30950260392586,142.4611808492979,1.271010737906927,3.9580059736383664,0.8738406481650083,4.0582659421726195,100,100
ENSMUSG00000029994,2.1487066593747475,9.225003348128507,49.66589899846421,1.5372148801706276,3.8380327023094516,2.364914861886615,9.176528098745695,100,100
ENSMUSG00000029998,2.2792076860953587,2.6985519792491597,20.993362964126003,1.4762673715881833,6.368745907485005,1.545690679516661,14.048558632873938,100,100
ENSMUSG00000029999,3.056214351663582,736.0513408990713,1.0,0.001,8.411082971514878,0.001041992024146214,0.044602589131751066,100,100
ENSMUSG00000030000,7.307500410295956,579.2248532246417,1.0,0.001,25.413874230957955,0.001,0.013568035029474531,100,100
ENSMUSG00000030002,0.7096816032818354,0.7427628093607861,5.617508979871174,0.32577888076123124,2.5343576306733913,1.0443466216723922,28.65184269284304,100,100
ENSMUSG00000030004,0.001,62.31581250733508,1.0,0.001,0.001,0.001693207721950544,0.17546136002375204,100,100
ENSMUSG00000030007,0.20634171808130627,0.4780736927329683,83.35217717985046,0.001,0.4849472979107685,0.04212903129068975,31822.256234305067,100,100
ENSMUSG00000030016,0.10037607800389611,0.4185469621447893,3.364177520872564,0.001,0.2908434983602995,2.3932882588725306,687.7954537241367,100,100
ENSMUSG00000030019,0.43976936298583796,2.3223267366687006,4.770275701088841,0.1612199525899159,0.921505717870845,0.7812878203135077,7.536126692448886,100,100
ENSMUSG00000030020,0.3406517799922185,30.625721641359632,23.36851782652603,0.001,0.5188159122055316,0.518326467826521,348.7013454208576,100,100
ENSMUSG00000030022,0.01142561600175135,21.198866127484973,69.17929461910538,0.001,7.922592118882902,0.0014680525205605084,24.864856169188364,100,100
ENSMUSG00000030029,0.3538648306195003,1.717351792481491,10.556744344303137,0.07920233222745826,0.4976476703409398,4.014128077234799,38.84885529048759,100,100
ENSMUSG00000030030,0.06999272269344693,29.840341428915327,46.27271962431679,0.0039395164790556195,0.28692780556605496,0.3621431610854302,38.2821377284934,100,100
ENSMUSG00000030031,12.795130487787144,999.9999999942684,1.0026356898988573,0.001,21.67093205328359,0.0010000000000076003,0.014214154999825722,100,100
ENSMUSG00000030032,0.30097315894985976,2.311496850191443,4.502585664026492,0.007005462111013431,0.5442987288488199,0.8788612822177175,242.14393396149381,100,100
ENSMUSG00000030034,0.18344210391732943,20.83885344190262,33.7371243291323,0.001,0.2900785620904104,0.8858774829797051,405.5334727737759,100,100
ENSMUSG00000030035,2.1374981350217315,96.31501068758551,179.3841451235571,0.8846836018693234,3.1138070063730545,1.207013531347738,8.10738654648345,100,100
ENSMUSG00000030036,0.9724133715490839,55.89727077073968,150.3509396369003,0.2769143646173785,1.3393330857047692,2.005402836060841,19.862134759928246,100,100
ENSMUSG00000030037,0.001,62.31581250733508,1.0,0.001,0.0010000000000000005,0.0016458576125571369,0.2920353465128078,100,100
ENSMUSG00000030041,0.0770138351938605,1.708499242539986,4.777140366093811,0.00753094712159378,0.20138263288226482,0.8041313707627681,18.87192042938014,100,100
ENSMUSG00000030042,2.6139146339395545,16.76364381578323,54.69588140882952,1.7196252449474656,4.9620056420477,1.499894998207067,6.341043440008156,100,100
ENSMUSG00000030043,0.001,62.31581250733508,1.0,0.001,0.001,0.0013882642270988937,0.24848309931978224,100,100
ENSMUSG00000030045,0.7059490022742322,0.6905413967415821,3.9550487411824253,0.22513181146484323,1.9043200106238598,1.2288760765794629,27.440042246902777,100,100
ENSMUSG00000030046,0.001,62.31581250733508,1.0,0.001,0.001,0.0015233536424108544,0.459153701852077,100,100
ENSMUSG00000030047,0.001,62.31581250733508,1.0,0.001,0.0010000000000000005,0.001636940308364789,0.20887702522147655,100,100
ENSMUSG00000030051,0.43157731461281285,8.44411025500863,5.769054330864399,0.002520361757721243,0.7096043566319392,0.3482361639897779,172.2059179281074,100,100
ENSMUSG00000030054,0.001,62.31581250733508,1.0,0.001,0.001,0.0017685878788235587,0.11952109549738543,100,100
ENSMUSG00000030055,45.56567316889869,756.5556202146704,1.0,0.821994203927738,74.40256425220602,0.001072687647246977,0.008974539711288716,100,100
ENSMUSG00000030056,1.140496971931464,1.905750724196176,6.623727186197967,0.3395588610557838,3.226944577253984,0.7909385675487149,25.657333353141706,100,100
ENSMUSG00000030057,3.68040041346685,95.74875894384874,798.9713181076492,2.580514298764843,4.69332901640799,6.386250451766568,15.114497796978132,100,100
ENSMUSG00000030058,3.871189494112644,105.31039870661249,286.91948222801057,2.8524713716266037,5.841742860831063,1.8011005835399643,4.475453421062234,100,100
ENSMUSG00000030059,1.3886046821802243,30.99109980604904,25.537343293828773,0.6536721834691388,2.480647941427663,0.4287644850280955,2.4706951123503167,100,100
ENSMUSG00000030060,0.7680808785011345,1.8401741129524902,9.591877547743064,0.44775024746189696,1.2376865123225889,2.569623640599862,11.853552022557489,100,100
ENSMUSG00000030061,4.810509513802285,27.819374256218037,53.14126240884756,2.1950150354260196,9.104494645840038,0.8182562979402173,7.833023618555465,100,100
ENSMUSG00000030062,3.036469724368338,62.21498704275213,285.5435221261521,1.9803756900303555,3.9837443527576974,3.3324360477614814,9.808903891581252,100,100
ENSMUSG00000030064,0.030382235566583975,21.898848071260538,35.65341245858288,0.001,0.6133214474510464,0.0029560900535315375,61.393874930945174,100,100
ENSMUSG00000030067,2.2923225307832342,256.3205774871629,440.6717496309435,1.6470128023536112,3.075226920295763,1.1944482170101796,2.7327291066229513,100,100
ENSMUSG00000030068,19.953897400119022,999.9999999987941,1.0792254986735794,1.6955557097267346,31.73233351321256,0.001,0.008238685750673809,100,100
ENSMUSG00000030074,0.21591976386355788,0.7288747670661079,4.0621169668578485,0.09704609663704636,0.4702504218236361,2.1662205551136413,14.162636816609107,100,100
ENSMUSG00000030077,7.716855738124767,999.9999998974604,1.0797674511007218,0.001,17.55239697943197,0.0010663180764231418,0.04060042952082796,100,100
ENSMUSG00000030079,0.001,0.002744388893984298,7.756112599219972,0.001,0.04208546912218296,0.29321731362739795,7201.671168264538,100,100
ENSMUSG00000030082,3.195949291659307,9.859969402918084,78.78124721085847,2.1364215806740354,6.101650285993303,3.1822963711720313,15.60603519853371,100,100
ENSMUSG00000030083,0.9353584901078562,2.739763263849195,5.050231780839304,0.3991905116937019,2.353269460481491,0.5342080157313491,6.27550373589883,100,100
ENSMUSG00000030084,1.2291131712755843,3.0856544009063644,16.869254311050486,0.6860887024923511,4.025819628693095,1.179848084697365,13.474964271351105,100,100
ENSMUSG00000030086,0.491076011574468,0.37740163122869685,2.5896762379418905,0.15495478889446668,5.217771739466384,0.29260964987739874,36.5126351162523,100,100
ENSMUSG00000030087,0.022695878524667763,20.74501841763108,15.084955215360424,0.001,7.506062382046303,0.0012773649845254824,21.890862769990292,100,100
ENSMUSG00000030088,0.022045602443670355,21.735035208300424,24.2267262757443,0.001,6.242807694593932,0.0014010619789866512,36.46280806110161,100,100
ENSMUSG00000030089,0.10957048110317491,0.1063559123605979,1.8926736080370248,0.0018793968769953951,1.120148092216385,0.9297869888532562,1027.5072170477683,100,100
ENSMUSG00000030091,0.001,62.31581250733508,1.0,0.001,0.001,0.0015681860673860694,0.15568594448451098,100,100
ENSMUSG00000030092,0.001,62.31581250733508,1.0,0.001,0.001,0.001592110760444207,0.3096469342815159,100,100
ENSMUSG00000030093,0.001,62.31581250733508,1.0,0.001,0.0010000000000000009,0.002060789237463432,0.2678530085339013,100,100
ENSMUSG00000030094,0.08396995796408258,0.1164418581987754,1.0,0.001,1.3494379898256321,0.3042857207846075,899.0827679402068,100,100
ENSMUSG00000030095,1.8578878259985832,23.029884830564598,52.970490726077074,1.127270506230091,4.752076952906635,0.8570591061848436,5.4999512822934395,100,100
ENSMUSG00000030096,1.2962896832300745,80.60458598333356,312.8514534282868,0.9241183283472609,1.7077107570879408,2.986240640555397,6.587415416287067,100,100
ENSMUSG00000030098,0.001,66.84427540036525,1.0,0.001,0.001,0.0014228781711846804,0.3257009501874354,100,100
ENSMUSG00000030101,1.6016092753048845,49.58233235719189,46.486194301271354,0.3759304698439633,2.3000939824968523,0.6096034614507064,7.2471221640082,100,100
ENSMUSG00000030102,2.4084516683203403,38.81437683318723,70.03332032134348,1.2981697883590213,3.944608468091327,1.064731029070011,5.577361012815684,100,100
ENSMUSG00000030103,0.9572368100728145,74.36927132191522,201.81981535726493,0.7014398540691822,1.2956319890592323,2.01441302633313,4.2482374623249495,100,100
ENSMUSG00000030104,1.3977913502388843,6.267077022773107,20.072902954962892,0.49049611775902635,4.176913217315342,1.0568935774400618,17.13756605776517,100,100
ENSMUSG00000030105,3.4201628278904086,446.99607085402886,645.9782614787963,2.3066160136638647,5.331864858561942,0.8921681061339846,3.179378242415531,100,100
ENSMUSG00000030107,0.035078610437925345,0.5331632395780076,7.431333080776738,0.012024095168196906,0.1056030309084325,3.1072670372224227,60.473858221459764,100,100
ENSMUSG00000030108,0.001,62.31581250733508,1.0,0.001,0.0010000000000000005,0.0016966742757519567,0.28571359488967846,100,100
ENSMUSG00000030109,1.4794348014843814,357.52131026778807,1.0,0.001,5.36714282541649,0.0010614321602597965,0.18400792835738822,100,100
ENSMUSG00000030110,0.22930661752264356,2.0472341513999757,16.130739902718048,0.12626244129676012,0.33192199454603244,4.7492137639416985,14.46957825937438,100,100
ENSMUSG00000030111,0.001,61.674132606755,1.0,0.001,0.001,0.001789536387228347,0.27113092978069403,100,100
ENSMUSG00000030114,0.001,62.31581250733508,1.0,0.001,0.001,0.0013637245779187274,0.311948233535431,100,100
ENSMUSG00000030116,0.4335568115677747,2.503426342855511,248.02778866964144,0.38719098231984694,0.5602959371484397,59.094690145744735,120.55705254785796,100,100
ENSMUSG00000030117,0.001,62.31581250733508,1.0,0.001,0.001,0.0016816353458607813,0.6587855121138815,100,100
ENSMUSG00000030120,5.160498203920917,31.33618798313726,228.065364142771,3.9602449409059166,7.760791091411042,4.037881155418988,11.833850300913198,100,100
ENSMUSG00000030122,1.4990183013710914,7.691107010727425,20.234309530642268,0.8320652013054237,2.3212664476613414,1.4438678947449337,6.56905081227926,100,100
ENSMUSG00000030123,0.9155309361615964,9.730923191592268,12.273273727041968,0.12137778640206659,1.4559959419316626,0.7132506000677319,15.749839861070996,100,100
ENSMUSG00000030124,5.116601650065946,407.11306791175747,1.0,0.001,24.36747809935128,0.001,0.010361686548943632,100,100
ENSMUSG00000030126,0.19530282695815548,0.4467957492550875,4.034411602212444,0.015579370532841818,0.5629321329901825,2.513953373045922,154.21833656102555,100,100
ENSMUSG00000030127,3.1693292383456493,13.625376248315687,36.74504426762814,2.0530835874558866,5.999139511472689,1.1313313579876612,5.590771156810323,100,100
ENSMUSG00000030134,0.001,62.31581250733508,1.0,0.001,0.001,0.001401091319195323,0.17950923720770895,100,100
ENSMUSG00000030137,0.001,61.88525872635182,1.0,0.001,0.001,0.001568821616327584,0.12427371238729518,100,100
ENSMUSG00000030138,0.6110257361776147,0.45366689756098494,3.7988665691501895,0.09490115367070559,3.1796222045737093,0.7062834677725686,95.25485401512468,100,100
ENSMUSG00000030142,0.001,62.31581250733508,1.0,0.001,0.001,0.0017083899056365838,0.2622593073612797,100,100
ENSMUSG00000030144,0.001,62.31581250733508,1.0,0.001,0.001,0.001532132209566155,0.33959657430777956,100,100
ENSMUSG00000030145,0.12250946135889729,17.64795311495236,14.347376575527655,0.001,0.36655592032902484,0.18141184524719306,47.35593681991946,100,100
ENSMUSG00000030148,0.001,62.31581250733508,1.0,0.001,0.001,0.001726304782683074,0.10782202933115774,100,100
ENSMUSG00000030154,0.001,62.31581250733508,1.0,0.001,0.001,0.0015083260890807267,0.3682694211401857,100,100
ENSMUSG00000030155,0.001,61.674132606755,1.0,0.001,0.001,0.0016466661446995045,0.09476299509802072,100,100
ENSMUSG00000030156,0.001,62.31581250733508,1.0,0.001,0.001,0.0017826291558394255,0.3139915386082632,100,100
ENSMUSG00000030157,0.3757340829591841,1.6402885124535265,5.720284675544634,0.001,0.21967081633993346,6.599358859633632,2843.835411378336,100,100
ENSMUSG00000030159,0.001,62.31581250733508,1.0,0.001,0.001,0.0016990117882264319,0.3038906110271686,100,100
ENSMUSG00000030160,0.001,62.31581250733508,1.0,0.001,0.001,0.0018849289074040314,0.2158809723092344,100,100
ENSMUSG00000030161,4.366804352364803,214.8170530338536,1017.9249357518426,3.179649228521959,6.861081964873865,3.009093469575066,9.115395434096808,100,100
ENSMUSG00000030162,0.006332160311001385,1.1029410187205644,17.429534568692652,0.001,2.039136310822992,0.001848798266865435,187.97246767684067,100,100
ENSMUSG00000030166,0.15845350107047737,0.1870717545747888,2.5660253498316856,0.0012236923634267403,0.8558600801005426,1.3038168280263553,1980.185023485041,100,100
ENSMUSG00000030168,1.3655862872740308,3.2515266335937842,11.560376890196567,0.8586803144454607,2.470565624581288,1.449294909898459,8.278929480338142,100,100
ENSMUSG00000030170,0.07868583913126194,0.6194996113023408,2.537005865122303,0.016956278256049312,0.2523441183789563,0.9654034338293451,20.560188908278356,100,100
ENSMUSG00000030172,0.2545288631094751,1.0776119908403927,3.0729287120498445,0.001,0.5410384318420638,1.183853946735003,1124.8183013446405,100,100
ENSMUSG00000030177,0.2816154041220861,29.592671794792203,22.90648540221354,0.03880411780502199,0.5323202515088239,0.3573611143101159,9.26069393244142,100,100
ENSMUSG00000030178,4.1336179629762935,999.9999943156627,1.0,0.001,7.413524363922567,0.0010425686577244233,0.06078438994540989,100,100
ENSMUSG00000030180,0.7813441814244955,2.148178110270359,5.038455923719332,0.3125614570503407,1.5753451127887081,0.8229639200723817,9.618230364543976,100,100
ENSMUSG00000030187,0.4141203291068691,130.6306746535556,428.1171124611439,0.3252102646720022,0.619395396362431,1.9325887977754226,4.416142529534495,100,100
ENSMUSG00000030188,0.5765746931776466,1.7916723100395768,8.62472754880903,0.28293971792795336,0.9373450222474288,2.5571985859962365,12.564316373215295,100,100
ENSMUSG00000030189,0.3710915012120346,1.1942906434380836,10.013864524772531,0.09394336648128468,0.5223038030892436,5.19505327165205,41.8228682734204,100,100
ENSMUSG00000030199,0.16002383289357117,0.41169537419022495,2.6366393631728107,0.029736740572628803,0.5797925941706036,1.25344794724155,40.4073147265326,100,100
ENSMUSG00000030201,0.861929645703552,1.3154135294619673,5.19001550920607,0.4793283382562121,2.7181347044862445,0.7148255291018105,10.13343074294399,100,100
ENSMUSG00000030203,0.4729246843074187,30.47335132737554,40.36769953451299,0.24081854451966755,0.6994808096039496,0.8798169210489217,3.7110775301490255,100,100
ENSMUSG00000030204,2.8970800333747433,17.98966947876857,32.54295097247747,1.1768968535512778,4.612844003866877,1.0188777519484993,7.496055779724117,100,100
ENSMUSG00000030205,0.001,62.31581250733508,1.0,0.001,0.001,0.0019050450297315447,0.542323659957934,100,100
ENSMUSG00000030206,0.03141360177781952,6.777910938059695,6.487190802967298,0.001,17.400431237593008,0.001,9.064635574340194,100,100
ENSMUSG00000030207,1.2081651642880096,3.5817685851177012,10.909633218372578,0.6688201004340849,2.14592863887686,1.2460645539863136,7.7313264860947495,100,100
ENSMUSG00000030208,1.7181398959824312,48.62239024001384,1822.288269912094,1.4472076683735526,13.308849424925679,5.336138865655877,46.698994154619214,100,100
ENSMUSG00000030209,0.001,62.31581250733508,1.0,0.001,0.001,0.0013289464550793203,0.2870311445781391,100,100
ENSMUSG00000030213,0.28379490963222065,0.23176643335935132,3.3524852302331523,0.056394120291724484,0.8418161809892422,3.111959759910391,80.8307382005841,100,100
ENSMUSG00000030214,0.022601600213374803,20.830202521113243,15.148004572028274,0.001,14.553459919671202,0.001134591264313415,15.35013392226563,100,100
ENSMUSG00000030216,1.3257324636169419,1.4674222961346102,8.543770047103108,0.8464353721168363,4.695862052952008,0.9106354073443164,12.518155971353995,100,100
ENSMUSG00000030217,0.001,62.31581250733508,1.0,0.001,0.0010000000000000009,0.0019463678984003691,0.5082325771347836,100,100
ENSMUSG00000030218,0.14454967711579647,22.38524749430326,687.0049719414492,0.11184538052157668,0.21913067817053322,12.562311938147474,50.448885338663274,100,100
ENSMUSG00000030219,0.003909578797030176,11.311713218006702,28.88947223780731,0.001,0.09153368250047052,0.0018360571706077763,17.43304625214091,100,100
ENSMUSG00000030220,0.662965846844795,402.79042005004874,5396.528609425764,0.4714665806893971,0.8713079816511897,10.86791054325402,22.33626811964789,100,100
ENSMUSG00000030222,0.3480974025119352,2.1596785105382237,12.35973133107407,0.20663778709410763,0.5296726401363183,3.269626141160988,10.721698974249882,100,100
ENSMUSG00000030223,0.001,62.31581250733508,1.0,0.001,0.001,0.001494141457961964,0.14189440650313367,100,100
ENSMUSG00000030224,5.510439679136282,999.9999999531385,902.6123941189729,2.237289969342363,9.710823663329922,0.5065980285246213,5.731193548264198,100,100
ENSMUSG00000030225,0.2656533172967999,0.22305770875391526,3.129691854876512,0.07439477493701532,1.1490304889064826,1.7333251814752755,62.97141899691887,100,100
ENSMUSG00000030226,0.001,62.31581250733508,1.0,0.001,0.001,0.0016432087413523902,0.7164815723956462,100,100
ENSMUSG00000030228,0.001,62.31581250733508,1.0,0.001,0.001,0.0016755821877532267,0.20489989321271204,100,100
ENSMUSG00000030231,0.0010023303710922134,0.001,1.159342197865006,0.001,0.9437998830660456,0.7043990614421116,1172.6805575382036,100,100
ENSMUSG00000030232,2.0438362144313613,2.5547477729715,20.647345365543348,1.617174313889464,6.812813088442432,1.345823744920172,13.303059108912374,100,100
ENSMUSG00000030235,3.911252269710252,958.3332849426147,1.0208715821848182,0.001,10.65160318703213,0.001,0.09768514520101013,100,100
ENSMUSG00000030243,0.2051514132232313,0.4048181365453288,2.360359987354356,0.008045437530545301,0.704814573449238,1.2154190499432886,252.70657238123158,100,100
ENSMUSG00000030244,0.001,62.31581250733508,1.0,0.001,0.001,0.0014433417958118783,0.2374551835554049,100,100
ENSMUSG00000030245,3.626080957419086,44.5287824128937,45.36104894302392,1.6516928876543178,7.027771767908538,0.4929916210372084,4.057011929110768,100,100
ENSMUSG00000030246,0.4422600858926346,112.91833410504468,698.9541888546577,0.19036306978834439,0.6047159702458748,4.388678662725994,18.45608725986677,100,100
ENSMUSG00000030247,0.001,62.31581250733508,1.0,0.001,0.001,0.0015380488611796547,0.23741727394068698,100,100
ENSMUSG00000030254,0.17709243032866662,1.1961827882123641,4.275099475787071,0.08331942161762643,0.36731495492718297,1.2569206104401878,8.402261545415652,100,100
ENSMUSG00000030255,0.001,0.01473885204278707,1.508231116125263,0.001,0.14181481995184927,0.31126077477063885,145.05476582589327,100,100
ENSMUSG00000030256,0.05744405611494648,19.37007182053572,18.154339543064598,0.001,0.315861595002761,0.00168069087966328,66.42765689705388,100,100
ENSMUSG00000030257,0.5446272951402866,4.756497056650341,19.442173227597603,0.2033947394149221,0.7566026372348926,2.7201053588341937,17.684392569494868,100,100
ENSMUSG00000030259,1.5748449828277804,223.30391779043967,422.5163585044103,0.8597540656377012,2.335019562704555,1.2867543785759161,5.3987450105968495,100,100
ENSMUSG00000030264,2.204720638600478,386.1954514508167,769.9254773579597,1.3948925457390597,4.3890074069919995,1.0379074117358522,4.022269059742451,100,100
ENSMUSG00000030265,1.5926763335353278,13.27294806945503,16.177137576653948,0.32501589965499816,2.663674239664481,0.673827442300049,14.411671782112453,100,100
ENSMUSG00000030268,1.2292926192579978,12.841712137795597,60.382898520028675,0.9069967159275649,1.876020473598337,2.9238854996315755,7.99616236651942,100,100
ENSMUSG00000030269,0.29694380248668184,0.6065305657898977,3.4823158522506943,0.0011049258685162473,1.0177339728156145,1.572698124675117,2139.256108475867,100,100
ENSMUSG00000030270,0.001,62.31581250733508,1.0,0.001,0.001,0.0014712688382202302,0.2273113752598802,100,100
ENSMUSG00000030271,0.62359073812806,26.778929191712397,34.02020469919216,0.01913084984135555,0.7552891924618668,1.04563868141815,84.15244340852718,100,100
ENSMUSG00000030272,0.06634974123871784,0.16444742222571712,5.6979717785108095,0.001,0.20888200292656245,9.817247505366211,2831.752035359708,100,100
ENSMUSG00000030275,0.8331979317050765,8.731119946595026,18.76974684412415,0.13205025982036883,1.4807286037099285,1.1375929740846698,22.670965063585037,100,100
ENSMUSG00000030276,0.19717765551081903,32.037135687658804,21.665173818619117,0.06388186235310983,1.072473586827638,0.08549662165148444,1.759865540903043,100,100
ENSMUSG00000030279,0.0318237790910018,10.84570651188138,56.067242884326326,0.001,0.07358122856672274,1.1817442714165454,393.0333892035269,100,100
ENSMUSG00000030281,1.6965907287162643,1.2523084022585456,4.227962032284516,0.6907027947173732,6.604335288661942,0.3721115657113667,15.858395739130652,100,100
ENSMUSG00000030282,4.478428564855139,388.3073937369179,614.3293283896414,2.145579867834064,9.282066108328511,0.757533797229794,6.488607915635754,100,100
ENSMUSG00000030284,0.36903091861581444,1.6662021234505795,9.390222814172972,0.23022538007346782,0.5484611348294673,3.8020243032618155,10.703892086061568,100,100
ENSMUSG00000030286,1.9396677943951193,5.562215289824326,35.49084603652102,1.3673618724392942,3.9355710609864767,2.331639615774776,11.59478983337149,100,100
ENSMUSG00000030287,0.04269893702162032,0.03500707086710088,2.818303302749748,0.0012239119435774079,0.5529278995150126,4.1746896609612865,2746.159303319973,100,100
ENSMUSG00000030291,0.9994660582651378,0.9873506577937818,8.893322895328431,0.21465005596866538,4.281400630728488,1.0713260862706155,98.59736416607055,100,100
ENSMUSG00000030292,0.001,62.31581250733508,1.0,0.001,0.001,0.0019318049938777011,0.20539047407270467,100,100
ENSMUSG00000030298,0.317984553306273,0.5385699872991738,55.78636625657553,0.1823776998582422,0.685246834587284,34.99458198310727,178.73948972954787,100,100
ENSMUSG00000030301,0.08090716575998666,0.11367599916299903,1.6642168475707864,0.001,0.7691989057136985,0.822845574076988,1408.238747147705,100,100
ENSMUSG00000030302,0.001,62.31581250733508,1.0,0.001,0.001,0.0016290678414617931,0.2461923573525559,100,100
ENSMUSG00000030303,0.001,61.88525872635182,1.0,0.001,0.001,0.0020828963014675314,0.2970282680377281,100,100
ENSMUSG00000030304,0.9763894971101115,1.3269284497290808,11.350537970683344,0.5990749949674652,2.0933131185550327,2.464082930468366,16.612492515453148,100,100
ENSMUSG00000030306,0.006603542657114313,15.506538686471,38.22136514958934,0.001,0.06958046760940526,0.0015588606019196483,33.94854546940581,100,100
ENSMUSG00000030309,0.25220042328723724,1.8461803996420607,2.3608231641333797,0.0010206881759806216,0.5828020060137555,0.46276129997829285,414.7185999055325,100,100
ENSMUSG00000030313,0.16432383036016232,0.4387859125474522,2.9539766116013397,0.00355401151451398,0.4833652874385868,1.4957268989511907,312.05773228656716,100,100
ENSMUSG00000030314,0.5351492899451515,0.3467995520052475,2.9191123336120484,0.08955886345734165,3.158024460716236,0.5976350835713466,77.52763240952,100,100
ENSMUSG00000030315,1.0657254276511898,2.470669541007616,4.226206237409922,0.28568757081905916,2.572998546997624,0.5192542933852691,11.407062510712898,100,100
ENSMUSG00000030316,0.6353121780762292,1.4708264484609266,2.9001057435528086,0.00489053563069879,1.0756384403004349,0.9390845118049165,474.86324914109764,100,100
ENSMUSG00000030317,0.001,61.88525872635182,1.0,0.001,0.0010000000000000005,0.0016862137088772223,0.2882522072990535,100,100
ENSMUSG00000030319,0.2179877994953437,26.683576097470933,30.065522701395803,0.001,0.35423106891622747,0.6670881688360335,378.71002700182044,100,100
ENSMUSG00000030321,21.287483292596534,999.9999999993688,1.0,0.38484675289029346,27.8551114083387,0.0010000000000016883,0.010568902602508125,100,100
ENSMUSG00000030322,0.16251028048835625,17.970456549719874,6.040413164794787,0.002792890832346089,36.15506386296808,0.0011902573490954376,4.30904851412221,100,100
ENSMUSG00000030323,1.6394593407779956,11.179287231577204,10.292730834742438,0.06353671292281735,3.12379803702747,0.4063151865751167,75.0009650351301,100,100
ENSMUSG00000030325,0.001,62.31581250733508,1.0,0.001,0.0010000000000000009,0.0017393712447164198,0.06875564932778451,100,100
ENSMUSG00000030327,2.3094863402791286,4.977376953343506,19.38874494259898,1.4732831448550905,7.3297829164334,0.8499842114627958,8.726744841507118,100,100
ENSMUSG00000030329,0.001,62.31581250733508,1.0,0.001,0.001,0.0016893026609097034,0.1490946135354476,100,100
ENSMUSG00000030330,3.705827410774108,427.53347421220957,1.0,0.001,17.47620807045312,0.0010000000596755306,0.03205686613902655,100,100
ENSMUSG00000030335,0.5679395851852584,0.9171202379891809,11.01578574801084,0.3747343985118722,0.7718252220174535,7.916877938792762,20.522898195329283,100,100
ENSMUSG00000030336,0.23099555465677063,17.727010780010232,3.4242557315815945,0.042129145342808566,40.84336338540258,0.0011833876265766373,1.0097557053988733,100,100
ENSMUSG00000030337,0.05260480341082284,18.211695972966897,30.853164480257437,0.001,0.18695486127636168,0.03982889476312099,107.22389104046016,100,100
ENSMUSG00000030339,2.960465264850407,24.11299324039656,43.622567162716805,1.7797211318911506,5.66475396166784,0.8562750841591513,4.728130998785417,100,100
ENSMUSG00000030340,16.751533384827383,659.3522123367687,1.0132461026847308,0.8458287644654208,33.973243206995065,0.001,0.008973189049054404,100,100
ENSMUSG00000030341,3.228353766537167,6.0789749730922304,51.029385278057454,2.3276363197547316,7.356335929845466,2.362770341652431,13.198948352719443,100,100
ENSMUSG00000030342,2.224792843901779,9.864895058319622,252.04506771524325,1.8316254925090154,2.9820021916646384,15.651418767858424,36.601255279306415,100,100
ENSMUSG00000030344,0.001,62.31581250733508,1.0,0.001,0.0010000000000000009,0.0016334396744343937,0.20887808374691552,100,100
ENSMUSG00000030346,0.01602057230802049,0.7037657873043626,4.7745375512462065,0.001901038228361364,0.1250297806514108,0.3464197851141235,32.35631440723139,100,100
ENSMUSG00000030347,0.35434429841198395,0.5173492822951715,3.2056840072306523,0.001627560767184866,1.07671350441142,1.3760874694310095,2105.8984749750525,100,100
ENSMUSG00000030350,0.001,62.31581250733508,1.0,0.001,0.001,0.0017998381695980325,0.28088750552167013,100,100
ENSMUSG00000030351,0.2465561084496597,1.764964475265232,11.81086790575846,0.15433888884364458,0.36991143511412805,3.8780870637428935,12.708369722183253,100,100
ENSMUSG00000030352,1.2122220657166485,8.87977396668659,33.02641513820297,0.8447699504746297,1.6684737268494856,2.3294292812240753,6.555380658119809,100,100
ENSMUSG00000030353,0.20049798171159847,21.715946883647042,29.72447915018892,0.049750349861405835,0.3772503447988401,0.6690667235201133,6.531349116635749,100,100
ENSMUSG00000030357,1.5950163575058156,232.79468642281472,921.6409195302878,1.2304845741124326,2.071784893528691,3.1242067400573275,5.719714766148229,100,100
ENSMUSG00000030359,3.056214351663582,736.0513408990713,1.0,0.001,8.337323782017691,0.0010000000000366604,0.16857753102929907,100,100
ENSMUSG00000030361,3.3467679826601007,809.4058638924901,1.0,0.001,8.096426906518568,0.001000000029493494,0.0727844535220197,100,100
ENSMUSG00000030363,0.001,59.52330063774062,1.0,0.001,0.001,0.0021137710009381206,0.2858085747252616,100,100
ENSMUSG00000030364,0.1437197857609002,3.952139714768476,68.25401270900734,0.1049823545392051,0.18880756222934858,10.067405705183237,30.50376367430337,100,100
ENSMUSG00000030365,0.09114256753160166,0.9227043008504873,3.3783862586096602,0.03754860257810584,0.23186414687073972,1.0033523558013666,10.671782027390746,100,100
ENSMUSG00000030374,1.2174935104239895,1.5480962307675696,4.017795340785709,0.2744965922163151,4.052055847535259,0.447093279933769,25.115667679690922,100,100
ENSMUSG00000030380,23.738099779254494,603.4792769702665,1.0,2.6521136910797685,42.58005589717113,0.0010336214371702312,0.009861278360519098,100,100
ENSMUSG00000030382,3.3467679826601007,809.4058638924901,1.0,0.001,12.053574504341524,0.0010000023772753957,0.05653881142199997,100,100
ENSMUSG00000030385,0.0035359886149406625,10.328451088527153,22.14192190112874,0.001,0.09296416618815688,0.0017735847726066058,21.25365433935885,100,100
ENSMUSG00000030386,0.2505269907898163,1.7956034720082854,2.088846900687905,0.002618820023714239,0.6060978217504338,0.4164987117900482,135.9573120153255,100,100
ENSMUSG00000030393,0.09267628459588502,28.74227800689452,31.597766598433203,0.001,0.3201875072125131,0.11786828203115221,143.42669135469237,100,100
ENSMUSG00000030397,0.7919145525435084,0.434623422072161,4.851898196937996,0.34803324941726416,5.691718125958454,0.5401031866938552,45.99584409113872,100,100
ENSMUSG00000030399,0.001,62.31581250733508,1.0,0.001,0.0010000000000000009,0.0015948069060334803,0.25045607722428215,100,100
ENSMUSG00000030400,0.876189543359044,3.8295857976546888,4.600423097804896,0.1623350065093658,1.8283328189195627,0.47382114648745144,13.725404065983536,100,100
ENSMUSG00000030401,0.022811096955361144,21.287610988227364,23.714555488032772,0.001,4.038949799495151,0.003202154464268434,33.052360732035346,100,100
ENSMUSG00000030402,0.010776539323730981,19.994521908792386,22.797759514821077,0.001,3.6120980190423553,0.0014992127156196863,12.813421319958476,100,100
ENSMUSG00000030403,0.8454338879215608,2.5843189586813806,26.15164881392026,0.6174701122698425,1.4735945416627114,4.586855175815572,14.636808749907644,100,100
ENSMUSG00000030406,0.001,61.88525872635182,1.0,0.001,0.001,0.0018276887368489513,0.17479680749422907,100,100
ENSMUSG00000030407,0.4307397084703436,1.4314320950447217,6.756309033735636,0.06701016854949943,0.6538846792090696,2.7661468089114267,44.73162988217881,100,100
ENSMUSG00000030409,0.6239201500612687,30.16314716366783,111.92552160200155,0.5024670810861139,0.8658124903888457,2.6344134548322353,5.184874407951563,100,100
ENSMUSG00000030410,1.1425505323214973,2.8450119664991442,10.147404572292066,0.6047714303251166,2.351157830469357,1.2699832884932776,10.735324046149303,100,100
ENSMUSG00000030411,3.4431569604823205,392.4572071765981,1.0,0.001,17.708153198009256,0.001,0.22662464751554393,100,100
ENSMUSG00000030413,0.061132617496219455,19.406521201535348,7.954493479384447,0.011003675158812417,16.507729387532486,0.001022017347201571,1.8397457154779953,100,100
ENSMUSG00000030417,2.970046407716018,170.4844456273239,440.95774261905433,1.9037305851113224,5.402266736628121,1.4058162934578173,5.841904819478106,100,100
ENSMUSG00000030421,0.2991110642150219,0.35467668517489537,2.6888651907336407,0.014515667668863674,1.0742336952151204,1.3140806709511654,327.11234000123653,100,100
ENSMUSG00000030423,1.443375121769592,27.951183357715156,52.6704105890269,0.5375634503258662,2.017618252190357,1.224041625955058,9.992214620368122,100,100
ENSMUSG00000030424,0.013037715296373325,15.71529224380575,18.001242958026776,0.001,4.335253769272772,0.0019034006600925782,15.684643466414837,100,100
ENSMUSG00000030428,0.001,62.31581250733508,1.0,0.001,0.001,0.001872156722859781,0.2763718323614325,100,100
ENSMUSG00000030431,0.12310518126933964,18.41260493503508,5.038224425110505,0.001,26.274877084325205,0.0010322985294057793,2.152003731777911,100,100
ENSMUSG00000030432,6.604440859225373,431.62035562287736,4325.555870761612,0.21907335533146355,10.11377728952901,1.130894364028558,14.39986043420561,100,100
ENSMUSG00000030433,0.001,66.84427540036525,1.0,0.001,0.001,0.0019848528237925087,0.1287832739076473,100,100
ENSMUSG00000030435,0.5743573591365926,0.7357126379202886,20.338362793676634,0.398870690032084,1.390326146857157,6.985735992247944,46.55993031740755,100,100
ENSMUSG00000030443,0.4393357635666867,34.42753276853995,10.385295858329213,0.13942032972342333,68.66411155209937,0.002110473162787947,0.923984994191815,100,100
ENSMUSG00000030446,0.09723378308785557,1.6515776696114874,2.0944305062258572,0.027322987562304585,0.5711168229927738,0.16642753003584887,4.001843555309632,100,100
ENSMUSG00000030447,3.843653971848262,5.049027645239799,23.688356169916087,2.5009168789118634,9.721700739761275,1.0906021523224707,11.848551615942434,100,100
ENSMUSG00000030450,10.929530019890516,866.557996827237,1.0,0.001,20.949200578642454,0.001,0.015241177518735148,100,100
ENSMUSG00000030451,1.9268267278354734,6.188746526925637,14.123619433905002,0.8250263115104501,3.7915287956978307,0.9180373291610591,9.867951203834238,100,100
ENSMUSG00000030452,1.1887314752259577,1.9147390353975748,7.637490248477355,0.5171153049923984,2.451923812766761,1.2687224979078169,16.55469839158394,100,100
ENSMUSG00000030465,0.09167323222242424,2.577259172138833,6.169307329457775,0.01835879635342889,0.24320523272744843,0.5496651172110951,9.213510358964541,100,100
ENSMUSG00000030468,0.14269084890960793,1.7828257882504188,7.378566014010898,0.022455350575862624,0.2490003357190908,2.1631676472940446,30.045157379418278,100,100
ENSMUSG00000030469,0.6110016647903905,2.2889709371144713,2.650161632167962,0.01674927921534254,2.2230037446777295,0.2601212560175089,80.65954924522622,100,100
ENSMUSG00000030471,0.9429472953116947,29.76928117204557,24.776073065314982,0.18016060050782792,1.8420319181881195,0.4197025290995493,8.405191773172056,100,100
ENSMUSG00000030474,0.001,62.31581250733508,1.0,0.001,0.001,0.0015968231810135811,0.23357381840713864,100,100
ENSMUSG00000030484,0.001,62.31581250733508,1.0,0.001,0.001,0.0016911705962753482,0.1847677489834858,100,100
ENSMUSG00000030486,0.1238516731674942,15.690006642384919,7.924261168981538,0.043139708839393026,29.128052579908317,0.0012490252916523062,1.8039523922290526,100,100
ENSMUSG00000030491,0.001,62.31581250733508,1.0,0.001,0.001,0.0015043152838459589,0.18199798580863308,100,100
ENSMUSG00000030492,0.001,62.31581250733508,1.0,0.001,0.001,0.0014585259930976848,0.13394139580294886,100,100
ENSMUSG00000030493,0.4149642821677731,86.33054704034609,68.41149576043794,0.23061488435106647,1.3922478198620527,0.19825890862919637,1.527261378875294,100,100
ENSMUSG00000030494,0.01078071382484116,20.17212497723212,22.99489914216709,0.001,1.9740430764180532,0.001514887312618158,23.787300155506088,100,100
ENSMUSG00000030495,0.001,62.31581250733508,1.0,0.001,0.001,0.0016988892789641808,0.6213100946470747,100,100
ENSMUSG00000030498,0.1481637334317853,1.6671555519264027,16.65090708290814,0.06606146131757867,0.2164906551816937,5.678683636612913,21.311280689304233,100,100
ENSMUSG00000030499,0.33025140994950813,0.8605288808054407,4.22452324088771,0.17561679276502293,0.6804546714356552,1.692612177374596,12.25828676171437,100,100
ENSMUSG00000030500,0.001,66.84427540036525,1.0,0.001,0.001,0.0017024424212107852,0.3562334058340365,100,100
ENSMUSG00000030505,2.2835393271848217,17.673986781407272,13.671386673564465,0.03829905474732287,5.035915644533857,0.3278081288488237,361.95228129186154,100,100
ENSMUSG00000030509,0.39565735058333834,253.0322027288833,176.82689330881266,0.16771189176055384,2.5959250043435382,0.09280560618233422,1.932749653999346,100,100
ENSMUSG00000030510,0.6437621963837976,154.64850262092747,1.0,0.001,7.632472739782166,0.0010000000035490948,0.08814331624070001,100,100
ENSMUSG00000030512,1.8838900554376032,32.19282872283751,94.93322584458963,1.3081919509333035,2.621134508790827,1.988928197739034,5.675054040048078,100,100
ENSMUSG00000030513,0.21748417113747753,1.9462748256294469,2.49987547555557,0.1377661837831764,0.9372013967041065,0.2546917684383555,2.558784184938851,100,100
ENSMUSG00000030515,0.36813365683843874,4.091796353055822,2.5243546081097645,0.1558548457077403,2.3084557968024173,0.0828246265908361,1.63852931175673,100,100
ENSMUSG00000030516,1.416007946635666,281.0793084936907,548.9647334460218,0.9891693315642138,2.2467770533614626,1.294970254759391,3.1180988896075137,100,100
ENSMUSG00000030518,2.0108927129187566,475.90964916538866,1.0,0.001,7.841958577263281,0.0010536775209734148,0.06895490935843795,100,100
ENSMUSG00000030519,0.001,62.31581250733508,1.0,0.001,0.001,0.0015348533179780103,0.2129572779141764,100,100
ENSMUSG00000030521,1.0354792916459736,1.624428211982534,7.027851820680668,0.46387428165085204,3.5569014865132784,0.741521346907682,15.345988999976136,100,100
ENSMUSG00000030522,0.8434380230767132,2.3567861543507016,6.360558811723112,0.19381168011731337,1.7575315579038748,1.076053134871293,24.778247454465166,100,100
ENSMUSG00000030523,0.001,61.674132606755,1.0,0.001,0.001,0.0016841940785175848,0.11647557568737711,100,100
ENSMUSG00000030525,0.001,61.45463549419866,1.0,0.001,0.001,0.0015869186857901353,0.48801057201518055,100,100
ENSMUSG00000030527,0.689218714781239,0.5514119641188708,8.545972201251043,0.2798826199623639,2.40224215020352,2.153846855694721,63.54652872026666,100,100
ENSMUSG00000030528,0.14016843884730423,6.089778452658259,8.919749737947203,0.001,0.3273998977695691,0.4820756409462984,187.12095997066092,100,100
ENSMUSG00000030530,0.6391696852586318,1.1235768013065988,9.808763926247975,0.3782017702747359,1.2437735994081716,2.7988412845796957,19.849424899602475,100,100
ENSMUSG00000030532,0.43194864527584875,0.6564489916415579,3.0761530443488145,0.024496156848999022,1.0362731324888634,1.3527411427734128,115.63906772147314,100,100
ENSMUSG00000030533,2.803523597633954,398.48065885492406,370.58083457573093,1.3654145036033094,4.508830694536658,0.5932027991197509,3.4888460641782233,100,100
ENSMUSG00000030534,0.21881489487381722,0.9372423539230769,5.2712705066816286,0.0799268064233361,0.3703072742832775,2.423404124853267,20.676295925286148,100,100
ENSMUSG00000030536,1.475359230168531,7.636823377633356,35.575322073879626,0.9353023131654087,2.1871762261072436,2.5937380648714665,10.116522337919744,100,100
ENSMUSG00000030538,1.8017488684299545,4.3299030087728125,37.76407197939765,1.3357535581379223,2.9172709628202558,3.735682493065787,14.234358693147826,100,100
ENSMUSG00000030539,0.11313715886836874,1.093802141785466,3.337397645337696,0.009664135977888861,0.2707996217621579,1.0104171308533656,83.61826153373681,100,100
ENSMUSG00000030541,0.09389465489466371,4.4181217556869585,13.278083606268625,0.02526739988126145,0.1798532129126118,1.0696263347949728,10.053222116891744,100,100
ENSMUSG00000030543,0.013212732211678863,21.187745987044362,32.73392500014123,0.001,0.9928494857553046,0.0015362304948692584,26.316073085233896,100,100
ENSMUSG00000030544,1.904987380173481,512.8252263426539,1.1354335991243487,0.001,6.653307258629155,0.0010401060807800067,0.06488209049953683,100,100
ENSMUSG00000030545,0.15854935160833125,2.703817062779923,6.8869179439659565,0.05314689760087163,0.2900552794621789,1.0832624707870977,8.156265199417067,100,100
ENSMUSG00000030549,0.001,62.31581250733508,1.0,0.001,0.0010000000000000005,0.0020044230857742705,0.3030226884025369,100,100
ENSMUSG00000030551,0.6710458608062846,4.285715099109787,12.093644972545276,0.1117832687335384,1.1962071799658511,1.261121884098624,56.811349501543326,100,100
ENSMUSG00000030553,0.4437544591249519,34.18201682418695,6.0798095943922,0.06355368584792002,37.896477335061135,0.0015849422691650477,0.9489392592290287,100,100
ENSMUSG00000030554,0.034201890539518394,20.758599390212467,17.958623084691453,0.001,4.438109784211639,0.0022272988374890702,25.011606964317973,100,100
ENSMUSG00000030555,0.4066696931132172,0.8603740885919872,2.8472867514960893,0.08267468937752079,0.9941337784032593,0.8929538279720559,25.394228195372563,100,100
ENSMUSG00000030556,0.820437258655457,178.73445135953557,305.27671966634665,0.5574720859393916,1.4512418509515086,0.9521913428662121,3.086279961437518,100,100
ENSMUSG00000030557,0.42888772742909037,1.1560819491022376,6.2067295614955675,0.2317201074728963,0.7571741832202273,2.1309200713325938,13.756704370690521,100,100
ENSMUSG00000030559,0.12054180784954494,2.940330063145539,3.161489687612542,0.04415219391842391,0.6807122334847616,0.112398706009746,3.2312895471144825,100,100
ENSMUSG00000030560,0.03640521284063845,0.35238245136698293,4.2635534667006425,0.002620710739522859,0.1411155194988633,2.2071048660296415,174.61635471675314,100,100
ENSMUSG00000030562,0.1612886876746535,17.696260291055506,8.752887389334663,0.0019301511231736871,3.037324368467957,0.0022389435717050116,2.9773388327259616,100,100
ENSMUSG00000030579,0.001,62.31581250733508,1.0,0.001,0.001,0.0016995443158018585,0.2361837140336138,100,100
ENSMUSG00000030583,0.5868761978455763,3.923697356822045,8.167985403019543,0.16935040492118886,1.1461998299743374,1.016482203809048,11.524991229841117,100,100
ENSMUSG00000030584,15.602070444182411,999.999999976446,1.127106091531161,0.40576844839262266,31.950273087775507,0.001,0.008956588061372013,100,100
ENSMUSG00000030587,0.10762935143928379,0.9598786473171844,15.271343485996622,0.033601008351168395,0.15882593300269116,10.588618419011691,65.69217494710935,100,100
ENSMUSG00000030588,3.1627421523192125,19.889599901809476,46.22345620681406,2.0762295253746537,5.224071923476169,1.213135430733264,4.629843316815782,100,100
ENSMUSG00000030589,0.001,62.31581250733508,1.0,0.001,0.001,0.0017249061459838643,0.11909236735726708,100,100
ENSMUSG00000030590,0.20735045019871315,5.972656503671134,6.650042358159869,0.001,0.459886081336834,0.44942398096782843,288.8103991656534,100,100
ENSMUSG00000030591,3.175379900572574,492.620195071425,2604.905241015532,2.5255011232225577,4.883109533363951,3.1970481659378693,6.956517642006032,100,100
ENSMUSG00000030592,0.001,61.674132606755,1.0,0.001,0.001,0.0018381941203709385,0.10365506997413686,100,100
ENSMUSG00000030595,2.285000861390093,348.3530802001751,356.3847679812159,0.23146201518233683,3.2045962204846066,0.7355334784381187,36.65349965728797,100,100
ENSMUSG00000030598,0.3745640331140788,0.45852892527764516,3.48952652259927,0.14994104441978506,1.2030779379204168,1.6395255240525155,24.106446794903384,100,100
ENSMUSG00000030600,0.16917866400277504,17.779841913703475,5.941563406711742,0.025346780815331517,32.07630658676845,0.0011299233907664272,2.004820566718383,100,100
ENSMUSG00000030602,0.39575851010028584,0.6424147898536114,3.8610562514653086,0.017131474475655568,0.9081294261766719,1.926602667843539,250.95367323172763,100,100
ENSMUSG00000030603,4.549041031560596,440.38278222899936,1014.5013816678078,2.7433879025038257,6.411614207185081,1.6387678685399223,6.517825567626712,100,100
ENSMUSG00000030604,0.11066112537513197,0.2179766261734804,1.0,0.03355416739704861,1.042089941201866,0.32301607971600155,62.03936287688032,100,100
ENSMUSG00000030605,3.7888524646094126,371.36187060267685,3555.4315591062755,2.83524887424975,5.334702492797145,6.849037442513863,16.420867475508402,100,100
ENSMUSG00000030606,18.711033154788176,882.6339021486099,1.0,0.001,30.41443729237605,0.0010000000000028352,0.00900613841864312,100,100
ENSMUSG00000030607,0.001,62.31581250733508,1.0,0.001,0.0010000000000000005,0.0014398571883933449,0.42590124195858,100,100
ENSMUSG00000030609,1.8876659623469838,4.2180448195391325,23.474516085608148,1.0119943737237014,9.05468726661605,0.7629209661466714,17.61514609504223,100,100
ENSMUSG00000030610,1.7986821734773273,31.438198000081787,7.719115483678361,0.08900458277115575,31.761023818880258,0.019903938284228682,11.95181865227368,100,100
ENSMUSG00000030611,2.8666243045272193,55.51656319204273,93.91515949369371,1.3082040892339368,3.722182845223275,1.275398378597624,6.166052501173033,100,100
ENSMUSG00000030612,2.9997560994767207,17.82507354628572,25.52917322604499,1.244383361647213,8.844382384971398,0.4496219214353667,6.553601167731504,100,100
ENSMUSG00000030613,1.7000237366294755,6.275162604125589,16.01454203914542,0.7986878602087973,5.402616613880394,0.6433374594014223,10.265901859407697,100,100
ENSMUSG00000030614,0.9594411744178619,8.140318953228517,11.85590294006726,0.4641540355971442,1.613910668306655,0.7550462819124473,4.281841721706799,100,100
ENSMUSG00000030615,3.645453504034557,11.006507232750748,46.77237242382711,2.234980828379273,8.62567989800073,1.3156946463895172,10.06172047404959,100,100
ENSMUSG00000030616,0.7739765000034088,24.336662612791713,125.55137290077779,0.5285910690426092,1.0376938447963377,3.7224001194431966,9.005669676758387,100,100
ENSMUSG00000030619,1.0293054077619974,188.8241410276181,377.13989539326263,0.0768959388396307,1.2313124842554468,1.6592046969754535,67.16233543157303,100,100
ENSMUSG00000030621,0.23359543789287282,0.7172442075625339,3.4059300231734095,0.0794328125651316,0.5901551973447057,1.4787858775644684,20.565861006888305,100,100
ENSMUSG00000030623,16.32485105521305,772.159420778236,1.0044178335093996,0.001,30.33575398072535,0.0010000000000001381,0.009115905600688815,100,100
ENSMUSG00000030629,0.4701545504127356,1.103443680373547,5.7011042715155975,0.05179874174057708,0.7985751282444534,2.6411190850432433,53.8353767559955,100,100
ENSMUSG00000030630,1.0355440302502938,94.98323139932033,186.09542188465534,0.1685706659317706,1.3487852327630843,1.5086321337312576,28.351428259856355,100,100
ENSMUSG00000030638,0.08556023213540706,1.2740724456735792,7.307310060891771,0.011551669664044912,0.15598093306973593,2.4298152640229898,44.710761344517664,100,100
ENSMUSG00000030641,0.42336724696541356,83.05869109810054,72.25426992454872,0.22675153412129195,1.179751491783669,0.2733287140302403,1.7569624880157106,100,100
ENSMUSG00000030643,0.3453946008028679,1.0871502965861117,5.147924658901206,0.20556286859236683,0.6417586656548668,1.909635098609065,9.344920209905691,100,100
ENSMUSG00000030647,6.312408877072446,400.72145477968286,622.1278959394836,3.0752751962854705,10.09157166045684,0.9566716433894652,6.123218921741698,100,100
ENSMUSG00000030649,0.3723982665508548,0.571097912094758,12.445652861176846,0.23455839632319087,0.6431089213474723,10.056862195350408,42.63441922156607,100,100
ENSMUSG00000030650,2.337569118418018,573.9891342931422,1.0176277045143687,0.001,8.30280545119172,0.0010000000081854647,0.1586321356378006,100,100
ENSMUSG00000030652,0.9569654111862144,2.8930665596220404,10.712628027005376,0.6820863020839463,1.6700989058087048,1.7112224705839374,6.188628977977361,100,100
ENSMUSG00000030653,4.132577005576439,999.9999999828615,1.0,0.001,7.76968536265381,0.0010372618523936405,0.21607450725355914,100,100
ENSMUSG00000030654,2.6945199720904633,225.28094352468318,602.3891291026689,2.231191021276051,4.277517717362681,1.5792476474038462,3.345715132061597,100,100
ENSMUSG00000030655,0.5788852750131919,1.810427837494827,6.358962303209252,0.1329060688257006,1.21000448337564,1.3332221838972091,22.092756295313553,100,100
ENSMUSG00000030657,0.5338134425565028,16.128614247301538,4.324665586780832,0.10634665068175231,44.39762784131269,0.0028836612582985753,1.5630669383599258,100,100
ENSMUSG00000030659,2.427832233742625,111.07756497344532,317.93713230170147,1.5352836043267148,4.039769300610827,1.6733389021735454,6.310191939252503,100,100
ENSMUSG00000030660,0.41158634145427825,0.6366137114207225,3.61865479487307,0.14830105575472108,1.1341467923589255,1.5195635201523932,20.607721582640792,100,100
ENSMUSG00000030662,3.043500952664958,741.4792283109406,2480.9723547612,1.5016462460009419,3.9983222698637917,2.512612502023197,10.219346054653673,100,100
ENSMUSG00000030663,0.23502503005000985,0.24349132374616525,21.094106792532102,0.001,2.0216887649814836,6.764081270287699,17756.88444277393,100,100
ENSMUSG00000030664,3.9276406581767263,942.1623723314058,1.0,0.001,5.5048426797684336,0.001334961605468602,0.07602990721483024,100,100
ENSMUSG00000030666,0.002282742526353962,6.729575419890414,32.476872782626074,0.001,0.08461394976567013,0.00178687350748076,17.084594980331374,100,100
ENSMUSG00000030669,0.0037496937983753664,8.390144999716231,66.76279134900498,0.001,8.050712687328968,0.0010392720303244653,15.320312899748576,100,100
ENSMUSG00000030670,0.06309931243499224,19.259924245785303,7.87899061025353,0.001,19.154992216495174,0.0010000000023625529,1.853369653950705,100,100
ENSMUSG00000030671,0.0816058507985067,7.080945417836994,18.37638458126381,0.037011343306016686,0.19108170564339455,0.601015731435885,6.698501812905802,100,100
ENSMUSG00000030672,0.08051751184653046,4.524221531644053,3.2186190897142817,0.010324867921920574,33.03140686977028,0.0011586782556096097,5.280826945276249,100,100
ENSMUSG00000030674,0.001,62.31581250733508,1.0,0.001,0.001,0.0016983489527564867,0.17706487266123155,100,100
ENSMUSG00000030677,0.029498837632580533,1.0228984352498036,18.76613238656054,0.011988821173880712,0.056166502958698315,5.853023331307567,35.350012730873544,100,100
ENSMUSG00000030678,0.001,0.007485441210268923,5.000686510624544,0.001,0.07738153664614994,0.02192074494085046,2097.8725377018063,100,100
ENSMUSG00000030680,0.001,62.31581250733508,1.0,0.001,0.0010000000000000009,0.0018440696232765895,0.12466510221473354,100,100
ENSMUSG00000030681,2.731035085238281,12.954666903009162,28.00215172120061,1.724020880683646,6.552959979126385,0.7979017731555602,5.614605180069402,100,100
ENSMUSG00000030682,3.1014114018447674,105.67279879072518,228.97745896844302,1.8564969270980325,4.363300355663003,1.4736840527308561,5.63966877512994,100,100
ENSMUSG00000030683,0.0031351585754898223,9.586267260554946,24.8549171356134,0.001,0.036364822309662426,0.0020297038131038073,10.371411854925805,100,100
ENSMUSG00000030685,0.16457176621859668,0.3497395856396146,1.0,0.07815069968766812,1.3787621342897323,0.2091986618233599,6.239788269178717,100,100
ENSMUSG00000030688,0.13241240018903924,8.249897072754845,6.172561522921563,0.04612361204109429,3.063513664661703,0.010843213909170809,2.024554575435911,100,100
ENSMUSG00000030689,1.590209767203145,8.06952050791916,22.101188671561815,0.8898709253402951,2.5768291137883343,1.4100187751291982,7.218471728510958,100,100
ENSMUSG00000030691,0.6450697989583773,9.534722686276481,9.916136450548935,0.13157107469399718,1.1438202909265507,0.5300470987690358,8.247389624695433,100,100
ENSMUSG00000030693,0.001,66.84427540036525,1.0,0.001,0.001,0.001681987093560786,0.12174713525891386,100,100
ENSMUSG00000030695,4.686322068174217,418.85775676176456,7900.926437206507,0.6736647136703839,5.576828888431971,3.7165592006191757,37.3564498092034,100,100
ENSMUSG00000030697,0.13013148857545664,0.21411318096546808,14.75600888169972,0.001,0.2622170337876405,29.510396922852394,11640.743737261604,100,100
ENSMUSG00000030699,0.006056197652937683,1.3579734538354997,6.618893506879589,0.001,12.687278837741019,0.0011124146988074652,11.591867455743051,100,100
ENSMUSG00000030701,4.131519129298434,1000.0,1.000247281024765,0.001,7.965314413474436,0.0011237221827191924,0.0397013512954633,100,100
ENSMUSG00000030703,4.397942232236739,494.2643867752325,1.0,0.001,21.36257888072428,0.001,0.05621109175471811,100,100
ENSMUSG00000030704,2.97165465845439,22.655459415454825,12.774692746641183,0.6456011596749536,7.257145333353104,0.18986052010243232,10.785634791136134,100,100
ENSMUSG00000030706,0.5953123472411834,1.7022486568169182,5.746068997108961,0.27238726001311764,1.1539915612021416,1.3849883862606067,9.422196627029695,100,100
ENSMUSG00000030707,0.04482909182236164,11.274421516242079,8.459242214022005,0.001,31.22608463752176,0.001000000000004574,4.651024580581749,100,100
ENSMUSG00000030708,0.001,62.31581250733508,1.0,0.001,0.001,0.0019129551909878987,0.18805591120891127,100,100
ENSMUSG00000030711,0.001,62.31581250733508,1.0,0.001,0.001,0.002111299731109983,0.1762689125643844,100,100
ENSMUSG00000030714,0.014151968008840023,27.10486848041695,116.80932235256296,0.001,21.315474529077232,0.0010616186861697773,114.03015090947706,100,100
ENSMUSG00000030717,0.8909075337694139,139.80263546651258,1686.0650114066832,0.7374835976964602,1.2318455507799035,7.574993343240334,16.38658448829264,100,100
ENSMUSG00000030718,2.755909675249792,12.538704959520427,32.06681259431708,1.8776303124850777,5.566354419776708,0.9911721172819173,4.668371615284593,100,100
ENSMUSG00000030720,0.5960947229189603,288.9400707929122,506.1160404957959,0.081350910239458,0.78681473624299,1.287268510736403,35.70093570554707,100,100
ENSMUSG00000030722,0.3704579184979778,4.117890264309186,4.336004180043412,0.001,0.5217886409084624,0.6747910896502061,871.2706426028652,100,100
ENSMUSG00000030724,0.001,62.31581250733508,1.0,0.001,0.001,0.0017391783641179331,0.21291607037396518,100,100
ENSMUSG00000030725,0.14828993074090813,0.4813492570069733,1.0,0.044615942529589156,1.5981038608031137,0.1502744595407526,7.263853619043331,100,100
ENSMUSG00000030726,1.1306155619804303,81.30819644192673,67.77758253945385,0.04569537179337613,1.811546749008524,0.4931185978625515,45.53611897994503,100,100
ENSMUSG00000030727,1.0552326439118962,4.593907766836985,8.293130126822378,0.3807560995409113,2.4939148175264636,0.645090795879591,8.840599561644765,100,100
ENSMUSG00000030729,0.12943492577146293,28.74430654309054,30.939492038192693,0.001,0.3327559025331457,0.32492302288077146,194.55413411656133,100,100
ENSMUSG00000030730,0.001,66.84427540036525,1.0,0.001,0.001,0.001582599872198931,0.18134173209589116,100,100
ENSMUSG00000030731,0.010943913325236925,19.309799877592905,22.040566631974446,0.001,3.7690290849099934,0.0019003529564703275,28.511129342078206,100,100
ENSMUSG00000030733,0.39028763543062556,0.5648859845946963,3.128498339120087,0.1032462030229866,1.1484122995557893,1.1463521451068357,29.960429742269117,100,100
ENSMUSG00000030735,1.1299222857409315,0.8825876110000367,8.103160074725025,0.6002934392285253,4.498129288829981,0.9912547523754229,25.374881744538992,100,100
ENSMUSG00000030737,3.3467679826601007,809.4058638924901,1.0,0.001,14.129772278077253,0.00105462672209968,0.12846048311740685,100,100
ENSMUSG00000030738,6.48431805024684,226.94556256505112,643.8536469175416,5.598760556701755,8.899262849488053,1.9443727787493055,3.418758690466132,100,100
ENSMUSG00000030739,0.001,62.31581250733508,1.0,0.001,0.001,0.0016766545023778172,0.1404499213478701,100,100
ENSMUSG00000030741,0.9187115599579773,2.5886630193080986,8.363271268363928,0.18432634601773007,1.8986168992237955,1.1524544402062387,35.50312979893248,100,100
ENSMUSG00000030742,0.016976465378642867,2.0770775997957878,3.1130446675864056,0.001,20.11565576310212,0.001000000000004459,12.256970745467735,100,100
ENSMUSG00000030744,7.429543538732271,209.19615304922863,3229.758059016443,0.050018382486521185,8.914916444246082,1.717282422674116,118.7289500254656,100,100
ENSMUSG00000030745,0.001,62.31581250733508,1.0,0.001,0.001,0.0019769949016343914,0.3227008048466815,100,100
ENSMUSG00000030747,0.472800736926227,2.7316701488606823,11.530206304201457,0.2763199229647192,0.6583318531320761,2.479475803888384,8.115877059178292,100,100
ENSMUSG00000030748,1.3268881128631485,195.95540856787255,650.5969401715026,0.9806794212505586,1.908255900569332,2.1668087497480624,4.659724696796415,100,100
ENSMUSG00000030750,1.37746412957959,1.96131958367126,6.457700196895635,0.6850157009953604,3.6113343535684774,0.7610287535024103,9.6681792117705,100,100
ENSMUSG00000030751,4.0092092368870045,28.470265884846196,54.90846856342058,2.1095405099865094,7.322723928598085,0.8832682923773887,5.776304723746387,100,100
ENSMUSG00000030752,0.5302604459551608,6.334068613515744,4.275505542395578,0.001,1.3947450185141819,0.24350514329487177,449.02818325409015,100,100
ENSMUSG00000030753,0.3547182751231653,0.7281334929406075,8.033690292039164,0.1820828424847522,0.6034737466922875,4.711155534934232,24.33061701042336,100,100
ENSMUSG00000030754,3.7518125550560195,26.803744466287444,57.24270412960135,2.333303401482743,8.567817999036713,0.794802116696143,5.085834151465383,100,100
ENSMUSG00000030757,0.001,66.84427540036525,1.0,0.001,0.001,0.0015206441571872424,0.11606582538033977,100,100
ENSMUSG00000030759,1.2805621406994145,3.112013247811622,10.629784807470374,0.6931786599208052,2.245028629654686,1.3945711852159723,8.383505440914643,100,100
ENSMUSG00000030760,1.5938751624543497,14.525080610449495,26.723249109131864,0.7653740419968753,5.343407532941207,0.712967959084421,6.5451482875569145,100,100
ENSMUSG00000030761,0.003902573457422096,103.74189580607253,264.18913580504324,0.001,0.009540415794211684,0.002769308620465639,92.07887929668269,100,100
ENSMUSG00000030762,0.001,62.31581250733508,1.0,0.001,0.001,0.0020234136938654806,0.2334465739513683,100,100
ENSMUSG00000030763,0.8681434835068712,0.8951976253980719,3.2540521893781222,0.05842151306491753,2.7201493494659594,0.6741473261090891,128.27076667135327,100,100
ENSMUSG00000030766,0.33890253148274324,0.4094944067154666,2.349844228130782,0.0025977069395191244,1.590808061247721,0.7045548696798204,1317.7712490381489,100,100
ENSMUSG00000030768,0.9836841845275147,3.2576707242639222,9.245017090270409,0.42479554981676415,1.9438991748298733,1.2501050351397183,9.127618093791787,100,100
ENSMUSG00000030769,2.1571940611220364,521.5346265951073,1.0,0.001,8.302907514260784,0.001,0.06680347958296663,100,100
ENSMUSG00000030770,2.861724878815047,6.275263414317963,37.39622794155195,2.0992576651579307,5.631920197353095,2.079280980740374,9.790141688708031,100,100
ENSMUSG00000030771,0.001,61.88525872635182,1.0,0.001,0.001,0.0017638419003721817,0.08168040275447114,100,100
ENSMUSG00000030772,0.8743090286876323,11.764743970443185,286.17990700149323,0.6549788544961768,1.080278979504612,19.752402486469496,38.41890663368238,100,100
ENSMUSG00000030774,0.45229678784150856,1.9255393010839454,7.352993212456977,0.2635700632435543,0.7875942866704586,1.7702263059871233,8.581333111138102,100,100
ENSMUSG00000030779,0.4415768861113853,0.47379641125500893,3.802388209104746,0.06725693986615157,1.3625116661834302,1.6300604609061635,98.99276722770463,100,100
ENSMUSG00000030780,0.3230603922103338,0.6376936432399157,2.1548306344165797,0.07511198234322285,1.189433035158073,0.6607056003059877,19.47995762319784,100,100
ENSMUSG00000030781,0.001,62.31581250733508,1.0,0.001,0.001,0.0018068320139560392,0.2679712661721127,100,100
ENSMUSG00000030782,0.9561221013526726,8.05226860082616,66.60238592262039,0.7468859771981224,1.4356467592706808,4.625662033305977,12.357068375937045,100,100
ENSMUSG00000030785,0.001,66.84427540036525,1.0,0.001,0.001,0.0021526635783099737,0.135161160052901,100,100
ENSMUSG00000030786,1.6262619868264967,395.3519615968364,1.004113302142248,0.001,8.82843029198419,0.0012196006137454927,0.05840721653612317,100,100
ENSMUSG00000030787,0.003152375789089701,9.389929231126672,24.416147148488815,0.001,0.07707850328617578,0.0019855104733200553,16.793412556863554,100,100
ENSMUSG00000030788,1.1773328375470495,5.315477094258704,11.592250888901699,0.6938335193651346,2.088228370606033,0.942417384251008,4.699623840014789,100,100
ENSMUSG00000030789,0.001,62.31581250733508,1.0,0.001,0.0010000000000000009,0.0016247851185218001,0.3489646311992119,100,100
ENSMUSG00000030790,0.05616259384348153,0.8137756156196215,225.8038108320909,0.001,0.16788904576703556,0.1133367061057752,831.7829379775505,100,100
ENSMUSG00000030792,1.0752409784945784,280.3448670159383,1.0844986976483493,0.001,12.11297832244829,0.0010000000415023036,0.12627489219925772,100,100
ENSMUSG00000030793,0.12082928825357352,1.8447169956504004,3.1979357654409872,0.03714317038151607,0.40766549503781624,0.4791822857413023,5.984835195133219,100,100
ENSMUSG00000030795,2.0393592289142943,9.055520170544186,108.97351234666321,1.3893055216546433,2.9020475892324464,6.996864362163116,24.888651281780547,100,100
ENSMUSG00000030796,0.3261709867993012,5.689286820926116,36.61066445335445,0.2345861813179118,0.43378651488499276,4.219170031533432,10.308189288888002,100,100
ENSMUSG00000030798,8.337499018952126,1000.0,1.0,0.001,11.789336818598297,0.001000000000009684,0.02945307998351453,100,100
ENSMUSG00000030800,0.001,62.31581250733508,1.0,0.001,0.0010000000000000009,0.0019485746333378156,0.24242299187969713,100,100
ENSMUSG00000030801,0.29512613431441215,0.5804843252990298,3.2530322883247296,0.07934230109928422,0.8733347626428742,1.425067012912809,29.1012007949741,100,100
ENSMUSG00000030802,2.708321975042799,24.477426000303463,38.86605855219421,1.375184818709065,4.825973991653774,0.7697775368152109,5.689702726374973,100,100
ENSMUSG00000030804,1.8855242048223924,454.9597606392765,1.0,0.001,8.296504902965715,0.001000808025448104,0.061977899164818925,100,100
ENSMUSG00000030805,0.08280726187410434,0.059666206252809766,23.45044960303078,0.0014866609408242292,1.3306069247951937,3.5150751280507846,22835.60226054801,100,100
ENSMUSG00000030806,0.001,61.674132606755,1.0,0.001,0.001,0.001698111757241767,0.17625026197596974,100,100
ENSMUSG00000030811,0.2143091529055191,0.8966254797073706,7.832043034219768,0.05671115084286521,0.3439872592589085,4.603912939302919,42.282798503080244,100,100
ENSMUSG00000030814,0.25081055894850396,0.44120307179000345,4.47485703803506,0.03705153495240669,0.7358279339065817,2.6699050271558664,89.59846510638226,100,100
ENSMUSG00000030815,0.026120589227501764,1.0446812776811987,7.574373097357822,0.003217546753211494,0.7116678201481014,0.007232734043175763,53.0906990823064,100,100
ENSMUSG00000030816,0.001,13.260990916042685,1.0,0.001,0.018081113392791944,0.06680036258355196,3315.5757862356795,100,100
ENSMUSG00000030823,0.001,0.005326911513731436,1.272286153069698,0.001,0.24815247361513887,0.7644256180227058,245.59185177110373,100,100
ENSMUSG00000030824,4.366565948347677,23.244651741947607,135.579814679796,3.004359906206018,6.8154708638145625,3.281568814340599,12.218888821880263,100,100
ENSMUSG00000030825,0.001,62.31581250733508,1.0,0.001,0.001,0.0015916214302630772,0.17646411301813497,100,100
ENSMUSG00000030826,1.3247372463055906,6.177541927168048,11.682121412382596,0.7081998530951812,2.1756395962835273,0.9017756956813034,5.286611923238111,100,100
ENSMUSG00000030827,0.001,62.31581250733508,1.0,0.001,0.001,0.0016656862819123932,0.1605503955606872,100,100
ENSMUSG00000030830,0.001,62.31581250733508,1.0,0.001,0.001,0.0018999838822327786,0.15731937291056308,100,100
ENSMUSG00000030834,0.001,66.84427540036525,1.0,0.001,0.001,0.001495372646660103,0.19662430389819363,100,100
ENSMUSG00000030835,3.611972145212151,17.46951033300335,75.08549313854311,2.6309476252206654,5.944609976547898,2.103445448755321,7.291708464406573,100,100
ENSMUSG00000030838,0.001,61.674132606755,1.0,0.001,0.001,0.0015467808637432466,0.19570216776769234,100,100
ENSMUSG00000030839,0.8169133051024856,10.345676832691472,8.845913289319018,0.2295974144355698,1.8722405442771697,0.37175985148244506,6.735169176051683,100,100
ENSMUSG00000030842,0.001,0.001422412980805577,27.300104392709606,0.001,0.0977560995595288,0.0437374748710908,28592.299988363207,100,100
ENSMUSG00000030844,0.001,17.828122907488957,1.0,0.001,0.001,0.008752969860187743,0.8526703601301439,100,100
ENSMUSG00000030846,0.050731468513395134,0.07006334391207425,7.926243095043694,0.001,0.22502724634793503,26.928410383185742,7710.7722411115465,100,100
ENSMUSG00000030847,1.4634045960056838,2.6745267440435296,17.15290320079948,1.0254082842404235,3.6539504369405704,1.7251953719745825,9.914094554260256,100,100
ENSMUSG00000030849,0.07367858749444393,19.145479960791803,44.99711219668185,0.02953901019782189,0.20710083180811759,0.5044037355922053,6.082105503599203,100,100
ENSMUSG00000030850,2.421913194800788,15.440754050279715,29.954084008152766,1.105954491333474,3.7354003480753186,1.0849930742445477,7.6680401396762825,100,100
ENSMUSG00000030851,0.001,66.84427540036525,1.0,0.001,0.001,0.001896310881569739,0.13238070848362216,100,100
ENSMUSG00000030852,1.6558199785716554,69.0989222745762,104.72153111707748,0.7923715135386493,2.481857686707586,0.9954450535617445,4.331233331886457,100,100
ENSMUSG00000030854,0.039463875795950905,19.96409504936798,10.544863306574351,0.0061425312275298965,16.958088081143103,0.0010000436942619955,1.928943296081108,100,100
ENSMUSG00000030858,0.001,66.84427540036525,1.0,0.001,0.0010000000000000005,0.0016719388488089376,0.233348423917282,100,100
ENSMUSG00000030859,0.001,66.84427540036525,1.0,0.001,0.0010000000000000005,0.001846898551973669,0.13991976068023115,100,100
ENSMUSG00000030861,3.077908154632298,378.11201162356485,615.1730926879917,1.9467250464373569,5.2756627594873935,0.9320762200140358,3.940271813194096,100,100
ENSMUSG00000030862,0.02038534022815014,23.149103906356725,56.36623009820335,0.001,14.380699109019606,0.0013588474510254208,43.77804719150192,100,100
ENSMUSG00000030866,0.001,62.31581250733508,1.0,0.001,0.001,0.0021998207899384505,0.2694733153073072,100,100
ENSMUSG00000030867,0.020320330709920325,0.6271985207244913,16.89971750993234,0.001,0.08068648734992842,2.5097632520981947,58.7307202732967,100,100
ENSMUSG00000030868,4.547097172788512,186.45032648620088,106.4928719271974,1.7676030981795265,7.660077385044245,0.34383223748400593,3.6449492007170483,100,100
ENSMUSG00000030869,0.3659863615705,1.3178921871462455,41.45721743574301,0.2638319434826386,0.4816435336996227,19.452656364935223,47.00075098964818,100,100
ENSMUSG00000030870,0.1958411057039388,0.16356889998468216,3.984580153451501,0.0748354946638308,1.8064808732764792,1.208664412012244,77.81391280695055,100,100
ENSMUSG00000030871,0.7070711662384149,25.78206726910067,16.216388723420682,0.001,1.1493953596959205,0.34603955370710493,987.027156512102,100,100
ENSMUSG00000030872,0.3142986442198808,0.448581745256935,20.848722021385555,0.1798146932447945,15.17199812314853,0.6046951259280018,112.53625234616712,100,100
ENSMUSG00000030873,0.001,62.31581250733508,1.0,0.001,0.001,0.0021011406351964705,0.36856816258710356,100,100
ENSMUSG00000030876,0.44001549715407373,0.42668711359958955,6.780442385919753,0.18666220289669855,1.471699849162003,2.4016427720809395,48.99695610362761,100,100
ENSMUSG00000030877,6.963999008936609,838.6784072485754,1.0,0.001,19.675039730305922,0.0010000000000001596,0.015338640655970638,100,100
ENSMUSG00000030878,1.0421977147832733,1.0967388271155414,7.016978686052285,0.509970840581518,2.756495945987261,1.2833155570802988,17.706380958251337,100,100
ENSMUSG00000030879,3.4507029549443837,23.902190072059465,82.79017840861263,2.47678548866289,5.011647214453962,2.0629265295460244,6.391798713429113,100,100
ENSMUSG00000030880,0.541067462846013,1.3565569928513448,4.016455990649298,0.24360970963087453,1.0942186812501655,1.0648011356945497,8.295966586360827,100,100
ENSMUSG00000030881,0.8254967686163753,1.2243621536789988,11.73928811943672,0.5430683263303706,2.507650647101887,2.14571135175729,18.438861862916184,100,100
ENSMUSG00000030882,0.14627864129311294,28.685610892795257,32.34431420873658,0.001,0.24331171198830265,0.5515040977773091,232.32466179920985,100,100
ENSMUSG00000030884,4.640116814952736,315.21632624891043,743.2049343669996,3.7827807141387932,6.900115600591896,1.5033231805700362,3.1256309275865735,100,100
ENSMUSG00000030887,0.001,62.31581250733508,1.0,0.001,0.001,0.0015816912370357132,0.08803506578905076,100,100
ENSMUSG00000030888,0.8515013029941473,3.2695339895950215,8.984171405698719,0.4635117353987898,2.282204830879407,0.8505039068631728,6.286562507306913,100,100
ENSMUSG00000030890,2.556175950708516,47.59849479465475,229.86567444311217,1.7324779696663302,3.506126342160917,3.3585100227993516,9.046267599823784,100,100
ENSMUSG00000030894,2.2935674393179855,6.947592311207044,22.0236533310486,1.1438832251716762,6.258153255142921,0.8914173257555607,12.104011327688601,100,100
ENSMUSG00000030895,0.001,59.94762576822368,1.0,0.001,0.001,0.0017561782834771866,0.20114600455616188,100,100
ENSMUSG00000030897,0.001,62.31581250733508,1.0,0.001,0.001,0.0016353537510115247,0.1565156526184691,100,100
ENSMUSG00000030905,0.016221213444642807,24.299886120043592,42.89151975943722,0.001,10.588073464305834,0.0014141909346464378,53.29886084552681,100,100
ENSMUSG00000030909,0.4282965282830732,103.14966607220127,1.0,0.001,10.15619156651055,0.0012380788307952977,0.037127344368218455,100,100
ENSMUSG00000030911,0.001,62.31581250733508,1.0,0.001,0.0010000000000000009,0.001802655784406598,0.22115853080001896,100,100
ENSMUSG00000030917,2.3914439518681405,148.65901899944234,260.830337090666,1.1461823881350905,3.970772215607793,0.9961535166268973,7.387236733852814,100,100
ENSMUSG00000030921,0.008829788468124374,0.5825287601694568,4.223119393372665,0.001,1.5915339986225319,0.002709022948890063,89.62423866576498,100,100
ENSMUSG00000030922,0.9548164044614456,3.371815098738153,4.561899877935573,0.00104965552216756,1.01892569603492,1.239382241104252,1880.1998217994278,100,100
ENSMUSG00000030924,0.02084407981425916,0.26428405227839435,1.4366669672836008,0.001,0.30980330691471447,0.2207122148979092,139.06028802916703,100,100
ENSMUSG00000030929,0.1704441048271366,8.223539566647327,8.869808843349494,0.049671591067501596,0.39947347027875,0.37030942623739654,3.9310588328278477,100,100
ENSMUSG00000030930,0.0795492672504624,0.8711338433963322,2.9639423361188713,0.04400371242027315,0.2511148176223899,0.8636089660390707,7.552701679602342,100,100
ENSMUSG00000030934,3.814197888119819,774.7646132192959,2180.181062427908,2.828463111809464,4.74122581370818,2.2180802294127226,5.143669550428264,100,100
ENSMUSG00000030935,4.132577005576439,999.9999999828615,1.0,0.001,8.979822110098901,0.0010000002215894638,0.05600942280430249,100,100
ENSMUSG00000030942,0.842326701267209,5.757551407784181,15.721612574860472,0.26980444110984575,1.171742179195288,1.652528572129639,12.493006874668229,100,100
ENSMUSG00000030946,0.7039651536660365,97.99114408321219,114.4707935230825,0.34609220108389727,1.1190689016590503,0.7839379858001074,3.469338317579128,100,100
ENSMUSG00000030956,0.30966229182039784,1.3289423792476613,4.483615256257642,0.001,0.5094471759528771,1.6795906177413764,1630.5088974130372,100,100
ENSMUSG00000030960,0.1323995334282264,0.2067014475018456,3.3711603363089195,0.03884616393525981,0.3847742702353497,4.789475616898693,69.15988334057322,100,100
ENSMUSG00000030965,0.8019524561361521,0.635785476318049,4.1397110073866505,0.3148872687295959,3.193928755087592,0.7573769039610322,26.63219012518359,100,100
ENSMUSG00000030966,0.18214590641974288,2.7070067705881247,4.67128646485843,0.07472815590194268,0.44205578369855497,0.5538901252959425,5.452376746868152,100,100
ENSMUSG00000030967,0.292273111929764,0.22919200848572965,2.9054145879316557,0.019688619556113538,1.182151001506026,1.7382113191380775,233.62209779712532,100,100
ENSMUSG00000030970,0.4983048585000391,1.0041489964805435,4.949086225753238,0.2530048848557044,0.8855654814014966,2.118361639111923,12.210749142673418,100,100
ENSMUSG00000030978,0.6304802041617453,78.28774078365062,516.5949459022069,0.518998180515271,0.8705684321294327,4.195627526345583,8.809818104642009,100,100
ENSMUSG00000030979,0.004500315660809055,0.005157354564667326,1.5278304046963795,0.001,0.639262647906925,1.0642818334753317,1537.8301874985495,100,100
ENSMUSG00000030980,2.871557044102693,16.38138009238005,44.97913022956309,1.804197317122503,4.4331057365584865,1.5126530224650838,5.824942881877593,100,100
ENSMUSG00000030981,0.001,62.31581250733508,1.0,0.001,0.0010000000000000009,0.0016769392851082843,0.2888161765426627,100,100
ENSMUSG00000030982,1.6439153145605667,3.3895247857054347,15.847508219416326,1.1149981785587961,3.0094475167844,1.738987068087593,9.230697371719591,100,100
ENSMUSG00000030983,3.3657215216774277,194.47214282095172,384.0315103737942,2.0410382420907602,5.697950151160258,1.0897869350486764,4.44360979252953,100,100
ENSMUSG00000030986,1.0692436958723932,3.4531048576819203,8.683210428711881,0.36650125468994665,2.12582898795006,1.013998176220625,12.65508690141322,100,100
ENSMUSG00000030987,1.4412918365083065,12.469902066948938,19.219642733327426,0.49535323540171955,1.995913628568022,1.004587568421022,7.521553297342859,100,100
ENSMUSG00000030990,0.6031053878400775,0.8132852037501828,4.154181134488338,0.09214994645122651,1.4354519686746556,1.6005189363080863,47.56834762390449,100,100
ENSMUSG00000030994,0.08973709526036126,18.72132840284902,6.188163766048824,0.001,29.73566238848078,0.001095520238429898,1.383805401210208,100,100
ENSMUSG00000031004,0.011446362801811143,0.30711080963787823,7.158543828180463,0.001,0.06501937258959248,0.5062807726092189,74.23787501599543,100,100
ENSMUSG00000031007,0.2247389142356314,0.41811793304485245,37.20567354632985,0.15452318508878787,0.38969672866292393,37.55668662943547,131.11462680934744,100,100
ENSMUSG00000031010,0.41404561538235435,1.0218525433673498,14.841163937395192,0.07835733341349596,0.6207127519596458,8.636345460682746,125.17525733274711,100,100
ENSMUSG00000031012,0.1558360316087253,0.18703159982412187,11.438529189953247,0.06718452994546599,0.3954369949003943,16.178795049060135,171.37982809940672,100,100
ENSMUSG00000031015,1.217943119735815,9.738165631820307,37.390546930392475,0.8917383697942778,1.6726619842404322,2.478481563405893,6.955985682093463,100,100
ENSMUSG00000031016,0.2271479036982291,3.137745058407452,2.434851230872268,0.001,0.611632303615274,0.20700068456332432,260.7656164189616,100,100
ENSMUSG00000031021,3.20822102839617,416.7897649701538,910.4405026979639,1.7947796450249123,4.9285467738432205,1.389970083238154,5.775220964010726,100,100
ENSMUSG00000031022,3.9672405047007087,473.35990566115856,1.0,0.001,12.775745063864104,0.0010000004814932765,0.022727189756958054,100,100
ENSMUSG00000031023,2.09069809610786,15.206614153673117,41.47214658173583,1.4192841148797672,8.02944768755125,0.6379897603980048,5.995591366670798,100,100
ENSMUSG00000031024,0.6094486835141399,1.0089524596048176,9.146791616615262,0.3352407928049236,1.1503116828410591,2.908605621965757,21.86043801983833,100,100
ENSMUSG00000031026,8.472135479294085,999.2413641869299,1.0,0.001,12.772672265150286,0.001,0.027627365394602255,100,100
ENSMUSG00000031027,0.001,61.88525872635182,1.0,0.001,0.0010000000000000005,0.0014474361605463697,0.1809282152316662,100,100
ENSMUSG00000031028,0.006547522731703107,17.83970397550585,44.43901538266972,0.001,4.03476371795279,0.0015782551428872584,12.255469592109481,100,100
ENSMUSG00000031029,8.190324880507653,586.6454389249848,1041.3315348955127,5.559347886163236,11.996601003461478,1.2130265515986505,3.9905017919057237,100,100
ENSMUSG00000031059,0.16752155199623006,0.21588309306108933,32.971562941334554,0.09585090724272743,0.34423559529968384,38.515618490935466,314.4013613504041,100,100
ENSMUSG00000031060,0.0462698770564941,0.2129807199805711,7.69291766696249,0.001,0.11399282290031112,6.397102117008206,1849.1556694445098,100,100
ENSMUSG00000031065,0.13871641551378264,0.12612777176412535,16.175387475184543,0.07083512568627938,0.6469593206681139,13.65681848284314,268.0375896078728,100,100
ENSMUSG00000031066,0.1308577875178624,1.461081282144169,4.000085204985469,0.003532748305416112,0.3290446782855718,1.0031144938079604,171.57746716871037,100,100
ENSMUSG00000031068,2.2954413962676234,4.59332761340683,89.52949717594102,1.6103396656652462,5.0512292603439555,6.0007397146539985,35.60959913857945,100,100
ENSMUSG00000031070,0.6037225022455769,2.639243044866998,20.714248674278352,0.4604598763605,0.8994458171208382,4.710830636769085,10.880699788546025,100,100
ENSMUSG00000031072,1.325949738365959,5.558007052970869,14.966407936905393,0.6432857986986124,2.3072269652991864,1.194892571616639,9.051774067551865,100,100
ENSMUSG00000031073,0.001,62.31581250733508,1.0,0.001,0.001,0.0019421822394404217,0.08728417769629881,100,100
ENSMUSG00000031075,0.12196020984746071,18.449799965873254,5.053070464011619,0.001,24.92968014652891,0.0010049967958987312,22.37390978499984,100,100
ENSMUSG00000031077,0.0010096204654669247,0.001,1.2054916224423937,0.001,1.1843716076189659,0.5415797168991471,1221.3056346664584,100,100
ENSMUSG00000031078,3.744355577602547,8.699884289000927,61.05179822665713,2.815719918859285,6.1489044127411,3.0549273689332037,12.305890849081035,100,100
ENSMUSG00000031079,0.09058568389415386,18.722323663823758,6.183041979105209,0.001,23.47151327202073,0.0010061842336687925,1.0852103873688064,100,100
ENSMUSG00000031090,0.4362351886727808,9.386632901172039,8.082053823855825,0.001,0.7985933424279212,0.47355595154459484,658.3958529887822,100,100
ENSMUSG00000031093,0.03648234734473505,4.416944849006794,5.862676224705589,0.001,4.116739999223605,0.0016300028768341268,72.74498848774081,100,100
ENSMUSG00000031095,0.08791411576469699,0.1349878904962049,3.4350548933753338,0.001,0.29358996288638917,6.743589199749209,3053.2157172022357,100,100
ENSMUSG00000031097,0.001,62.31581250733508,1.0,0.001,0.001,0.001508300160508734,0.25631258209507257,100,100
ENSMUSG00000031098,0.08616000794364578,4.848828083408142,2.3922996295717316,0.001,18.327483300348312,0.0012528384721058187,34.774408745657404,100,100
ENSMUSG00000031099,4.002537415882682,455.78661953405134,1.0,0.001,22.233923036797204,0.001,0.0463255864040165,100,100
ENSMUSG00000031101,0.001,62.31581250733508,1.0,0.001,0.001,0.0019563006865403834,0.1830356491795364,100,100
ENSMUSG00000031103,0.4525415461310718,1.9272387781045843,4.017251088591985,0.12671120526857027,1.082221448054368,0.7424968773365741,8.648005030471161,100,100
ENSMUSG00000031104,1.5850170815257805,375.47753470355826,1.0,0.001,8.184989986850876,0.0010000000318018446,0.06972830709433597,100,100
ENSMUSG00000031105,0.14209110474665215,0.23496938390967403,2.3539091223741804,0.0010965867006360428,0.6844259870928641,1.4074870950138454,1588.5930595055531,100,100
ENSMUSG00000031107,0.28359454346959184,6.588134763222715,20.634859144017565,0.06728778049888127,0.4779803980731202,1.9109720346966443,20.304682741168126,100,100
ENSMUSG00000031109,0.0011791275759355758,0.0029868393292825555,1.2110871372403602,0.005198169634848752,0.4573426962347533,0.6883959130236991,83.60252015303001,100,100
ENSMUSG00000031111,0.0031351585754898223,9.586267260554946,24.8549171356134,0.001,0.031095928265331533,0.001800796126204239,15.58063555963398,100,100
ENSMUSG00000031112,0.001,61.88525872635182,1.0,0.001,0.001,0.001835440759420008,0.14656064778887573,100,100
ENSMUSG00000031119,0.3094749505415539,1.662220254929934,45.54843861777001,0.22833957890326995,0.4151665805480077,19.729842279752862,38.4589820859591,100,100
ENSMUSG00000031125,0.001,62.31581250733508,1.0,0.001,0.001,0.0016301295416012278,0.30800701524760465,100,100
ENSMUSG00000031129,0.3398999986380114,1.8100534285125245,4.037222121456514,0.15475347606793693,0.7430791379127131,0.834220196046966,6.304600565053475,100,100
ENSMUSG00000031133,0.2716841911486583,30.551895034169064,11.090087023916668,0.04000990593930862,11.550969636696847,0.0039506928579519495,1.1776795212798632,100,100
ENSMUSG00000031134,0.3228279056230698,1.2939666987857275,12.62770536671027,0.17237753042030446,0.4753178082625056,6.482302869356992,21.217361456317292,100,100
ENSMUSG00000031137,0.018468391867219002,1.916147140462733,14.099854314728898,0.001,0.15734380874970577,0.06230391171937845,58.406813538911905,100,100
ENSMUSG00000031139,0.001,62.31581250733508,1.0,0.001,0.001,0.0020250629776409177,0.09396912400925847,100,100
ENSMUSG00000031144,0.02278667923600577,20.65264344498866,15.020789248933026,0.001,8.153114647664411,0.0010733083521106566,12.923419466297032,100,100
ENSMUSG00000031145,0.23303595380539555,1.0590036309285362,4.3119652641025406,0.12522134427923873,0.44497860322088745,1.6953343621956225,8.539211532767453,100,100
ENSMUSG00000031146,0.18720759089516076,0.5030167419575261,29.622421954953957,0.12654074080015032,0.2608999474622501,40.293329615287746,98.20638816577332,100,100
ENSMUSG00000031147,0.001,62.31581250733508,1.0,0.001,0.001,0.0017194627403278046,0.23802187926003207,100,100
ENSMUSG00000031148,0.1310579738401189,0.09669413383165727,6.552399692413199,0.04952888743482989,0.7418772224438316,5.2686791430656434,194.88238762686964,100,100
ENSMUSG00000031149,0.2657238153718476,0.5120796439426133,26.229472301838765,0.12414820221436362,0.5014187846577407,18.70459689344865,132.6129519887021,100,100
ENSMUSG00000031150,0.034926542238910015,26.372574729902002,29.11523338940842,0.0025911137876016327,23.32300090987959,0.001000000000000046,4.016618944482682,100,100
ENSMUSG00000031153,0.16354680755018264,0.1551599508125299,5.115481264258058,0.03721150573158721,0.5680132412816641,8.517397633944157,169.90035779545252,100,100
ENSMUSG00000031154,0.28235126620423184,0.509948650121889,5.02075286946526,0.0421118140271803,0.5117924732159801,4.7821630321291515,79.43257898712884,100,100
ENSMUSG00000031155,0.08206845985612778,0.8929574219367574,2.036765197026827,0.001,0.4208225717239128,0.2927174577857015,204.34107705438174,100,100
ENSMUSG00000031156,0.1735999012605185,0.20181272030583544,21.83602914593672,0.11272735681772272,0.38603444529075664,29.962920618850976,181.89855699478028,100,100
ENSMUSG00000031157,0.13699218581218015,0.1312890095268435,9.618011010574657,0.03540392684095714,0.39690317294630173,13.277825441489094,357.61076613455896,100,100
ENSMUSG00000031158,0.1211713230478831,0.10375421513761551,11.103590948609037,0.05684761598430106,0.6734330615526081,9.518456942585988,287.0537829317518,100,100
ENSMUSG00000031160,0.001,62.31581250733508,1.0,0.001,0.001,0.0015552278526422788,0.08732688883087701,100,100
ENSMUSG00000031161,0.443978123789903,3.6578243935186405,8.654223445498475,0.1318114677201782,0.673438892376734,1.336206657211569,10.662807391065154,100,100
ENSMUSG00000031162,0.001,62.31581250733508,1.0,0.001,0.001,0.0018408956015022763,0.11452627708938568,100,100
ENSMUSG00000031163,0.001,62.31581250733508,1.0,0.001,0.001,0.0018648569785692285,0.16581813169470855,100,100
ENSMUSG00000031165,0.001,62.31581250733508,1.0,0.001,0.001,0.001978975594095295,0.1880701948184602,100,100
ENSMUSG00000031166,0.05800544605372941,0.046469315184025764,5.005932808779091,0.0014851187263343842,0.4414741697318689,10.212446863224228,4825.772288270027,100,100
ENSMUSG00000031167,0.21902282782838695,0.5649799305324975,120.04328973204913,0.001,15.101555240096122,0.002107412616275733,310.2539544549141,100,100
ENSMUSG00000031168,0.2591703436707663,0.47675005201428394,6.910443791270412,0.13905327497058578,0.44645463720904754,6.605647305245288,31.131534300595767,100,100
ENSMUSG00000031169,0.1611122689937891,6.608495780637934,24.264700049873987,0.03804845468813293,0.27055663157034787,2.0214013638080344,18.836468363794072,100,100
ENSMUSG00000031171,0.35877256920788175,0.794488668781214,3.8860838591001836,0.030917292789859337,0.7101649369533481,1.9177937372703395,80.75120687281239,100,100
ENSMUSG00000031174,0.3806706863349091,5.069365004374014,3.8940560143361993,0.12807033514167113,1.0082304863999407,0.2365475068289524,2.734657819827169,100,100
ENSMUSG00000031176,0.044390445293930735,0.0395937887770679,33.30191412088358,0.001,0.6167995486453441,0.0538653160654138,43712.048232772395,100,100
ENSMUSG00000031179,0.001,62.31581250733508,1.0,0.001,0.0010000000000000005,0.0018053798929675955,0.12904493746588738,100,100
ENSMUSG00000031189,12.945924184556738,999.999999972587,1.0,0.001,21.720641812805454,0.001,0.01914816960433802,100,100
ENSMUSG00000031196,0.005241422963223473,0.07866058658040319,1.0,0.001,1.4858572042678018,0.0016768407126204123,77.65522833501612,100,100
ENSMUSG00000031197,0.11946644551743688,0.10682788998067633,10.848533564615272,0.06567186000975714,0.4288053447721166,19.501356713419725,197.77362553803152,100,100
ENSMUSG00000031198,0.03298939418405639,0.021123322288743987,6.9901734906384245,0.0017310620740405127,0.7825297377864876,6.500600839112073,6830.132404460125,100,100
ENSMUSG00000031200,0.1420538165828082,1.3001927332634557,1.5020601259343715,0.032063291622093114,0.7815249260217834,0.12863781704164884,4.896860549381856,100,100
ENSMUSG00000031201,0.11227710873047991,0.10561598444937674,5.5596285745971254,0.002824798458279547,0.6377414429113472,4.601229662568038,3177.6912752373637,100,100
ENSMUSG00000031202,0.034388536027228106,0.5456046263001052,3.2941590751947434,0.001,0.18396539176152082,1.0498444561676297,190.8837459637749,100,100
ENSMUSG00000031204,0.001,62.31581250733508,1.0,0.001,0.0010000000000000009,0.0017032133641382754,0.15612767402894423,100,100
ENSMUSG00000031207,0.22711689879580604,0.49470807565010605,69.22332275390892,0.0707404792309371,3.336738266725641,0.009779800903613935,31354.979505673204,100,100
ENSMUSG00000031209,0.04349621544800603,0.3134725678476572,7.071762775600753,0.014086434694565643,0.1106110892838956,6.015638338210561,76.40934263170992,100,100
ENSMUSG00000031214,0.2589170637769064,2.323592713924918,5.056526231455925,0.09719409646282987,0.49677386301073345,1.006340902371013,7.230626610871408,100,100
ENSMUSG00000031216,0.14464457597837532,14.738609405222375,22.085690790889235,0.0719986718665643,0.32314044979228707,0.5364425533057018,3.3926327550764457,100,100
ENSMUSG00000031217,0.3615571516344317,16.643316346238006,99.69140029980157,0.12596648015425743,0.4226016170508421,5.1993410863525344,24.60083896945121,100,100
ENSMUSG00000031220,0.005185192787064178,15.295190330904838,60.25765414130152,0.001,0.07233860411757109,0.0023088564796343775,38.70095859831409,100,100
ENSMUSG00000031221,0.05917736902836157,0.05752068165327776,9.28727705068025,0.002659263796618902,0.6179788350563455,10.09942072664336,6002.187174751865,100,100
ENSMUSG00000031224,0.001,62.31581250733508,1.0,0.001,0.001,0.001836827899758469,0.168785360743945,100,100
ENSMUSG00000031226,1.7923015809461016,4.833890024568854,20.261099426455736,1.1877238613809644,3.926338215844826,1.4251371236975516,9.155189159828279,100,100
ENSMUSG00000031227,0.15700499315992142,0.16637380127303522,11.83972560499571,0.08460324332734426,0.5094811487475128,13.062707554171865,147.45356501822192,100,100
ENSMUSG00000031229,0.09886114886793186,0.08860255579440149,7.769648841111796,0.019074714084495625,0.4996742414822193,13.414555393001123,546.3818828686044,100,100
ENSMUSG00000031231,0.16153297006741948,0.21715283986343156,69.1586092278997,0.001,0.7702299219968993,1.5228802538443642,2026046.4634135596,100,100
ENSMUSG00000031232,0.47233220467373166,2.9173701761489332,7.616804714641953,0.1243843186684142,0.7592445513538166,1.4396954760405887,13.913940026658928,100,100
ENSMUSG00000031239,0.07488717632534586,0.9480877030506807,4.870003996587401,0.03969472157708487,0.182143364523849,1.7487660239972902,10.507450916707427,100,100
ENSMUSG00000031242,0.20358838082432715,0.4360998682937397,2.429320443610237,0.0010134957604625186,0.6341250077903553,1.2518825303039431,1416.3600292118495,100,100
ENSMUSG00000031245,0.011565379916641513,0.03217617746449749,1.7594092911844161,0.001,0.3413670409752809,1.4352924094416513,750.5934743839333,100,100
ENSMUSG00000031246,0.2714547237302079,0.4606014787486731,19.867059058690458,0.16067578046651843,0.5978462403153055,14.981565949588104,94.82237729064475,100,100
ENSMUSG00000031250,0.001,0.02841512831041589,8.572419872443284,0.001,0.04133016167603325,0.0027123656493368443,463.0427928835849,100,100
ENSMUSG00000031253,0.14856813676094863,1.6141359124695034,30.66377162719497,0.11102091196835664,0.19703091215661966,12.327258161005245,25.39133273589111,100,100
ENSMUSG00000031255,0.054380164303624585,0.21572981290884932,1.9819209182187802,0.001,0.30316225579615996,1.2366306820983493,422.58060799557813,100,100
ENSMUSG00000031256,0.0734623835241153,0.37332778713930276,4.995061027787932,0.001,0.19817437061964485,3.8856149465754273,1164.6137475671164,100,100
ENSMUSG00000031257,0.001,66.84427540036525,1.0,0.001,0.0010000000000000005,0.002023604332965006,0.16471657818283025,100,100
ENSMUSG00000031258,0.001,66.84427540036525,1.0,0.001,0.0010000000000000009,0.0016429100639969991,0.5364503117415167,100,100
ENSMUSG00000031262,0.021980038515901253,0.7546728748551378,4.829974806496648,0.0012750291118407892,0.11611950907709687,0.013531566804478954,25.030983365646357,100,100
ENSMUSG00000031264,0.001,62.31581250733508,1.0,0.001,0.001,0.00186207623680541,0.46886887520938747,100,100
ENSMUSG00000031266,0.35770752008573153,0.9996861486416099,16.554993608517194,0.23235668880654375,0.5071722558369046,10.823036158406595,28.616853739127983,100,100
ENSMUSG00000031273,0.019423963170669443,24.19360894833747,45.855506892160726,0.001,11.022560453995194,0.001021443789013509,12.264685414105042,100,100
ENSMUSG00000031274,0.2643413878432508,3.3998937389200172,42.72974908920345,0.18210949250637326,0.33304171216299017,10.089548095065549,20.82117391406073,100,100
ENSMUSG00000031278,0.18708146915375934,0.33261880513265685,3.1033601718430184,0.011727600256810782,0.5580140642790364,2.2425717339518645,368.3552987848776,100,100
ENSMUSG00000031283,0.05440579027789155,1.6866375405003085,23.989861725778162,0.03165589350154653,0.09538905600445668,7.102249249697769,27.882674776360837,100,100
ENSMUSG00000031284,0.2513667065278872,56.514974952015955,222.6864375461324,0.06149487222450303,0.32476488152201527,2.778563593318434,20.316245817694345,100,100
ENSMUSG00000031286,0.47206110992949024,176.9074551044123,31.34699851310782,0.14671289254175476,80.94616778771442,0.001110691899706446,0.6443132305965791,100,100
ENSMUSG00000031289,0.024406145273559714,1.6767674407481246,17.47868099906317,0.009272558300268241,0.11602843719051528,0.9496242395930586,31.287808485422133,100,100
ENSMUSG00000031290,0.4606112498819912,17.31445074677943,2.1166761849603226,0.001,51.28159169872036,0.0010796681679205071,0.6127696986008679,100,100
ENSMUSG00000031292,0.023494809112669563,0.3636510582419642,1.5332136664018927,0.001,0.7940514540991279,0.06019802838827429,95.95869854763967,100,100
ENSMUSG00000031293,0.001,66.84427540036525,1.0,0.001,0.001,0.0017058351543366812,0.07954006333788606,100,100
ENSMUSG00000031294,0.001,62.31581250733508,1.0,0.001,0.001,0.0021705805069838343,0.19710645778420188,100,100
ENSMUSG00000031295,0.20866650739646775,1.4288697413512765,3.3514144304724653,0.0016997466767413568,0.4513710940280099,0.9912288707002033,431.602516150875,100,100
ENSMUSG00000031297,0.027370222975868025,22.250159062780902,33.82162254828069,0.001,0.40693593146996543,0.005165971479130584,77.07271413512748,100,100
ENSMUSG00000031298,0.3699135182286826,4.5393995068050845,54.8983801440703,0.23315722755140605,0.47804619287983774,9.716760418940376,21.289244808527283,100,100
ENSMUSG00000031299,0.25136408272949784,0.4628523040508222,28.430591430554532,0.16375294017606518,0.4411986435061671,23.6940486059458,112.11054751664781,100,100
ENSMUSG00000031302,4.761879927399458,566.6617690149387,1.0,0.001,13.699777389883067,0.001,0.019578242597858765,100,100
ENSMUSG00000031303,0.022978131451844876,20.520988321074714,14.924900487481425,0.001,8.919050481947826,0.0010301543758433928,21.49653992338731,100,100
ENSMUSG00000031304,0.02191695546795265,2.7036864617790335,5.127698544696505,0.001,18.97165766820342,0.0011612314587688688,4.129711638562193,100,100
ENSMUSG00000031309,0.0954059547164204,0.08854683924895813,4.9568648180728285,0.008283575101282147,0.4832852705260577,7.938698953825967,1399.6719835470756,100,100
ENSMUSG00000031310,0.11688320708288528,0.2176465154630762,3.4778979804598693,0.001,0.4430168425647242,3.1992279961378447,2403.946613030371,100,100
ENSMUSG00000031311,0.08342933101839772,0.06836135842982702,14.380974785409569,0.03158105111390752,0.4650928203303314,21.55431616031022,634.7151503428813,100,100
ENSMUSG00000031312,0.13330040902182108,18.08401592296396,6.885183403795692,0.0030262426833044397,8.983092773949718,0.003274657203826404,9.088704938389238,100,100
ENSMUSG00000031314,0.34691363431552613,2.640327814848886,19.283909364999502,0.001,0.4611066536424019,6.205620936816219,4816.894477108028,100,100
ENSMUSG00000031320,0.2297637162450858,0.6747833850816163,259.2272574867896,0.0010031702761330748,5.428172983373935,0.029035839991206125,494.10833969057524,100,100
ENSMUSG00000031325,0.001,66.84427540036525,1.0,0.001,0.001,0.002287020078186841,0.18344864719696746,100,100
ENSMUSG00000031327,0.20103418403585835,0.9203960039190471,3.5081579515600896,0.08551327524515304,0.49168503518591655,1.3448609861747476,9.629293878368017,100,100
ENSMUSG00000031328,0.21567607688081802,0.5032869917803469,170.73577236548752,0.00751722798128725,108.21129458470284,0.0015378932095362575,706.2980237317834,100,100
ENSMUSG00000031329,0.001,62.31581250733508,1.0,0.001,0.001,0.0016407324781065932,0.26123211859917866,100,100
ENSMUSG00000031333,0.28667950503349116,17.56442729387593,29.74761168845739,0.001,0.41356169940796567,1.1584293953106766,885.6328592139257,100,100
ENSMUSG00000031337,0.32955359259171874,2.600770473992391,7.143394679547601,0.07720567046294141,0.5650834597047527,1.4613240860207888,16.97666733892261,100,100
ENSMUSG00000031340,0.024547697565476694,22.172852964794064,30.37667107653965,0.001,17.173203012716797,0.0010472347302886262,67.46698870554084,100,100
ENSMUSG00000031342,0.01688306711187057,23.268463247162483,57.02028925547141,0.001,1.775516633736264,0.003122224232574722,60.5180195381936,100,100
ENSMUSG00000031343,0.013444795687591143,0.38358587130506067,3.4235804415579576,0.001,0.08787256828590713,0.16838127398240027,142.9266255905459,100,100
ENSMUSG00000031347,0.05211370949414525,0.035893135084088104,9.33813656987207,0.009013556316797448,0.5107055090000413,10.407183657013462,1563.0908473779618,100,100
ENSMUSG00000031349,0.299967302863236,1.4375003590164073,33.099366408368404,0.22000793442334482,0.3742109366184596,16.560477314587438,31.406053435230174,100,100
ENSMUSG00000031351,0.001,62.31581250733508,1.0,0.001,0.0010000000000000005,0.0016850777321347253,0.19747425366213905,100,100
ENSMUSG00000031352,0.6088263542481935,18.475577207029644,22.791094601585062,0.267730230561961,0.948923330764587,0.7193869176463465,3.591000905128892,100,100
ENSMUSG00000031353,0.27904844880827806,0.7647824183464291,67.34126828021041,0.024272775392646384,0.6152532450351202,0.38342769393859844,131.1114611368384,100,100
ENSMUSG00000031355,0.029058884028863745,11.403908315344697,31.95779676284061,0.001,0.2932461574575872,0.10718433190812122,137.175993794257,100,100
ENSMUSG00000031357,0.2607114919830311,0.3709945690137323,5.6685783623724175,0.15185460160585496,0.5744890959906841,5.441774251395257,28.835219610214942,100,100
ENSMUSG00000031358,0.07296622616668616,0.05452140558822034,3.3688173243290356,0.0014897971512922046,0.4347931288084054,8.51252791145634,3377.747622084461,100,100
ENSMUSG00000031360,0.1646801773906388,0.17231881348373485,6.143520594243151,0.06197646964135135,0.31376737674050525,15.422924938430835,93.79776446581548,100,100
ENSMUSG00000031364,0.001,62.31581250733508,1.0,0.001,0.001,0.0015883896884513458,0.2670270950824978,100,100
ENSMUSG00000031365,0.1104464460030748,2.1519639389739473,1.0,0.016574364223467006,39.192566653263505,0.0010910052990800653,4.953045898998141,100,100
ENSMUSG00000031367,0.20702705267126525,0.603544730642706,1.2060588816148599,0.1003298566053772,1.2306841372609605,0.23162183634236727,4.388401955510281,100,100
ENSMUSG00000031370,0.24181131950355517,0.3672887911081396,8.953625708736643,0.1611242448996052,0.3303582191019292,16.891809736061546,43.58175234877741,100,100
ENSMUSG00000031371,0.4524797092273909,8.435472023365953,89.43877000963512,0.2306962070707579,0.5197427055170037,9.442661730312789,29.356456441753103,100,100
ENSMUSG00000031373,0.2532903876189088,2.583920933543914,5.628004096475812,0.12573475778103804,0.4339087623166141,1.1603608541272576,5.649548599512427,100,100
ENSMUSG00000031374,0.001,62.31581250733508,1.0,0.001,0.0010000000000000009,0.0019699300658915556,0.3413115934894849,100,100
ENSMUSG00000031375,0.20923718181915857,0.5395453345113812,382.32657863464783,0.036549193677041465,121.85220891096678,0.0039968189662845394,7508.075938143831,100,100
ENSMUSG00000031376,0.001,62.31581250733508,1.0,0.001,0.001,0.0018697706130824865,0.1320702510671008,100,100
ENSMUSG00000031377,0.001,62.31581250733508,1.0,0.001,0.0010000000000000009,0.001520089550323199,0.20286775080005529,100,100
ENSMUSG00000031378,0.17811421227252763,0.6336527577312767,3.3383000634903937,0.020926961426226506,0.44949321050874524,1.5504506645020755,52.038525096960655,100,100
ENSMUSG00000031379,0.20967045681577057,12.755363962618507,26.360069187411007,0.1188257293649852,0.3300149685151766,0.957631452079658,5.263051049130658,100,100
ENSMUSG00000031380,0.3178109297528514,29.340185343527786,493.6402715931164,0.23963859200898496,0.41463991362569225,11.294992067860319,25.828539960988614,100,100
ENSMUSG00000031381,0.001,0.002071720968365991,2.4317002400531424,0.001,0.33983935078291017,2.415606918511246,1357.6722983306727,100,100
ENSMUSG00000031382,0.001,66.84427540036525,1.0,0.001,0.0010000000000000005,0.0016440235305217195,0.19661605914688413,100,100
ENSMUSG00000031383,0.07721739735317178,0.4640329887767655,5.892620052058231,0.02974035671122218,0.18491822446531578,4.278265189402901,38.730810351520454,100,100
ENSMUSG00000031385,0.001,62.31581250733508,1.0,0.001,0.001,0.0015859280168189068,0.16555663767146692,100,100
ENSMUSG00000031386,0.06332425415869104,0.041028185208021,9.245979742552178,0.006648326219126015,0.3789985881898129,20.5284590020355,2208.198322794958,100,100
ENSMUSG00000031387,0.11246893763007221,0.620945489492878,22.39933135635061,0.02938443431731984,0.14946825516974835,26.754625556809764,699.5046130497994,100,100
ENSMUSG00000031388,0.3588266403262375,1.4041310885538838,4.536656913555568,0.0010498430735768976,0.7457703486734488,1.2292564560280685,1282.7083309570537,100,100
ENSMUSG00000031389,8.043554341593671,638.1330123833026,1.000037062990442,0.001,21.19714456453081,0.001,0.009006440902847423,100,100
ENSMUSG00000031390,0.001,62.31581250733508,1.0,0.001,0.001,0.00146676788374609,0.2320079893940256,100,100
ENSMUSG00000031391,0.05332940702888469,1.9542152837350222,7.799321641026077,0.027051301971640886,0.10646851065139362,1.385369625290159,11.188610725480606,100,100
ENSMUSG00000031392,0.04602511472237384,0.03526475717148791,4.62133957699403,0.0013770734665263448,0.23411833751549477,21.58003341403467,4419.114839675998,100,100
ENSMUSG00000031393,0.04630589687644429,0.03297311650663908,5.851963437286528,0.002554559688814033,0.2378860138669985,28.723149191327625,3943.2762799455522,100,100
ENSMUSG00000031397,12.51971544673617,744.4047018579993,1.0,0.001,25.423231616653517,0.001,0.007195641014938006,100,100
ENSMUSG00000031398,0.15445047399932996,0.5612470212685998,3.2784251320923343,0.07668713518346998,0.43201434521301835,1.638846899002766,12.56492054549777,100,100
ENSMUSG00000031399,0.13538882607449113,0.13465551966822809,2.088263762430583,0.0014399208262806397,1.0738083358335908,0.915161828125605,1747.5911656748317,100,100
ENSMUSG00000031400,0.24817192959561382,0.5523903575481481,30.216359301320026,0.17421077624746784,0.35262953694759475,36.32320038128054,83.12582507538167,100,100
ENSMUSG00000031402,0.36760404054106677,3.1098867842925477,112.32509816229349,0.2065774749794374,0.43169358564630617,34.61740894309183,78.31455190651982,100,100
ENSMUSG00000031403,0.3424930987286152,1.5266886800998811,24.126059887105303,0.24314685710342224,0.4668612048719143,10.823546699758957,23.635713494866927,100,100
ENSMUSG00000031410,0.001,62.31581250733508,1.0,0.001,0.001,0.0021281980914101516,0.10318743545035611,100,100
ENSMUSG00000031422,0.10361260789322996,0.12875505884290162,33.333373419795684,0.04119524589782664,0.4352647045274545,38.1054767179563,861.505609608069,100,100
ENSMUSG00000031425,0.1164943334398404,29.764703051731868,52.388922425356476,0.058702877314144475,0.2877240715287696,0.6380100950216263,4.249206606376889,100,100
ENSMUSG00000031428,0.0109029760781562,19.448794107022664,22.19712703812894,0.001,4.672231164510918,0.001533084057142252,17.326322700335723,100,100
ENSMUSG00000031429,0.19992881541430718,0.26250894786522627,13.34293892382848,0.10977222363629963,0.5312464777573612,11.819706237811667,108.7393116508847,100,100
ENSMUSG00000031431,0.23132049982451452,0.6421808485491377,10.362879958017928,0.04833357388277667,0.33858264423037276,9.30859533052984,103.49369540303883,100,100
ENSMUSG00000031432,0.3379316103562564,1.0907026199710008,12.784769747733224,0.20319712153888903,0.42947219294139105,9.28372295002519,23.454118527336366,100,100
ENSMUSG00000031433,20.950958052214023,867.7267518536645,1.0,0.26545153819165623,37.12171450423919,0.001,0.008689071708673824,100,100
ENSMUSG00000031434,0.3327827203946957,33.54863363825389,11.74336124247405,0.01876353240037619,1.3793707400632513,0.0057814389990281986,1.5117691784177945,100,100
ENSMUSG00000031438,0.08833429961613001,2.675992642036981,9.151866139935532,0.0404623507839928,0.21293082872109484,1.4095921585787057,7.312862357352805,100,100
ENSMUSG00000031441,1.8037848128715823,180.12293194571345,438.543650821714,1.3439461020338737,4.370055671403478,0.9666987009615302,3.780214365540178,100,100
ENSMUSG00000031442,0.1625501426021904,4.916915930847039,23.84753093333521,0.1155565001171131,0.2799338822951277,2.465986198288996,7.78647182236891,100,100
ENSMUSG00000031443,0.018008243429687078,1.55968047413008,10.803442191371612,0.001,0.1280023850508843,0.3237929583299567,85.15692227273885,100,100
ENSMUSG00000031444,0.001,62.31581250733508,1.0,0.001,0.0010000000000000005,0.001997678185559263,0.1653772773085678,100,100
ENSMUSG00000031445,0.001,62.31581250733508,1.0,0.001,0.0010000000000000009,0.001610541915834273,0.14267342047860065,100,100
ENSMUSG00000031446,3.922861994719779,322.7521132547012,511.52393293086374,2.8421127270379483,9.572833644454441,0.6317634626716795,3.2354625681308944,100,100
ENSMUSG00000031447,10.0,10.0,10.0,0.019671442689137574,0.9785626703889927,1.1998507096969662,98.13083019315027,100,100
ENSMUSG00000031448,0.001,62.31581250733508,1.0,0.001,0.001,0.00199475927135369,0.5223194900544617,100,100
ENSMUSG00000031451,0.9937233980693834,99.06191126650967,1315.957544409404,0.826302998230448,1.1939939467041905,10.417489476631225,17.796489674108017,100,100
ENSMUSG00000031452,0.001,62.31581250733508,1.0,0.001,0.001,0.0016066992185751795,0.09835748515083023,100,100
ENSMUSG00000031453,0.7623577313816383,5.1804006690650315,13.276937583908447,0.40187407693030597,1.161659470679441,1.5739118199257636,5.828487714729887,100,100
ENSMUSG00000031458,0.5715096855399704,1.4692532670752452,7.871840510670888,0.30751851388377205,0.9912463714674318,2.3212771161204495,12.561110862449912,100,100
ENSMUSG00000031461,0.001,62.31581250733508,1.0,0.001,0.001,0.0016437775452797622,0.3469700800334706,100,100
ENSMUSG00000031465,0.031432876283192066,8.279987942011337,19.233949743906525,0.004149795100308638,34.93423866173569,0.0011074897330909058,10.074712959039488,100,100
ENSMUSG00000031467,0.24131044140918384,0.4660658728004446,6.761451316367745,0.09668120297194008,0.4579382349075194,6.5618358188760455,38.81405177675387,100,100
ENSMUSG00000031478,0.27681268418407806,1.2013579032225057,1.9638482765753542,0.018583054158863042,0.942262104255249,0.34033859112436815,34.15435749587273,100,100
ENSMUSG00000031479,2.749481925498025,16.70008374137228,47.90525593025756,1.8422505896248194,7.530859626055308,0.8804159300576964,6.433547354652262,100,100
ENSMUSG00000031480,0.11292517512287796,4.886467932712701,13.121410191513897,0.057906108511504475,0.24074624270400885,1.0777174709319834,5.180826067097833,100,100
ENSMUSG00000031481,0.001,61.88525872635182,1.0,0.001,0.001,0.002376635611681246,0.30891205715092207,100,100
ENSMUSG00000031482,0.3824080191011555,0.39540212073320896,2.488262501490127,0.01308997692378761,1.5361845352886858,0.7993768493626164,366.0720744355067,100,100
ENSMUSG00000031483,1.9605144216335673,28.079572768087196,37.17707396516091,0.4331059421025535,3.3042150376998736,0.7667069528701267,16.66711153567022,100,100
ENSMUSG00000031485,0.9584781061671557,1.5128454857270883,6.4792335009054804,0.4953137147046973,2.1259213294007773,1.2559548577307025,11.811684696156156,100,100
ENSMUSG00000031486,0.21138823312448643,6.942914323645314,18.990636068929827,0.11277648944945579,0.3248930936000748,1.5221529749281313,5.398678233518099,100,100
ENSMUSG00000031487,0.27546656281277815,0.36684710195762743,2.0294127181049477,0.0014696831073551628,1.2960982127605798,0.7364957185181016,1451.7968939746386,100,100
ENSMUSG00000031488,0.13474524659594034,88.10842574675476,79.90615821092896,0.05189189498216468,9.376354487194796,0.037269433481151554,2.7167698990918465,100,100
ENSMUSG00000031489,0.023170669105005638,20.332878294987925,14.789115505488835,0.001,5.8520962737781765,0.001778159553538509,9.230078443068862,100,100
ENSMUSG00000031490,1.7852612466598432,22.147394482208533,264.452006591405,1.3310808258237237,5.492531381502523,5.558575933804722,20.791497617400633,100,100
ENSMUSG00000031493,0.040891747789442275,19.833486242246078,10.459190831220862,0.001,13.837694707787263,0.0010258673427043965,6.820566696350353,100,100
ENSMUSG00000031497,0.06333726241083287,18.375482932803497,28.93810257298302,0.001,0.17171813581792678,0.46001467418114667,143.45815362164512,100,100
ENSMUSG00000031502,1.3300183897496969,166.41806096655765,2843.997042383026,0.9140086608283804,1.766565325788307,12.246026184389034,29.864235143484144,100,100
ENSMUSG00000031503,1.276794281343472,10.721302681118821,168.27933114390936,0.9155598966772246,1.622121655438861,10.661989861387243,23.928046352685726,100,100
ENSMUSG00000031504,0.4122403382212325,28.820895789748352,26.381038417654644,0.04105827791344478,0.8668857752455752,0.4185342815447709,13.838833921619653,100,100
ENSMUSG00000031505,1.7666211520321935,8.389038359404466,20.427102187991274,0.5711693066290774,4.487017108174488,0.9058137414078529,18.036523289325714,100,100
ENSMUSG00000031506,0.03116657024476904,6.153589849511219,11.749991654589072,0.0021130396431452954,9.664994636868169,0.0022350093120121362,11.940823806093707,100,100
ENSMUSG00000031508,0.2802756618669733,2.517239852517523,4.562327828476639,0.08524931666985225,0.5823566646328526,0.8386622653375253,6.453356388564572,100,100
ENSMUSG00000031509,0.001,62.31581250733508,1.0,0.001,0.001,0.0015600084957912786,0.3107343605563524,100,100
ENSMUSG00000031511,1.457423749626013,3.053425811470794,6.833972306662342,0.4702656429260161,2.954764874195961,0.7721510364963042,13.054984031345942,100,100
ENSMUSG00000031513,1.4242925447495876,2.8753163248316302,24.99100730079616,0.9841573707504889,3.581494915200059,2.377931342036521,15.958655857727592,100,100
ENSMUSG00000031516,4.011619121248962,9.660718218146723,30.648369549281483,2.559487704255248,8.54798968895908,1.0618152432349337,6.868471048016698,100,100
ENSMUSG00000031518,1.8919350210788073,445.1132588648499,1.0,0.001,9.465903996041185,0.0010084911874295834,0.13548203306173565,100,100
ENSMUSG00000031519,0.17922035542973758,3.3573783672625654,74.42219198678488,0.12922278292083456,0.21507135342517802,16.628173127898574,34.41219985178552,100,100
ENSMUSG00000031520,0.34810729663382695,1.6963053974119313,6.7149452646029495,0.0780594220014626,0.6026246329996214,1.7210853395319314,21.358248805774082,100,100
ENSMUSG00000031521,2.8288020524534057,25.40619791349837,119.75698388395621,2.1335177280833157,4.216263766516003,2.7532500394606547,7.977958428831538,100,100
ENSMUSG00000031523,0.18048163709767917,0.563661234462039,26.460658526162636,0.08164467607613668,0.2922917026335582,29.415175590667296,99.41604012066892,100,100
ENSMUSG00000031527,0.20008395289343497,1.459137179886345,1.9989949680103936,0.0016866237994398615,0.5349711030667389,0.42852879061501925,214.72614068690575,100,100
ENSMUSG00000031529,0.3195053404242741,0.799843274625684,2.753390759987745,0.0057507071002692615,0.9334162946822038,0.9055860988724203,764.657924144854,100,100
ENSMUSG00000031530,0.11348438803868853,0.8458143637484461,2.242691949628001,0.002768167683000091,0.35168388308100945,0.7200680398840673,157.25199654412637,100,100
ENSMUSG00000031532,4.897826010509123,62.58693559492231,163.92392966785448,2.3812544828764386,6.8937981818842315,1.768373579913077,10.23046145582714,100,100
ENSMUSG00000031533,1.0402988481399857,4.708949848138235,8.463796125405809,0.016244906012207527,1.7138830416801147,0.9304103585729941,550.1805533344501,100,100
ENSMUSG00000031534,0.28419185469383196,1.858706514573613,3.478207444849098,0.001,0.6300406254978894,0.6521613403784443,573.0142052353237,100,100
ENSMUSG00000031536,0.4054779836149216,0.7356286810455077,5.495121368168487,0.17072382508429068,0.7858880525871719,2.7878324316887806,21.610608534490957,100,100
ENSMUSG00000031537,1.1072338479995343,0.58457004693301,4.785056616750203,0.43845693011126574,6.502925798388395,0.4983763186174047,32.81578554299392,100,100
ENSMUSG00000031538,1.1084166115942402,34.571103116039914,227.26834921553382,0.7671167775533242,1.4200881111413104,5.044694729221963,12.467120503092989,100,100
ENSMUSG00000031539,0.361881014995232,0.8494986356014876,3.1125343293209435,0.13640820148730148,0.8180614976875109,1.1668615222363252,11.283864499614209,100,100
ENSMUSG00000031540,0.03209570627220367,0.10834202325387791,4.216990481372367,0.001,0.1902892478940079,4.262796882120133,1497.5365985166259,100,100
ENSMUSG00000031543,0.5131534742743789,17.353768771244013,2.048018363166941,0.029116561110002562,56.408867715834894,0.001069288327683634,0.689884716124003,100,100
ENSMUSG00000031545,2.987979009589709,8.637804377856995,28.35137634331613,1.917031837542585,8.39763406194087,0.8791406877879349,7.13689878774976,100,100
ENSMUSG00000031546,1.227403139429183,230.15408848828903,398.2185047779154,0.67287909979234,1.5716743716650843,1.3848111279913158,4.4711368001920135,100,100
ENSMUSG00000031548,0.054885686964919585,7.820254371425969,230.6065669502482,0.0427504595738065,0.13019374570193978,3.6259668456531307,48.27445891797467,100,100
ENSMUSG00000031549,13.045934747887486,999.6836655247,1.0,0.001,22.511921964813496,0.001,0.015925980883414265,100,100
ENSMUSG00000031551,1.5409586744888182,369.11848257209584,1.0,0.001,8.407597815950748,0.0010597083141115908,0.03300454234447212,100,100
ENSMUSG00000031554,0.046671411041215735,20.11156477660116,14.17916687105462,0.001,11.016321714746276,0.001368700536752387,25.51104316748865,100,100
ENSMUSG00000031555,3.50787276133869,15.446901232892586,104.51331349281158,2.617576251990848,5.002733078185491,3.905135274783264,12.688755279545559,100,100
ENSMUSG00000031556,4.009948074426106,72.51929457080456,188.5735831450305,2.5562563269713188,6.427869448268826,1.544253412163832,6.446531339514127,100,100
ENSMUSG00000031557,0.7618043649106636,2.968477408274142,10.589273023162233,0.49561598248567595,1.217760243297902,1.748870946250722,6.059402400386778,100,100
ENSMUSG00000031558,0.46809057447233243,1.7449065929391432,35.160458944612394,0.3563187514972999,0.641264380374263,11.933359504831362,26.5807870963194,100,100
ENSMUSG00000031561,19.594661366519293,626.5266698415018,1.0,0.001,40.8795587207763,0.001,0.009007922721470598,100,100
ENSMUSG00000031562,0.11499778944180665,0.1850891408491138,3.005080190356898,0.001,0.39883116207672736,3.759061357595918,2140.9024194189933,100,100
ENSMUSG00000031563,0.3507049779896057,0.4563368912949496,6.897365884901613,0.20943727462267303,0.5540753488269285,7.783572773800637,29.953337701611847,100,100
ENSMUSG00000031565,2.51305065087189,14.501584505002876,44.96344994032738,1.6444373671825967,4.001703631880601,1.667684002686003,7.578908310406477,100,100
ENSMUSG00000031568,0.612169064310991,0.6419149057994311,2.5160305992978342,0.033141190302665116,2.272231393214769,0.5998873446283265,85.6769484620206,100,100
ENSMUSG00000031570,2.6620918170024197,59.39845035891374,96.22770147047902,1.5596944976575777,4.523464106826431,0.9278491743493841,3.7993535913195124,100,100
ENSMUSG00000031574,0.013673152147742486,20.527947664542133,31.680934083179217,0.001,2.8929522631985156,0.002562778337395311,35.51289734858096,100,100
ENSMUSG00000031575,0.2859991667116503,0.22683310592589212,4.65059075815016,0.14008487830892047,0.5509401522871676,8.834188463672888,51.816112145159394,100,100
ENSMUSG00000031576,0.06334169465440324,18.367970436342652,28.92567260343617,0.001,0.19498717846516855,0.4603017203984887,126.78340552194106,100,100
ENSMUSG00000031577,0.0011135326511814397,0.001,1.256978911991093,0.001,1.2500811761937576,0.555271486861199,1351.7181548928497,100,100
ENSMUSG00000031578,1.9214433970248492,5.079120844567486,23.667082339262826,1.3864138891943758,7.377449181937122,0.8485869419438421,7.7206723940121185,100,100
ENSMUSG00000031583,0.02435808485501944,0.12473604440317022,1.0335129589692817,0.002084637606989052,0.5594200300574024,0.23356122661639062,73.6685822834855,100,100
ENSMUSG00000031584,0.6839023601584701,87.11292170431493,135.19442829616193,0.43971899608164755,1.0468602856226834,0.927057028709735,2.7359626898533844,100,100
ENSMUSG00000031585,0.748517981884135,0.9974348320278498,9.001513300793578,0.47521276978724697,1.3442152700835335,3.704719879911142,17.394019976864396,100,100
ENSMUSG00000031586,0.13857541277652752,25.496483364692747,31.721270941497576,0.001,0.23630879990493778,0.3633991151785496,161.97122662657142,100,100
ENSMUSG00000031590,0.1640477613556627,0.1762530671591459,4.691059526946557,0.022069731263941576,0.3644905531868109,9.679763658338196,270.0369690300283,100,100
ENSMUSG00000031591,4.152508861378667,129.7665964746866,672.0096910104703,2.7280465495564963,5.456312110874102,3.816957049434528,11.51542135197136,100,100
ENSMUSG00000031592,0.2516207103037145,0.37729321899712737,2.2717901989671048,0.04172727093574392,0.9605650540422539,1.056859075189581,58.8344700035044,100,100
ENSMUSG00000031594,0.024240035385056858,21.779567327999562,29.38089642467973,0.001,0.9521079334102995,0.003682820448703583,46.907246240080646,100,100
ENSMUSG00000031595,0.3393176581631642,7.691450419953284,24.526183264644555,0.19111857312843286,0.4833234503121717,2.180823176899457,6.204442691207343,100,100
ENSMUSG00000031596,0.05192829591115786,1.441041037881064,3.9473841844420523,0.016153105869916907,0.21533131275460204,0.5329502799772062,10.553533791121367,100,100
ENSMUSG00000031600,1.5614612407019224,363.6159686326919,307.26338091978465,0.49249722504088767,2.4432610557462464,0.5343482591698745,5.268190628087282,100,100
ENSMUSG00000031601,2.666182570861398,368.36123337083615,217.64477297750446,1.7013130235830183,5.223205780636771,0.2895751145076152,1.0245425182937289,100,100
ENSMUSG00000031603,0.001,62.31581250733508,1.0,0.001,0.001,0.0015374275410508951,0.09437219579060496,100,100
ENSMUSG00000031604,1.1045914887720454,50.46057563873529,493.4399962087376,0.8116698385796186,1.3684411392167013,7.543724818698989,16.13100559762095,100,100
ENSMUSG00000031605,0.4534382887321974,1.3761458635080164,6.1601982126510455,0.18907494496098565,0.7669063739508646,2.1554939672384927,14.229765644563944,100,100
ENSMUSG00000031608,0.836742807390568,1.8258057071240374,8.853565033044331,0.27877054255998496,1.4734967754789494,2.1403969853255247,27.140468539661995,100,100
ENSMUSG00000031609,0.02184002279878418,0.7141087852565242,1.3151793149535211,0.001,19.59973675715248,0.0012004864330828811,29.893503856319946,100,100
ENSMUSG00000031610,0.001,62.31581250733508,1.0,0.001,0.001,0.0016816112922225274,0.16082807137119698,100,100
ENSMUSG00000031613,0.02983957269985827,3.106828461539349,64.70889917559465,0.010825976328609354,0.09711910926001928,1.1620183679063412,82.02627694714357,100,100
ENSMUSG00000031616,0.16674068454973862,2.5947827618915382,6.169796841436304,0.06885691682055489,0.29652102939297903,1.2534789233480945,6.482022471682629,100,100
ENSMUSG00000031617,1.7196427643860266,2.6517486039175218,6.37243251696033,0.684861597347828,4.596266396363432,0.5680163524767776,10.227788292693708,100,100
ENSMUSG00000031618,26.147774048105497,725.083458325332,1.0,1.0452992522017654,45.96485019083098,0.0010377596617193049,0.01894107008877555,100,100
ENSMUSG00000031622,0.2435606150338427,0.43173038085245435,30.466483274692315,0.1595470605869434,0.44795597670849835,26.295978164469602,114.41028071205955,100,100
ENSMUSG00000031626,0.003967248947638282,0.9134428134333478,11.421941726914534,0.001,16.82642167085995,0.001,8.365301168814455,100,100
ENSMUSG00000031627,0.4314895956177919,1.800582507066476,4.8683674075957555,0.1679321650556707,0.8968085788620426,1.1956133275965384,9.146199121580871,100,100
ENSMUSG00000031628,1.2201287907043736,16.676319904347245,26.482716768323208,0.6668651198181728,2.052132726218106,0.9489510787858468,3.5707370239757186,100,100
ENSMUSG00000031629,0.018610032909808623,1.051569202341779,4.7038060088657465,0.001,0.09606995230925025,0.7071345872300769,115.047030048126,100,100
ENSMUSG00000031631,0.5294698454650474,27.43881949183567,20.528787241529503,0.08398400310859315,0.7531836138607992,0.46433467330734257,8.83526329770309,100,100
ENSMUSG00000031633,0.03174838427094205,0.13200688227840301,148.32532177816645,0.001,0.08277942832313938,0.006725653386765395,1486.862795204188,100,100
ENSMUSG00000031634,2.3073593182962866,22.316992492451295,77.5869365748188,1.5811143758642658,4.7313546695615845,1.5805267947136876,6.6705605210793095,100,100
ENSMUSG00000031636,0.06034808925061051,19.58723949672295,8.031413571966262,0.001,24.952936960323715,0.0010389695684630803,2.1186568807239787,100,100
ENSMUSG00000031637,3.587294459550871,865.3617848798796,1.0,0.001,5.593870979196806,0.0013369281109773833,0.07731846140863112,100,100
ENSMUSG00000031639,0.1687188631516121,6.145705903888133,5.097018303136181,0.022581364760894083,1.7104475521009141,0.030133034355156664,2.0878377068450966,100,100
ENSMUSG00000031641,0.8681281481539146,14.025923649129917,24.484771815591966,0.3603747067645631,1.2472234027758553,1.1093752780272097,6.185420197181504,100,100
ENSMUSG00000031642,0.5033095588248024,1.9381927552578118,2.896951593250041,0.001,1.1154323641386257,0.5650583085674367,1158.3710839033292,100,100
ENSMUSG00000031644,0.16229948879609082,3.2108731944116515,1.8984648926232803,0.0370191334015106,18.354562068400767,0.003535264603769283,3.367360150748251,100,100
ENSMUSG00000031645,0.001,62.31581250733508,1.0,0.001,0.001,0.0020227839349713905,0.27135469639756127,100,100
ENSMUSG00000031647,0.4927302767870562,2.7894061278422204,7.237415449272382,0.26759200978766917,0.8645410269316156,1.2587905648385285,6.004693936249728,100,100
ENSMUSG00000031652,0.4537480428932599,0.7106788735471133,3.13122331735825,0.11488663322394,1.4831796463511173,0.8166950652187361,23.813721598898333,100,100
ENSMUSG00000031654,1.2942464081253242,312.7073817864961,1.0,0.001,8.302254421907277,0.001,0.07840803966886332,100,100
ENSMUSG00000031657,0.001005793595101328,0.001239491340804078,1.1121265961549862,0.001,0.8934381053380401,0.5328145992482065,1060.6748060711882,100,100
ENSMUSG00000031659,0.27660123963941974,0.948064919663847,5.652710414504249,0.16211757699254567,0.48172104731347776,2.8565729679219913,11.448345555218964,100,100
ENSMUSG00000031660,0.2198128690689624,0.4492100355950067,10.416068581157871,0.12674630512002086,0.377710780174819,11.812535716662591,44.828598006665345,100,100
ENSMUSG00000031661,0.005366033584148073,15.385205237591821,60.87434441773911,0.001,7.701234709839427,0.001032880451851223,26.19171647983948,100,100
ENSMUSG00000031662,0.001,66.84427540036525,1.0,0.001,0.001,0.0017277692756429406,0.4853835219409491,100,100
ENSMUSG00000031665,0.001,60.80878088638715,1.0,0.001,0.001,0.00213837181979553,0.30455257095521243,100,100
ENSMUSG00000031666,0.14276501363755123,0.0835109292041777,1.4396353175143939,0.03296194111630134,3.7287324202536647,0.24644385492419033,76.95624138732802,100,100
ENSMUSG00000031667,0.06187511711556721,0.030537612293755054,2.419945306483709,0.0021259856262777965,1.2696975797030925,1.8265052738297896,2364.3540305204688,100,100
ENSMUSG00000031668,0.6832432629015927,2.9226857951301994,3.907869801306345,0.1105450992523728,1.624742056046769,0.4528469635829324,17.740426126255457,100,100
ENSMUSG00000031669,0.001,45.95368664337022,1.0,0.001,0.001,0.0025817531133901974,0.17863713225929628,100,100
ENSMUSG00000031671,0.31140006478379795,1.045892450534494,2.256059018561974,0.001,0.9261586867351479,0.5401770953510014,1038.1572321221438,100,100
ENSMUSG00000031672,2.2657997475833636,4.200063051459698,25.420084002804877,1.6651373021535225,4.286353634702824,2.1149845341198867,9.244277342947935,100,100
ENSMUSG00000031673,0.9407628142085214,116.69237525243601,917.2035288176746,0.75546807696493,1.1162773966390904,6.223913259914937,10.536010673984565,100,100
ENSMUSG00000031681,0.5867008572082056,0.5414417306981291,2.8648823742974754,0.23154815093167547,1.7860417062299778,1.0738243599651676,16.54314721673735,100,100
ENSMUSG00000031683,2.010614636238117,13.664689643365959,41.03837585435651,0.8429914122927027,3.4973878228534883,1.4650047633213497,12.347239642362922,100,100
ENSMUSG00000031684,2.0483622127424805,16.37382581561779,14.329785501329928,0.07676484859694399,5.446373090064588,0.3246185936409247,110.30751859836165,100,100
ENSMUSG00000031691,3.0762110584465594,4.08441642406068,25.102695830849882,1.9965196267908127,10.281186947973431,1.0708849894617833,13.805904035641232,100,100
ENSMUSG00000031696,3.569366942547452,6.741330219197303,20.281608579632092,2.004534025447405,7.712378511841013,0.9275003263613083,9.446158791012278,100,100
ENSMUSG00000031697,1.2717437963216485,79.33612100685207,115.04986836362147,0.5200195411119657,1.557713887087621,1.2080825410504428,5.545838475877112,100,100
ENSMUSG00000031698,0.05756739938966536,19.29152336679535,15.161046506490457,0.001,3.2592133550727764,0.002564377029208938,61.24262369168655,100,100
ENSMUSG00000031700,0.15802799833021472,0.38000971834883124,2.8891535055914175,0.003374026685170986,0.5061406205097437,1.4767005218792648,387.16659360013375,100,100
ENSMUSG00000031701,4.509335780135646,999.9999999485461,1468.414399752437,2.8284144021938515,10.370994717614831,0.6226268018840865,3.8420529246978696,100,100
ENSMUSG00000031703,3.6158703210306604,351.9830123450989,230.72777396349116,2.2685310082811756,7.962652234194747,0.29897828105068225,1.370222772848729,100,100
ENSMUSG00000031706,0.20499057015947103,0.3752524265094602,1.1734131214224073,0.001,1.2548488377673666,0.35407479361473515,851.8773977015405,100,100
ENSMUSG00000031708,3.338085614142748,11.148094850707597,80.73376535844497,2.58226627420164,6.4338340546898145,2.808986888740332,11.866735305398866,100,100
ENSMUSG00000031709,0.22224354003960256,21.73309679973447,55.55193608664149,0.1246229873528896,0.326415463094176,1.2745152295835132,5.0927877688928245,100,100
ENSMUSG00000031711,2.0041530869796587,5.722972424640233,15.567443788007921,1.137813733525548,5.831956232678967,0.7179664092250924,6.820087073896654,100,100
ENSMUSG00000031712,0.021745856885462017,0.49845720183023506,1.631739865139243,0.001,7.237221827286086,0.05449879563145153,79.6566802830132,100,100
ENSMUSG00000031714,1.1411517120445183,3.168214317914055,5.680929876718582,0.3440646607532649,2.857483157691596,0.5366015285629772,10.51808103536446,100,100
ENSMUSG00000031715,0.17513148518428037,1.0460466056336377,5.374051357863232,0.001,0.18200162675920495,4.946199752867613,1224.4900734848502,100,100
ENSMUSG00000031722,0.007024172137585577,1.3245977704210905,4.728328456285255,0.001,11.6204150604737,0.0011156075822223862,20.438058946989216,100,100
ENSMUSG00000031723,0.8849595618405875,2.802653330326054,1.0,0.2666759765308893,79.98055865003994,0.002926187631716957,1.1571045375840714,100,100
ENSMUSG00000031725,0.001,62.31581250733508,1.0,0.001,0.001,0.0016672240285524372,0.07572360295814694,100,100
ENSMUSG00000031728,0.06569429412985336,0.3743541150266036,5.982680386594746,0.01424545262114264,0.16923873795592687,4.645348029018016,80.44184979352275,100,100
ENSMUSG00000031729,1.8640751918954765,2.3586339829440073,10.756506525262411,1.0328492204074893,5.77157790158465,0.825756553209803,12.145919799901622,100,100
ENSMUSG00000031730,1.1760658442584382,50.4273979246656,67.96733179492009,0.31921282375205573,1.6131351250775219,0.9823216479922127,11.344410629648198,100,100
ENSMUSG00000031731,1.7109847729599672,1.9542768133992527,10.915030270278539,0.7803411516196337,4.5505446480303124,1.1928915210416258,24.738100661923987,100,100
ENSMUSG00000031732,0.6337100130270696,60.25356881490983,30.209450222709588,0.2341133128618241,1.568166268278167,0.16571704762741246,2.0108347368797315,100,100
ENSMUSG00000031734,0.3306836261934854,1.237161393508791,2.5973131274803745,0.001,0.667597450490397,0.8045176577752051,1145.0872905189146,100,100
ENSMUSG00000031736,0.3198131835503361,4.588677130840608,4.342869657029115,0.04208506421100447,0.6849137050394702,0.45040301423383733,8.19760225792232,100,100
ENSMUSG00000031737,3.545711092388459,34.22318608628063,2.3875034599542717,0.5335577790599857,206.59652353800365,0.0014629815678435234,0.4972254933365546,100,100
ENSMUSG00000031740,0.3509920431562231,1.7614772421402212,124.68265416850419,0.27834061549908873,0.48658755005424525,47.271808085482036,94.50947513712325,100,100
ENSMUSG00000031748,0.08982832728965666,1.576811141632991,3.288999562060356,0.03536275820167539,0.2653941114415921,0.5103041286941328,5.204863284085084,100,100
ENSMUSG00000031749,1.3831274731579037,5.808439366917499,22.55481867521195,0.8114900054988563,2.8030125678850233,1.626039714053903,8.095239694265649,100,100
ENSMUSG00000031750,0.06895341898805295,0.6972963828766116,4.154228670550083,0.009968900458703956,0.16799337044338192,1.948001103187588,45.263631947822454,100,100
ENSMUSG00000031751,2.014417769502172,136.67749921040226,195.21296988013205,0.8354749058941772,3.0927952506243166,0.9356504212276266,6.215027683642225,100,100
ENSMUSG00000031753,1.7602621440136994,2.120919006806669,8.06013953425092,0.23935217391521352,7.126789070430058,0.532304217177356,86.98797426057992,100,100
ENSMUSG00000031754,0.31591982001581026,0.5875448800773809,30.708781979326787,0.0106159595370307,0.8063462211050615,22.911331080077517,4834.803335987369,100,100
ENSMUSG00000031755,0.25982146706074,13.042804709975664,13.574193320866007,0.13359598405802015,0.8005935290441872,0.3228489975139296,2.037402696432268,100,100
ENSMUSG00000031756,0.0723636273331468,159.89993707315693,393.68745807201196,0.032735069122877034,11.443997124645307,0.004479347722366158,6.5789280260037035,100,100
ENSMUSG00000031757,0.001,62.31581250733508,1.0,0.001,0.001,0.001625965735006433,0.24310674104786595,100,100
ENSMUSG00000031758,0.2233931777897483,23.69120073205027,24.994685114253407,0.001,0.3438581853023867,0.6368351242023076,377.32372735235606,100,100
ENSMUSG00000031760,4.1336179629762935,999.9999943156627,1.0,0.001,12.469090021354063,0.0010000000841031325,0.0800515677605202,100,100
ENSMUSG00000031762,0.6656365909885396,95.17679395641679,3242.1966731164293,0.5209751474341329,1.0748449869901109,16.05755725598833,44.88507032561682,100,100
ENSMUSG00000031765,0.3576092223159,8.414570059699674,409.73069820926355,0.3051718778955347,0.6010151348568704,17.724809984870674,67.14821934753382,100,100
ENSMUSG00000031766,0.001,62.31581250733508,1.0,0.001,0.001,0.0017344192270586892,0.3459792903168727,100,100
ENSMUSG00000031767,0.9249864776045579,351.94065459626205,302.71043515771964,0.5891612216286926,2.264280810376076,0.42506731842623224,1.4914509473744104,100,100
ENSMUSG00000031770,0.41535348137133,86.38099553595944,243.3386488470295,0.2622595697185167,0.5713938724221754,1.9339135970825345,4.8256254256674636,100,100
ENSMUSG00000031774,1.203425061729447,1.6809198957858025,7.611136849012171,0.5653202994487763,3.4473848079998177,0.9348557098905064,14.261658672969032,100,100
ENSMUSG00000031775,4.131519129298434,1000.0,1.000247281024765,0.001,11.670835167830923,0.001,0.040665631673428126,100,100
ENSMUSG00000031776,1.635357251330977,23.451109718789663,41.8439688788639,0.6127128892523496,2.4454148798650825,1.114730474770563,8.415148339875632,100,100
ENSMUSG00000031778,0.2534014079507839,161.61760321877514,242.00703057005023,0.14829160758596197,0.42700753762880755,0.686867106414164,3.0603894607299944,100,100
ENSMUSG00000031780,0.001,62.31581250733508,1.0,0.001,0.001,0.0014555306384941395,0.14255838987131525,100,100
ENSMUSG00000031781,1.0697089273145854,1.5840902482413992,20.28815272128912,0.7451286953298757,2.331701878773612,3.4997127542156727,22.90903555492,100,100
ENSMUSG00000031782,0.0381688193118396,0.1829360235733218,7.047891070735849,0.001,0.15950669762763642,1.0122318179994565,3361.1414016744993,100,100
ENSMUSG00000031783,0.11345427079451073,0.10492295607419785,10.771867184514672,0.0013915576345500296,0.8362657724798226,8.721367824413509,9061.611784660414,100,100
ENSMUSG00000031785,0.062177369661888776,0.48406878084726984,1.0,0.003818072679430352,0.5750278964316924,0.12664729358103907,25.22541702724845,100,100
ENSMUSG00000031787,0.024093804370147194,13.340129395599943,50.163914432128955,0.001,0.08558305714030555,0.025109081545710017,193.05413004905154,100,100
ENSMUSG00000031788,0.5066044636708226,0.8954384518908018,7.533543318327463,0.24689253610176515,0.9321381978582375,3.733805047917074,23.555425794663194,100,100
ENSMUSG00000031789,3.9839038171815946,947.6616630533084,1.0,0.001,6.321990290989245,0.0011191960483611853,0.040384587762068894,100,100
ENSMUSG00000031790,0.001,54.565350386356194,1.0,0.001,0.001,0.001918764705398108,0.1587334836648529,100,100
ENSMUSG00000031791,0.15662699692961773,1.0087665465814974,8.922128280857901,0.06504643629038112,0.2744178119648365,4.230740826608155,25.760178367789937,100,100
ENSMUSG00000031792,0.002361002618389523,0.0015721592578424955,2.626736824675776,0.0011772614909259565,0.8687993072547923,2.178481347870038,2805.848746548292,100,100
ENSMUSG00000031796,0.6700855088878546,1.2173127547250395,8.119411710411272,0.45541741226094634,1.2329043521064196,2.6544514362406293,11.072829340392193,100,100
ENSMUSG00000031799,2.8334023421543164,5.5453189284299205,180.9838417132702,2.1829893822382576,9.206433063883107,8.82172422850951,45.70969027297795,100,100
ENSMUSG00000031802,0.06971869232865593,1.0617160970636998,1.1944770815888597,0.004065064921233129,27.84692012475574,0.0017515288425105282,2.8008270690656296,100,100
ENSMUSG00000031803,0.001,62.31581250733508,1.0,0.001,0.001,0.0016811950167351757,0.0894382018847398,100,100
ENSMUSG00000031805,0.6028544328915103,50.186388192371076,28.579386106029606,0.16825740115449958,1.5767332360540989,0.21135640056597074,2.751024910768857,100,100
ENSMUSG00000031807,0.08014346673012898,0.159328931764473,8.574798747843726,0.001,0.20926520215561223,18.32800873368194,5620.174301528152,100,100
ENSMUSG00000031808,0.3650763447765289,1.404959642027681,11.792808497493297,0.2592720849587553,0.5399361895381172,5.263659921341775,13.037910102414607,100,100
ENSMUSG00000031809,0.001,62.31581250733508,1.0,0.001,0.0010000000000000005,0.0016745836365882356,0.18485959857613807,100,100
ENSMUSG00000031812,2.617719683925215,8.710832829442749,131.662743616954,1.7658866170640817,3.853902807837428,7.881053142157212,24.958219356411803,100,100
ENSMUSG00000031813,2.58709815613775,13.882137863551915,34.94687337031161,1.5483447819181169,4.277695858066345,1.2681102313245718,6.14966770299827,100,100
ENSMUSG00000031816,0.7485470489435064,0.6957714357020921,3.889925067269294,0.22803370920029797,2.78645680583704,0.7574177337075167,35.109176232139276,100,100
ENSMUSG00000031818,3.9850072445180866,10.267354419941253,188.1471768980515,2.764028652412385,6.783996093059171,8.129470851566982,31.200166774050167,100,100
ENSMUSG00000031819,3.1579314717822857,361.9554943397044,373.19802534091644,1.8515165448216626,5.878732135208555,0.5671733986111991,2.954615199643751,100,100
ENSMUSG00000031820,4.5344092021163585,308.30106432640355,426.4405180999035,2.832425655362793,6.342786560446501,0.9705541719875894,3.5061624012047763,100,100
ENSMUSG00000031821,0.4125962641572981,92.79042874023726,372.48064406241275,0.2943038305871396,0.5925114793030466,2.5366253326264108,6.481790902971076,100,100
ENSMUSG00000031822,0.4453175419444603,1.1978678228903714,4.866891231462108,0.13389236396621115,0.8613604299470161,1.438800628683706,15.606424079061412,100,100
ENSMUSG00000031823,2.3191810288129493,37.90667624330145,25.97986026243339,0.04357016283609649,4.57129683750638,0.35126750796653855,195.97632513842618,100,100
ENSMUSG00000031824,0.26175875789921194,4.134057769323784,9.439160831174641,0.0793164204281702,0.43746348173067845,1.178948179869892,7.653540534624586,100,100
ENSMUSG00000031825,0.07563463182384705,3.4989117456087344,51.27023443797644,0.041688966803206925,0.10972047228643225,9.812548979154135,27.358436177388526,100,100
ENSMUSG00000031826,0.6838006038535186,0.4636830904104563,4.137438919670917,0.12407144109520898,5.798978481921907,0.45942643195429156,95.94617770261637,100,100
ENSMUSG00000031827,0.36554942760197334,1.7622475443329642,24.853793649700215,0.2784760164405031,0.4961129798273571,8.704082946352987,20.375867441861246,100,100
ENSMUSG00000031828,0.710423735769789,158.58537101792302,74.30879273163474,0.3759758655344203,2.8506013344684797,0.11560354794620763,1.0211608687847926,100,100
ENSMUSG00000031831,0.001,62.31581250733508,1.0,0.001,0.001,0.0018364819584225645,0.23086020177290836,100,100
ENSMUSG00000031832,0.36510255276308956,0.9926500692142366,2.9522819750348908,0.2116934257858249,0.9096803263698203,0.8470334997044825,7.347058068064458,100,100
ENSMUSG00000031833,0.15186918146171713,0.4679223415452436,3.962036277820348,0.024183235233692247,0.35112601797123116,2.909629937022711,59.56876812410952,100,100
ENSMUSG00000031834,1.2030159965408798,2.784774062924943,7.295455268317299,0.6421555499000716,2.8347107485889653,0.7001048025534173,7.330369025569788,100,100
ENSMUSG00000031835,3.745937324941536,200.5413914034539,358.85927048644504,2.080754682878048,9.18154960432392,0.7280835450361609,5.52168797447611,100,100
ENSMUSG00000031837,1.827408594187776,433.33200259696997,1.0,0.001,9.71367146237294,0.0010000067478816354,0.10685274015582158,100,100
ENSMUSG00000031838,0.07908237180355916,527.1911582053581,5767.871176186058,0.001,0.12856457971910626,0.028453553324610272,7458.318525098055,100,100
ENSMUSG00000031839,7.13020750551474,96.40949976736923,445.65982872324895,3.779644816637407,11.046863603291296,2.853948114569098,16.88963954251599,100,100
ENSMUSG00000031840,0.001,36.696134188030484,1.0,0.001,0.001,0.0028294008720831636,0.14190282000948767,100,100
ENSMUSG00000031841,0.5626894786172814,2.8309486558938817,42.03965962369852,0.44443443269463256,0.7771466852611539,9.00301539220851,19.967625854257953,100,100
ENSMUSG00000031842,0.001,61.88525872635182,1.0,0.001,0.001,0.0013991522269156402,0.11500886655260283,100,100
ENSMUSG00000031843,0.07938219499197058,0.20354243873187464,10.569590167552077,0.001,0.18289468022102792,17.53321519472803,5972.477642936784,100,100
ENSMUSG00000031845,4.924642261062224,590.4512981103302,1.0,0.001,12.795038898045934,0.001002506647982013,0.01643643689809516,100,100
ENSMUSG00000031847,0.15982200949773942,7.918427744957546,3.6498757283588112,0.02784505545099688,25.19947703885173,0.0014645846930148396,2.066770688895796,100,100
ENSMUSG00000031848,1.9419981432294013,22.781764386642926,72.72666272468277,0.9880093874701653,5.254010410526215,1.1197421964168883,12.760028190535508,100,100
ENSMUSG00000031849,0.0705846285673572,32.337505746540856,773.4975435061677,0.03445173413569616,0.10602053701607447,10.80858690704266,48.26164206079099,100,100
ENSMUSG00000031851,1.624617848805124,26.69353157398981,17.876468183915737,0.6583690592308482,3.4232700197534682,0.28060365046197194,3.1789599640074786,100,100
ENSMUSG00000031853,0.001,62.31581250733508,1.0,0.001,0.001,0.001679515816626771,0.11933425361425602,100,100
ENSMUSG00000031858,1.95685152502604,6.491715690918962,3.033744040490311,0.041589501923252725,4.351121981036859,0.17945218224672171,37.70727288769825,100,100
ENSMUSG00000031860,2.2909001878826274,546.7058370600222,1.0,0.001,8.15542856801942,0.001002030990338577,0.06694372251859104,100,100
ENSMUSG00000031861,8.749886313965343,688.6510021389098,1.01596153117142,0.001,21.236355917376954,0.001,0.01608198842839492,100,100
ENSMUSG00000031862,0.39640368256038916,0.43684137996836353,3.9616687107385777,0.12168380081666416,1.4215349383931204,1.5694028114913654,41.19141674730494,100,100
ENSMUSG00000031864,0.6027830359352422,1.9505811963656825,5.7054263195626245,0.32489148333436546,1.0803803135956698,1.2619146632010223,7.423224747644586,100,100
ENSMUSG00000031865,2.211623502644751,3.526411348824379,11.569436672736392,0.9218082481742587,4.975720843624899,0.8802625810860042,14.8299647632364,100,100
ENSMUSG00000031870,0.001,66.84427540036525,1.0,0.001,0.0010000000000000005,0.0020699931176822364,0.209187010202004,100,100
ENSMUSG00000031871,0.001,62.31581250733508,1.0,0.001,0.001,0.001730206019758632,0.26648101202159424,100,100
ENSMUSG00000031872,0.01081452602628601,19.647376979349964,22.421629527151303,0.001,3.716457071681991,0.00140942761834252,23.36403178078793,100,100
ENSMUSG00000031875,2.1148264659692404,35.29565849826691,104.24421342002117,1.2473177865456955,3.4859808804987633,1.6567285781958294,6.097150621056123,100,100
ENSMUSG00000031877,0.024580934357708768,5.280603517146803,22.542765848749617,0.001,0.44328054071405887,0.0033654413340034,89.40179512909367,100,100
ENSMUSG00000031878,0.323781178504412,0.21646776811176235,2.4954491222019586,0.07474076819032052,1.522933683399732,1.0613207165412177,54.43912920040672,100,100
ENSMUSG00000031879,3.8181063665919437,339.6423099814506,620.4124681297525,1.8595965505331131,6.099074105520841,1.168645327870181,6.491044710355513,100,100
ENSMUSG00000031880,0.04220934162333397,0.970213510899052,1.0,0.001,24.57604598927147,0.0010522766275322586,3.5766549893348514,100,100
ENSMUSG00000031881,0.001,62.31581250733508,1.0,0.001,0.001,0.001468476585537776,0.3659113491248268,100,100
ENSMUSG00000031883,0.045224988680697346,19.846999073463437,18.602768335287344,0.001,14.75967661731779,0.0010000000000010647,50.000621307852754,100,100
ENSMUSG00000031885,1.0709154597388322,133.33760150481768,177.00931541073152,0.02644010435612794,1.4787134500773276,0.9928014658956229,491.8307157566629,100,100
ENSMUSG00000031886,0.007334403149595485,21.320388547333398,94.31362163794806,0.001,0.10102254292388868,0.006926523236897777,54.876745129415156,100,100
ENSMUSG00000031887,0.8764876205845428,0.7236372279136273,3.8889371486296205,0.20505154323053365,4.412108001463324,0.48992167890169463,42.89439933347947,100,100
ENSMUSG00000031889,0.43351385251785723,7.056531070370461,6.246102353367791,0.0021403800639172993,0.9981277207713654,0.33407142019219493,255.5606995156703,100,100
ENSMUSG00000031891,0.001,62.31581250733508,1.0,0.001,0.001,0.001667037260438699,0.16041754340486009,100,100
ENSMUSG00000031893,0.001,60.60768216058454,1.0,0.001,0.001,0.0017329261420732226,0.2797517272372913,100,100
ENSMUSG00000031896,1.6262619868264967,395.3519615968364,1.004113302142248,0.001,8.107752437993165,0.0010766144603816786,0.06078997098711088,100,100
ENSMUSG00000031897,0.24919311787765547,0.26561854520381584,6.881792215800332,0.05622939130838732,0.5702900319127615,8.100195407068654,139.29094927602745,100,100
ENSMUSG00000031898,0.001,62.31581250733508,1.0,0.001,0.0010000000000000005,0.0014326131827075187,0.1613250538739014,100,100
ENSMUSG00000031901,0.16945835597377643,0.34556758009825644,3.9526880481933926,0.056435073604209116,0.4120711058914994,3.359742163743866,42.5618471316258,100,100
ENSMUSG00000031902,0.0057986886272541555,90.1862713926063,773.4767308896063,0.001,0.0213746386942523,0.00439773308186236,108.75931948600595,100,100
ENSMUSG00000031904,0.3999592502002391,0.4723501790127332,4.434395810082104,0.0654742084338453,1.148301561843605,1.89054263295481,86.36856837912167,100,100
ENSMUSG00000031906,0.03022143754663346,1.8181775865407364,10.856456707971773,0.005410404323949547,0.15286736379140617,0.5492863966407326,18.99067632214878,100,100
ENSMUSG00000031907,0.02063547770456406,0.15816456812433233,4.466921470615129,0.001,0.09682021717394172,3.369437809090263,380.118162031761,100,100
ENSMUSG00000031910,3.805573472416838,912.8750404524933,1.0,0.001,7.520940887053442,0.0011224330972131444,0.028966341271133726,100,100
ENSMUSG00000031913,3.1393033590381423,374.40483905444046,438.78378855670707,2.062211063093482,4.739055319274155,0.7646015999661739,2.323507220050714,100,100
ENSMUSG00000031916,0.18470788139367955,0.1700429884153342,2.0096600626483045,0.025652553673577085,1.2895427588048558,0.864790652590822,109.6877441879324,100,100
ENSMUSG00000031917,1.5521162818375345,3.0398387802323694,13.565986804533292,0.8596564377349737,3.1497144657374383,1.4962802479672168,11.160002316903993,100,100
ENSMUSG00000031918,0.20991278323518134,0.6138183342095331,4.9809915822367445,0.07501256092885003,0.3832364913252411,3.3423090485726314,29.16454819474913,100,100
ENSMUSG00000031919,0.6271465480030781,154.92719237319113,1.0725811857353496,0.001,7.068618115995859,0.0010000000001659252,0.0924388599667384,100,100
ENSMUSG00000031921,0.5085436078719909,1.3279139740903543,3.4319667917608463,0.12170776109139692,1.1665401175207535,0.8987381146974489,14.513702333787709,100,100
ENSMUSG00000031922,0.2533745410388177,29.32501180159422,21.803105049024193,0.023945576822739508,0.6545681715766856,0.22398175884048005,10.094545972873174,100,100
ENSMUSG00000031924,2.3200890560020886,14.752273718172827,42.79679717402952,1.6615091269732478,3.9058448215269115,1.4798319826436117,4.978410338001616,100,100
ENSMUSG00000031925,0.03783449307575556,0.1465699304750647,1.3890871984813364,0.001,0.3858812883265108,0.7126746363790827,303.84541178472057,100,100
ENSMUSG00000031927,0.001,62.31581250733508,1.0,0.001,0.0010000000000000009,0.0014205126861877018,0.21330691544445968,100,100
ENSMUSG00000031928,0.3085287026789617,0.735968983388731,3.1071539886690536,0.0011438742841880733,0.6950688707751329,1.364513935713672,1799.1772687306718,100,100
ENSMUSG00000031930,1.6283319139834127,10.170056202777582,21.86082954109511,1.01031434555146,3.7905494830213953,0.8202919906179807,4.339621022371606,100,100
ENSMUSG00000031931,0.2568945384347089,0.3894704812245606,2.739831143553077,0.02235857606084306,0.8499852683491769,1.5108577338404343,357.4366251697985,100,100
ENSMUSG00000031932,0.001,62.31581250733508,1.0,0.001,0.0010000000000000005,0.0016744289590437103,0.2383878374807692,100,100
ENSMUSG00000031933,0.001,62.31581250733508,1.0,0.001,0.001,0.0016339626408832053,0.2329013601412433,100,100
ENSMUSG00000031934,0.6184301853692566,25.975908617890745,16.913616359465482,0.21825566091676374,1.3875859699371507,0.2943001065677033,2.5153510053774695,100,100
ENSMUSG00000031935,0.5351573959126794,1.2399616166136347,3.805338758793863,0.20610477296270785,1.2288423844148133,0.9744334781680066,9.986291449150556,100,100
ENSMUSG00000031936,0.022696166830410234,20.784292757890544,15.113121573439429,0.001,12.558416386827592,0.001,17.407546600459302,100,100
ENSMUSG00000031937,0.0982870945533798,25.312534148849533,53.44908415311342,0.001,0.17313657959893083,0.9060190964147203,249.92176590784197,100,100
ENSMUSG00000031938,0.7259143701720775,1.2038491365240813,5.200487909514822,0.22880907724555707,1.8123624948642858,1.0750630923105462,23.65350363425278,100,100
ENSMUSG00000031939,1.129403107962988,6.275834444725461,24.204309378882797,0.6615329724480177,1.7794406162579843,2.1156302635934927,9.013607246536704,100,100
ENSMUSG00000031948,1.9771867969267631,3.490541213487835,22.495996073220365,1.3092626116573984,4.422667406295044,1.8327666340044275,13.602057973981186,100,100
ENSMUSG00000031949,0.23936269924596254,30.091800011725702,20.354556778841843,0.01849033747589151,1.0636764788199427,0.13542883982308593,15.700148106615483,100,100
ENSMUSG00000031950,4.305924364149588,905.1973370062642,1887.7911242107166,2.8907146658995666,5.984500309529038,1.4652442435398922,4.065641934061316,100,100
ENSMUSG00000031951,0.3791737689250649,22.407288167480324,28.70740822966432,0.021218000300634608,0.5121906780958801,0.9221446834206674,30.91300727500139,100,100
ENSMUSG00000031952,0.0028580851284857357,0.3901834880670486,6.290016955940073,0.001,3.8219286211214154,0.0017833941334344904,83.47234527490413,100,100
ENSMUSG00000031953,0.5405335871394346,74.12659714322254,53.86828807226327,0.060043949532538665,1.123553712411395,0.3062274316646473,9.10589149408031,100,100
ENSMUSG00000031954,1.5940983371490094,2.504109910309163,19.725485969658017,0.9391260110236533,5.6486688410257555,1.3907098845770127,18.245719096883022,100,100
ENSMUSG00000031955,2.0740668757528944,3.6001382322745217,17.83047172762303,1.2636723506307725,4.654735185235122,1.4115969393478691,11.179993004241581,100,100
ENSMUSG00000031957,0.001,61.88525872635182,1.0,0.001,0.001,0.001976280263159757,0.24151876520257692,100,100
ENSMUSG00000031958,0.06386489935413563,0.193310267181272,1.7858444330518832,0.001,0.41585646540893706,1.0301504364618046,606.9110109726855,100,100
ENSMUSG00000031959,0.1581332419401383,7.632258020661679,18.674473775969314,0.0019781204154022207,0.2384983242505183,1.3406999073211265,348.96773796793155,100,100
ENSMUSG00000031960,2.2486101495770465,2.6860343300862484,33.35537560814035,1.637216348036069,6.930622856065719,2.3062528333241543,21.056151509121555,100,100
ENSMUSG00000031962,0.001,62.31581250733508,1.0,0.001,0.001,0.001727175847588891,0.1228529919350356,100,100
ENSMUSG00000031963,0.4662954347786316,84.83372765259442,772.0069498152992,0.34786551640857727,0.5995526262260641,6.930528369561726,13.670771429280869,100,100
ENSMUSG00000031967,2.70605664338389,18.7482467723915,43.101517176224654,1.4735957269215691,5.245546138754225,1.0027079872477103,6.355394198296072,100,100
ENSMUSG00000031969,0.33252190249066127,0.3020627917986505,4.164297072804561,0.11706628020680057,1.0880245576637593,2.962656359807286,48.04010225370928,100,100
ENSMUSG00000031970,0.001,62.31581250733508,1.0,0.001,0.001,0.0015646977143758158,0.07406109039512088,100,100
ENSMUSG00000031971,0.06309214396483102,0.5708512295815966,1.0,0.0022606600029981072,1.7876118976055042,0.007148722911381311,3.8434706222178847,100,100
ENSMUSG00000031972,0.013790957532777719,2.6354485989594774,356.5861238104424,0.001,3.9529013644613036,0.0024554479640269034,443.7857840940219,100,100
ENSMUSG00000031974,0.2887338072194876,2.794159675216987,1.6836761852330253,0.09095976095602176,1.5013064532522182,0.07062878783256035,2.045927928080141,100,100
ENSMUSG00000031976,0.09693434301506064,21.77886867477429,34.19524386768856,0.001,0.22971619203362767,0.2823111436767936,216.35890305193067,100,100
ENSMUSG00000031979,1.2775389207428598,1.8280938512600604,5.942094812277228,0.5492461565859148,4.904923113379219,0.5352492340499857,10.649220696917297,100,100
ENSMUSG00000031980,0.001,62.31581250733508,1.0,0.001,0.001,0.0018832180411112042,0.14318201217324356,100,100
ENSMUSG00000031981,0.009953307318429704,22.342229635380992,54.82506979953242,0.001,5.752785862181722,0.0013085927137393464,36.079935352617234,100,100
ENSMUSG00000031982,0.166183672686409,0.7341175050190456,2.694600435572116,0.001,0.46008494560334745,1.0983948851512768,589.2652440040681,100,100
ENSMUSG00000031983,2.1352737498593344,31.94310797456597,31.922152447172145,1.1308905870328032,3.311002662500731,0.6248403442204222,3.0508461034248073,100,100
ENSMUSG00000031984,1.2034927111755138,3.0656808601262413,14.051098029402521,0.7891034637209131,2.8059848254167736,1.3532957096484743,8.583405586549372,100,100
ENSMUSG00000031985,1.4478906115702335,8.43280684687341,18.726380511331953,0.9655462196550378,2.34770524617721,1.1522903354690808,4.568558848851417,100,100
ENSMUSG00000031986,0.5409218143028749,2.160997139963587,5.4331612738957,0.29152236672371606,0.9548448294231776,1.1894464395571478,5.654864491954226,100,100
ENSMUSG00000031987,0.7134042008576635,1.309776041778599,15.686902646085919,0.4579653092513277,1.3794728013008324,4.173137562132277,23.64776844201713,100,100
ENSMUSG00000031988,2.5645968061479696,78.1966609402487,95.12323841884088,0.428703218204185,3.975266673535102,0.8032492676240008,25.78076900373618,100,100
ENSMUSG00000031990,0.001,13.24437027100208,1.0,0.001,0.001,0.08151953679656554,3.929475520414634,100,100
ENSMUSG00000031993,3.0902525124926328,542.5944797694494,751.805918781273,0.7867524373990533,7.681650876433882,0.5226682432999004,14.935346813479779,100,100
ENSMUSG00000031994,0.001,66.84427540036525,1.0,0.001,0.001,0.0018074881201769763,0.1094033838520668,100,100
ENSMUSG00000031995,0.008331911185271622,21.567767309440658,73.80962258483497,0.001,2.6175698746264473,0.0016415697349789348,48.75652026435824,100,100
ENSMUSG00000031996,3.408523488860683,762.4364121418712,2145.16765619178,2.6607111305759505,7.082392960452409,1.2794278026808257,4.383428404967441,100,100
ENSMUSG00000031997,0.001,59.75744064589286,1.0,0.001,0.0010000000000000005,0.0015880942776771464,0.16045660865932315,100,100
ENSMUSG00000032000,0.3897123414573395,2.7206479244885253,4.791472508539275,0.17817024934598444,0.8264870577732519,0.7428165951405523,4.419616067808864,100,100
ENSMUSG00000032002,0.10013636090923966,0.06540891772586763,7.1283380615338245,0.0028366538877271615,1.0431062495982542,4.41263643661517,5513.029718444024,100,100
ENSMUSG00000032006,0.926125729145513,3.6548774598138536,26.37812754358697,0.6357260909617363,1.3071632317334587,4.267010030737392,11.893365949477108,100,100
ENSMUSG00000032009,0.06770571726602917,0.3168706353974637,6.037623581390224,0.003809493854259675,0.16537434647527824,6.0165939009299,375.92943675937477,100,100
ENSMUSG00000032010,0.038592243705505944,0.5410874513982348,4.150790954344702,0.001,0.12482118616663998,1.9953318510479252,287.86832000852064,100,100
ENSMUSG00000032011,0.04215294438772926,18.266941807452092,25.784491200775722,0.001,12.593935486468663,0.001522710489837229,94.18864421103856,100,100
ENSMUSG00000032012,0.849231105639624,2.041501206344975,2.977074882127583,0.04196485747226225,1.937211514343026,0.4743474643727826,45.24895009812478,100,100
ENSMUSG00000032013,0.1906095030927117,9.316696197557414,3.7707911658102953,0.006913512904495033,50.80825151236491,0.0013067891655313647,1.36799234186092,100,100
ENSMUSG00000032014,1.7662855317834925,10.3067122417969,125.72996510508104,1.3601926222007652,2.6327481350977564,6.363304291660658,19.421068590438345,100,100
ENSMUSG00000032015,2.8043454615252004,678.1527302530274,1.0,0.001,6.889221231915411,0.001152648217848507,0.05762738138612371,100,100
ENSMUSG00000032017,12.611355283404636,1000.0,1.0,0.001,23.15271198511066,0.001,0.00867762813153326,100,100
ENSMUSG00000032018,1.1307425046367299,2.7643071384018905,13.198855488653704,0.7170827920441856,1.8965444859511453,2.1260613629192253,9.424882682472983,100,100
ENSMUSG00000032020,0.04759921796763472,0.18163134532350256,1.2499737858321576,0.004601080749608133,0.40432227655281017,0.5601033367819712,96.67637735588556,100,100
ENSMUSG00000032021,0.001,62.31581250733508,1.0,0.001,0.001,0.0016710851576481863,0.16001641014935714,100,100
ENSMUSG00000032024,0.815460297404254,3.8865321422755823,42.3081610877774,0.6363133103316696,1.1683577225495199,6.084647010699019,15.88933235120572,100,100
ENSMUSG00000032026,1.993820673872439,6.28059995192038,94.76055657831074,1.3483292941593852,4.0293911307036625,5.92430892911071,27.671358685012265,100,100
ENSMUSG00000032028,0.001,66.84427540036525,1.0,0.001,0.001,0.0017098319718358806,0.22959396886192424,100,100
ENSMUSG00000032030,2.764015458485105,20.139826755925448,29.000941566078026,1.0720935207611588,4.79362201477811,0.7411424517664602,7.862503787639688,100,100
ENSMUSG00000032033,0.001,62.31581250733508,1.0,0.001,0.001,0.0015621326833517792,0.35762244005718724,100,100
ENSMUSG00000032035,0.4921903131306476,7.5778176760259495,23.089063349615696,0.29752638683136556,0.6656589496287457,1.97656215103434,6.766139354683338,100,100
ENSMUSG00000032036,0.005027446649388518,8.517427690995856,98.5378920293577,0.001,4.405662112622281,0.0015271300817759287,28.74698089117794,100,100
ENSMUSG00000032038,1.1821054931138903,20.819647522174154,22.9022521329488,0.686825353232158,2.026035354696914,0.586321878260759,2.2805424792498665,100,100
ENSMUSG00000032040,0.6151793758154446,0.8486576374924465,4.76973822145503,0.22921338572046318,1.133685821026055,2.3813505985235164,17.151068685215506,100,100
ENSMUSG00000032041,1.0486272084996544,17.246397727412248,31.42278090707241,0.5120189987965396,1.3543568742815275,1.227929600638291,5.4068996450908156,100,100
ENSMUSG00000032042,1.1470487441492823,27.041105513494767,43.15713731279617,0.0019684421377127977,2.844754005980885,0.634053194774701,2625.756739970507,100,100
ENSMUSG00000032044,1.0032266018291218,31.34025196686608,39.683196125941855,0.10230288914673705,1.3172639796630565,0.9349920447489304,28.78117032461178,100,100
ENSMUSG00000032046,1.98243455545689,261.89626183890425,218.22844161182198,0.8745664470555603,3.358592698528714,0.5217276805430395,2.716935816365762,100,100
ENSMUSG00000032047,2.4980359719514156,162.4449445413701,631.5462391338091,1.825923242675164,4.225598885234213,2.242981076696888,5.957446125184487,100,100
ENSMUSG00000032050,2.688213907895006,59.35053797716721,44.160734912974476,0.6040706731828099,4.1806467594316565,0.466886954538441,11.241284471568882,100,100
ENSMUSG00000032051,0.7548895753801704,0.9250091353515791,3.0415458088836367,0.06160320767831925,2.30881509633038,0.697623223290972,107.42961362299329,100,100
ENSMUSG00000032053,0.001,66.84427540036525,1.0,0.001,0.001,0.0020791432678933706,0.15905496308095823,100,100
ENSMUSG00000032056,8.296926765839343,999.9999999532419,1.0,0.001,12.275343765044461,0.001000000000002438,0.0210582467374932,100,100
ENSMUSG00000032057,0.18733379707117048,0.47021095857270767,2.0799579551772465,0.001,0.66347577220498,0.8216762194548832,1106.98717570168,100,100
ENSMUSG00000032058,2.573209749135938,3.0269006964189717,9.588424454894707,0.945400519504835,6.813746813124638,0.661561959671475,19.516922335412573,100,100
ENSMUSG00000032059,0.40424081964439723,1.3828800494550266,1.9294950890661762,0.0010543002467373027,1.0985221205457827,0.35697706933030865,867.4592329915192,100,100
ENSMUSG00000032060,0.6006912373988458,110.206740152183,1811.393409061967,0.4969924372902581,0.9291305331595943,9.399544901372547,21.68446139446061,100,100
ENSMUSG00000032062,0.12828363909113233,29.526281477406357,23.89643026445761,0.008483257636344202,1.1140823842610645,0.033115200158151475,9.187161385686611,100,100
ENSMUSG00000032064,0.0745299726925802,0.2817005489462052,1.1139653756886791,0.03690484811020621,0.5555127497637338,0.33349145468713937,8.36054965976147,100,100
ENSMUSG00000032065,0.001,62.31581250733508,1.0,0.001,0.001,0.0017815929000485158,0.21610746327350921,100,100
ENSMUSG00000032066,0.4436921107128503,17.311618658541203,2.1407457753559855,0.04491982594423288,58.16453609927904,0.0011269075684254162,0.9034335078443205,100,100
ENSMUSG00000032067,1.298995243070071,24.44207645184105,31.14028908013928,0.6039523284234412,2.260087481828566,0.6918107097739299,4.379180339770472,100,100
ENSMUSG00000032068,0.001,61.674132606755,1.0,0.001,0.0010000000000000005,0.0015781298217586125,0.15502997275015684,100,100
ENSMUSG00000032076,0.001,61.88525872635182,1.0,0.001,0.001,0.0021270038124914814,0.17095439110281097,100,100
ENSMUSG00000032077,0.6500027733611629,3.616537887153293,7.254011003604635,0.19072525231696108,1.2203848014205676,0.942620631693033,11.922393999668486,100,100
ENSMUSG00000032078,2.241400943780014,21.960199312902382,13.608196121062386,0.009817855519333016,4.163917015952046,0.32324119242889293,790.4884210646163,100,100
ENSMUSG00000032083,0.001,62.31581250733508,1.0,0.001,0.001,0.0015686471737364188,0.06994930239669225,100,100
ENSMUSG00000032085,0.3387709472370106,4.8140284905606245,821.1061674773954,0.001,0.41263319071521615,121.3222189028323,231960.0247078486,100,100
ENSMUSG00000032086,2.5003878013500467,19.827894390102383,27.08554552246016,0.8282601100196327,3.8714856893843974,0.7791241536520349,10.043590790310281,100,100
ENSMUSG00000032089,0.001,62.31581250733508,1.0,0.001,0.001,0.0018512664760551828,0.0861831095828519,100,100
ENSMUSG00000032092,1.904987380173481,512.8252263426539,1.1354335991243487,0.001,10.508893471885063,0.001000003047434952,0.14288963324262188,100,100
ENSMUSG00000032094,0.001,62.31581250733508,1.0,0.001,0.001,0.001443076656351321,0.07069452918504673,100,100
ENSMUSG00000032096,2.1775249820046736,3.264044532951636,17.2151891288391,1.6357185768741715,6.808430115803676,0.9966603687585134,8.119414860853523,100,100
ENSMUSG00000032097,1.4188582286037144,1.717052386730559,37.58801121223673,0.9848943646807862,5.829249653479327,3.467329970527737,34.39098682877344,100,100
ENSMUSG00000032098,0.001,62.31581250733508,1.0,0.001,0.0010000000000000009,0.0014663202147437598,0.17247756360887967,100,100
ENSMUSG00000032099,0.001,62.31581250733508,1.0,0.001,0.001,0.0017844073786374565,0.13689689621684992,100,100
ENSMUSG00000032101,0.002762499551717587,36.3896580977724,126.21935859287868,0.001,0.17231022716269942,0.0016338167458535488,32.61639800890413,100,100
ENSMUSG00000032103,0.12048729470639477,1.4187913346773595,6.347775937676561,0.001,0.2463227790455674,1.735848078501162,512.7837204036036,100,100
ENSMUSG00000032105,1.5243363186737542,368.3888150939397,1.0,0.001,8.195537663902627,0.0010000000000002613,0.18337160844838635,100,100
ENSMUSG00000032109,0.17552850203927162,0.32917340346524654,2.8127690453978484,0.001,0.594755413615536,1.6928888909044453,1471.3659411742697,100,100
ENSMUSG00000032112,2.8251411433798554,7.170569785818347,32.44765663813057,1.9063248710021912,5.99815918865463,1.5485127591379206,9.2540951302583,100,100
ENSMUSG00000032113,0.20939070507398438,31.501715926038333,13.636781844079321,0.014374210652118843,1.8806898303268709,0.0067049456378701616,2.1761903856159996,100,100
ENSMUSG00000032114,1.5014024479328694,4.107408612956713,4.048511431999072,0.30977234425233546,3.6531843139494877,0.3173946284828051,12.924380837259566,100,100
ENSMUSG00000032115,2.1301536281411435,66.54329427083171,112.18854720501626,0.6317439631120354,2.9842077152336905,1.1729156821639184,12.097302906942733,100,100
ENSMUSG00000032116,4.442303990486518,257.43592500372245,913.7382990969178,2.9770816373800377,5.808696206358238,2.7053881415419143,6.9054300731637195,100,100
ENSMUSG00000032118,0.363469439875142,0.8873603858259494,9.288447988908175,0.07609528939528357,0.6479710664986723,5.2560652225693945,76.33561230039831,100,100
ENSMUSG00000032119,0.23936551987267587,0.3285948214772322,2.1330332043180666,0.0012087790180389454,1.2550636434537423,0.748442543412565,1617.7693709438531,100,100
ENSMUSG00000032120,0.16289802966755207,0.4763472357695145,1.9244935197676367,0.0010080744604433712,0.539763724701946,0.8932673012966417,736.476321455925,100,100
ENSMUSG00000032121,0.001,0.0029644795182149322,3.13021477577029,0.001,0.20505261634715533,3.4895853952635485,1320.0089992351086,100,100
ENSMUSG00000032122,0.061986927899632886,0.48149374988437876,1.3941677893626638,0.001,0.9111200562708983,0.10077423125403566,148.05710230131427,100,100
ENSMUSG00000032123,3.644202964154856,995.7754362141637,870.1701265002379,1.2474009239727173,8.136806300826152,0.40533657666159995,5.463608686621358,100,100
ENSMUSG00000032125,0.001,62.31581250733508,1.0,0.001,0.001,0.0016454794904776629,0.11427047013243308,100,100
ENSMUSG00000032126,1.217644569532198,0.7970365360044325,8.157534484582904,0.6422894052377095,5.826217233549658,0.8841068417121811,27.728058728975036,100,100
ENSMUSG00000032127,1.5016477460072641,4.278955421257195,10.545303096958483,0.7732492833641705,3.0704940041842894,0.9453113877500952,6.788838150495106,100,100
ENSMUSG00000032128,0.001,61.259704531272526,1.0,0.001,0.001,0.0017050470104310017,0.15624104680159012,100,100
ENSMUSG00000032131,0.001,62.31581250733508,1.0,0.001,0.001,0.001640852999108291,0.1532785858090405,100,100
ENSMUSG00000032135,9.630181297210433,770.9241109377929,1.0046241131590476,0.001,19.599307389032205,0.001,0.011340568188935649,100,100
ENSMUSG00000032171,0.05188827417297079,0.18609013333641625,59.77655975022768,0.001,0.31871432379434406,0.07116173599604585,794.8955550385301,100,100
ENSMUSG00000032172,0.107278848339358,59.3121255117173,160.4294011611884,0.05737168204122173,0.21057134679676526,1.0288918589294496,5.962366215104327,100,100
ENSMUSG00000032174,0.001,60.188376913276144,1.0,0.001,0.001,0.0019001431400446798,0.07867015096422167,100,100
ENSMUSG00000032175,1.2167731297475088,5.401816590202763,12.865465367170664,0.46090152980979116,2.039872406292747,1.193751305285815,10.289619433755755,100,100
ENSMUSG00000032177,0.2900121348981813,1.772368725796199,2.3245441385539687,0.00860347027818833,0.7120259400150378,0.5461863493689836,114.92565568939818,100,100
ENSMUSG00000032178,1.2747676878639802,29.35020284640028,58.57737990369203,0.3081258592292201,1.9016506305577265,1.2957907021242994,17.557332710657825,100,100
ENSMUSG00000032179,0.062497066090043546,18.55077793800888,29.238180494385055,0.001,0.1536461516171081,0.34116520731784705,122.70444387046163,100,100
ENSMUSG00000032180,0.548017664883564,0.6654516894611843,9.298893874962314,0.23820859576857117,2.5775856330001776,2.266526038886574,49.63132095354699,100,100
ENSMUSG00000032181,0.0032033766347731173,9.488363155065302,24.011424445382403,0.001,0.11349631453895254,0.0019178427429480823,16.822346607441293,100,100
ENSMUSG00000032182,0.2987661805994771,1.1522685579055028,6.591021796219366,0.15590301672039975,0.4586031239212087,3.5656819771395525,12.551490794460529,100,100
ENSMUSG00000032184,0.26463636994892875,26.70020726478524,28.954154478976612,0.053846059701578936,0.4605469311205237,0.592971115048883,7.565333754430151,100,100
ENSMUSG00000032185,0.2645746419995873,0.28616389668032016,5.005687817870224,0.1165959601599505,0.7168748065070898,5.15992399481766,48.38365965118414,100,100
ENSMUSG00000032186,0.29311237814952706,38.180185952529115,22.967642469216486,0.08672077145031454,1.0613815919804317,0.15028634472798047,2.572237484400077,100,100
ENSMUSG00000032187,3.096333065550504,9.62578939394055,35.98575126334147,2.0029612494486355,5.837915437314779,1.5295523301907687,7.029106991243106,100,100
ENSMUSG00000032191,0.001,62.31581250733508,1.0,0.001,0.0010000000000000005,0.001696059000566449,0.24912310551156894,100,100
ENSMUSG00000032192,0.7719641859754718,4.762660696433525,9.411298745960673,0.2744421824020007,1.2687574216101527,1.0482159870684136,6.764427231922931,100,100
ENSMUSG00000032193,1.2968282823811208,4.550036826926746,76.0705268416446,1.0308580600803734,1.904973620956373,9.033337281363991,23.707306336896167,100,100
ENSMUSG00000032194,1.5791586856965734,2.9758736939964203,16.074135903763075,1.0677666005188504,3.559093038987575,1.4778224116842775,9.599782191666613,100,100
ENSMUSG00000032198,0.45067372070171574,2.393805278598044,3.7593569956582806,0.001,0.544676931302019,1.2790377639002224,1223.446366470078,100,100
ENSMUSG00000032199,8.309980167387407,361.5836409788412,653.4023616919435,4.967716657397835,11.37816579247956,1.2935622366650987,4.460574407950691,100,100
ENSMUSG00000032202,0.001,66.84427540036525,1.0,0.001,0.001,0.0015440529322124671,0.15403766138796438,100,100
ENSMUSG00000032204,0.001,62.31581250733508,1.0,0.001,0.001,0.0016252198887597464,0.1850411554168536,100,100
ENSMUSG00000032207,0.9500391800905752,225.60944612728096,1.0,0.001,9.291423872623788,0.001168985578505418,0.07546176134220435,100,100
ENSMUSG00000032212,0.8896391363276323,1.6206744185566722,8.783762021644483,0.5098823334695609,3.413775431880799,0.8805598677476096,12.612416589435782,100,100
ENSMUSG00000032215,0.7738570551582917,0.5966889117620994,4.943702781771873,0.2660248776014107,2.3702844851563185,1.2744994274467527,35.57436787596937,100,100
ENSMUSG00000032216,7.9407630134258325,586.5917511005777,1926.339776725286,6.335769380806952,11.089238285229047,2.3732453926069503,4.091783336002354,100,100
ENSMUSG00000032217,0.11252018530802288,0.10193137784693615,1.7466983906253328,0.001601702939629759,1.4194521475074227,0.7063020819241392,1326.401340498869,100,100
ENSMUSG00000032218,0.00659439330154218,0.1505513503280191,10.514904164007092,0.0012060351020240388,2.936934155303283,0.004358694036646574,226.6338363836814,100,100
ENSMUSG00000032220,0.7302694636375269,3.371983468173151,19.418656037403363,0.5153140817290316,1.0656140600713946,3.586610887933624,9.38365465580613,100,100
ENSMUSG00000032221,0.13071318308815966,28.03502054981923,38.50852608918914,0.04460567587962799,0.3281071965132285,0.3400255902153414,3.792940673768027,100,100
ENSMUSG00000032224,0.001,62.31581250733508,1.0,0.001,0.001,0.0016199238601683002,0.20535777605557926,100,100
ENSMUSG00000032226,0.001,62.31581250733508,1.0,0.001,0.001,0.0017386489683106807,0.1554509907439424,100,100
ENSMUSG00000032228,0.9392515638799451,0.9945030801764309,5.1594296230754,0.22534384988871933,4.201707980073861,0.594324920342524,37.2809657310688,100,100
ENSMUSG00000032231,3.2187494938534296,21.967090245759998,1032.1133556759332,2.0809321994631524,3.9665187198811105,34.13804507206372,104.10116371601138,100,100
ENSMUSG00000032232,1.0135589859714802,8.038500289195927,22.794358524398728,0.6683768370558637,1.5370377811389826,1.65610204455463,5.06888880382124,100,100
ENSMUSG00000032235,0.19687786035614666,0.5363925111515161,1.0,0.03812453418394231,1.3597504714354978,0.1942495746319342,62.071681099367346,100,100
ENSMUSG00000032238,0.3926429586096314,1.4821676150518115,6.030166325261437,0.05572235997645444,0.6927246509509062,2.1582538933020547,44.90732822759146,100,100
ENSMUSG00000032239,0.8701879442951027,99.35384883805008,104.70446156181539,0.39248584656361063,1.3040771875631763,0.617578644565586,2.854711244041813,100,100
ENSMUSG00000032243,0.014812532297947788,0.29348258559528534,2.3742746024380303,0.001,0.12237907206760641,0.14935739526247838,131.5640811862575,100,100
ENSMUSG00000032244,1.5495182820323372,124.9996274395665,207.95926852417182,0.3222620943769495,2.372890696061685,1.0213952141216813,21.68017940069884,100,100
ENSMUSG00000032245,0.3335609171591783,42.31150340389864,33.877654108608176,0.12280906149648088,0.9569961361100523,0.23148046896372113,2.6680783115752567,100,100
ENSMUSG00000032246,0.4171857955331409,1.3452250772002972,6.436788706236615,0.16729665071875083,0.7531980301251755,2.0840586954648304,11.235187851435095,100,100
ENSMUSG00000032249,1.7366176202539358,8.077436077855985,36.52220472580376,1.2290331653935653,4.922484814195638,1.3127386877083167,8.232141642596382,100,100
ENSMUSG00000032251,0.27242179423954827,29.89838385131098,24.166411923369722,0.001,0.4766685255254457,0.3871352621621487,305.5052506948339,100,100
ENSMUSG00000032252,0.4924093900920956,2.0874530810194107,4.512425269891657,0.029628063522658628,0.9437683536915157,0.9148844312053077,50.62358067268039,100,100
ENSMUSG00000032253,0.4486960772540002,1.6689322081858846,6.980248846428319,0.20906302829015672,0.8889389869204878,1.6269103060760894,10.309031208868038,100,100
ENSMUSG00000032254,0.00787537973740093,0.22710463753991794,12.451875974758995,0.001,0.9431698586216362,0.0038497217764600963,155.56741587666102,100,100
ENSMUSG00000032257,0.001,66.84427540036525,1.0,0.001,0.001,0.002074567584445038,0.19868255297481435,100,100
ENSMUSG00000032258,0.426813094698438,33.916120734097994,8.8256970565359,0.020583476945686914,8.38000191275913,0.0047976653352592435,1.284657765574476,100,100
ENSMUSG00000032261,0.07051272635770062,17.847491418577,29.60267271787895,0.001,0.15603800361843878,0.6157217398753494,137.5680930491116,100,100
ENSMUSG00000032262,0.1850725788837448,17.687861446990397,6.862836029930661,0.06406943961430939,29.74770965833492,0.0013767013515554563,1.374795164357093,100,100
ENSMUSG00000032263,0.6881625320206324,7.444397431557587,12.08459628167168,0.18886710394681117,1.1072563503743313,0.8990496019640954,10.073427280910241,100,100
ENSMUSG00000032264,0.674452426074123,0.8599756523133042,3.6079015771067273,0.21565499119521847,2.163650423965985,0.799118842437918,22.068921180263025,100,100
ENSMUSG00000032265,0.2680233243101187,3.0867906064795374,12.535036986506812,0.17625007725433525,0.4450243349633485,2.1344938749686895,6.254640874582906,100,100
ENSMUSG00000032267,1.205049348218877,31.47135188831213,9.647666374332816,0.11518849943258494,4.720798688572498,0.08584695360963426,6.503332986893685,100,100
ENSMUSG00000032268,0.001,62.31581250733508,1.0,0.001,0.001,0.0016132634871043178,0.12146150609431655,100,100
ENSMUSG00000032271,1.0764713654796796,3.6505517512089285,22.727154479902918,0.7951948507234102,1.6614463410055065,3.084423598756594,10.070243711567095,100,100
ENSMUSG00000032274,0.001,62.31581250733508,1.0,0.001,0.0010000000000000005,0.001647042059690748,0.15176787543623796,100,100
ENSMUSG00000032278,0.001,60.80878088638715,1.0,0.001,0.001,0.0023097877372688616,0.22842143206824803,100,100
ENSMUSG00000032279,1.8819382019680304,13.089084107284958,44.626148756741124,1.2421458913759063,2.860567758218226,1.9385546507392706,6.429946001904985,100,100
ENSMUSG00000032280,0.3478776979603456,0.6072616868469696,5.097633776147532,0.1697874952005774,0.6966852301506092,3.2992670816708687,20.093080030988645,100,100
ENSMUSG00000032281,0.14799130903529437,4.945662249802396,21.494171025791573,0.10132406092971408,0.2376890220608298,2.55555304480745,7.128639441549829,100,100
ENSMUSG00000032285,0.6784506459395283,19.260277427052014,22.865814664376547,0.0018941235824112088,0.9858488114318968,0.7358854456111221,883.3520627489795,100,100
ENSMUSG00000032288,0.7647740425921071,3.15955945860436,9.543525063498533,0.46221013708396497,1.227135402653277,1.6046725176651313,6.034411076648855,100,100
ENSMUSG00000032289,0.4242668200510956,34.30303312028124,8.940141045407167,0.13768075635830362,30.127715257451605,0.002934955584832624,0.8989011100375797,100,100
ENSMUSG00000032290,0.9487440572774907,1.6316309522962313,5.740750789570956,0.3745983268396456,2.58254874688137,0.8384858306600408,14.613271692711855,100,100
ENSMUSG00000032291,0.1620741448743591,2.4440978157298665,103.93835128651168,0.12029560107477211,0.2061734976828652,28.345992308351054,59.90780545412167,100,100
ENSMUSG00000032292,0.001,62.31581250733508,1.0,0.001,0.0010000000000000005,0.0018018522046726348,0.1866500953021487,100,100
ENSMUSG00000032293,0.8100457174906357,1.1477165434185241,3.6714037327188342,0.28228600504245904,1.9480407583729415,0.8012900121222623,12.802898479190837,100,100
ENSMUSG00000032294,7.342317782339236,74.41110327244785,1996.1609872954093,0.009548049483081819,7.826522518975086,1.210550785608823,200232.0633600566,100,100
ENSMUSG00000032295,0.14846097716128007,0.08489138630306546,1.9969143922256176,0.005451155755824239,1.9657626915650916,0.7834618317979456,920.8212623487516,100,100
ENSMUSG00000032298,0.24336754085482468,19.942150094790883,33.7137925409888,0.001,0.30404302699194863,1.2212823633290726,606.5166902444249,100,100
ENSMUSG00000032299,4.5992904237424685,922.4645945335507,1511.7794924471812,2.463083218984793,6.666908144094084,1.1322944761366682,5.62941766876919,100,100
ENSMUSG00000032300,0.2750420599534295,1.2399570543921004,5.4802854021079,0.09044801107510786,0.5163184855399272,2.06270699599179,14.618256860159839,100,100
ENSMUSG00000032301,0.23004811359078858,0.4521951137568891,22.901677084122216,0.001,0.9679907047028407,10.972773851638225,12936.849393803375,100,100
ENSMUSG00000032305,1.5635636836699545,260.8966529167721,180.40337869469994,0.9139779287728154,3.004527626149601,0.3571608201395857,1.3646222892022577,100,100
ENSMUSG00000032306,0.9473228267174909,4.009222254874482,8.6902728377127,0.34658394846158613,1.6153800563287724,1.0571792115314849,10.599878235668012,100,100
ENSMUSG00000032307,0.001035767512616862,0.001423700494686858,1.000031874842237,0.001,0.7404836719053902,0.5352333125669383,993.9066028774289,100,100
ENSMUSG00000032308,0.00940858093412623,0.008117731840770217,1.2852572505797593,0.001,1.0733145585967898,0.6917367524347027,1276.5806304817575,100,100
ENSMUSG00000032309,1.3222615445766568,2.8668234017103122,15.520348406618943,0.913939875318137,2.7509173491746894,1.8161807500078404,9.13996196215827,100,100
ENSMUSG00000032311,0.28096988894445973,17.446033187071937,4.153128554335257,0.048196038111530747,40.78209979023784,0.0013694726043839544,0.7387385570333436,100,100
ENSMUSG00000032312,1.630533536119684,3.1390756557908506,11.328333256805188,1.0142278936271865,4.807881701548587,0.8727141731462138,8.153142497984422,100,100
ENSMUSG00000032313,1.618864577899538,432.24481884438677,1.1086793463881914,0.001,8.337450646887508,0.0010000000000099615,0.0901339631020465,100,100
ENSMUSG00000032314,4.8495400380649984,59.696846721729344,165.12073172634817,2.1742360100827183,8.068038526130271,1.5971874753422672,11.027730698367835,100,100
ENSMUSG00000032315,0.00837175007542814,1.070462093001767,7.47914377475084,0.001,5.437702264072778,0.0015172564054243272,50.582447103491624,100,100
ENSMUSG00000032316,0.2945626902354042,0.21246796615771843,5.594565055365282,0.14679929871195302,1.7228921853606336,2.01629408586875,70.3640594717724,100,100
ENSMUSG00000032318,0.001,61.45463549419866,1.0,0.001,0.001,0.002318740590040586,0.4835434880307505,100,100
ENSMUSG00000032320,2.649095092849056,2.8493506711276444,7.680365040395031,1.5038020405850676,8.470196423812368,0.43527988259860023,9.256700711786895,100,100
ENSMUSG00000032322,0.10854858300673431,24.387330063366704,42.83758049260968,0.001,0.17074844973143324,0.8829065149441317,234.4557906650262,100,100
ENSMUSG00000032323,0.001,62.31581250733508,1.0,0.001,0.001,0.0016064394269410588,0.16824622822955979,100,100
ENSMUSG00000032324,3.712224479749468,547.7667962494587,469.6771085952028,2.5213489889432092,6.475387850087609,0.49513449246010965,1.3018864914949382,100,100
ENSMUSG00000032327,1.8097731898307214,437.46334361701787,1.0,0.001,8.241715373136394,0.0010178479380769186,0.06667845329407296,100,100
ENSMUSG00000032328,1.53190822415399,1.7356680047223794,8.76120748126323,0.9219028741350382,5.394617513644487,0.7895921251848557,13.827344626188697,100,100
ENSMUSG00000032329,0.46596232699391094,0.675170553905858,3.1026554947850586,0.18462823856030403,1.341002683812,0.9201171791044924,17.69344359981413,100,100
ENSMUSG00000032330,4.687994140954676,59.436052181657956,420.2853469188772,3.1134447573813824,6.219683439376485,5.1670134430190355,14.635617987079424,100,100
ENSMUSG00000032332,1.406331882887276,23.01956632095499,292.55045601661124,1.138109107710462,1.9353573844126521,8.807490793830992,19.224742289501325,100,100
ENSMUSG00000032333,0.5073753492927715,0.6222719045044001,3.8998569996391534,0.1588337357699922,1.3140836413448105,1.5600540646483756,34.985188916994396,100,100
ENSMUSG00000032334,0.8618397933951966,4.081633955337499,113.32515500284049,0.7172935231928723,1.3771853666948561,14.882945432447332,37.27902597047246,100,100
ENSMUSG00000032336,3.6845591709338192,14.293060297994197,118.833000573348,2.8761069880561996,9.15569486514857,2.571030461091886,12.89865466543932,100,100
ENSMUSG00000032340,1.6012790042265446,18.717077310599812,38.75096462747407,0.8895128442124305,2.55223207070996,1.1834607586876524,5.106143249476463,100,100
ENSMUSG00000032342,0.30470024753391556,1.0516879233772607,2.09472665738361,0.0016191362302055993,0.8961242280205649,0.5187088078388922,630.4540302831364,100,100
ENSMUSG00000032344,0.005536031220643658,0.10291613090689516,1.0,0.001,0.3168581653421779,0.001596301636749705,59.69390674755391,100,100
ENSMUSG00000032346,0.001,62.31581250733508,1.0,0.001,0.001,0.0020501624038729983,0.23133885377739244,100,100
ENSMUSG00000032348,0.0425961592096837,2.526045669732598,61.777032112029794,0.025362645826377768,0.08927858820896048,6.185205699566017,74.5302495273198,100,100
ENSMUSG00000032349,1.0219850122129714,2.4517682410604533,6.958244610405148,0.5614427620657927,1.8897998624541517,1.0068964004259495,7.139923560375568,100,100
ENSMUSG00000032350,1.103874100271679,76.04079943835768,140.07143703932314,0.6023960085558266,1.6317864410004632,1.0804656434669284,4.088654923341572,100,100
ENSMUSG00000032352,0.2211969175730682,0.642821593579138,1.9368383905539635,0.001,0.852295952209921,0.6423225274626585,951.8503249912468,100,100
ENSMUSG00000032353,3.5375655346049486,294.09648503056866,956.7067631651355,2.455118993041559,9.429183234859769,1.1950116006480742,6.080885894204349,100,100
ENSMUSG00000032355,0.030883434032420897,12.358607687172578,14.899303805802237,0.001,27.027800311150763,0.0010447548427520107,5.595717757958163,100,100
ENSMUSG00000032359,1.416973138988142,14.340571286427348,156.03004437203057,1.0860902261666374,2.084219294399886,6.536898776760895,16.955728040359787,100,100
ENSMUSG00000032360,0.001,62.31581250733508,1.0,0.001,0.001,0.001656228639097698,0.19643996559771554,100,100
ENSMUSG00000032363,0.688531366263507,30.369358991403196,38.15867032017765,0.09122515184100416,1.040407325329809,0.8529272144051347,14.754619491032246,100,100
ENSMUSG00000032366,2.4251469317193726,78.492789078252,3689.6207956681483,1.99494812733785,2.8095778506759665,37.147545558409654,58.59526865193682,100,100
ENSMUSG00000032368,0.02220772308320509,4.657063323470822,70.87957335689076,0.001,0.047056235645746305,0.783667940341406,602.4443637766667,100,100
ENSMUSG00000032369,0.9623285235676569,9.834119577139848,41.02817866678157,0.7004346962779275,1.2858607816098926,2.726579310150874,6.6537804737954325,100,100
ENSMUSG00000032370,1.1541675746475721,167.92916815718849,393.65747933315623,0.800171954515134,1.9982236436944092,1.2650083600818007,3.790058354260591,100,100
ENSMUSG00000032372,0.8009331979374514,3.580987388292788,16.774922583258803,0.46721417870873816,1.3726937599151867,2.393192821240417,10.673090963587457,100,100
ENSMUSG00000032373,0.050749429023977576,0.873768148179336,4.496579899833788,0.01900244315827204,0.1358580374731409,1.296693035247666,19.945329778866448,100,100
ENSMUSG00000032374,0.5042637480827771,3.2521116483874075,11.586448537279862,0.3223562973859378,0.7653492351345628,1.984728366165549,6.428980168194746,100,100
ENSMUSG00000032375,1.0910307870090397,311.1238656324639,436.7360471083028,0.2969522301473379,1.5685533828823002,1.0019175142552719,11.563683121844875,100,100
ENSMUSG00000032376,0.1427951123981263,0.2961637825587383,2.8059803604723523,0.001,0.5268743641063641,1.887953598843484,1645.050429339071,100,100
ENSMUSG00000032377,0.2609119464468913,3.791084389940925,2.8054634194441785,0.0038631175001256485,0.5803802277877128,0.30832677130838615,58.2572840109909,100,100
ENSMUSG00000032380,0.09572627363639408,19.09327444479028,17.80791145990918,0.027703889728706667,76.90921646878152,0.0011235830699618354,3.0847403052298557,100,100
ENSMUSG00000032381,2.2091238666809656,13.465512319663922,46.232209655529715,1.4875715888845704,5.867907488808066,1.0213806014044793,6.2781732804001615,100,100
ENSMUSG00000032382,2.2550581803373198,6.675377497113716,23.694557973726877,1.416692490310846,6.5783225140022665,0.9434704649519484,8.114014027920355,100,100
ENSMUSG00000032383,4.894239071386474,48.241836083602976,328.774195799392,3.529342822751473,7.41001433365598,3.98755193127953,11.923274036456542,100,100
ENSMUSG00000032384,1.2831403634881717,147.78460742574418,170.75327072375856,0.08267401898152246,2.0481157729061032,0.7316037492259158,79.09158339126695,100,100
ENSMUSG00000032386,0.9324684517984396,2.9601718260914174,8.195264399623015,0.45118967108821373,1.7525846973681192,1.1529083764384442,8.552696277444714,100,100
ENSMUSG00000032387,0.8720923091242854,6.6947480178518175,5.511151977613659,0.04196070849590367,1.48030325132298,0.39543749886992546,38.0568403406029,100,100
ENSMUSG00000032388,4.191779432421073,428.36741245938026,158.81080588321635,0.30395145455934414,69.22153773954248,0.09361001002764364,34.55839307414368,100,100
ENSMUSG00000032392,0.3383775059346566,24.78939633061777,27.65933396128243,0.19029140324302984,0.8922102456956769,0.3867232452135136,2.1845043414536853,100,100
ENSMUSG00000032393,1.8320771911383609,3.999456479933622,10.89076189599803,0.7706948400163302,4.376808113060345,0.7825153172331973,13.070117401780447,100,100
ENSMUSG00000032394,0.001,62.31581250733508,1.0,0.001,0.001,0.0016324322137581562,0.11813841966189735,100,100
ENSMUSG00000032396,0.715100624467933,0.825047748836327,1.6418689733093452,0.03288553258933008,5.050677526616067,0.19528114095501292,97.25562137082031,100,100
ENSMUSG00000032397,0.6779836069676171,31.0365629083046,105.42934660416363,0.4300368675449191,0.9226637218817382,2.3983773529743893,5.9347769953105,100,100
ENSMUSG00000032398,0.14260853877811033,0.39700355932352405,2.4980050826670865,0.0013980935732020602,0.4855471486889955,1.4044094901407045,803.8357575662087,100,100
ENSMUSG00000032399,8.807068536182422,103.52694940415077,1733.9750087700145,0.015426136481701557,9.248895945553915,2.0648156814824645,235.30074652020232,100,100
ENSMUSG00000032400,0.24330459343062413,20.184773379142275,37.19385531254422,0.08061579566386715,0.4115303425016842,0.9126171606824126,7.891597364531844,100,100
ENSMUSG00000032401,0.012625844828858935,0.1459632473162138,2.890278535019136,0.001,0.10366993169773964,1.8795542823823341,268.7570230208596,100,100
ENSMUSG00000032402,2.551652037983403,8.454178469061839,40.71047372271462,1.7682638072171284,6.232971723053924,1.5199057179254671,8.653395401258894,100,100
ENSMUSG00000032403,0.05440503679250338,18.44349194337284,12.918311576920694,0.001,19.42746786318931,0.0011544952564473767,43.460238817346415,100,100
ENSMUSG00000032405,0.11054041702989438,0.2854514701256457,4.7840682191058335,0.015883861037821224,0.28914440645087214,4.1352794834831625,128.21211172222323,100,100
ENSMUSG00000032407,0.519158512654544,1.037815851255154,4.521271817647146,0.18822686613435402,0.9959896870638354,1.7747308029348627,18.876122615293134,100,100
ENSMUSG00000032409,0.001,0.007218969854915709,1.7026832033375376,0.001,0.19728125126029372,0.9077155159585288,346.06674932630494,100,100
ENSMUSG00000032410,0.1367554080557105,0.13127491856245427,1.5876457600825158,0.001245906942235824,1.2502238288445264,0.6948469469205367,1338.0512734165202,100,100
ENSMUSG00000032411,0.20209054353242922,1.313287618578402,3.096147209920506,0.001,0.46870187766428684,0.9362500229906172,827.3906446601078,100,100
ENSMUSG00000032412,3.797568210679228,22.02774806112222,33.052394394991964,2.416002551622197,8.582471627075094,0.5468406342751229,3.410928170760923,100,100
ENSMUSG00000032413,0.3093311279040624,13.021925347813863,12.721122943757027,0.001108293597325546,0.5549617573510095,0.5017713494463414,296.4284230806878,100,100
ENSMUSG00000032415,0.42289696470239163,31.847626623669253,17.552500906691613,0.06634618285670399,0.8440593564417836,0.22696706681677078,4.365006818241801,100,100
ENSMUSG00000032418,1.4302772406985431,5.8353318020685965,19.83124225142228,0.6677969228738707,2.3269979225045874,1.6496963579936208,13.136196708616172,100,100
ENSMUSG00000032419,0.6527215122543807,153.8245194053133,201.19350115666984,0.32296672315127517,1.149959365004067,0.6832863807264903,3.2781486681965304,100,100
ENSMUSG00000032420,0.06330895014536757,18.630307065701636,28.93111654911345,0.001,0.12299156391353798,0.00555405189251177,146.50227145234652,100,100
ENSMUSG00000032422,1.154112113175099,42.80310911634744,46.324527030094956,0.3213027985837561,1.6728253415033794,0.682456329540617,8.264778290351627,100,100
ENSMUSG00000032423,0.8400829483223715,2.827748247028537,25.849561819684883,0.45076803590690084,1.3010701159913642,4.826477540945415,22.94162490635778,100,100
ENSMUSG00000032425,0.11265103517008902,0.3870945828332193,1.8081648815074873,0.004461762069486135,0.5281504230470402,0.8315448112982153,261.8861606023565,100,100
ENSMUSG00000032431,3.219962029725452,323.89380201670696,606.4538994849221,1.9605803335492693,6.160507949878539,0.9277510795248205,5.426595846729809,100,100
ENSMUSG00000032434,1.0319689511601435,1.040092651694012,9.374636222322795,0.6528164803130152,3.4666413995780214,1.4014069928597481,16.654735405902684,100,100
ENSMUSG00000032435,6.094968984634182,37.994474571469176,12.11846192463694,0.9228315745104922,19.201619575013076,0.10349716785193201,23.313960583983164,100,100
ENSMUSG00000032436,1.5389105942755406,828.492593527971,1502.3431831042533,1.0532618786958121,2.0889514343304345,1.3142122832242036,3.8892706904062297,100,100
ENSMUSG00000032437,1.4194839354123068,3.6937247603950634,18.257421269892944,0.8604005914647637,2.938366966565308,1.828151334892326,11.94585959551113,100,100
ENSMUSG00000032440,1.0569530050196525,28.96658312981594,191.03865002824844,0.631594634751965,1.4708666283563336,4.4770033880466205,18.227107644863974,100,100
ENSMUSG00000032443,0.04408337916308645,20.456937726627967,19.18030824486587,0.001,21.108575808360555,0.0011090960387507114,30.70849511534375,100,100
ENSMUSG00000032446,0.001,66.84427540036525,1.0,0.001,0.001,0.001740857260895774,0.2735171669640189,100,100
ENSMUSG00000032449,0.10555291724955831,0.706548133365576,3.0831291969932586,0.001,0.20323333433874702,2.7011126522986317,757.896168729303,100,100
ENSMUSG00000032452,0.006745081846152995,16.60866028480806,41.52323520599554,0.001,4.238595813080087,0.0015578528680135748,35.289940505407564,100,100
ENSMUSG00000032454,0.001,62.31581250733508,1.0,0.001,0.0010000000000000009,0.001522502068548528,0.21041139636234102,100,100
ENSMUSG00000032456,0.02338405749861259,11.952188861526123,51.45841541633703,0.001,0.24955434214804728,0.14614530485335886,167.20185334189193,100,100
ENSMUSG00000032458,2.937669325242867,120.54631983900973,563.1988706208157,2.166955535975453,6.895345211395426,1.9215839799558214,7.5828653686591165,100,100
ENSMUSG00000032459,0.6197254731366447,0.4472926046718387,3.8118708576575826,0.013191408291761419,5.317549132823494,0.4320384245333823,687.6218439087195,100,100
ENSMUSG00000032462,0.08147672214549857,0.21731161483727104,2.360513793338821,0.001,0.42852467524437865,1.484904366680209,997.673184008343,100,100
ENSMUSG00000032463,0.6816118101000118,1.0545460807381761,9.527857646494532,0.36011657833543986,2.1112230776164833,2.0263163824432335,21.55585187346151,100,100
ENSMUSG00000032468,0.1698526294729285,0.4084645203490869,5.39560712750413,0.003913765882055905,0.39232968793877326,4.243889000695914,554.3548181532273,100,100
ENSMUSG00000032469,0.3497968656997412,0.5245307531801418,6.857569293938424,0.21710126385412704,0.5302650081647704,7.625064926378658,24.429876237755394,100,100
ENSMUSG00000032470,0.06016246220448423,0.22329544457262862,5.233838888971142,0.001,0.22053545327136648,5.101032860785241,1474.630585362092,100,100
ENSMUSG00000032475,2.24390258906221,62.55522214518041,62.73109706738719,0.3542907247646322,3.3245610057401325,0.6349434409768766,20.995813162581538,100,100
ENSMUSG00000032477,0.4996094401672586,0.9778632475189271,9.479948518725545,0.28470829327087643,0.8631201271483053,4.851710120787911,20.42249208434989,100,100
ENSMUSG00000032478,1.5434653202149804,78.2880569080993,73.63664196676699,0.6864613436145024,2.3490018795908694,0.6361223407012526,3.803322056255542,100,100
ENSMUSG00000032479,5.298458772283599,260.9166285691461,975.2318137724163,3.8507794883386213,7.392052319907982,2.6234429644605726,6.551991979610026,100,100
ENSMUSG00000032480,0.7565812977447667,1.1418778940039997,5.934525886956896,0.3308076779114145,1.9990632146174288,1.1656584795128464,14.858962275650303,100,100
ENSMUSG00000032481,2.1636398368990637,8.213499468571957,22.23435854089936,1.229066185066276,4.320285840271024,1.0532982449348678,7.2216852001578555,100,100
ENSMUSG00000032482,8.510157148438035,999.9999964472892,1.0001374900202051,0.001,17.17615892012677,0.001,0.07631479341009748,100,100
ENSMUSG00000032484,0.001,62.31581250733508,1.0,0.001,0.001,0.0016794560048913046,0.1947822428340778,100,100
ENSMUSG00000032485,0.40192734883409864,0.48080994401375093,6.36872452938228,0.13750807142415034,1.1646308580936298,2.992207221921285,52.986884442634775,100,100
ENSMUSG00000032487,0.7512032170212598,14.580235719318845,410.4843730384217,0.6261926398240698,1.3185915277492024,14.918452014072823,39.50961687234856,100,100
ENSMUSG00000032489,18.37485677021083,700.8091333809176,1.0,0.001,35.3951852182431,0.0010000011637291847,0.00897264714109223,100,100
ENSMUSG00000032491,0.8376785148787165,11.992784688449298,40.44436269092541,0.5908925614136746,1.1875954237259099,2.0420505589607556,5.459289943140786,100,100
ENSMUSG00000032492,0.015626118223032,7.454431412263675,40.69266358555562,0.001,13.883335947544696,0.0010381757052076042,51.66596676046096,100,100
ENSMUSG00000032493,0.001,62.31581250733508,1.0,0.001,0.001,0.0019701353116204348,0.18093326295274761,100,100
ENSMUSG00000032494,0.001,62.31581250733508,1.0,0.001,0.001,0.0022479382040594287,0.23545405438621025,100,100
ENSMUSG00000032495,0.03931925235321935,20.261796542899148,10.696085957054951,0.001,14.340931954540412,0.0010877928238772585,6.643836084514432,100,100
ENSMUSG00000032496,0.001,62.31581250733508,1.0,0.001,0.001,0.0014861400971404996,0.1355638140005441,100,100
ENSMUSG00000032497,1.8231566348094013,280.82371664668307,539.6956165544796,1.239161907257068,3.727953621395664,0.8375894615618897,3.6800996996754725,100,100
ENSMUSG00000032498,0.7937503336807588,29.95055867916119,19.8584662369134,0.4413153289841161,2.291579256056571,0.21406811653436436,1.3623312436322395,100,100
ENSMUSG00000032500,0.001,62.31581250733508,1.0,0.001,0.001,0.001583368808499114,0.18455334816932897,100,100
ENSMUSG00000032501,0.49035350572969433,20.84421207614128,29.30390836270033,0.12305107204736648,0.7608299134585186,0.9103624153185375,8.355722134177979,100,100
ENSMUSG00000032502,0.6437621963837976,154.64850262092747,1.0,0.001,8.32874172601848,0.0010008699951505643,0.048536869951901956,100,100
ENSMUSG00000032504,7.951927204083704,319.59245704807444,226.29748339164487,5.634247678742234,12.672104728604424,0.4202143823188799,1.2432223306121677,100,100
ENSMUSG00000032507,0.35284488484791615,22.264752838100883,51.52105010031011,0.16294829531934726,0.47782583418936025,1.4900185565585624,5.827031712282118,100,100
ENSMUSG00000032508,1.3930249100090464,28.122865977502478,31.39463562302549,0.03581738192696335,2.0226938438823123,0.7230567286126353,135.34116590835566,100,100
ENSMUSG00000032512,1.7551949636606559,3.2036387269773487,12.308543222534151,0.8935257892845481,4.478345484000428,1.0186785765548418,12.652903706472905,100,100
ENSMUSG00000032513,2.9091377983720084,621.9774331861325,499.68348666725257,0.9153388776466649,5.054085954269892,0.45026830376677895,9.928594642164915,100,100
ENSMUSG00000032514,0.001,66.84427540036525,1.0,0.001,0.001,0.001504079786561252,0.19228476633393576,100,100
ENSMUSG00000032515,0.3808585529002151,117.90499589978013,210.02759661561444,0.14487751285515243,0.5678860333375548,1.2374038120100899,6.194767043522609,100,100
ENSMUSG00000032518,6.48160668859127,108.8811340376649,1721.9057232120053,0.1971481726741128,8.291052208545903,1.8915906311632975,30.950923415123395,100,100
ENSMUSG00000032519,0.35193112049865677,0.8646760073904705,3.4528369739097062,0.03458746709115518,0.8058796192135346,1.3624267100460208,62.31212214954507,100,100
ENSMUSG00000032523,0.001,66.84427540036525,1.0,0.001,0.001,0.0017529955599245453,0.08473708369785282,100,100
ENSMUSG00000032525,1.0012421518145322,2.521921321835281,8.253802155130614,0.5768542586921337,2.0688254615509996,1.2037543319324795,7.135631638317623,100,100
ENSMUSG00000032526,0.001,0.0025821348879364113,4.877111842556874,0.001,0.14054919326520082,6.281817702941089,3664.873131940791,100,100
ENSMUSG00000032527,0.6656800217775586,1.902148803953805,6.25276198698388,0.2524140869813041,1.425651914295071,1.3026473965465226,11.0719550766179,100,100
ENSMUSG00000032528,0.06284558109943333,19.321425691471806,11.402391035918816,0.001,17.56937203658199,0.001319048103410235,47.43985100183172,100,100
ENSMUSG00000032530,0.010866181110803114,19.743970597357606,22.513957450610025,0.001,5.521094353578652,0.0014975439434264843,2.6629132481082958,100,100
ENSMUSG00000032531,0.001,13.27963821034474,1.0,0.001,0.001,0.05217524760306354,3.472010136940976,100,100
ENSMUSG00000032532,0.10726325397195886,3.801426086243433,1198.7983387963336,0.01387240973800427,0.14501287078870156,72.8541062298329,2479.228334772747,100,100
ENSMUSG00000032536,0.9919416382090411,1.6950040483902975,7.161767835436559,0.40160994627426116,2.8878993356323353,1.0827563648051375,18.11537037233869,100,100
ENSMUSG00000032537,0.9500391800905752,225.60944612728096,1.0,0.001,7.625267127047133,0.0012642026534792593,0.07139918941075821,100,100
ENSMUSG00000032540,2.3990182613974422,429.86677609395235,926.452664864953,1.6612999211333415,3.808412744429912,1.341869663631237,3.695212416798453,100,100
ENSMUSG00000032547,1.2275661797269553,1.8671253999486117,14.802339689854284,0.7097355398265655,3.310412420262254,1.8510634196766567,19.137442031883715,100,100
ENSMUSG00000032548,1.5014430199497897,24.645316471239386,182.20541344721633,1.0818552109511008,2.709287074846787,3.5595631494625812,11.796664447592963,100,100
ENSMUSG00000032549,0.030134869455857718,0.30774634942245027,1.3026503780873777,0.001,0.24217263515209425,0.2829730361076239,134.5349057823475,100,100
ENSMUSG00000032551,0.18773163256038508,0.49530727515910716,3.3472797396829033,0.001,0.5010737244403183,2.011856940181886,2060.4505781286425,100,100
ENSMUSG00000032553,2.794009007561783,9.130055276970301,22.07522990741514,1.342736590348292,6.291434754769639,0.8057519059226914,8.485140009944798,100,100
ENSMUSG00000032554,0.010807572701866124,19.655190954873476,22.4247892993891,0.001,6.412772887723261,0.0010229336561964806,27.61978642023903,100,100
ENSMUSG00000032555,0.2900505018176972,1.1090369266583482,2.9197382653042454,0.17079527006736867,0.745121054384031,0.865694773370814,4.517020826547815,100,100
ENSMUSG00000032556,0.001,66.84427540036525,1.0,0.001,0.0010000000000000005,0.0016744061529218993,0.1993256575584314,100,100
ENSMUSG00000032557,2.2423285863211935,212.04224977538732,324.0714866531307,1.7339665510883016,3.2851987298124605,1.019923613249317,2.20279759096943,100,100
ENSMUSG00000032558,0.3968570752708751,30.647122223783146,12.635748216636005,0.03301725621454154,2.471635920794931,0.05728484478181509,4.224977165270223,100,100
ENSMUSG00000032560,1.2423608292780985,2.2521073244296224,8.266139261699804,0.1670811325968123,3.0258037979063355,0.9780590918428108,64.55741244316542,100,100
ENSMUSG00000032561,0.14991006198902632,28.991952933451884,43.58211080703329,0.0010450728348189466,0.2590149572373338,0.8393283226210171,191.26124332154293,100,100
ENSMUSG00000032562,5.651229211818545,151.39555918774212,536.3347310766345,3.1043554795815647,7.486003294177492,2.6095613221671954,9.909876960284375,100,100
ENSMUSG00000032563,3.809890156233814,61.37197117601426,72.51610632191995,1.4075375068627967,6.039563698801146,0.6997841065410904,7.255686963978221,100,100
ENSMUSG00000032564,0.001,61.88525872635182,1.0,0.001,0.001,0.0016148130973611258,0.2606926431803101,100,100
ENSMUSG00000032565,0.6490184570623876,1.6072700033902063,2.2452055714181745,0.0025062495838807995,2.101617784874733,0.33636687443233604,798.873371260734,100,100
ENSMUSG00000032567,0.0010000110711635868,0.0013868478721279624,1.0896402321856766,0.001,0.8192497288353136,0.5234210834499278,1027.6136080425276,100,100
ENSMUSG00000032570,3.552703147727609,304.4013796770299,186.56193358723723,1.1198964724022984,5.975903691705879,0.32519123667410477,5.309892200067614,100,100
ENSMUSG00000032571,1.14053313664233,3.4539857461979557,3.6597966156664183,0.004118343258832254,1.505849986555058,0.6672188094903351,699.366180610736,100,100
ENSMUSG00000032572,0.047106569522754854,20.085481565037075,14.14861238155452,0.001,11.98934525130825,0.0014487691081144138,26.53962657229809,100,100
ENSMUSG00000032575,2.1777246492836113,63.10466540947049,827.7459864282814,1.605979881614046,3.4071933071273586,8.085931717933391,20.79016492390799,100,100
ENSMUSG00000032577,0.7708996423177837,5.5945400879620175,16.001867095817847,0.4301102571017954,1.166344757270719,1.6512957577232026,5.938566595890258,100,100
ENSMUSG00000032578,0.10854167242280843,16.816686249486185,15.039030891830102,0.001,0.6090508085998265,0.04935318780801467,20.579927889629616,100,100
ENSMUSG00000032579,0.4068086224213211,1.8501564805845812,3.2886904025485837,0.001,1.080076643237632,0.5952811616055101,1042.3353903271923,100,100
ENSMUSG00000032580,2.3935719051255484,4.866562310707338,20.495018586700482,1.5904809746633077,8.122444845939755,0.8308625548229127,8.684014212268353,100,100
ENSMUSG00000032582,0.5296593076913897,0.6033479517922797,6.623134113926254,0.18602773406839698,1.518701628067213,1.9683497321868906,46.80876718143759,100,100
ENSMUSG00000032583,0.2696128191675398,0.5742446176352239,2.0335156361242506,0.001,0.9601182228861711,0.7348462947573466,1486.5304929996737,100,100
ENSMUSG00000032584,0.03948151870908546,20.267550519957965,10.700202825695538,0.001,16.95953193913077,0.001,5.064200005766705,100,100
ENSMUSG00000032586,0.05216556994127943,1.1123305746451657,4.359772685461145,0.003585236987582288,0.29881462050693985,0.6410064469860408,58.54874472530745,100,100
ENSMUSG00000032589,0.001,62.31581250733508,1.0,0.001,0.0010000000000000005,0.0018026789543319796,0.27824346190658855,100,100
ENSMUSG00000032590,0.859556418956213,1.2582891859289391,5.514488411049123,0.3624826603193597,2.505202191476098,0.9213297226516683,14.003565125514417,100,100
ENSMUSG00000032591,0.008172236055239276,29.609626560410863,31.858232265418874,0.001,0.04501424456129405,0.00163177231562811,54.580375047056904,100,100
ENSMUSG00000032593,0.6355738007847666,26.333241006380366,18.661875636652017,0.21646794553428356,1.1407254621367442,0.29236412702141834,2.715759122524629,100,100
ENSMUSG00000032594,1.860269359967472,14.621186982314551,31.532590309735376,0.9483556238473547,3.5294691544833645,1.0057869201224001,7.130061932369223,100,100
ENSMUSG00000032595,0.001,62.31581250733508,1.0,0.001,0.001,0.001659961265567243,1.1130667726828387,100,100
ENSMUSG00000032596,0.04674205039763554,2.590244370353358,4.799956146833289,0.001,0.2648564562654539,0.11096925405464605,112.21325466482992,100,100
ENSMUSG00000032598,0.4664737474634318,1.5306998143778117,3.3814558808682547,0.005991964119583915,1.3383365241467298,0.5842799310983151,377.0934157011196,100,100
ENSMUSG00000032599,0.3056833735226097,0.3946810319151883,9.728629452223577,0.06825402468242225,0.6619079493154603,7.599819587878161,139.47265074920892,100,100
ENSMUSG00000032601,0.2664466232400283,0.926104769051098,6.748249606962112,0.004675926749815295,0.4476815868582621,3.9743675403267194,479.14988523644064,100,100
ENSMUSG00000032602,2.139366527592127,4.350065456661851,12.679952730603535,0.9022025383278297,5.27609620140493,0.8073986877963717,12.972429393882166,100,100
ENSMUSG00000032604,1.532421123696251,1.8039288317326567,17.642270068376998,1.1776451877090999,4.4342077227196,1.783929569060768,15.162602483398903,100,100
ENSMUSG00000032606,0.3674496036607469,0.5567607080789878,2.236071375523042,0.08477230872638011,1.30390851958991,0.7080891569509982,22.498537024171817,100,100
ENSMUSG00000032607,0.9500391800905752,225.60944612728096,1.0,0.001,9.186746610075813,0.0010000000623379942,0.05161817608159462,100,100
ENSMUSG00000032609,0.04796521564059927,4.771316536221456,15.567160752166307,0.001,0.23370165374156565,0.7312286086329901,151.67117741300655,100,100
ENSMUSG00000032611,31.698582072625292,816.610321655459,1.0,2.557267949618031,58.503183993885365,0.0010315009829824466,0.009013224746746516,100,100
ENSMUSG00000032612,3.911716575379876,6.385552351980078,19.651388179697587,1.9751979184960908,10.124984817939964,0.7340420320688826,9.230190667332364,100,100
ENSMUSG00000032615,0.31128122858550056,0.5012465986389469,5.85263208943735,0.10279584417395658,0.6357408487710793,4.403429236654155,42.4610602864921,100,100
ENSMUSG00000032621,1.717059341522351,112.77088218995638,149.29625324575298,0.32371841303991794,2.752292208195361,0.8079885584292368,20.432044019529386,100,100
ENSMUSG00000032623,0.001,62.31581250733508,1.0,0.001,0.001,0.0017097673836540062,0.05336726540760093,100,100
ENSMUSG00000032624,0.10113917496907442,0.1356500975478465,1.4557000142317698,0.001,0.920678780909662,0.6568265009812486,1175.3206755423087,100,100
ENSMUSG00000032625,0.7548147825266951,5.623882194067387,12.425808336972686,0.3249851463125507,1.154639668704946,1.2551989894942985,7.516983626413424,100,100
ENSMUSG00000032633,0.21870061581245842,0.12861497059912116,2.558496895785044,0.008890971853512727,1.581675639919567,1.3881984433244692,627.8011244103184,100,100
ENSMUSG00000032637,0.2528166430681968,0.2689710184410765,8.521960303226951,0.023621804481942742,0.6846343271337989,10.566069500880818,637.2028681368895,100,100
ENSMUSG00000032640,0.6269239576344653,0.7686494033169693,5.414876703861453,0.17528252808260625,1.8194183395981243,1.3184742080985963,40.488976301755415,100,100
ENSMUSG00000032641,0.20142330623899293,3.675872700995477,3.798921947497221,0.001,0.4735036699164231,0.48175961917780397,258.0241276342315,100,100
ENSMUSG00000032643,0.385773954622712,0.6982506352217795,1.308824102964883,0.010224301504716024,2.3468936995763543,0.20742839871390523,147.0551651636569,100,100
ENSMUSG00000032648,0.023259787618085375,22.621172199009724,44.43552367863629,0.001,2.7881805033641074,0.001713723346955822,60.61219906204802,100,100
ENSMUSG00000032649,0.001,62.31581250733508,1.0,0.001,0.0010000000000000005,0.0027040715533845562,0.3750224629140359,100,100
ENSMUSG00000032652,0.7545293024283204,17.17959693628,1.5106929562106117,0.1120890861499454,57.2163823066238,0.0010873886855807303,0.46195270141691347,100,100
ENSMUSG00000032656,0.1596542705217375,0.48421540375366695,5.831292089218542,0.04462597909402842,0.28040652887031214,5.625171493495884,44.60143213443964,100,100
ENSMUSG00000032657,0.1702307459972687,0.29097682354027427,15.482044846623937,0.07813485901176767,0.3204958385103038,22.802970848654184,127.40371954330723,100,100
ENSMUSG00000032661,0.001,61.674132606755,1.0,0.001,0.0010000000000000005,0.001571551454156685,0.5661396810489888,100,100
ENSMUSG00000032666,0.66882068596613,118.11691033259048,113.48442410076778,0.05624110136726769,1.1118772563537467,0.6023762334202605,23.01262069963584,100,100
ENSMUSG00000032667,0.16416259273383377,27.085429022475964,35.909701305511746,0.001,0.27568989472637734,0.4214486353107553,284.39620902132543,100,100
ENSMUSG00000032671,0.001,62.31581250733508,1.0,0.001,0.001,0.0019683256303459533,0.10273588105682574,100,100
ENSMUSG00000032673,0.12309623557458176,0.5617770750107525,8.944088108768574,0.03962388551895314,0.2235862707865266,8.158246762701783,44.44321770985028,100,100
ENSMUSG00000032679,0.6025895478778773,12.271821765297078,38.42502507172841,0.3808888449007043,0.7995018540099013,2.2016122601410233,6.524645836678922,100,100
ENSMUSG00000032680,1.841988715766862,443.41926254649763,1.0,0.001,11.163581426451872,0.00100000000013667,0.044295039539936396,100,100
ENSMUSG00000032688,0.39618710133423884,31.808393406031602,18.355032754043158,0.03581098958812105,0.8011360753831038,0.25604876125261944,7.891363977084705,100,100
ENSMUSG00000032690,5.9758715323925395,716.7924895021274,1.0000460027113776,0.001,14.540912895741847,0.0010000000000067333,0.06177864453820209,100,100
ENSMUSG00000032691,0.001,62.31581250733508,1.0,0.001,0.0010000000000000005,0.001704839592066533,0.11922592043611606,100,100
ENSMUSG00000032698,7.219020326832117,869.2752506767204,1.0,0.001,15.565769386643879,0.0010000000000005085,0.009882526522340798,100,100
ENSMUSG00000032702,0.049402145275812624,0.21720110927204522,1.167868528236309,0.001,0.4291377029458725,0.4117801062571719,292.34992746845546,100,100
ENSMUSG00000032705,0.21338693616392504,0.5315946058411725,1.8555671865991497,0.001,0.9989915285129072,0.5135121196171608,934.8233824980905,100,100
ENSMUSG00000032712,0.14283918762637182,0.43270686693624527,2.538516294945797,0.0013240398588051981,0.5027474622198502,1.1780660799890277,852.7439691200054,100,100
ENSMUSG00000032714,1.3069248129325082,5.3408529854640125,13.973600200924583,0.8612010748468291,2.211200062535498,1.1806575994339188,4.987944782421017,100,100
ENSMUSG00000032715,0.4158905388768561,17.05917129934633,74.81667255786765,0.2665207824483261,0.5446641760218064,3.1202589550991564,7.6746215237871525,100,100
ENSMUSG00000032717,0.022097445627307484,0.32078018508343403,2.3818659904990134,0.0010041641188770483,0.12997181424247273,0.8349416115311907,109.2342473011409,100,100
ENSMUSG00000032718,0.17497850417275815,4.05369089550384,1.0,0.001,39.182308637847996,0.0010625299270179155,0.767759373673866,100,100
ENSMUSG00000032719,8.337552491425399,999.9958129472208,1.0,0.001,16.47836018332459,0.0010000206256133666,0.06283449579350875,100,100
ENSMUSG00000032724,0.1769267517335447,1.0612825471607674,2.1206876620286215,0.049614929731362944,0.5871544820059799,0.5478065204601926,7.648092078717184,100,100
ENSMUSG00000032725,2.134303477002954,511.7325357528449,1.0,0.001,8.36998603769063,0.0010003691130011233,0.11463876875070697,100,100
ENSMUSG00000032726,0.02206459916645075,22.372326693374756,24.914955310773326,0.001,4.423732949146805,0.0014798499311761215,40.28934137381337,100,100
ENSMUSG00000032727,0.3028857787410251,7.121023006152567,9.050995389196077,0.0012393078631958265,0.5723002369301367,0.622257798948477,406.6860122069513,100,100
ENSMUSG00000032733,1.9436084320719789,346.4273264831135,382.3862853214089,0.8378429734723623,4.248828066532473,0.49175890607242834,4.9765052023578935,100,100
ENSMUSG00000032735,0.01700489109249528,0.14455284727905554,2.3984964397627326,0.001,0.12775366983495542,1.728767450119201,362.0490341211149,100,100
ENSMUSG00000032737,2.2960553175442606,1000.0,2304.847442882519,1.3111767228606042,4.493842148672647,1.217098810574909,6.91427694583631,100,100
ENSMUSG00000032739,3.338165727611042,807.3831051292377,1.0,0.001,7.947245683443253,0.0010011618626045308,0.04523579308306118,100,100
ENSMUSG00000032740,0.40257687444577533,918.8529625891138,2652.8645170510854,0.0022207655006740183,0.5851575338607743,1.5749852332479275,835.3005946826722,100,100
ENSMUSG00000032741,0.9709615192091255,5.495303075598882,13.777936349868378,0.6091844600702254,1.6327805854366413,1.2418411645259173,4.376200003267681,100,100
ENSMUSG00000032743,0.38934117143730784,1.2493639693491017,2.9918361241253,0.001751907365598499,0.9166276978261818,0.7758660353104785,770.0206169475664,100,100
ENSMUSG00000032745,0.3952619553955094,0.5790410124411204,8.273640338533964,0.10416337277648753,0.7723156340231558,5.3516705048100555,73.37136844537551,100,100
ENSMUSG00000032750,0.001,59.52330063774062,1.0,0.001,0.0010000000000000009,0.0017814623344900122,0.19464052369674584,100,100
ENSMUSG00000032754,0.15786513726814605,0.278888454594523,2.4265116179306814,0.021962272358466907,0.5724223188719597,1.7686943328765063,103.77902366662106,100,100
ENSMUSG00000032757,3.9251367594996727,444.0545165370168,516.1818913556673,0.9208215202075891,8.249016989996777,0.5802632030201216,20.909402168705704,100,100
ENSMUSG00000032763,0.27245923110341563,0.2625047650276075,3.5711707670819117,0.058279708664234695,0.6863815898067681,4.282256411259095,73.82777449354322,100,100
ENSMUSG00000032766,1.2328295271724947,136.50826994837848,582.5275468886379,0.9820463365661607,1.6869121058855074,2.8250580331866764,5.7816791110384145,100,100
ENSMUSG00000032769,0.001,62.31581250733508,1.0,0.001,0.001,0.0016297421784025757,0.13857305229036215,100,100
ENSMUSG00000032776,0.1290241118231119,28.14930885466499,39.6046444907503,0.014622638115365868,0.23886037454347825,0.6224407936749621,16.091313579318516,100,100
ENSMUSG00000032777,1.0202648900677391,1.7660917410822972,6.664249728969352,0.5298947558887748,2.3273843663710414,1.068295985253998,10.697226759698157,100,100
ENSMUSG00000032782,0.22604214749640036,1.3226430308782053,1.6858271815823163,0.0020798132305757306,0.5316928209092414,0.43131654622486154,173.6407432292001,100,100
ENSMUSG00000032783,0.010926691252065291,0.33263818652647237,4.028732511449586,0.001,0.09126136362558548,0.002108808747389994,111.62313083032294,100,100
ENSMUSG00000032786,0.9788465209765473,1.6476059125126525,10.760326140892907,0.5991929370720952,3.29885272757876,1.3425808029344455,13.298970454216564,100,100
ENSMUSG00000032788,0.8258018621333943,2.796685912589039,10.4382930600504,0.5271025586208278,1.2772872841049618,1.9509300562222656,7.407040654088361,100,100
ENSMUSG00000032796,3.877535777868236,466.7453168951356,1.0,0.001,16.744334824457862,0.001,0.02780609274693166,100,100
ENSMUSG00000032803,0.0272874167933161,0.06780680587507878,25.201221705903404,0.001,0.11619061286854211,0.03692759361413032,14562.437656924783,100,100
ENSMUSG00000032806,0.22592667063997426,0.46307253831923983,4.215332162416984,0.0010819739131461216,0.5478463383850447,2.695101554543729,2499.2826106234324,100,100
ENSMUSG00000032807,0.001,62.31581250733508,1.0,0.001,0.001,0.001617261657227033,0.21936323899912627,100,100
ENSMUSG00000032812,0.5267601641274601,136.7887692800234,410.7962398610426,0.2858165581099044,0.7181296403765035,2.4428576765423777,7.079931062600126,100,100
ENSMUSG00000032815,8.060829285894252,651.1805992413445,1.0,0.001,21.45557908932522,0.001000340834344491,0.011262739408798978,100,100
ENSMUSG00000032816,0.28939671612992274,13.674931610973891,24.611399225676916,0.001,0.4165058561620529,1.3031928422498857,729.7141272678099,100,100
ENSMUSG00000032826,0.39118163676593404,2.6697267734076022,3.734022758401302,0.0010332601980216996,0.5903555466722725,0.9137913628735219,856.1682877786063,100,100
ENSMUSG00000032827,0.44318421412393993,52.71258387821567,1.0021419870908272,0.001,11.292897562703438,0.0010000000000003834,0.05311854745570668,100,100
ENSMUSG00000032834,0.39298798628310905,1.0294895658888552,3.9746208083560712,0.19523986105255825,0.8149310457235135,1.4550543479704279,10.27188137472039,100,100
ENSMUSG00000032839,0.0742877674414102,1.7187506637130703,2.130395186899863,0.001,0.2106862301324382,0.415843285740645,140.16074522478698,100,100
ENSMUSG00000032840,1.6358445415471943,5.864277413006296,6.915525728925672,0.7296962314073889,3.9057372261898093,0.34388934879703387,4.0577558786544214,100,100
ENSMUSG00000032841,0.06024766840388102,1.2527666346959283,1.0,0.001,10.97205948327274,0.0018463175259434703,1.4651045354541123,100,100
ENSMUSG00000032842,0.33985924876353196,0.2962454986180377,1.306078094920861,0.10605183676063881,2.2876461946029494,0.32511455751995855,16.90352216178098,100,100
ENSMUSG00000032845,0.07429726821511577,18.781548799400543,12.815997617438047,0.001,10.311483189733709,0.0017949001272788397,43.31644903779646,100,100
ENSMUSG00000032846,0.5003157591954711,14.29396493869727,51.699121799675304,0.012255387733355393,0.5905943359655653,3.2185349563177486,927.7693870573535,100,100
ENSMUSG00000032849,0.5260851568749705,68.16959775073879,444.31020050988053,0.4116426629346521,0.6863882513446187,4.628620937881754,8.827766855458027,100,100
ENSMUSG00000032850,0.357568929328779,6.517259809529756,4.157935703784621,0.09527090326846573,0.9203620691709811,0.24624717853831082,2.878521859479767,100,100
ENSMUSG00000032852,0.001,62.31581250733508,1.0,0.001,0.001,0.002197014344216766,0.1683535294232052,100,100
ENSMUSG00000032854,2.684773051267332,649.196933434762,1.0,0.001,8.302982263324601,0.001000000001836508,0.12139355709567876,100,100
ENSMUSG00000032855,1.1891477790394782,1.664123860005516,8.812979523826563,0.6988711746782201,2.3025660689812897,1.5555986912292243,13.036766129755039,100,100
ENSMUSG00000032860,0.07433163716798026,1.9255220942571047,4.989001944253222,0.023469747285829814,0.17281310462375857,0.8567762183534308,9.841264545877296,100,100
ENSMUSG00000032864,2.337569118418018,573.9891342931422,1.0176277045143687,0.001,8.303145363783607,0.0010366594581470803,0.20531309839717776,100,100
ENSMUSG00000032867,1.5854439755595235,2.4835563735485735,16.11467100101875,1.0962211257058285,3.9751228485979704,1.6293707541166969,11.743612621798615,100,100
ENSMUSG00000032869,0.6857104140508832,0.4975392704033654,5.455173642043279,0.24593370022493338,4.016402264188034,0.8927243824163283,50.74695355500094,100,100
ENSMUSG00000032870,0.11343745652252465,0.13137645460169975,2.167028652135468,0.001075621959126023,0.8489215239291372,1.3639328435878961,1965.8899522784995,100,100
ENSMUSG00000032872,0.5387803666182752,0.6775552038537368,3.4693818527812077,0.1910177302304059,1.8745186180648585,0.7796448133189825,20.716262851077982,100,100
ENSMUSG00000032875,1.46618476439035,4.793634909200118,9.970512119153314,0.36541325882783116,2.8374551345081436,0.8100043741145015,20.47205060896536,100,100
ENSMUSG00000032878,0.001,61.45463549419866,1.0,0.001,0.001,0.002533504118868022,0.07583953979055774,100,100
ENSMUSG00000032883,0.32660593413385464,1.7591815034618536,5.888860278467246,0.16829633994897603,0.568156136803359,1.4615050317641223,7.312042128879902,100,100
ENSMUSG00000032890,0.003272094247093233,10.904616368804046,26.588246441302896,0.001,0.08957395474814459,0.0020350612281050304,13.587954431219394,100,100
ENSMUSG00000032892,0.01644270595143681,0.05840221489419663,8.133401064904389,0.001,0.07702636631254767,16.422631482631665,3576.621591339474,100,100
ENSMUSG00000032897,0.07595674324172495,0.6874675273244184,5.385256662697332,0.001,0.24157353331716386,1.6639417266629786,454.9272528342375,100,100
ENSMUSG00000032898,1.5153532100456177,34.517754772380215,13.771925042737742,0.21672196104278454,4.711870371112074,0.1364280058087594,7.190249480553403,100,100
ENSMUSG00000032899,0.1457543044259629,0.5517920287038097,3.614439091053931,0.007899120079163552,0.3839249017473409,2.1069851484323476,181.84420213351294,100,100
ENSMUSG00000032902,0.16641952899554704,16.881046945688137,30.246678606698886,0.07230103371453156,0.34376967960238847,0.7219476042731876,4.303855925776514,100,100
ENSMUSG00000032905,0.9108919189346624,0.7499262406502999,3.5169343925917644,0.39650324089938527,6.747242217981674,0.2782971111300781,17.267088329668297,100,100
ENSMUSG00000032908,0.001,62.31581250733508,1.0,0.001,0.0010000000000000005,0.0018228983784765096,0.1436386455279216,100,100
ENSMUSG00000032911,0.10125627062530808,1.8074912752375796,15.764057407688572,0.0676624680521122,0.1443049585831912,4.2736262963904,14.088613194660695,100,100
ENSMUSG00000032913,0.028187136763430157,0.0987789435815904,1.167020743568095,0.0031464331530390048,0.4278817214716634,0.6926143813054623,156.245050417188,100,100
ENSMUSG00000032915,0.001,62.31581250733508,1.0,0.001,0.001,0.0022314525059542066,0.07275917407818074,100,100
ENSMUSG00000032925,0.055296466567141773,1.0743293505478535,6.451215308947697,0.023570843406078887,0.12841905262168254,2.0018162756817346,15.976102919159345,100,100
ENSMUSG00000032932,1.150188922566481,0.7375004796965539,5.353125441852194,0.2870647107982882,6.5918400310918415,0.4990104490420855,65.35135773771574,100,100
ENSMUSG00000032939,0.7747739472553938,1.0663328728840347,6.145156999279477,0.3757153846532145,1.7703477617253969,1.511651523781369,15.75905268327899,100,100
ENSMUSG00000032940,0.004204847837714939,13.831174129226653,19.884656824807006,0.001,0.14436660835500859,0.0017511863581534883,13.594274684297961,100,100
ENSMUSG00000032942,0.001,62.31581250733508,1.0,0.001,0.0010000000000000005,0.00182662390059472,0.07258219595152746,100,100
ENSMUSG00000032946,0.001,61.259704531272526,1.0,0.001,0.001,0.002096453296650325,0.2791732606645232,100,100
ENSMUSG00000032948,0.001,62.31581250733508,1.0,0.001,0.0010000000000000005,0.00186756945916113,0.09572173191272365,100,100
ENSMUSG00000032952,1.1661847073819944,33.73206069772439,13.169301671206574,0.003984199541000779,3.30088901998833,0.14572704157519628,507.34567195853833,100,100
ENSMUSG00000032959,4.141171259647457,19.567784866469,175.33388327872692,2.9058308655322644,6.647073746621816,4.4585895732043745,16.306841567971528,100,100
ENSMUSG00000032965,0.5477376928068521,0.8243153524377516,3.672744410851197,0.20575867220735689,1.8717917684578116,0.8797711023864894,17.27666711548225,100,100
ENSMUSG00000032966,3.100473731397329,10.10420840402093,108.80041983993445,2.3393624922644483,5.909182518874534,4.167301622790146,18.427495999502362,100,100
ENSMUSG00000032968,0.017263589659731553,1.642648368756971,7.12284320409907,0.002455795235874219,4.493894098183782,0.0037669456773724514,14.418731517997495,100,100
ENSMUSG00000032977,0.5143684730954644,0.6719855509825221,5.090480867808311,0.2174559375952606,2.058327882358791,1.235600485261766,25.560388078973347,100,100
ENSMUSG00000032978,0.001,62.31581250733508,1.0,0.001,0.001,0.001804696490944911,0.13824078855003658,100,100
ENSMUSG00000032985,0.001,61.88525872635182,1.0,0.001,0.0010000000000000005,0.0016194845250465236,0.19824229127360504,100,100
ENSMUSG00000032997,3.949716752359909,22.63310551589969,101.126443133902,2.4607789447849067,10.298499703866575,1.4963396291805569,10.213676359149412,100,100
ENSMUSG00000032998,0.2579028634683211,0.22743040735701295,4.133379965407887,0.10802985184271544,0.45371337023379527,8.199145159758391,53.331289344351376,100,100
ENSMUSG00000032999,0.001,62.31581250733508,1.0,0.001,0.001,0.0017031993139735814,0.14098765590205758,100,100
ENSMUSG00000033004,0.7217268189940533,1.8507889214847857,11.489076802031628,0.3756858451613809,1.261511518170724,3.0333369087309663,18.066206246844565,100,100
ENSMUSG00000033006,0.001,62.31581250733508,1.0,0.001,0.001,0.0015465275238734063,0.23521580214717974,100,100
ENSMUSG00000033009,1.5386995746218743,12.36397960227888,28.297932325606446,0.9104003236865793,3.1907831552330803,1.1041726319141303,5.2431969275734165,100,100
ENSMUSG00000033014,0.2721438821950553,0.9677356504399486,4.579329104044495,0.13509889244110385,0.5612397521137701,1.8291187022814608,10.930813375767329,100,100
ENSMUSG00000033016,0.23615495994410649,0.7977859767893266,2.417822219802642,0.001,0.7392535227146854,0.6780077730982547,910.9448309992315,100,100
ENSMUSG00000033020,3.4512561651141205,51.8726605756431,249.4663649517167,1.6325436940268567,6.142932697402445,2.4733639075363536,19.19850098464807,100,100
ENSMUSG00000033021,4.625989649614019,269.44469628040883,595.1279400834097,2.062319707381679,7.283688552369038,1.4583175959573649,9.30582736245422,100,100
ENSMUSG00000033022,0.022618889371316182,0.7500290715566544,3.24951784734615,0.006723703085848885,0.2905203405314749,0.21851987243750415,18.120645274880275,100,100
ENSMUSG00000033029,0.21437014691276185,38.667282630998805,56.6679090176042,0.09457895725626456,0.4181534910087021,0.5747571654561918,4.008539536521116,100,100
ENSMUSG00000033031,0.08295963436382955,21.164432547164957,52.61151091442054,0.03933682634421452,0.25067171583255454,0.5386166733965063,6.581313045462293,100,100
ENSMUSG00000033032,4.132577005576439,999.9999999828615,1.0,0.001,7.165550502886492,0.0010000012348124058,0.060988804275489195,100,100
ENSMUSG00000033033,0.4922386846362804,0.5879777991221887,4.398431447716094,0.24804888293631983,1.1099821626013817,2.534739837397245,19.396112620597826,100,100
ENSMUSG00000033039,0.39404327662788424,0.8402633979366815,5.685905163963974,0.2051967087342131,0.7389417817830652,2.525734489825786,15.908704719470313,100,100
ENSMUSG00000033047,5.182847801142866,98.77372693524687,329.3967914082011,2.9840660776626393,8.747610777594037,1.8471088210543227,9.281330972851912,100,100
ENSMUSG00000033054,0.0010650472519054676,0.001,1.3131707232733725,0.001,0.9306238094953303,0.7197371374524921,1271.4402724418856,100,100
ENSMUSG00000033055,0.3402717316039813,24.98061611080054,23.788537216028477,0.001,0.6008011336230518,0.4576289441805305,524.9389011104372,100,100
ENSMUSG00000033059,0.9182931407040682,3.01403727494587,5.0945437677081635,0.004373510496016345,1.9962869829559031,0.6024499771102059,1061.1855855151211,100,100
ENSMUSG00000033060,0.5238366576380038,11.530985352533351,56.2366145354359,0.33981112835156596,0.6764249461238081,3.685275103050002,8.77606583340252,100,100
ENSMUSG00000033065,0.39959296870631195,0.5734570841598952,4.632092215971528,0.1629773240220494,0.9255699061008543,2.3102386958451127,28.44137713964966,100,100
ENSMUSG00000033066,0.0694000081825911,1.660800647905761,9.353185482268483,0.029547464298533332,0.17086062964913562,2.097497259207901,13.324495549495973,100,100
ENSMUSG00000033068,0.2765575060984172,0.6598401735427726,3.101872394823379,0.00594519458712433,0.6485950276931853,1.353589219700889,469.3848401866027,100,100
ENSMUSG00000033075,0.41544586136291134,0.738110615035751,2.859717704691199,0.08402750060105638,1.2151436571545786,0.91671169930323,33.98464018141058,100,100
ENSMUSG00000033082,0.31772179563107433,3.9655872441196114,12.980227578306122,0.18168200259894557,0.4911723270781375,1.9734115847791607,6.117640376719782,100,100
ENSMUSG00000033083,0.21664449987805195,17.52964951746062,6.165262046763127,0.022679746873805123,9.027697027348449,0.007386284498050448,2.629065214266954,100,100
ENSMUSG00000033088,1.0740985971249715,66.84043290240201,81.61271625767462,0.5832732471937041,1.7046056354165007,0.7122254984759613,2.8367948430536716,100,100
ENSMUSG00000033096,0.3066181287366814,0.34248847741039323,3.0889465952744164,0.017495787160671013,0.9906999402778862,1.8964397206535966,485.36831676638366,100,100
ENSMUSG00000033099,1.7484845627613677,20.864315418677954,42.4565943567866,0.8119864708194511,2.5270689164580924,1.3596552204203973,7.239830038743651,100,100
ENSMUSG00000033102,0.020604468452725,0.10630310993236969,2.2081896618752723,0.001,0.22056458112713478,1.3328477431127048,491.0696654690188,100,100
ENSMUSG00000033105,0.8843139458882756,84.96022590404337,297.1564598906137,0.5994530927324176,1.1218358291778525,2.574832914043231,5.915968469277372,100,100
ENSMUSG00000033106,0.3269669658180152,10.272026908363996,43.33412313311769,0.11838475689519412,0.45967349739037994,2.608285836048266,14.352450511204877,100,100
ENSMUSG00000033107,0.001,60.60768216058454,1.0,0.001,0.001,0.0017023172072873777,0.1677813100436114,100,100
ENSMUSG00000033111,0.3852003027512676,4.7259606156406,9.693588734449209,0.11924411045552342,0.6851051823140293,1.0335399773985103,6.992626128257637,100,100
ENSMUSG00000033114,0.10237201737665551,0.16567950134245346,3.1078891988903763,0.004284391214363065,0.442460375345488,3.148794010120553,490.5507626701823,100,100
ENSMUSG00000033124,0.1924827513017766,0.14394799276550005,2.0821271964434893,0.007743314526738893,1.4359942874060112,1.0140355697647268,415.04725098173753,100,100
ENSMUSG00000033126,0.35900160944156895,3.191589752471246,1.0,0.0680104458821795,55.72145582391792,0.0013932070240161608,0.9594555722537984,100,100
ENSMUSG00000033128,1.0640668599452308,0.6114059015852046,4.231713094660359,0.026627635662926065,6.6729746950933,0.4267701191882513,884.8073292199681,100,100
ENSMUSG00000033147,0.49297755605877913,21.74570111271807,12.453812546940862,0.10408478020272754,1.210940312127304,0.1975004286919672,3.7548702295369503,100,100
ENSMUSG00000033149,0.6033721990789414,1.2859522020488714,15.034114732924053,0.4137859712202863,0.9715186781204861,5.6481589339714064,19.990715454091852,100,100
ENSMUSG00000033152,0.08628763282118726,1.0947795407217027,5.067442630691099,0.01863731431128037,0.1833744220042139,1.812907612984475,24.38238625361929,100,100
ENSMUSG00000033157,0.001,0.011154362040301366,2.394546449834858,0.001,0.12103060566188106,0.24992709448311684,508.76491134536184,100,100
ENSMUSG00000033159,1.5449092553709394,12.200996868259727,32.847715053405715,0.5940268728685638,4.9206160611607945,0.7399342663710032,12.093813836787039,100,100
ENSMUSG00000033161,0.7433767494298418,1.3804230756321174,26.419388501280995,0.4035514242003643,1.3928347822142149,6.475629645592015,48.804542814937285,100,100
ENSMUSG00000033166,0.5195839195079068,3.6711724918581417,6.0277748472182635,0.0015123871752356867,1.1948383483326688,0.6251849946477003,1076.9563386708692,100,100
ENSMUSG00000033170,0.030885351322660005,1.1016248878878834,5.9960292614058055,0.001,0.0826144652417089,1.3043540103181301,111.2651485876034,100,100
ENSMUSG00000033174,0.1476823654541336,1.0749602025907563,10.613199502075977,0.09296327048403645,0.20856745682842412,5.440560674858312,16.9521775912484,100,100
ENSMUSG00000033182,0.001,62.31581250733508,1.0,0.001,0.001,0.0016698061044975701,0.36456315859391003,100,100
ENSMUSG00000033184,2.373076725252572,5.569331846311917,19.294317281015626,1.527721909899891,4.220227363460638,1.3962488776798803,7.489162079753988,100,100
ENSMUSG00000033186,2.2370766686378465,6.940819375349766,15.077513742330282,1.1159048590253193,3.897906024771273,0.923862549776284,7.066375331230182,100,100
ENSMUSG00000033187,0.001,66.84427540036525,1.0,0.001,0.001,0.0020151478847529004,0.17818009824395864,100,100
ENSMUSG00000033191,0.001,62.31581250733508,1.0,0.001,0.001,0.0020585948602697525,0.08353591062077459,100,100
ENSMUSG00000033192,0.21158375513405328,3.400166381657559,2.5373251788877704,0.02706308232725699,0.6267521699763772,0.13173319863091287,3.4917797150328376,100,100
ENSMUSG00000033196,0.001,62.31581250733508,1.0,0.001,0.001,0.0016274013061461032,0.13535397660703377,100,100
ENSMUSG00000033207,0.1351653989197996,3.058015483883188,3.6130044680583517,0.019629943308394144,0.5775800178825756,0.2535162277985372,5.130788868973809,100,100
ENSMUSG00000033208,0.021773788764721608,0.8121290034326436,6.7190196123209285,0.003966256836112904,0.06582596201333828,1.6170902621475074,40.890137689981685,100,100
ENSMUSG00000033209,0.4489259829467681,2.179308016127202,5.441140109458499,0.25578341670346033,0.7517942358625409,1.259137798656424,5.363413996542106,100,100
ENSMUSG00000033213,0.2040289023958301,9.122916561752733,48.617542347195084,0.13682447355429295,0.3016407293920246,3.410259658786277,8.47486618845721,100,100
ENSMUSG00000033214,1.67061604863853,398.5402109334709,1.0,0.001,7.521819776449981,0.0011082924221154406,0.11953315390508748,100,100
ENSMUSG00000033216,0.566268365686453,1.2831118920893063,3.108811364317398,0.07707722923391623,1.2983330928928831,0.7568173908778784,28.26572926483823,100,100
ENSMUSG00000033220,0.001,62.31581250733508,1.0,0.001,0.001,0.0019305775771405217,0.2180257589154383,100,100
ENSMUSG00000033222,0.8959772789309124,30.905766833550587,15.72641438428761,0.13989775250891032,2.3613405604100857,0.1913045717826843,5.436575655652835,100,100
ENSMUSG00000033227,0.001,62.31581250733508,1.0,0.001,0.001,0.0018970200506962442,0.20028700727858345,100,100
ENSMUSG00000033228,0.9523457720327463,1.7519042961224032,9.033735079311597,0.5874099491970288,1.9126409861412808,1.6590280800101636,10.39218147543722,100,100
ENSMUSG00000033233,0.18597077928516464,0.7723001173079481,2.070707300515915,0.06382096030829106,0.5586055377292775,0.6816102563443063,7.714164930034775,100,100
ENSMUSG00000033237,0.022551742524355482,0.023527193914324236,2.2983981002002416,0.001,0.6099442971689591,2.0555720369763213,2345.819051062885,100,100
ENSMUSG00000033249,0.024733930471096108,35.88335141074552,50.46378072933484,0.001,24.488490658755737,0.0010000000000257125,8.96827895305838,100,100
ENSMUSG00000033253,0.08659447486489348,0.2554034384659816,2.5891075966015835,0.0010000000000000002,0.3729495892622066,1.5810548618273013,669.6180394045452,100,100
ENSMUSG00000033255,0.001,62.31581250733508,1.0,0.001,0.0010000000000000005,0.001794543036545577,0.08975332600934015,100,100
ENSMUSG00000033256,0.018363890012124694,0.1322670536296232,2.8365443578215173,0.001,0.14011639940497764,1.9108981871440678,486.69329147999184,100,100
ENSMUSG00000033257,0.21031184338325706,0.5985537888927022,3.5900421194480554,0.0741647469020158,0.584648449086921,1.5162091611685975,19.026741007455573,100,100
ENSMUSG00000033268,0.03327591077989489,21.77443074940027,24.3008157474521,0.001,11.926212884259456,0.0012923184299113955,19.797800147571994,100,100
ENSMUSG00000033272,0.5532779002054447,0.777016162384652,8.263583193420917,0.15675126713927456,1.4341293231300765,2.8517364712575293,57.639620681617735,100,100
ENSMUSG00000033276,0.6998701814416745,31.81335612267387,10.764116039300898,0.12139956626964171,2.9103322559404754,0.08326240824891075,3.0006444527043588,100,100
ENSMUSG00000033278,0.31580398475724947,0.2353473796924777,2.407084132695966,0.0033018241252264716,1.9842060942489812,0.8540943841776458,1307.9597906463828,100,100
ENSMUSG00000033282,0.2791895634196289,1.7737331311149795,3.5627547338496495,0.08809818606646663,0.7127764486341728,0.615763243143084,7.129909044257626,100,100
ENSMUSG00000033285,0.415996297401482,0.6047717196831058,2.4810340857851574,0.0018257984259583003,1.229495983185321,0.9896275548830118,1373.485269525915,100,100
ENSMUSG00000033287,0.03335859306578606,0.03709320461276288,4.298754008898417,0.001,0.1487991947756388,20.20848519465988,4131.213059209397,100,100
ENSMUSG00000033294,1.9830315295857273,259.9184495785052,120.5971756732985,0.4263626344609813,6.636809226583927,0.13429355281693706,4.717031541872661,100,100
ENSMUSG00000033295,0.22723032391403203,1.3115373262029395,17.97827707287898,0.16237244878740967,0.30648815869179846,8.24872313718047,20.603663635495018,100,100
ENSMUSG00000033306,0.7875559433977024,15.70973953190124,68.33685449252405,0.5331588242008961,1.0542910799863343,3.134924717068285,7.524673447912198,100,100
ENSMUSG00000033307,0.001,13.27963821034474,1.0,0.001,0.001,0.047240742039039926,3.6614237007666395,100,100
ENSMUSG00000033308,0.003279286199371733,9.656800477905469,23.37007818915631,0.001,0.03423546495667872,0.0016892886840680582,16.801556342064295,100,100
ENSMUSG00000033313,0.27757141125671503,0.5069082925533541,1.0,0.04997559639595332,2.0720355092534852,0.16332831533778858,13.89835169141586,100,100
ENSMUSG00000033316,0.010779561770296531,19.986049251250723,22.786160688988126,0.001,6.816301820586674,0.00173929187751803,21.80493761048767,100,100
ENSMUSG00000033318,0.058958809119093604,15.046005902698402,32.40088772371887,0.009936508350753645,0.2655955559766082,0.33609143481868364,15.09932811599682,100,100
ENSMUSG00000033319,0.45578081034275275,22.22063271549603,19.469830477437853,0.001,0.6743621476365886,0.568168083577486,836.7191321515362,100,100
ENSMUSG00000033323,0.7152586033913292,11.031483399236098,15.315673820430552,0.3128473791460058,1.1503467284239268,0.7118452814287488,4.68089661500423,100,100
ENSMUSG00000033326,1.0165124504818601,2.233496748360342,7.869820205759683,0.21514524174308702,2.211923854935875,1.2105647856150679,37.110558891036405,100,100
ENSMUSG00000033327,0.1820163300918742,8.17754189878278,76.49853609616974,0.12483039131127248,0.23859639925165596,5.669286193085765,18.249050503171667,100,100
ENSMUSG00000033335,4.871646077436497,377.77167299042,424.1211758661239,2.8889874555151094,7.689922422655217,0.7592414063512478,3.605143167193209,100,100
ENSMUSG00000033350,0.784233019685698,426.69164077543144,865.4066810700791,0.3912618365490126,1.1260894926394753,1.3444034182636755,5.3226092798970885,100,100
ENSMUSG00000033352,1.1956781433602868,3.0486131653497837,6.60226257904537,0.3705751048931611,3.8088511516780255,0.5183543026016209,16.699773525832505,100,100
ENSMUSG00000033355,0.12406250401760385,1.2659702491578038,17.06077670526883,0.09393130988057642,0.17630100266883714,7.899342245672813,20.461398626176777,100,100
ENSMUSG00000033356,0.001,0.0012156687946746434,1.0941577033570773,0.001,0.7997860721332952,0.5946304252530129,1090.3829806125523,100,100
ENSMUSG00000033361,0.01064190610327536,19.373342433827865,47.57814456918023,0.001,2.2258184437104704,0.0016340928044396863,52.52886332351168,100,100
ENSMUSG00000033364,0.1737875015776574,0.6377693040098339,2.6379506975374927,0.053939850571382786,0.5396527523188936,0.9952831033596521,15.548921088171122,100,100
ENSMUSG00000033365,0.7663517205475907,1.2027610141057823,5.065707152490216,0.28450367484129624,2.14307052880744,0.9659660733446209,16.73446577228111,100,100
ENSMUSG00000033368,0.001,66.84427540036525,1.0,0.001,0.0010000000000000005,0.0015531524537354571,0.2321815374162368,100,100
ENSMUSG00000033373,0.5006926070266164,0.6483236202082702,2.4884248983267274,0.00921723572458304,2.0308523600212016,0.5499849856627113,365.5555312063713,100,100
ENSMUSG00000033377,0.06655308020416861,3.4640937621635803,36.07845087715705,0.028942204646422175,0.09654504017337578,5.396372196155396,25.60634490443786,100,100
ENSMUSG00000033379,2.428915513516541,8.210427455400218,64.17364538415109,1.6388514056752623,5.404463588744337,2.7255697114023567,13.51993907931166,100,100
ENSMUSG00000033382,0.6343860905822545,0.6092065596495873,3.2603285340464296,0.21763120159363336,1.6083406049859006,1.381373377201437,23.706242249615414,100,100
ENSMUSG00000033386,0.7011533297778448,1.1185144417667274,6.697891994053869,0.39050680239467644,1.5632732453538651,1.909231502984892,14.019357991050667,100,100
ENSMUSG00000033389,0.5207423245766585,1.100691786132532,1.0,0.27950060262003595,54.72286148535588,0.020756716432667688,1.8729808119984859,100,100
ENSMUSG00000033392,0.35738005556163377,1.4092362648624417,2.7039603777928063,0.0010312522187576438,1.0035274222378336,0.5734589075600693,982.3902332250241,100,100
ENSMUSG00000033396,0.002034258636824528,0.0034029310062918083,1.64333061685135,0.001,0.5028871839414495,1.2021326215728478,1247.210568928569,100,100
ENSMUSG00000033400,0.7955192216825994,2.437634219431686,8.627718695495718,0.43680926114202895,1.1898960728604397,1.7097209039216081,9.053835749612482,100,100
ENSMUSG00000033405,0.031017619220474604,0.5734180606175487,4.2272401247152525,0.001662392092500592,0.10713696385843363,1.4870903695638895,187.86313437958805,100,100
ENSMUSG00000033409,0.001,62.31581250733508,1.0,0.001,0.001,0.0015035006049691634,0.12281509621169254,100,100
ENSMUSG00000033411,0.0925319713016781,0.2849900507701861,2.316268048961252,0.001,0.4180570915508654,1.3583434116422182,968.4361040704703,100,100
ENSMUSG00000033416,1.358725632478011,9.564842871847256,9.942083442541794,0.6577982042934909,2.843116153504871,0.42678657088825844,2.895685408776785,100,100
ENSMUSG00000033417,0.6510616716074009,1.1448634495631584,6.850399830771491,0.3222050233032636,1.0076250662626258,3.3219097969417586,15.506212310919416,100,100
ENSMUSG00000033419,7.08782559613292,841.8269552169581,1.000000000000015,0.001,20.78939139810044,0.001,0.01798391217543397,100,100
ENSMUSG00000033420,1.0817081367456667,8.98832187480167,27.805398214165088,0.6640131390807418,1.5764055665948504,1.8851003552760917,6.832817753069207,100,100
ENSMUSG00000033423,0.6830351188141972,1.0945458694866983,9.619124196938127,0.45878672445179186,1.2821852907139915,2.868528791177585,15.54564364378479,100,100
ENSMUSG00000033427,3.056214351663582,736.0513408990713,1.0,0.001,5.510856430987825,0.0010608237412470258,0.02712877694070296,100,100
ENSMUSG00000033429,0.9376152825503666,3.1386642682576062,4.802104291839621,0.0014014986180448676,2.012268728380706,0.8523498457316988,1944.838379792976,100,100
ENSMUSG00000033430,0.6090129098759108,2.093410609221104,4.899877254201056,0.1475300580831928,1.2669097364536217,0.889309670651883,14.335857723049,100,100
ENSMUSG00000033434,1.7639322521097693,44.46643960426038,55.931326196112074,0.9868318725085152,3.3057254211526166,0.6003951861688306,3.109407571584825,100,100
ENSMUSG00000033436,0.3393232002263079,0.758623989475161,14.251363769353329,0.22377781092859805,0.5342454641022336,11.162200362624112,35.53464901369475,100,100
ENSMUSG00000033439,0.6287891692087556,1.4279367372981135,5.512765444928054,0.28899687197897916,0.9648583594075264,1.7739358941737984,11.313572681924523,100,100
ENSMUSG00000033444,1.5320465561425674,9.568968812797982,15.297319763251675,0.6657380778511457,2.9723573435714266,0.6910484391718765,6.290806089006132,100,100
ENSMUSG00000033446,0.3778797065357868,115.78011169198444,298.08929873979594,0.18078275591129245,0.5157011848879838,1.659449991938855,5.881443993947622,100,100
ENSMUSG00000033450,0.046423816312917775,0.8139769009082486,2.0711087639667096,0.001,0.3981884973354126,0.13177616566650918,122.467439928679,100,100
ENSMUSG00000033453,0.03878755457096843,13.299475631068713,179.9325281975747,0.001,0.06245993208552729,4.648787495454772,365.57451184084437,100,100
ENSMUSG00000033454,0.9633773902306298,18.880384157623574,29.783792125199746,0.6140054003011537,1.442562006312595,1.0015178464435694,2.8646598203507603,100,100
ENSMUSG00000033458,0.11301999882250184,3.1922678993852784,4.541476825016571,0.03894625514240083,0.37632628933444534,0.34901928966424517,5.0883740240885365,100,100
ENSMUSG00000033460,0.2366667262773392,0.5835659008434689,5.291639305811785,0.1402150945779027,0.3524484875873084,5.877641128263853,16.598358796990258,100,100
ENSMUSG00000033467,1.1219638736271464,3.1302834560804045,4.457325909171704,0.2581736353419547,2.3846135441881713,0.5090335289483586,9.934857732219687,100,100
ENSMUSG00000033470,0.001,66.84427540036525,1.0,0.001,0.001,0.0015060785817150608,0.5775215934419828,100,100
ENSMUSG00000033475,4.169582650824777,850.5250170285175,1.0,0.001,14.859885844391583,0.001,0.02161210408278548,100,100
ENSMUSG00000033478,0.11738971294200179,0.11195746980800635,3.3269839786108837,0.0012486776406515794,0.554646143815843,4.228259943656907,2936.490995211012,100,100
ENSMUSG00000033486,0.3890946480314736,33.7885232943732,8.403090291307944,0.10296364329723788,51.943965348237214,0.0012087947033113965,1.0479587478791375,100,100
ENSMUSG00000033487,0.14631639123205215,0.22525372971966595,2.970539505931275,0.0011053303187153643,0.6324600933688682,2.1942791536793296,2097.1953837429337,100,100
ENSMUSG00000033488,0.37813872048999253,2.2899325537678203,7.610284492869443,0.2055849848304101,0.5762392933639366,1.7054092453118108,7.364334920165957,100,100
ENSMUSG00000033499,0.17323373379524565,0.281483449541898,9.668001240688804,0.09031955532506544,0.36517428079157577,11.629565088728564,66.93186339602929,100,100
ENSMUSG00000033501,0.001,62.31581250733508,1.0,0.001,0.001,0.0018250315537350183,0.3208454998756212,100,100
ENSMUSG00000033502,0.3286211401844123,33.440013764997396,15.229528530668379,0.001,0.8583818770193535,0.040367551779902186,4.08092445269301,100,100
ENSMUSG00000033508,0.0022220475700958937,7.694396366134961,41.11045760650732,0.001,0.04316834107510584,0.002093361604454712,33.79823306449412,100,100
ENSMUSG00000033510,0.001,61.88525872635182,1.0,0.001,0.001,0.001965541062483351,0.15544402431164278,100,100
ENSMUSG00000033520,0.001,62.31581250733508,1.0,0.001,0.001,0.0018674433487666762,0.10543495893897938,100,100
ENSMUSG00000033526,0.2873939433355404,1.52750414343478,1.7805471717736618,0.001,0.8477801647255141,0.3247763107893936,583.1317118019679,100,100
ENSMUSG00000033530,0.5959995663602623,1.1525589278697042,2.302476628163882,0.001,1.0609773924059556,0.9422694674009667,1612.7402756456454,100,100
ENSMUSG00000033538,0.5335370028301961,39.466766003157595,69.88066449517406,0.22206956753661228,0.7675961954050131,1.1491275468889288,5.69902593381334,100,100
ENSMUSG00000033540,0.9123816983032782,2.9311427663525578,6.644299681300206,0.38387624383941465,1.8595096026858138,0.9498047609966089,8.244100762273423,100,100
ENSMUSG00000033542,0.08106265423802785,0.13757550105593247,2.2048617000704342,0.001,0.5856578583251679,1.3989494058649028,1458.1241021438586,100,100
ENSMUSG00000033543,4.5750142484372756,582.1383422867224,694.6851665128593,3.099042400453973,8.242585653742129,0.6591742032921286,2.011588904311971,100,100
ENSMUSG00000033544,0.004017034188996722,6.84766132663463,49.25678653490473,0.001,0.05020393041046501,0.002232306222329807,64.5759806290603,100,100
ENSMUSG00000033545,0.16386303589639678,0.24102038134912332,5.991916076532514,0.06592019242656887,0.5382563237669247,5.982695382438054,75.97090287537739,100,100
ENSMUSG00000033554,0.9232691803762142,35.39795884027811,75.45053028258765,0.3294153012241805,1.3108910823160738,1.4898778134435993,11.0380501919155,100,100
ENSMUSG00000033557,0.31599778920999994,0.14671384134201934,2.9101383185986425,0.030802535256121266,2.5206384745805295,0.9398438625909584,279.7962150414879,100,100
ENSMUSG00000033565,0.6560772613906329,0.9984860026510378,16.577013779022646,0.4887663559458617,1.4551361628025563,4.62935109983699,26.154657620265958,100,100
ENSMUSG00000033569,0.001,62.31581250733508,1.0,0.001,0.001,0.0020293280932390536,0.19644775915073553,100,100
ENSMUSG00000033576,0.41251746306261583,18.282909853804146,24.88330049950031,0.001,0.5474958239005302,1.0102404418636042,945.9450632818165,100,100
ENSMUSG00000033577,0.5384702275645272,1.3130403868789653,2.9849961843370525,0.26549001730884414,1.4433722789748147,0.6501252076809987,6.132164651865498,100,100
ENSMUSG00000033578,0.017447261097385047,2.082953842804082,3.1184235921321175,0.001,21.626433099881844,0.0010002316679346614,18.759843516245173,100,100
ENSMUSG00000033581,2.019710075233365,30.179579593246086,78.15759462777186,1.137935653002268,3.1161414263226903,1.7130398652139243,6.882800825560114,100,100
ENSMUSG00000033585,0.001,47.03973110858738,1.0,0.001,0.001,0.0017658400803441366,0.1593000685441601,100,100
ENSMUSG00000033589,0.8474907116581306,1.607952240788497,6.817711646962329,0.46821796737871363,1.94018609414371,1.4347075831370009,9.951360086484545,100,100
ENSMUSG00000033590,0.274471701491809,65.11353644473616,1.0,0.001,6.460493429483438,0.0011875272328151002,0.0485404519573311,100,100
ENSMUSG00000033594,0.20468122333247377,5.083064397531836,2.9237854268132217,0.03627962686596415,6.417121840220858,0.038368393903551,5.389794812363284,100,100
ENSMUSG00000033595,17.415433162715193,814.5547234443422,1.0,0.001,30.711167806011186,0.001000000000004225,0.008948125830555495,100,100
ENSMUSG00000033596,0.07498252104748046,0.34948814415063173,2.454917509854586,0.001,0.1347024175476487,1.3937041341957535,1872.1235336723844,100,100
ENSMUSG00000033597,0.001,62.31581250733508,1.0,0.001,0.001,0.0017214635718430743,0.22850919426249006,100,100
ENSMUSG00000033610,0.20566950112076068,32.01158518661217,15.453566929152306,0.001,20.736981304705402,0.003564994221520923,3.7099629234597864,100,100
ENSMUSG00000033615,0.001,62.31581250733508,1.0,0.001,0.001,0.001760016356003204,0.3755821387613213,100,100
ENSMUSG00000033618,0.08272290763898674,18.83036810951227,9.473183096074122,0.001,24.398759422608002,0.0010602230588627201,31.195703954081768,100,100
ENSMUSG00000033623,2.4541094652401463,452.5924878335658,403.595035276916,0.21368461876246125,7.779349674266864,0.28853428754413857,49.93699736344153,100,100
ENSMUSG00000033628,1.03389486310548,3.0290533826519717,3.8485469457784838,0.13550940228802694,1.5720232244602843,0.7140420672441665,18.96720978473116,100,100
ENSMUSG00000033629,1.9637303441251175,259.53161196384167,388.4713185624664,1.181733474428556,2.600426307687822,1.0956810918991566,3.688018177498459,100,100
ENSMUSG00000033632,0.41188833833536914,31.510719770724403,15.8261491374228,0.10433124442713439,1.0630248530254893,0.17682351905339183,2.2699143717527974,100,100
ENSMUSG00000033633,0.001,61.88525872635182,1.0,0.001,0.001,0.0017604389793339404,0.23139391990074912,100,100
ENSMUSG00000033634,0.001,62.31581250733508,1.0,0.001,0.001,0.0016013107941928249,0.2034205495150398,100,100
ENSMUSG00000033644,0.001,59.75744064589286,1.0,0.001,0.0010000000000000009,0.0016761098070212166,0.1760751929136407,100,100
ENSMUSG00000033653,0.004746001143028667,0.0025170612323012925,1.3910581967802076,0.0018718072774692575,1.7738935777182798,0.551384813558385,1424.9744608342282,100,100
ENSMUSG00000033658,0.0872388996849615,0.6792907122976214,8.137851162424592,0.001,0.19349212309090336,4.195975210365322,830.4224789000097,100,100
ENSMUSG00000033669,0.1999205144751917,0.4941839663434589,2.0536684774482823,0.001,0.7608021653744128,0.7832573311522446,1303.09543347312,100,100
ENSMUSG00000033671,0.4060201099303731,1.5115549414425904,2.428763634329761,0.001,0.8081267850438969,0.6575209897736535,1153.6902639326363,100,100
ENSMUSG00000033676,0.033990780841820126,21.19757986858152,23.650813202446688,0.001,6.885793130173345,0.001442050529372582,18.817352629301375,100,100
ENSMUSG00000033684,2.7646320670368274,5.45647460359065,77.85670281338099,2.10080591907436,6.04468905200764,4.282787163522437,20.508155085279807,100,100
ENSMUSG00000033685,0.02994194486914244,1.5284033644814652,4.563351946517855,0.0035447121627512216,0.1926525705822889,0.3508237226279496,21.774765397669697,100,100
ENSMUSG00000033688,0.003041158332087334,8.967170495366325,25.21014265876337,0.001,0.041281922294667296,0.0015145092578239864,8.963080093288275,100,100
ENSMUSG00000033697,0.2017532721671837,28.35374936408753,21.286717927050116,0.00707476610117755,0.9927614856933543,0.1538532904041962,26.60231033701964,100,100
ENSMUSG00000033701,0.6652946537808159,2.308117880808666,5.087231940719547,0.0010182843161521487,0.822748365489516,1.8781131386184318,2343.1557016257216,100,100
ENSMUSG00000033703,0.2415359551701687,0.551957676077446,1.8660163764839475,0.001,0.762837350686667,0.8353154261134399,1062.6397942050282,100,100
ENSMUSG00000033705,0.5988209246253305,27.444764355495142,18.187418546956057,0.09583626265270115,1.1259996861004111,0.34540101414247293,7.238337226371917,100,100
ENSMUSG00000033706,0.015528792810560398,0.032967533392549625,7.606798361528951,0.001,0.08277761928471773,0.26579640226164625,10002.750188263237,100,100
ENSMUSG00000033707,0.06796538003431059,0.10719230268992617,3.762947132739804,0.001,0.25548163261158446,5.803400979789098,2664.470885016991,100,100
ENSMUSG00000033712,0.8546894948803614,24.933780493186447,28.46425644139586,0.3827644886495234,1.4066956506438388,0.6878095038782664,4.520982587713918,100,100
ENSMUSG00000033713,0.3676216721243797,1.214710089590492,6.415963364194028,0.0012585588579305227,0.6835109367963733,2.1710249876551115,2576.6850575085773,100,100
ENSMUSG00000033715,0.07069410939905509,18.865888405296097,19.92137163058662,0.001,0.43024305318419664,0.06712855135127702,104.93934467306536,100,100
ENSMUSG00000033717,0.03695843704443663,12.588033703924383,30.30911677782348,0.001,0.19273251756780763,0.08960401280294836,93.0566098037527,100,100
ENSMUSG00000033720,0.023138498385205885,4.842298602427404,9.57851329853188,0.001,24.677039243962216,0.0010395406058817855,9.285994291394564,100,100
ENSMUSG00000033721,0.001,61.259704531272526,1.0,0.001,0.001,0.0015112840325263097,0.4694393489988292,100,100
ENSMUSG00000033722,0.8544808105619563,2.4439234867904274,3.9738223126236725,0.44164371130083535,1.9854559207962943,0.5376307428162592,4.599492961970755,100,100
ENSMUSG00000033728,0.1197557267521526,0.14896650300262398,3.2473640599388838,0.0011692994199501826,0.49779486928543903,3.5366498946804854,2524.7860817415044,100,100
ENSMUSG00000033730,0.03553991404448256,2.504455374936009,21.86914079473032,0.0010382692019104294,0.08512452584047595,1.9931554563984704,170.94678032478888,100,100
ENSMUSG00000033731,0.001,62.31581250733508,1.0,0.001,0.001,0.001426633936937385,0.22566969876479603,100,100
ENSMUSG00000033732,0.09445460610949871,0.461764934483399,21.029229548562345,0.01117301459489137,0.15640587126428937,28.23843619824873,817.7639835838631,100,100
ENSMUSG00000033737,2.676815740888945,641.9267081094946,1.0,0.001,8.114481180325232,0.0010000000000174422,0.11809401950991477,100,100
ENSMUSG00000033740,0.001,61.88525872635182,1.0,0.001,0.001,0.0018358239075053078,0.15569395864440116,100,100
ENSMUSG00000033751,0.4865562653349404,2.710292564616046,7.693597590460358,0.28330316517531784,0.9514250658517653,1.1387468304796762,5.377115905774506,100,100
ENSMUSG00000033752,0.19388126805865505,2.941295472654669,4.568756410394081,0.072701200627176,0.46292480059928676,0.5336040736078824,4.553725066652255,100,100
ENSMUSG00000033760,0.4349488477548762,11.477328176010067,23.065726104150723,0.14498401928159468,0.6208417048155876,1.2769487143191276,7.903553353136498,100,100
ENSMUSG00000033762,0.011692304387643876,22.03564645852615,70.26109142134078,0.001,14.129398553320527,0.0011857613802300675,43.437244815856175,100,100
ENSMUSG00000033763,0.3359426788704664,27.48324186643096,21.42309427714616,0.001,0.6325012195885398,0.3769582942194773,364.2484995149248,100,100
ENSMUSG00000033767,0.5222513446289232,5.542723509974905,4.401863405124307,0.0010024619197240244,0.8110336324348895,0.42808270866782094,820.6276494531771,100,100
ENSMUSG00000033768,0.001,59.94762576822368,1.0,0.001,0.0010000000000000005,0.0017127230896846002,0.6345227691522095,100,100
ENSMUSG00000033769,0.00545962703847948,0.04662507931990588,5.6786195747324735,0.001,0.09147975563240468,0.06013291115293866,1138.577014637795,100,100
ENSMUSG00000033770,0.001,62.31581250733508,1.0,0.001,0.001,0.0017091341859652325,0.2985706983580916,100,100
ENSMUSG00000033773,0.7596245110943252,20.480869511054458,14.882386173626509,0.038557843934539954,1.7591716348937507,0.29089908522149843,56.359864536788,100,100
ENSMUSG00000033777,0.001,62.31581250733508,1.0,0.001,0.001,0.0015600601002681313,0.22374535909622228,100,100
ENSMUSG00000033781,0.437167435336177,13.19277176871647,42.44801062203169,0.0029317373213641755,0.5420564412846114,2.664101902807328,1212.3903415649816,100,100
ENSMUSG00000033788,0.5339133561835713,2.4531445059383516,28.237963167230912,0.40114217936647634,0.7803579773420228,6.689877157910525,16.625970528940446,100,100
ENSMUSG00000033790,1.4887370747834032,5.585310414768726,8.513301466138627,0.4320909823353478,3.5398793036325564,0.4889668180729433,8.787036379054118,100,100
ENSMUSG00000033792,0.21377483437495556,29.77062003551747,16.60836335279178,0.027941615244037654,0.9272356328597195,0.06646961530207578,1.758509474410416,100,100
ENSMUSG00000033793,0.9875726276599598,2.4742739174199477,23.92118062035219,0.7061083840997215,1.729230530686858,3.831572733342755,15.726760247148851,100,100
ENSMUSG00000033799,0.20934099615619803,4.876392294465201,9.80016250804216,0.007307321028222712,0.45334438203189786,0.8549264256812348,83.81382347507689,100,100
ENSMUSG00000033805,0.001,62.31581250733508,1.0,0.001,0.0010000000000000005,0.0018038422304131015,0.2411274329410315,100,100
ENSMUSG00000033808,0.7703041172724766,1.2264464361798726,1.7106949043836064,0.0011752766586316367,2.46863262809895,0.323729466842526,1153.0490717747857,100,100
ENSMUSG00000033809,0.1484060721586611,0.1918938506378812,6.262896737796121,0.011300055377172564,0.5285735484407885,6.31666085488952,565.30430392884,100,100
ENSMUSG00000033813,0.7883970638011143,0.6902559135476167,10.97209175021781,0.22225194728317538,4.584063580797606,1.3400020883817847,142.94170898402342,100,100
ENSMUSG00000033819,0.16763419979873007,0.29303641488302196,4.833857288281304,0.02533118580750284,0.3435173043612134,7.750997805739225,137.8419278732803,100,100
ENSMUSG00000033826,0.001,61.88525872635182,1.0,0.001,0.001,0.0019389507913374934,0.425658425094162,100,100
ENSMUSG00000033845,2.239888270870288,242.80793778730913,419.08950704364065,1.1382424340706212,3.2345902376765503,1.208342046355181,5.7592207978999355,100,100
ENSMUSG00000033847,0.010771933375484167,19.67918680536811,22.450641939921354,0.001,2.951164269052411,0.0016829310577695898,6.144398968539323,100,100
ENSMUSG00000033849,0.0469909573242531,11.166927077177142,8.213402450574026,0.001,29.374917656727867,0.0010049917183318077,3.4967972646329737,100,100
ENSMUSG00000033852,0.001,62.31581250733508,1.0,0.001,0.001,0.0017061464641600797,0.1228409156073581,100,100
ENSMUSG00000033854,0.08510982570985873,44.395064567953135,135.17787979238952,0.02342507009302011,0.2872236607725189,0.4899857242440016,13.524927257755166,100,100
ENSMUSG00000033855,0.2424511423993355,2.575026756953211,3.2396321238454293,0.0822229855751098,0.6315923267648513,0.38509514299253395,5.855546712266722,100,100
ENSMUSG00000033857,0.20421429477241382,8.436646597131668,6.707125974282042,0.001,0.562797691680763,0.2322205129887071,153.721282553795,100,100
ENSMUSG00000033862,0.6248050589491485,1.6611590064535215,10.438618810306208,0.157105531435692,1.1138084422452301,2.7444608270871536,40.41885915084721,100,100
ENSMUSG00000033863,0.07510892591578748,0.1781537845814452,12.927598759345626,0.03339482166359064,0.176145753446662,18.379243899774778,205.5257565457266,100,100
ENSMUSG00000033871,0.11634834239372818,5.892058138382892,1.7472240287411154,0.001,32.78006660042982,0.001060209563372732,1.3348878842745742,100,100
ENSMUSG00000033872,0.001,62.31581250733508,1.0,0.001,0.0010000000000000005,0.0016988744558585375,0.0762005756583389,100,100
ENSMUSG00000033880,2.2983904558737045,103.34362095133854,1241.8150821668626,1.8668528911661033,2.993620604874569,9.025581830875389,16.47543200980436,100,100
ENSMUSG00000033882,0.01640387756869275,23.20408450784621,40.34414204190926,0.001,0.6035658831365504,0.003593321686345171,43.017648535303906,100,100
ENSMUSG00000033883,1.1729505999957508,33.403431122665914,9.125766466274376,0.2061910519133639,43.24363450037744,0.00929772004970799,2.6813455281482277,100,100
ENSMUSG00000033885,0.9322390231382491,25.107208790047178,62.62187965328229,0.5657520952502944,1.3520003023295049,1.6141310550405483,4.835867238344695,100,100
ENSMUSG00000033900,0.2899899889824655,31.99849623822266,20.270540727626248,0.001,0.7850533951358092,0.20929436504456772,240.8447226945484,100,100
ENSMUSG00000033902,0.7813554807857119,139.95364340669926,125.63024601193693,0.47743176267323867,1.7413697452955421,0.349613135608025,1.767684421179153,100,100
ENSMUSG00000033904,0.2303893204031402,1.011131117169175,1.3243965021801833,0.11075157077415028,1.0371519659717237,0.21615824434283873,2.5424920597024263,100,100
ENSMUSG00000033906,0.1340433287242374,1.714585833019383,4.260830145660799,0.028377191917030087,0.33757506354129424,0.88433951697097,14.210102501658664,100,100
ENSMUSG00000033909,0.589065970162709,5.388481675154475,6.737330996953348,0.18647479785014653,1.2284928913615727,0.5105484009436149,6.845661925071635,100,100
ENSMUSG00000033910,0.001,62.31581250733508,1.0,0.001,0.001,0.0016234539870956985,0.24113127225844636,100,100
ENSMUSG00000033916,0.186109470030617,0.4249117016579663,49.7038469916211,0.001,0.3407066407527305,0.046081247863029806,594.2965846293328,100,100
ENSMUSG00000033917,1.0401964551344096,1.7859772338116218,5.264602324775646,0.3799616055121745,2.4930320495631557,0.7580999627733997,12.082607030071323,100,100
ENSMUSG00000033918,1.5919147649187306,1.7101109512807553,16.130334382415125,0.9534722523582213,3.821818228680219,2.073956378665499,23.220018585233476,100,100
ENSMUSG00000033931,0.9630077507674297,7.57599809912645,23.36290916187125,0.47853326113582456,1.4672014221598153,1.8403036088963276,9.777491546628926,100,100
ENSMUSG00000033933,0.6049097242136,0.16628511634557241,1.9493451089220004,0.009212710241733098,25.300880655352017,0.1032779347472341,1679.2418232604737,100,100
ENSMUSG00000033938,0.07644306779582424,0.07396272834192487,37.95903008320272,0.001,0.3863088125054034,0.060763417479688546,32143.92110767076,100,100
ENSMUSG00000033940,6.681876783276655,54.32378072690261,149.1793073918917,4.405467061564141,11.954421271582017,1.3685879833545336,5.501363312847358,100,100
ENSMUSG00000033943,0.2357058344685034,0.2522914308296545,2.733156976608327,0.024391593596205574,0.9510547538962151,1.845848708627866,139.4571438031354,100,100
ENSMUSG00000033948,5.12139828178059,606.381632324401,1.0,0.001,16.50565024905964,0.001,0.009868530566074236,100,100
ENSMUSG00000033949,6.38309794500338,508.0167624916616,1.0,0.001,21.107438521389565,0.001,0.010541920050022437,100,100
ENSMUSG00000033952,0.02479876217000209,18.035456039677317,66.03256315490806,0.001,0.1493984660100652,0.30587907835208455,113.68939069597643,100,100
ENSMUSG00000033953,1.2324223900484423,1000.0,2211.105107946398,1.1769913363551607,9.745102671323156,0.2530549209776688,6.842520261510751,100,100
ENSMUSG00000033955,0.14315152107180046,0.24852902831701162,29.91353767829448,0.0348499785671975,0.3584184100595571,29.238098162860368,681.97357339358,100,100
ENSMUSG00000033960,1.7821800918439576,233.15998976569017,514.7270158929172,1.0488262006784148,2.6108729285740573,1.5747232146323555,5.023793784547731,100,100
ENSMUSG00000033961,0.08705352019356244,0.9854109999342784,2.064222794633736,0.010903332038146894,0.3476637723719772,0.3248470023445599,6.166712118360594,100,100
ENSMUSG00000033963,0.001,62.31581250733508,1.0,0.001,0.0010000000000000005,0.0020164162290988684,0.1307597093258523,100,100
ENSMUSG00000033964,0.18565838943689494,0.4934950847628528,1.7116328359350235,0.001,0.5791472246942766,0.8168877343602179,914.8124474279728,100,100
ENSMUSG00000033965,0.10208563039894888,24.264270551325303,39.485089790854275,0.001,0.22349858446997917,0.5676678466955045,250.2768995726447,100,100
ENSMUSG00000033966,0.06034018855999806,19.531348050948917,8.01003490262635,0.001,24.447719837768062,0.001,1.242177824921435,100,100
ENSMUSG00000033967,0.25290403318848087,33.95880786685254,15.711352789127952,0.0729762423957482,1.7510900765336364,0.026422549554628125,1.4698064009903264,100,100
ENSMUSG00000033970,0.5200526719776072,187.77019461904018,321.55546952003107,0.2597989129543311,0.7613601723646142,1.1875855370595558,4.31252519481122,100,100
ENSMUSG00000033972,0.12936068354677216,0.6241314535840947,2.720285868220721,0.017321090786824356,0.4168333931498358,0.9379036870029162,50.75355606266288,100,100
ENSMUSG00000033981,0.001,62.31581250733508,1.0,0.001,0.001,0.0014188219881593326,0.5123315869319434,100,100
ENSMUSG00000033983,0.0010415909835384486,0.004958633951606214,2.115964810983548,0.001,0.16612755049662647,2.052090315873117,555.2563417702395,100,100
ENSMUSG00000033985,0.7721090375772044,2.8576685875506804,7.813076411352574,0.2889060369077333,1.2053359032083966,1.3498484892129121,10.982591308932523,100,100
ENSMUSG00000033987,14.322109813967648,875.1403807359619,1.022293648973045,0.49102223281825985,23.26060570061039,0.001,0.008951494463200503,100,100
ENSMUSG00000033991,0.0063380363880599176,15.543650295511096,137.5403553930179,0.001,0.027223083815582232,0.005252897091026835,171.0993189239429,100,100
ENSMUSG00000033998,0.0028903301119807875,8.407357573655709,61.06559776920088,0.001,4.33960685621412,0.0016542772795281285,31.310764494188426,100,100
ENSMUSG00000034006,1.69419836723081,11.778625388061227,34.88907052567265,1.166243049472031,3.985521826469515,1.3002945982832963,6.065625176007186,100,100
ENSMUSG00000034007,0.16697312647340898,23.5186026854384,27.233977191231716,0.004835035082892584,0.2887405941897226,0.5401892322084649,71.74520782971204,100,100
ENSMUSG00000034009,0.001,62.31581250733508,1.0,0.001,0.0010000000000000005,0.0018494225698655986,0.07400942506176975,100,100
ENSMUSG00000034021,0.2952829819810854,2.548517465220191,3.9648707950885997,0.041792628594762,0.6680529081850961,0.5240617294606026,12.580268371479832,100,100
ENSMUSG00000034022,0.1892178715316061,0.18356291812189393,12.309526393890248,0.020016943326126094,0.6772191520534387,12.009509014986211,1052.8041614405638,100,100
ENSMUSG00000034023,0.03352805009390683,18.882825803979962,39.24569746150915,0.001,0.22822320537080537,0.08893167085484821,107.86403972392714,100,100
ENSMUSG00000034024,2.5535721400488347,7.229331952493862,52.1765929014862,1.760127699743328,7.850303386999586,1.7965231679359113,13.325810219534286,100,100
ENSMUSG00000034028,0.0024996854171699806,9.061219363138205,45.274014191122745,0.001,0.033586238696896836,0.0019141881549886164,34.837203209761086,100,100
ENSMUSG00000034032,0.4121426429466958,208.6503998016456,436.84180773697176,0.07066899144555298,0.5782379591474025,1.2718870248026914,30.74223983693161,100,100
ENSMUSG00000034035,0.27797059865587953,1.1534338349881563,2.714211472131446,0.008719861920961212,0.7064409097201182,0.7722593675573539,103.6714129867863,100,100
ENSMUSG00000034037,0.001,62.31581250733508,1.0,0.001,0.0010000000000000005,0.0017278092995104157,0.40031111704331923,100,100
ENSMUSG00000034040,0.2713904919295002,2.6475623074907153,8.312700701062633,0.09668750446105348,0.4539320047901023,1.7476411730981756,13.314724369720185,100,100
ENSMUSG00000034041,0.001,66.84427540036525,1.0,0.001,0.001,0.0016035996762601228,0.07025422197441758,100,100
ENSMUSG00000034042,0.392906428613719,0.5643515034738352,3.343945112278286,0.15107112881033335,1.0229784587394686,1.4775199382213948,17.931423645525356,100,100
ENSMUSG00000034055,0.301523351876731,2.125015734872309,6.211307406280073,0.001,0.5701758454215599,1.4704369336392165,1461.0368235387994,100,100
ENSMUSG00000034057,0.001,62.31581250733508,1.0,0.001,0.001,0.001662520384355735,0.073152842967136,100,100
ENSMUSG00000034059,0.001,59.75744064589286,1.0,0.001,0.001,0.0015506781504456978,0.18328347103775483,100,100
ENSMUSG00000034063,0.001,61.259704531272526,1.0,0.001,0.001,0.0017157768138365617,0.08738558915095598,100,100
ENSMUSG00000034066,0.4982535460799357,0.759271083761337,4.063033968258762,0.17050104373801497,0.8802263256251055,2.1333065673107603,20.599184623171404,100,100
ENSMUSG00000034071,0.443690379996091,17.3110840676443,2.140692352302295,0.08693460713730514,51.55721728114641,0.001120111798357274,0.4214243375098797,100,100
ENSMUSG00000034075,0.1291053560016909,0.2895890451052303,10.22990244966593,0.04940479399760672,0.21246028729197242,19.005526989773983,111.32061121454417,100,100
ENSMUSG00000034083,0.7781514852143419,1.7189784972556257,4.198330568048893,0.32653790577951347,1.6305280331218461,0.8707037135881275,7.643344037776739,100,100
ENSMUSG00000034088,3.4729537190292206,4.0275259069263925,68.90568653051227,2.081901953349301,8.48826979624522,3.9798696810427527,35.425241087466205,100,100
ENSMUSG00000034098,0.001,62.31581250733508,1.0,0.001,0.001,0.0017659794778731178,0.2103304100166185,100,100
ENSMUSG00000034101,0.08118997153373307,0.3395497526874637,7.096456252764001,0.001,0.18355413380006416,5.725037337259655,1415.483823533059,100,100
ENSMUSG00000034105,1.0629700514653868,15.762754560146018,18.224117619393965,0.3026016451343831,1.5951999935853927,0.7405882065239868,7.33396521757533,100,100
ENSMUSG00000034107,0.06287368277515931,19.4153551064487,11.4514530259257,0.001,11.075488915207883,0.0014857359031507833,20.895720048277173,100,100
ENSMUSG00000034108,3.1377393142904815,137.9877972197092,406.6625212106974,2.106824713777344,5.317074591614475,1.7284824538611527,5.759386767106047,100,100
ENSMUSG00000034109,1.4936743450042669,3.6438149361622307,12.116224472663523,0.7082520974374419,3.6428690177020986,0.987735558454192,10.900028279162186,100,100
ENSMUSG00000034110,0.5200701008376314,17.593750813924046,10.168282867214886,0.02129774961649151,0.9872374737710743,0.2747278698918666,49.99967037873157,100,100
ENSMUSG00000034111,0.11895268184383283,0.1665366828392721,2.030520961795911,0.001011111865207667,0.9251902065188262,1.0117538374239068,1755.4907767819466,100,100
ENSMUSG00000034112,0.022696460460821476,20.81508391859642,15.13574351027216,0.001,10.068130738443262,0.0010104404666184798,11.508174717689304,100,100
ENSMUSG00000034115,0.001,62.31581250733508,1.0,0.001,0.001,0.0015105614901286916,0.3656189136733788,100,100
ENSMUSG00000034116,0.001,62.31581250733508,1.0,0.001,0.001,0.001628916624093502,0.19724224748630564,100,100
ENSMUSG00000034117,0.001,66.84427540036525,1.0,0.001,0.001,0.0017343562035188047,0.16259642835465515,100,100
ENSMUSG00000034118,0.13238403094679765,0.3196150094090568,2.237193054619119,0.0010918161559985932,0.540210842883627,1.2466443449033358,976.3540595340075,100,100
ENSMUSG00000034120,0.016968811624343636,0.022888487285385374,4.712714976902182,0.001,0.11063049186567617,30.35401460373344,4538.370093000476,100,100
ENSMUSG00000034121,0.31276077345907327,3.651481648089414,5.5743416553256635,0.11291418051364477,0.690699150280845,0.6925199317989157,5.007716942369394,100,100
ENSMUSG00000034126,0.3842610184162985,0.9151027247742075,1.9324537356324138,0.0010664183539040785,1.3491380779481152,0.42045983350381005,910.1789613800113,100,100
ENSMUSG00000034127,4.1336179629762935,999.9999943156627,1.0,0.001,10.87351655818439,0.001,0.07525582426845684,100,100
ENSMUSG00000034135,0.3825063182858214,0.5861990230301258,6.184320554053279,0.20261327585170963,0.6671173150351972,5.068455810712834,24.659308880432267,100,100
ENSMUSG00000034152,2.1709813104368605,60.585688496174704,166.0497037543542,1.5411734958649734,4.734010944428444,1.1163247860553014,5.052648675927354,100,100
ENSMUSG00000034154,0.15244043031100266,0.220302140172989,1.3267525829222337,0.001,1.416376575246347,0.3868938538916086,1061.9849422569584,100,100
ENSMUSG00000034156,0.001,62.31581250733508,1.0,0.001,0.001,0.0013932005894501495,0.09387719741392711,100,100
ENSMUSG00000034157,0.3169327681853727,1.2996917793220804,3.953025853364218,0.07994238770337048,0.6511298829538057,1.2104750380693658,16.597193715343554,100,100
ENSMUSG00000034158,0.001,13.333929333371907,1.0,0.001,0.001,0.06973394172484508,4.97978169781954,100,100
ENSMUSG00000034160,0.17013328570912922,0.21185657826019885,6.376725452903761,0.018376521447275366,0.5822407599225966,6.182594466860539,355.2572913797872,100,100
ENSMUSG00000034163,0.5391810206800753,1.7411619274097123,5.333512448024595,0.2830898869512879,1.0576742269094859,1.4063564929590715,7.297485827511861,100,100
ENSMUSG00000034164,0.010898732676586621,19.1589136113705,21.879242248235816,0.001,6.922800364744156,0.0013793821352500245,26.15001457426029,100,100
ENSMUSG00000034165,1.5897544588342656,10.123464359772992,33.68793867968705,1.1170539084103255,2.910283079222773,1.610384789094827,6.461375327304456,100,100
ENSMUSG00000034168,0.11696842969776164,0.323474462776544,10.440791524570159,0.04721573421327197,0.231219605760463,13.049471276941233,94.58273499271576,100,100
ENSMUSG00000034171,0.016651171073124475,2.0863862313968533,3.1229831871684155,0.001,20.057055967749704,0.001150163982874528,13.64549715900797,100,100
ENSMUSG00000034173,0.12340810277185739,28.41522839322078,28.07738454487481,0.001,0.2694339891612901,0.3551998234731372,163.67457698786205,100,100
ENSMUSG00000034175,0.10847217122548816,0.05264959199619713,1.9299572576385586,0.007861313476603843,2.155435379541664,0.6250707108663132,840.0444547185759,100,100
ENSMUSG00000034177,0.013587699621092558,1.3187506401549665,3.672082770467211,0.001,4.845478119475127,0.001442875298787324,15.116028519965852,100,100
ENSMUSG00000034187,0.5575175998359333,0.6124405669133096,3.7687559732533344,0.2437180213018263,1.8029704725238767,1.077433573546854,19.81007818486149,100,100
ENSMUSG00000034189,0.001,0.0014272826516186674,1.23904393570104,0.001,0.674525688977841,0.6459205899941589,1061.4479894965302,100,100
ENSMUSG00000034190,0.28131012168463954,0.41143610093140653,9.157992655178454,0.13088294529856567,0.4197476635447457,12.46027762799718,46.8564801933005,100,100
ENSMUSG00000034192,1.0862808501186392,11.589312673465072,41.35429637251117,0.5216342528090601,1.748190924916235,2.0597200109021188,11.213079197708456,100,100
ENSMUSG00000034194,1.11590354445877,1.7576246965846936,9.293087261853941,0.5409735642531642,2.678656151532277,1.4279420935251985,15.49338818500713,100,100
ENSMUSG00000034201,1.4734913455724523,3.930595605712326,12.54680958754159,0.9313056730789269,2.8546285071866437,1.2934064835339916,7.4668723132367125,100,100
ENSMUSG00000034203,1.1548755134096893,65.81923738414254,129.4242034715675,0.3744667732078716,1.4344106334998838,1.4808171089163658,12.316852870756785,100,100
ENSMUSG00000034205,0.541140540784228,1.4583046104347137,54.95067510645169,0.43914516734870085,0.8393216886962809,16.9655320422186,49.60398201385869,100,100
ENSMUSG00000034206,1.8288949419795804,425.63331285444406,1.0,0.001,6.222922802184097,0.0013206395019265738,0.27588981875732294,100,100
ENSMUSG00000034209,0.001,66.84427540036525,1.0,0.001,0.001,0.001554516354455905,0.31045058408691256,100,100
ENSMUSG00000034210,3.0120901544299223,721.8615875926178,323.75218460312476,0.8074188773648783,8.304627587915805,0.1692930077358381,4.27727611670741,100,100
ENSMUSG00000034211,3.782523615452401,370.1194445584292,669.17444777751,2.6446088813840314,5.670701915509499,1.1819845787423775,3.1170130509513316,100,100
ENSMUSG00000034212,0.03915967577845169,20.218138008080395,10.671565666642435,0.001,14.523197810759418,0.0011148214806476313,15.696420143368247,100,100
ENSMUSG00000034216,0.4821838701588154,0.4856985625911857,4.446395331513953,0.2175162221736035,1.4383341553971136,1.697375780409406,27.177888830034554,100,100
ENSMUSG00000034218,0.1524846675112007,1.0266856291033195,2.0645966131554405,0.013175312416230187,0.47108157731663325,0.45147375068712214,40.389338335391784,100,100
ENSMUSG00000034219,0.001,62.31581250733508,1.0,0.001,0.0010000000000000005,0.002109978206865995,0.22644462558588307,100,100
ENSMUSG00000034220,2.1848848109375196,1000.0,3026.6778976325313,1.6888068561246312,3.5723031623188004,1.8178421257827775,4.559874262654673,100,100
ENSMUSG00000034224,4.132577005576439,999.9999999828615,1.0,0.001,11.060167893884081,0.0010011469186888776,0.048414126767539235,100,100
ENSMUSG00000034226,0.0032690628691855613,8.96997212603367,21.857514037046418,0.001,0.037306594925135834,0.0019286893287618337,13.19690524345496,100,100
ENSMUSG00000034235,0.19960742696974185,27.524176578521672,20.095912773769918,0.001,0.6133122564742106,0.197004754042068,75.65541100574401,100,100
ENSMUSG00000034243,0.001,13.27963821034474,1.0,0.001,0.001,0.03565295055942414,3.730768233815555,100,100
ENSMUSG00000034245,0.24100134126332867,1.2243182472072787,3.101001840172956,0.001,0.5866105618025358,0.8343894999433227,775.3136596115796,100,100
ENSMUSG00000034247,0.5473635429944096,0.838874673085914,2.406483743241451,0.004414325728832544,1.253375465677287,0.9756152654914878,577.7507196299441,100,100
ENSMUSG00000034248,1.3542403361251578,20.944686188228996,26.63160726698229,0.6328416531238745,2.0437463959506874,0.7467855057050161,3.8860796500853936,100,100
ENSMUSG00000034252,0.9329255285576268,2.7265546725031764,7.524357356669169,0.2849614543299347,1.6189364626803473,1.2689781834998484,15.473484323057072,100,100
ENSMUSG00000034254,0.6302311511481238,1.3625350806407066,4.340095510797941,0.1973500451908527,1.484241713844769,0.9537224722803539,15.729234180530039,100,100
ENSMUSG00000034255,0.08958801583389046,0.4224530566730521,1.3688443716088277,0.0011212738732575352,0.48847367481802484,0.48677869725374456,235.67407201176752,100,100
ENSMUSG00000034258,0.13239532799574827,30.187496756305084,30.43826826043774,0.001,0.29357492117409245,0.3387483594613949,199.2356383382935,100,100
ENSMUSG00000034259,1.8859006395930518,36.858418718416544,71.81439261075761,0.9840872667889609,5.106540656529207,0.6836348101175599,4.892056329052357,100,100
ENSMUSG00000034263,0.3420327869906874,0.6307172313369201,3.65052363400552,0.00786122353234949,0.7167082678030015,1.8429798229069736,425.2942966783245,100,100
ENSMUSG00000034265,0.10745410639835307,3.7558594357653257,13.401769010347587,0.04228990551803343,0.20773119846383692,1.380847068222282,8.85579896673108,100,100
ENSMUSG00000034266,0.001,62.31581250733508,1.0,0.001,0.001,0.001809908367537377,0.1309719851378807,100,100
ENSMUSG00000034269,0.36478354757286124,0.4670334095909268,6.69881182806453,0.1511188853695457,0.7945477948977477,4.0085112695151,44.13073596513429,100,100
ENSMUSG00000034271,0.5187059359314135,35.778417946701936,166.06345130972005,0.11525337607873556,0.6958850187842247,3.1969001295130317,32.71955051836698,100,100
ENSMUSG00000034274,1.8775510362333827,119.19055396646155,114.12536187333585,0.45312620478059107,3.2028680075325484,0.5156630118403771,9.659074057202808,100,100
ENSMUSG00000034275,0.03373739192983451,4.135091430741729,11.26989885996523,0.001,0.1487029815640023,0.0017124855277980294,36.22516010678257,100,100
ENSMUSG00000034278,0.3208930117412907,0.22258327010302206,1.452752795866573,0.17340820920369104,2.584040320020499,0.3331908259051718,15.370318164848126,100,100
ENSMUSG00000034282,0.001,62.31581250733508,1.0,0.001,0.0010000000000000009,0.0018300639585707439,0.1847763081406385,100,100
ENSMUSG00000034285,0.023304425592349267,0.06859709209685087,2.86341452960384,0.001,0.24430350645104776,2.9481730092940706,975.8587835492633,100,100
ENSMUSG00000034290,0.8438843960716328,1.0602670570980528,20.74853165485013,0.6164664581370163,1.855140702993439,5.21062037464968,26.76086033581423,100,100
ENSMUSG00000034292,0.2623747390755707,1.5105924374931063,2.557253271796229,0.04052130291013595,0.5026308590604887,0.7655762991993291,16.876274955849638,100,100
ENSMUSG00000034295,0.007435315608481301,1.5336827655637282,9.705273761933503,0.001,5.636605890125134,0.001456674915191055,33.97280425708426,100,100
ENSMUSG00000034297,0.011813906241586921,0.015081278860135161,2.067303801767596,0.001,0.6040668461931208,1.7729810158650334,1673.406461344542,100,100
ENSMUSG00000034300,0.43871284329875543,0.680880717251031,4.595095957847416,0.021576124347360823,1.2589286650575557,1.443697594822035,279.58768075649016,100,100
ENSMUSG00000034303,0.011824934740944516,27.69040678663298,85.84337079112991,0.001,0.11146543452694042,0.0020838682542856763,69.69295742992699,100,100
ENSMUSG00000034308,0.056708742233418916,4.619489681882206,7.132376688955767,0.005954416612234193,0.30308572163883013,0.15261357639418544,6.181697109073143,100,100
ENSMUSG00000034311,0.03281944721780928,1.4500180965024796,17.884863330594026,0.01436428571627003,0.09519464223322689,1.6238820635316045,67.81799685576117,100,100
ENSMUSG00000034312,0.04494559027204542,0.06486112404509867,2.0914861901934882,0.001,0.6506121130972816,1.4665536530596057,1486.7519271872657,100,100
ENSMUSG00000034317,0.15152589720486395,0.5330793601968076,18.254676433340574,0.08580627417893999,0.22752217212438472,21.99527016992895,67.50866226109954,100,100
ENSMUSG00000034320,0.5670569653353105,7.857223918293302,9.002603861856068,0.1726113337518077,0.9384191791828893,0.6368780443588449,5.424377455340202,100,100
ENSMUSG00000034321,0.6645363629832308,0.8182752170264279,6.09200168877916,0.3447999704366763,1.6084420168995808,1.775843628424226,17.477325550670944,100,100
ENSMUSG00000034324,0.001,66.84427540036525,1.0,0.001,0.001,0.0020655796106368828,0.5298285958933251,100,100
ENSMUSG00000034327,0.4700623892642938,1.8104572247240913,2.977027964753432,0.016111644005482043,0.9885830053737779,0.5908731333678534,543.2626426918017,100,100
ENSMUSG00000034329,0.001,0.04026377991951471,3.40300536173669,0.001,0.07992050150187333,0.002473853974630342,108.03823098931426,100,100
ENSMUSG00000034330,0.07429073078908344,0.889163494573956,1.6613432266275303,0.0010506555582159693,0.32401989266538456,0.2833139571467329,123.50673328001415,100,100
ENSMUSG00000034333,0.001,55.64789659794357,1.0,0.001,0.001,0.0018605144852119827,0.19735654041177209,100,100
ENSMUSG00000034334,0.011036681360207844,18.959547694556395,21.64500247819561,0.001,6.509325058344269,0.001481246201024941,21.051001064207377,100,100
ENSMUSG00000034336,0.001,62.31581250733508,1.0,0.001,0.001,0.001613859289330959,0.22232338971103216,100,100
ENSMUSG00000034341,2.702445930147392,8.26754950819807,28.608238013391365,1.5444394981289893,4.6995642054697875,1.566965616109127,9.202792486047795,100,100
ENSMUSG00000034342,0.4356082821726988,0.7738541841363907,2.8338940475041854,0.04569376911530742,1.3095751250530303,0.7901702344882797,40.59380226270507,100,100
ENSMUSG00000034343,0.6202657117807112,0.7255869658111755,11.287342334202547,0.4109968477329323,1.4432234584143457,3.6764252401527937,28.922643881603022,100,100
ENSMUSG00000034345,0.7159846293033321,0.7402048387787509,17.089289412600596,0.5257427368193264,4.010646734446036,2.571119814179516,36.76166273142297,100,100
ENSMUSG00000034349,0.7483631514909471,10.592230416931462,34.14518078886989,0.4782066347274532,1.0957334448121656,2.173054786365806,5.598651374873855,100,100
ENSMUSG00000034353,0.03155669197445912,18.778040878487168,44.58740539412488,0.001,0.15768839577074611,0.20966620478214204,106.90823172511183,100,100
ENSMUSG00000034354,0.661122504721909,0.38557400886273097,4.471576017695422,0.2818321564753443,3.9850450729675027,0.7442586594683417,40.47178564091203,100,100
ENSMUSG00000034361,0.003034511280350131,0.0041187097659552046,1.0032391221431995,0.001,0.8070729259611651,0.49042945158065165,944.6641901604115,100,100
ENSMUSG00000034362,0.001,62.31581250733508,1.0,0.001,0.001,0.0013672460730321206,0.5043903342207299,100,100
ENSMUSG00000034371,0.791516558237865,8.839534478751967,8.657274893873184,0.21488717132860005,1.4977743061339857,0.4773672643041197,6.425764956253898,100,100
ENSMUSG00000034377,0.3758024549688272,0.7093559749088428,13.974080570624304,0.2555558013410235,0.6099024297133473,10.412337320329293,32.442431660227626,100,100
ENSMUSG00000034379,0.2638619798682567,32.926547613806655,17.57928895380941,0.02795612497362409,0.9370991775193294,0.1211762888468336,5.90674558954726,100,100
ENSMUSG00000034382,0.0012241444728322206,84.83231106059885,2564.4274517430713,0.001,0.0034501443537456457,0.0020218662273214848,25.93888009860956,100,100
ENSMUSG00000034390,0.07085537967506086,0.16771186209961012,1.8253552685636847,0.001,0.5277749390091189,1.1048071519853306,955.538122690051,100,100
ENSMUSG00000034391,1.6046320348181988,386.05076768576816,1.0,0.001,8.336266593950302,0.00100000017481168,0.08720673181198693,100,100
ENSMUSG00000034394,0.1017065790697228,31.841525784035404,178.5458325023818,0.05424228709216992,0.16708862204556285,2.4924683869525293,12.7612953741734,100,100
ENSMUSG00000034401,0.47275339384846826,4.459706797915667,4.933842676223283,0.1737719626380893,0.9523506698683168,0.5242827828115039,5.159119900178631,100,100
ENSMUSG00000034403,0.20608910628400592,0.24990971745165516,15.51839960583658,0.11796875767686081,0.5338190694059093,14.680731020806316,133.6562654640749,100,100
ENSMUSG00000034412,1.0326340959014575,178.7461383958522,122.70950665091067,0.22866743201499165,2.421303516029524,0.28544601630552385,7.41529301698332,100,100
ENSMUSG00000034413,0.001,62.31581250733508,1.0,0.001,0.001,0.0015378538131400484,0.20297811013255043,100,100
ENSMUSG00000034416,0.001,61.674132606755,1.0,0.001,0.001,0.0016854954272117423,0.3707900832199885,100,100
ENSMUSG00000034422,0.5472212351107842,9.504617283439439,27.047163672092125,0.3377929606243948,0.781626417364251,2.000442082240941,5.67947800971526,100,100
ENSMUSG00000034424,0.7198190628763516,0.6943096607939877,3.6130967797161087,0.33436830949767704,2.889856300655021,0.7520137377027998,16.926730501685853,100,100
ENSMUSG00000034427,0.001,66.84427540036525,1.0,0.001,0.001,0.0016504297975567669,0.1703712883052659,100,100
ENSMUSG00000034429,0.14496514610542835,0.5477690934042617,1.8524143421482668,0.0026636826906958214,0.619864820706662,0.6137834168782808,220.6070885639491,100,100
ENSMUSG00000034430,0.07582664873094386,0.286373519586698,1.403994071306739,0.001,0.5728471067377279,0.4928361887536118,294.4947189177759,100,100
ENSMUSG00000034432,2.8659752219302845,7.48582593424468,24.70165003334111,1.694510510989271,5.673306348884029,1.1846943462266828,7.563551303418809,100,100
ENSMUSG00000034435,0.022211789864881305,20.615800086603375,23.21171937337162,0.001,6.4215642875931795,0.0010529626982838014,34.60876897301213,100,100
ENSMUSG00000034442,0.3034318045839095,0.3480108018343869,1.0,0.012318326980457933,3.405379354778602,0.1397134929029595,111.15206676307841,100,100
ENSMUSG00000034445,1.0959938721513356,154.52159152036168,146.759116227455,0.39506338846543493,1.8386246878438866,0.5325127246730349,4.021464196712319,100,100
ENSMUSG00000034449,2.1732395559160644,46.95000997746818,89.44958222930528,1.3340942586494728,3.3860140481219623,1.0877035936516384,4.373938374792484,100,100
ENSMUSG00000034452,0.001,62.31581250733508,1.0,0.001,0.001,0.0014957695171997217,0.11897751619781258,100,100
ENSMUSG00000034453,0.25974661624501444,0.23998773293127204,3.055549978108502,0.013915215304753443,1.2874814844824864,1.5521063224983935,547.2472424813685,100,100
ENSMUSG00000034456,0.001,62.31581250733508,1.0,0.001,0.001,0.0014974211962823867,0.1195011794415252,100,100
ENSMUSG00000034457,0.3339655596996055,103.61807226807517,264.51018341935605,0.11632338313486626,0.4651736210594215,1.665133595178835,10.011570648421424,100,100
ENSMUSG00000034459,0.08314210726476093,9.317082358017093,255.99533217505095,0.05775956643559767,0.10794188169385896,14.00923333151416,47.89191772089498,100,100
ENSMUSG00000034460,0.0730488674015364,0.9617494438388245,4.279182783978095,0.01461357516125916,0.17815074560841615,1.7719403810045224,22.852603520697798,100,100
ENSMUSG00000034462,1.1342040261200794,202.96963955419923,1262.3680515834137,0.8644644618683002,2.3755992760189555,2.9987693237063633,9.332912920440277,100,100
ENSMUSG00000034463,0.4617409860186344,40.12190676769824,227.10444083999963,0.3324000914615898,0.5536153238629941,4.233076965886344,8.633839808583343,100,100
ENSMUSG00000034467,1.8097731898307214,437.46334361701787,1.0,0.001,4.649061923234915,0.0012132401183613,0.10749068989173574,100,100
ENSMUSG00000034471,0.2608906000385672,23.943623533901217,29.343570464192375,0.001724664298173011,0.4456645581965353,0.6182435229111415,214.62925937703017,100,100
ENSMUSG00000034472,0.001,62.31581250733508,1.0,0.001,0.001,0.001582044133404627,0.5985076885919842,100,100
ENSMUSG00000034473,0.49004175262014965,0.6582392498501637,3.4454924164626655,0.09002155187145182,1.2056446532715772,1.247024335466407,45.51643059483838,100,100
ENSMUSG00000034480,0.08541839337362638,0.2754325478372123,2.3622649990794686,0.0021328679821791597,0.3964953069658168,1.3809094808297069,486.0958398964012,100,100
ENSMUSG00000034484,0.3163128333335549,0.2270680092098959,10.130369258352738,0.11853119938750846,1.4141910005278513,4.242392233186925,153.4074226523849,100,100
ENSMUSG00000034485,0.7380008905464451,6.337908153549663,16.60205642233723,0.027433412959058275,1.0067317746223012,1.8069740326009294,153.51716195250046,100,100
ENSMUSG00000034486,0.001,62.31581250733508,1.0,0.001,0.001,0.001886276141575858,0.10920536805208232,100,100
ENSMUSG00000034487,0.7571472048564531,1.212108841977292,3.124190012349984,0.12310897925053747,2.1144973608705664,0.6074159159931602,28.18617120951142,100,100
ENSMUSG00000034488,0.2300594968294364,0.603840813141462,6.01594928879926,0.08608091066528353,0.4151486150087594,4.72680737639859,31.561796170336244,100,100
ENSMUSG00000034501,0.8266445962966443,159.11323447744977,210.54384943198798,0.0865407516025023,1.0553032971121596,1.0951812721759016,25.888080392217116,100,100
ENSMUSG00000034509,0.039909655646724926,0.03209954414396954,2.405769498412928,0.0012187265746167802,0.8287401083448301,1.7103335605450625,2322.29977674272,100,100
ENSMUSG00000034518,0.2953688538173762,0.5670743332705158,2.38900167784488,0.0037015867682889864,1.033658475285573,0.743519482635032,642.2665713615414,100,100
ENSMUSG00000034520,0.08896411964316794,0.5312079130834366,3.565272368346692,0.026796408167962464,0.23349986795252814,2.03844825837955,27.85652889806832,100,100
ENSMUSG00000034522,0.08438007215260447,1.135020478916106,3.135849755794769,0.036602683907298185,0.25257360027583897,0.5639708633284779,6.044448230393179,100,100
ENSMUSG00000034525,0.7529679160304782,2.3253803328773652,4.285528201768853,0.2567486814846934,1.566923655833874,0.6726286449960398,7.836355150005534,100,100
ENSMUSG00000034528,0.001,62.31581250733508,1.0,0.001,0.001,0.0019762533145547432,0.0745444089691252,100,100
ENSMUSG00000034532,0.08975953365342057,18.74854963506725,6.19540101995768,0.0031322555941705214,28.04541671310955,0.0010466882779024086,1.4104088534503219,100,100
ENSMUSG00000034538,0.0785383989860175,18.057171319569793,12.284574100413339,0.001,5.73242700452992,0.0018733766812474141,55.479209262795635,100,100
ENSMUSG00000034543,0.05421844072849003,0.04056166348583145,1.8717301192721965,0.0013692281945306296,1.090772743603651,1.2307603242029987,1772.264497691956,100,100
ENSMUSG00000034544,0.9410200020446131,3.0620391757327146,10.849294576672541,0.22479134609687643,1.9192172240730907,1.4699811885527043,27.52041341067615,100,100
ENSMUSG00000034552,0.001,62.31581250733508,1.0,0.001,0.001,0.001887049636812005,0.3027546443591278,100,100
ENSMUSG00000034557,0.16662520026755684,0.2586016374539455,3.5271342685472193,0.005476387518256225,0.6113346801939074,2.5880519086562828,571.3166819730961,100,100
ENSMUSG00000034560,0.02743157432510003,0.02456647207937013,1.8449370361187318,0.0010373752169384387,0.884596073056956,1.2197821898045995,1799.1112239609474,100,100
ENSMUSG00000034563,0.7461385332715074,2.13175773573799,4.676179501455481,0.0010581143123045197,1.0345872721475702,1.4524422331229294,2498.7268569899334,100,100
ENSMUSG00000034566,5.03851787509331,15.166432591415976,143.22904033542812,3.5185774029940076,9.875255779883233,3.7196874311806196,17.065679183483585,100,100
ENSMUSG00000034570,0.001,62.31581250733508,1.0,0.001,0.001,0.0016178462751131558,0.17180537830720966,100,100
ENSMUSG00000034573,0.0540221040995472,0.12987540815607637,2.0001869099695604,0.001,0.4071525056634159,1.4158968753462944,823.5204678739618,100,100
ENSMUSG00000034574,0.2553674188519694,0.32999601431249237,3.3865474416107224,0.05536227807512782,0.6786737301757176,3.0823342634330775,56.10997976726914,100,100
ENSMUSG00000034575,0.14195183803495143,0.3019189784384193,4.348422245765985,0.03924052419405559,0.24295090018500504,7.463382434001071,56.20689322514629,100,100
ENSMUSG00000034584,0.001,62.31581250733508,1.0,0.001,0.001,0.0019432234312169664,0.5173554405757816,100,100
ENSMUSG00000034586,0.07250168273019607,4.623420132911143,14.824823618606167,0.03695144387883843,0.15500173768197367,0.7729906468297791,7.681233647203603,100,100
ENSMUSG00000034587,0.29263290753583715,17.580876502419024,2.908203557175417,0.04586248918704265,45.17233614075825,0.0010328815932468748,0.6121982869009868,100,100
ENSMUSG00000034591,0.5301452426244256,1.1155666310518866,6.087171388982778,0.2261334375770086,1.039396934885022,2.0142838845940494,17.72405029578538,100,100
ENSMUSG00000034593,1.3261325647276223,3.1593296175004335,6.615557442795957,0.12441225090675978,2.9147818782354453,0.7523187409903632,70.68068746102443,100,100
ENSMUSG00000034595,0.6158256547794957,0.6779361614569921,12.103258941945207,0.39544685905164423,1.933720068218948,3.154410755245241,33.114625242539915,100,100
ENSMUSG00000034601,0.24553248378927908,51.07550662389848,16.548607520199162,0.05980041848780586,46.711269299588025,0.0012725866984149297,1.3027316077554043,100,100
ENSMUSG00000034602,0.6211546793390142,0.7126267003588747,6.110889143946626,0.08567713926257697,1.4380491869955008,2.6518744249715898,129.62450057606534,100,100
ENSMUSG00000034610,0.08123669840379892,0.221872940035706,1.4846491210509118,0.001,0.6044202583711845,0.692927451370438,747.355536516739,100,100
ENSMUSG00000034612,0.7908677582312331,13.755371892086886,23.519022336066023,0.11239270596974951,1.0515428802625,1.1995396414334998,24.773604379796502,100,100
ENSMUSG00000034613,0.555732061628886,8.741487245419986,34.067069957211274,0.3678810293223257,0.793294520973985,2.446115394419288,7.345889688666384,100,100
ENSMUSG00000034614,0.32476590810466827,2.869219857384279,11.288431841941952,0.22277858659435298,0.5178344911174857,2.107476913015699,6.228401723818357,100,100
ENSMUSG00000034616,0.9139109742369946,1.9922015866512437,5.98205787332521,0.5503793378829146,1.782625828569205,1.0391121985021732,6.639185112890633,100,100
ENSMUSG00000034617,0.7716285167097418,1.7293873875053414,5.565464278325324,0.21164672895355158,1.913189021127108,0.9671103131660629,20.179613845451485,100,100
ENSMUSG00000034620,1.268374577373789,9.546481480101152,23.884020386684984,0.785300849307573,2.127098236702053,1.2599353488736857,5.122462119280691,100,100
ENSMUSG00000034621,0.2000475828622562,0.40871223427679626,3.0220586798973734,0.04775817863903938,0.7796332847530156,1.216665526766726,39.22522574948695,100,100
ENSMUSG00000034636,1.012354815053079,19.312149039989173,17.378192236465328,0.44007159351071057,1.6853778655590101,0.493054480923083,2.998104126734848,100,100
ENSMUSG00000034639,0.7135878706742949,32.401163592535184,15.012875424537675,0.10428005313088336,1.5071922031180842,0.21680808186614797,4.094128854848533,100,100
ENSMUSG00000034640,1.299289609960771,79.20755247641412,174.68336994794555,0.7717186987452416,1.6517121729640505,1.723461478118385,6.043152942465715,100,100
ENSMUSG00000034641,0.001,62.31581250733508,1.0,0.001,0.001,0.002113513519114414,0.49547171323841166,100,100
ENSMUSG00000034645,0.001,62.31581250733508,1.0,0.001,0.001,0.0019189448103268756,0.46181800453044974,100,100
ENSMUSG00000034647,0.7863357784786075,2.8643651632325366,10.032868581400596,0.2870363096606482,1.27797190193291,1.688710325486841,14.78383486002217,100,100
ENSMUSG00000034652,0.001,62.31581250733508,1.0,0.001,0.001,0.0015887882037333703,0.1258272080687287,100,100
ENSMUSG00000034653,0.09548598228977954,20.305140322705743,41.40678118385715,0.001,0.1540237466428036,1.2353642677813492,269.78272230894606,100,100
ENSMUSG00000034656,0.08037401498272913,17.207845639905905,18.017582925954432,0.001,0.49733048895513843,0.07574794510661548,121.78415805570882,100,100
ENSMUSG00000034659,2.027779494054371,120.53881701911062,330.49839765157685,1.1016335059363471,2.7613367894499046,1.9857915768647794,7.146372407872905,100,100
ENSMUSG00000034663,0.544669710943926,6.7404078581171785,7.379982063981275,0.0010949881080230086,1.2257218173157094,0.4353532001089626,919.8880321597263,100,100
ENSMUSG00000034664,0.05405137118183776,0.8808186948296844,2.2526081572712098,0.001,0.1820865509306202,0.05424222462917781,11.081981152976478,100,100
ENSMUSG00000034667,1.891551373303965,10.238637539451672,25.144717825318164,1.1951782735159455,3.5533184290231814,1.1571388425847724,5.17533730673429,100,100
ENSMUSG00000034673,0.12143807487518299,0.16450520856685788,3.9109175757459456,0.001,0.4035877052038249,5.092032750597628,3335.934534637442,100,100
ENSMUSG00000034674,0.14000616534732058,1.2956175796964158,3.640152919543768,0.001035518414676686,0.2529944848079705,1.4134527428399766,390.9935077008557,100,100
ENSMUSG00000034675,1.0885472323999332,5.233441266890028,31.893760098999206,0.7470284616616876,1.5313171541520527,3.7218451873214846,10.838397130843937,100,100
ENSMUSG00000034681,2.5143177506940697,21.99654710376354,46.78185992754867,1.5108409652473598,4.256826730211459,1.1406133718047964,4.412931015312916,100,100
ENSMUSG00000034684,0.07704797854468025,0.3723765677931227,2.743636795033559,0.0013554440479470503,0.2802190668298128,1.4850100121343683,489.3898556978746,100,100
ENSMUSG00000034685,0.07882503630981154,0.5529293502481042,3.0238422203528406,0.001,0.1700775745058064,2.916323649711126,755.4576224386465,100,100
ENSMUSG00000034686,0.030373189820093356,0.7318654004259078,1.930128432309083,0.001,1.939467619213886,0.0035514213936992754,69.1256318373734,100,100
ENSMUSG00000034687,0.001,61.674132606755,1.0,0.001,0.0010000000000000005,0.001715452719784199,0.2164246969820392,100,100
ENSMUSG00000034690,0.001,62.31581250733508,1.0,0.001,0.0010000000000000005,0.0017323967017712557,0.25028959096582526,100,100
ENSMUSG00000034706,0.001,53.54715547922945,1.0,0.001,0.0010000000000000009,0.0018903714185808606,0.45424035546101393,100,100
ENSMUSG00000034707,4.437584533157274,22.55428814748057,207.09016949789418,2.8843281518997577,7.606938411428342,4.61776043083831,18.019374606197225,100,100
ENSMUSG00000034708,4.194419623116794,54.90652230849505,503.623536994599,2.9282036148797252,7.805246956246274,4.677963600378059,17.884710313099596,100,100
ENSMUSG00000034709,0.368660723774985,1.297357424511277,5.4773169748689945,0.16648920200965306,0.628155510632086,2.0512442183173087,11.570071472817407,100,100
ENSMUSG00000034714,0.24745115616199126,0.4626157954413697,18.11100517879441,0.13017359661536876,0.6746484208857813,10.067694929691573,85.7288276234651,100,100
ENSMUSG00000034723,0.3160772397038251,13.514598436972676,12.747728337863283,0.11768657974254088,0.8480916025829572,0.30262273401621864,2.4028772161584593,100,100
ENSMUSG00000034724,0.0013735552595943252,0.004385415147544432,1.9728375862756053,0.001,0.24477950140284035,1.872508982193164,776.1458204302708,100,100
ENSMUSG00000034729,2.74807183280543,24.87925240726369,63.125820236038464,1.732151644510035,6.028581933690898,1.0426600708857965,6.23251395809897,100,100
ENSMUSG00000034731,0.2869565675878539,2.452817096090953,6.575385482882964,0.046449040070353234,0.4775238876138288,1.346302064390309,26.666238439108074,100,100
ENSMUSG00000034738,0.012996346849026801,19.679497784819365,31.04721654598949,0.001,11.095660342093716,0.0010828832393123462,36.06797789863029,100,100
ENSMUSG00000034739,0.001,61.88525872635182,1.0,0.001,0.001,0.0016322680837598945,0.08389483289743008,100,100
ENSMUSG00000034744,0.38398056688918736,0.7724706906966596,18.865518464373295,0.23201400711156578,0.7484401758926642,9.396367931290584,44.05525865229791,100,100
ENSMUSG00000034748,0.1775843991486792,0.14897451454212218,1.838872036196026,0.01060337119113456,1.1720697136220788,0.9382759798090846,304.0117881357302,100,100
ENSMUSG00000034751,0.3720367703620003,0.8196709335023157,4.452160368198989,0.053597223533655786,0.7307885073042356,1.8829179708184878,49.77693401931603,100,100
ENSMUSG00000034755,0.001,66.84427540036525,1.0,0.001,0.001,0.0016519277844360067,0.19529458612858427,100,100
ENSMUSG00000034757,1.1701955173843148,4.069838199020086,12.75420522877031,0.5044054759705295,1.897417678582827,1.5898141597956803,13.78928736894937,100,100
ENSMUSG00000034758,0.6959020062796797,25.31203684456956,24.226524404864637,0.04124200091060544,1.0971914517951022,0.6054573417143498,439.5539565899203,100,100
ENSMUSG00000034761,0.09584357134189149,0.15298161898481571,2.119868102002755,0.001,0.5699441119475134,1.462979350563474,1452.9349234135973,100,100
ENSMUSG00000034762,0.2731245745018963,2.0120733305084295,4.008674951080231,0.11551760074473352,0.560640382935992,0.7305492293729967,5.118736983259316,100,100
ENSMUSG00000034764,45.04884680295138,710.6003584315894,1.0,6.665837962975871,82.54444235196829,0.0010557098337686613,0.00889119886245611,100,100
ENSMUSG00000034765,0.13863711618726704,3.7408773981652077,11.859357425368302,0.07173995209442979,0.26931848217530346,1.3284726070996493,8.357809252368027,100,100
ENSMUSG00000034768,8.302936761401075,1000.0,1.0,0.001,15.547932378766752,0.0010036329854302157,0.08470534478204231,100,100
ENSMUSG00000034771,0.5483152437302453,9.075712362019061,13.027446221804258,0.001071231911810687,0.8021776050373359,0.8808223304730449,1081.6147803597967,100,100
ENSMUSG00000034773,0.09581820860405194,17.1469842463432,16.3671748484961,0.001,0.35233969009892496,0.14708955406774926,110.19840056853104,100,100
ENSMUSG00000034777,21.456184469076163,820.4903875761337,1.0025797222327002,1.3810336433535018,38.47661554194356,0.001,0.009383192606920616,100,100
ENSMUSG00000034780,0.004039788210616459,0.042266680560675354,1.0,0.001,0.24466230325573723,0.13874537532608094,142.81172791585362,100,100
ENSMUSG00000034781,0.8702227381435407,1.5779538760125176,8.23491103705722,0.422051657396166,5.442765716741838,0.5660266900113581,16.75431402460096,100,100
ENSMUSG00000034783,0.001,62.31581250733508,1.0,0.001,0.001,0.0018137365064062384,0.112576158951326,100,100
ENSMUSG00000034785,0.001,62.31581250733508,1.0,0.001,0.001,0.001539483115325414,0.10026816967928376,100,100
ENSMUSG00000034786,0.06345148960339772,1.2324202830922344,1.9617500679082005,0.01019401778037022,0.5897666926252012,0.10215856599326523,6.306734969847161,100,100
ENSMUSG00000034789,1.0683844393954818,1.3323767949890188,7.060486732080219,0.5593258973114263,2.8724224521496975,1.1184233927442189,14.396120677166746,100,100
ENSMUSG00000034792,0.001,66.84427540036525,1.0,0.001,0.0010000000000000005,0.0015183559455778312,0.6327788589436539,100,100
ENSMUSG00000034793,0.6289751254724137,2.1888554514890473,11.679431516758322,0.18242397859950726,1.1210857226267197,2.663605979378019,32.4617519800273,100,100
ENSMUSG00000034795,0.09288587237817005,2.6507456525937028,1.0,0.014123760334019565,25.935626735587732,0.0010000078008073601,1.694497836708146,100,100
ENSMUSG00000034796,0.001,62.31581250733508,1.0,0.001,0.001,0.0017200634513295245,0.4294677864651228,100,100
ENSMUSG00000034799,0.11166980578180921,28.207027082779764,31.781988649755448,0.001,0.41033885426627736,0.24065786471833844,180.18507321106392,100,100
ENSMUSG00000034800,0.10919979992933798,0.30155312660530476,1.0,0.0016669335938595893,0.9815369433598642,0.25974950169620303,265.4266344117417,100,100
ENSMUSG00000034801,0.30896649603947035,0.46010217834329825,1.0,0.07020433885191532,4.711884619597577,0.1004408977398231,12.17002676966258,100,100
ENSMUSG00000034807,2.6939152947166094,18.405355374402067,58.55929009483648,1.7397036015016467,7.174923245488882,1.0718545276116107,6.87588351561734,100,100
ENSMUSG00000034810,0.001,61.88525872635182,1.0,0.001,0.001,0.0015561469372960168,0.12293275004599627,100,100
ENSMUSG00000034813,0.06082663337092032,19.18193088336931,7.869376848852327,0.001,22.269691637318164,0.0010314527568869515,5.028400951921525,100,100
ENSMUSG00000034818,0.036074795530474935,15.911027291512726,49.19700451577869,0.0019672925279214048,0.1680977700696184,0.5227837440263274,73.28351211856338,100,100
ENSMUSG00000034820,0.8923094137641705,1.6076262610103096,5.242813894137525,0.4605495771038737,2.1565937568301825,0.9194409843823695,8.558967366977598,100,100
ENSMUSG00000034825,0.012634384577612913,9.337968355938102,38.121419844232285,0.001,23.71792274515397,0.001,8.88616275548619,100,100
ENSMUSG00000034826,0.3981225272743652,0.6360176125134653,6.276134893142379,0.17065557105774692,0.7101690394507405,3.9914973231766666,29.429587535434653,100,100
ENSMUSG00000034829,0.001,62.31581250733508,1.0,0.001,0.001,0.00198051753561403,0.1603980481238682,100,100
ENSMUSG00000034832,0.1923419835234549,1.433175255083483,4.770576147551222,0.06563720980430626,0.4141415644867166,1.36571067014982,9.955602258960496,100,100
ENSMUSG00000034837,1.4794348014843814,357.52131026778807,1.0,0.001,5.998323501273193,0.0011165514817994787,0.0999840850138885,100,100
ENSMUSG00000034839,0.17244198233910873,1.3654771999138664,1.854323871436673,0.026453994267283218,0.538874030443635,0.3351151568484967,11.051641672841619,100,100
ENSMUSG00000034842,0.08393720906719841,17.72404789870977,18.406286076785058,0.001,0.2708920891869596,0.13188635204066257,108.09065604495429,100,100
ENSMUSG00000034845,0.001,62.31581250733508,1.0,0.001,0.0010000000000000009,0.0021862820827476927,0.14483184088523968,100,100
ENSMUSG00000034848,0.0669211298011195,0.3316254034657712,2.6321318574248047,0.001,0.27296405450699823,1.2039219525654299,629.2274429676885,100,100
ENSMUSG00000034850,5.356779926563607,159.2554769335971,159.4710252617259,2.456479309035515,8.895165246699955,0.5765131758296496,4.049738495216705,100,100
ENSMUSG00000034853,0.15269080708021013,1.9229493861629359,4.39297611113036,0.042412836412982935,0.3358876562791051,0.8726754567115274,8.056743895524322,100,100
ENSMUSG00000034854,0.22676491181216155,0.4380306421231768,1.9668289057560564,0.010107427429218411,0.8999654917017027,0.7479535836765796,553.895183006041,100,100
ENSMUSG00000034855,0.005083681261173045,17.21029776943627,68.71762538558507,0.001,6.2616443459284055,0.0010323640072136596,22.8143034944674,100,100
ENSMUSG00000034858,0.39285953031317616,0.7659252492516306,3.340782760264326,0.20852585940153207,0.8559508090379044,1.536174073960694,9.406051763768003,100,100
ENSMUSG00000034863,13.049583705232207,999.9689671515354,1.0,0.001,17.00870253317703,0.001,0.025226185369459378,100,100
ENSMUSG00000034867,0.5014415768443601,0.3344119187374091,3.856534676680275,0.22383209891368017,2.20006629216932,1.2212182688874262,32.28806794864593,100,100
ENSMUSG00000034868,1.060550965494145,58.698739124812356,194.44580746875758,0.6688905804638272,1.4751820994141795,2.4326798651500505,7.085895128413959,100,100
ENSMUSG00000034871,0.001,62.31581250733508,1.0,0.001,0.001,0.001576940380312826,0.1249171027024169,100,100
ENSMUSG00000034875,1.0076016039433846,10.784658051677312,11.951582178828547,0.34221310648619363,1.671246700766686,0.616432815329387,5.225040652889824,100,100
ENSMUSG00000034880,1.953056035344595,4.015847190491556,17.042707985730694,1.2723171143031466,4.3875344558151905,1.2930790042510905,9.313314293626512,100,100
ENSMUSG00000034881,0.12074042005747349,28.25432923463963,1.0,0.001,6.204492124017914,0.0011381515706424677,0.22692767206414088,100,100
ENSMUSG00000034883,0.004020315117731919,0.7067740938684897,7.706687267920605,0.001,2.6453522484940897,0.0017911946573841656,55.558885597715,100,100
ENSMUSG00000034889,0.023819952584151385,0.029955771186759628,3.610799664580076,0.001,0.3499154574250031,7.004536065397202,3561.1769993714825,100,100
ENSMUSG00000034891,0.001,62.31581250733508,1.0,0.001,0.0010000000000000005,0.0015752507264890942,0.32932819183734785,100,100
ENSMUSG00000034892,0.16175416712737026,0.3737539646077556,339.4108075633922,0.001,0.001,0.016938669839279615,1.9409755695134114,100,100
ENSMUSG00000034893,1.9851889992932343,487.9967458469899,391.2419139595288,0.7895353868414989,3.755830405320626,0.4335011956656775,4.519828429110834,100,100
ENSMUSG00000034902,0.4452524097861284,1.1969406463724148,10.084377349014881,0.2309165248912813,0.7542471156366009,3.8954827180072567,23.376956577802552,100,100
ENSMUSG00000034903,1.5038550693905657,328.16475700667814,322.92335180427335,0.61249630219446,2.178134919622401,0.6629306080212516,4.469450498938551,100,100
ENSMUSG00000034906,0.06180184346774264,11.432711626778014,45.89229021301563,0.006984638935874213,0.13912084870550984,1.3047805079764974,30.4278634246921,100,100
ENSMUSG00000034908,3.0649960127544342,38.53224693203586,59.3259491212527,0.9088405688647049,6.431404260095271,0.6989475905745409,14.657857918732319,100,100
ENSMUSG00000034910,0.11526808528855599,29.321767997349962,29.555322819800054,0.013363904070399293,0.3852352771254469,0.18342424284851883,5.781166185558847,100,100
ENSMUSG00000034911,0.001,61.674132606755,1.0,0.001,0.0010000000000000009,0.0017620466561682766,0.18654650520731297,100,100
ENSMUSG00000034912,4.9768322155255005,596.7220861447431,1.0,0.001,16.69798078313388,0.001,0.05574418089317622,100,100
ENSMUSG00000034917,0.001,62.31581250733508,1.0,0.001,0.001,0.0016785166812892042,0.18811720949206248,100,100
ENSMUSG00000034918,0.001,62.31581250733508,1.0,0.001,0.001,0.0017634327185105654,0.3105694668730607,100,100
ENSMUSG00000034919,0.001,62.31581250733508,1.0,0.001,0.001,0.0017648180085264307,0.33728651210563676,100,100
ENSMUSG00000034926,1.3485350070007696,120.23952697135834,373.52129065348043,0.774172379261448,1.631308636287815,2.606374624128306,7.392784861182813,100,100
ENSMUSG00000034928,1.366091366425143,4.77214398039665,20.0660166230722,0.8114525214578916,2.9067167108280216,1.7265353402789714,11.779411396534776,100,100
ENSMUSG00000034930,0.5902604192358313,267.6825153917164,403.42304944239356,0.25230992026831445,1.2072166543424188,0.741818444661621,5.86917259245314,100,100
ENSMUSG00000034931,1.640161825951449,3.6338136997839126,6.4306868397336805,0.48774391854786686,3.5529046273412006,0.5869497171362852,11.073501193654986,100,100
ENSMUSG00000034932,1.4614999392637937,3.21113586506913,37.36207556077715,1.0433437783845156,4.845423495328276,2.851151663111396,17.577777702344147,100,100
ENSMUSG00000034936,0.07152528082031882,0.5671880150985493,5.52773688301853,0.03556890001665078,0.16314232505729664,3.6040880919487464,20.441832507919976,100,100
ENSMUSG00000034940,0.29084116311554437,0.7141213770290302,2.9762902822981343,0.08979918889665195,0.699298288101601,1.267838523611176,14.103031583147734,100,100
ENSMUSG00000034947,0.21962628382409102,0.4138535680472652,2.556722495877901,0.0010165652759801438,0.7348522605113499,1.1727521217803334,1511.4392972242754,100,100
ENSMUSG00000034949,0.0494482908895496,19.42512419053283,13.661785976233212,0.001,7.289043049405112,0.001686550710965123,56.03159679620674,100,100
ENSMUSG00000034951,1.0452120101807538,4.531307862427562,7.185665781022599,0.021516322509635664,1.8922395678842978,0.7762202212994401,212.3807795105576,100,100
ENSMUSG00000034957,0.10960783096588521,64.64819133615968,95.51492372592567,0.005995196163789189,0.33206745559947126,0.22508510911376625,4.4337554428965085,100,100
ENSMUSG00000034958,0.001,62.31581250733508,1.0,0.001,0.0010000000000000009,0.0017563808540105605,0.24741303921139943,100,100
ENSMUSG00000034959,0.1002686770178836,4.532454683304408,3.80154096457945,0.01609710886967208,1.0290452031568686,0.024778622236319887,4.20055326039548,100,100
ENSMUSG00000034968,1.2533786718794209,285.29892099394704,1.0,0.001,10.263325751359794,0.00107262871406934,0.08339806454332936,100,100
ENSMUSG00000034973,0.34631163435365786,9.063652708760722,15.273675761715307,0.19266242537225078,0.7589896832330558,0.6438121656089025,2.891702893889934,100,100
ENSMUSG00000034974,13.13307662359375,587.8621975122369,1.0,0.07321456178666531,26.9417706459071,0.001,0.008951960931591028,100,100
ENSMUSG00000034981,0.39447649405619944,30.362184926117965,260.3492479459615,0.29606510136349473,0.49589792640633656,6.312620448726146,12.237936362324557,100,100
ENSMUSG00000034990,0.001,62.31581250733508,1.0,0.001,0.0010000000000000005,0.0015720834865660513,0.09973149169667087,100,100
ENSMUSG00000034993,2.5036502277442203,2.8276618006948797,35.087708755755514,1.8030395563243595,6.335899048992006,2.6178316900170167,21.130078193644067,100,100
ENSMUSG00000034994,3.9392380655175327,7.71754446607702,351.24407296889643,0.001,5.5347847895656646,0.113999481158326,19.219459010176642,100,100
ENSMUSG00000034997,0.06643466272971602,0.5547759251217484,3.2233460555219615,0.001,0.194281807365912,1.7499852795080708,325.8592079169274,100,100
ENSMUSG00000034998,0.6882202481024683,43.651795055243795,30.869720813351062,0.0010609179330040846,1.138908549913739,0.43167702645675565,881.8736258943118,100,100
ENSMUSG00000035000,0.001,60.188376913276144,1.0,0.001,0.001,0.0018047865598752905,0.11052927386403667,100,100
ENSMUSG00000035004,0.001,61.88525872635182,1.0,0.001,0.0010000000000000005,0.001677729344890798,0.14566871830684947,100,100
ENSMUSG00000035007,0.6958082520779053,3.583584889572295,3.2106620966586092,0.0010253488031810513,1.3822017928722041,0.44785735766380436,990.2339439475305,100,100
ENSMUSG00000035011,1.227031866094418,3.5020280673694613,16.77668776246809,0.8230281582318877,2.4305098323190526,1.8792662023923237,9.775890558327701,100,100
ENSMUSG00000035020,0.05666638457140521,1.55132728366418,4.49115918635789,0.019548350223121187,0.1755543208884658,0.6222669756215664,9.662077236431722,100,100
ENSMUSG00000035021,0.06017292425796179,0.10512937580004031,2.508385098786524,0.001,0.4590158720215184,2.1009312015930464,1457.1032959792276,100,100
ENSMUSG00000035024,0.001,42.16673291829749,1.0,0.001,0.005539753200685749,0.002402882617152882,135.96228317926514,100,100
ENSMUSG00000035027,2.0008071948258097,3.4911966545336717,16.02892204821306,1.018971977281492,4.066861523927491,1.4105536943675436,14.355755062579059,100,100
ENSMUSG00000035031,0.001,62.31581250733508,1.0,0.001,0.001,0.0018112876380899851,0.16882690947697837,100,100
ENSMUSG00000035032,0.4282965282830732,103.14966607220127,1.0,0.001,5.764825490607995,0.0012133762951854177,0.06330868649403924,100,100
ENSMUSG00000035033,0.001,66.84427540036525,1.0,0.001,0.001,0.0016355183973808386,0.2011860676475411,100,100
ENSMUSG00000035041,0.001,61.259704531272526,1.0,0.001,0.0010000000000000009,0.001750493931818579,0.1216098968569152,100,100
ENSMUSG00000035042,0.001,60.60768216058454,1.0,0.001,0.001,0.0019272562690075233,0.06554876800681309,100,100
ENSMUSG00000035045,0.21038656139671616,32.228338944024046,15.475375203798786,0.007447805072041543,1.6075957656562574,0.06695908824361559,18.77128711637949,100,100
ENSMUSG00000035047,1.0454322387972312,3.7085416479593953,8.447972787079474,0.4878223105143542,1.7657969014861914,1.062219752818733,7.767344243024029,100,100
ENSMUSG00000035049,0.2019757392862516,0.22255362918167948,1.8470665295029796,0.008630475396089276,0.995047304868879,0.9120225058778573,292.1081584406048,100,100
ENSMUSG00000035051,0.4156643714805061,1.254228668661576,5.319617815938358,0.12939064741479372,0.8466775776937607,1.7033814791366135,20.07987306194815,100,100
ENSMUSG00000035062,0.3713538655632059,2.160206282107774,2.1597055964913805,0.11992019744208146,1.4244589914605024,0.2397113194697253,3.742842927946077,100,100
ENSMUSG00000035064,1.4675905200833919,8.347745337169107,22.960071580008186,0.9472514304852835,2.4202934218857353,1.4328831747372126,6.049317391687641,100,100
ENSMUSG00000035067,0.1218658027075003,0.39140013864688616,1.0972212036572015,0.040050315749695,0.7791396669649053,0.300429605675108,15.88392189611033,100,100
ENSMUSG00000035069,0.29121151990510274,0.5629824488034592,3.0570844435281725,0.11496663468648499,0.7405137157139299,1.5811382243805274,16.637340910853,100,100
ENSMUSG00000035078,0.8989778179747899,1.813612007596809,2.9917450011142295,0.1928805160236266,2.324413507172089,0.47731089862787024,14.286097598466927,100,100
ENSMUSG00000035085,4.131519129298434,1000.0,1.000247281024765,0.001,9.142632736015308,0.0010001943420407955,0.0799237906516945,100,100
ENSMUSG00000035086,0.5451145757249827,0.6433952053358553,9.878251889109066,0.19871346766721126,1.8107872004159287,2.873819699684937,69.72705126734463,100,100
ENSMUSG00000035093,0.2848213444587678,0.6376167323680625,8.451827309998592,0.1611648067183381,0.49772623550605366,6.121109760649501,27.85413898975016,100,100
ENSMUSG00000035095,0.12140516296988876,1.3059549998647113,9.04729631841075,0.0673667472994223,0.18762197487892057,3.546845673687265,13.40495185756926,100,100
ENSMUSG00000035104,0.2690025199611801,1.2044236175885235,4.919507773733058,0.0015628861004397432,0.4326404763292159,2.116536216548311,1005.9771984633909,100,100
ENSMUSG00000035105,0.1916179844683936,6.405951412173483,10.715983880898792,0.03702334851292647,0.35179136780540415,0.7464231797930305,11.951849751456134,100,100
ENSMUSG00000035107,1.8577229631859593,29.30079422140246,223.49456272010158,1.2912592540503218,2.9989029345202614,4.525070383944303,13.843330079570325,100,100
ENSMUSG00000035109,0.10268907130323285,31.15506748560159,35.351435081301865,0.001,0.26111246542767097,0.35866092848779907,133.48009626950082,100,100
ENSMUSG00000035112,0.035393082286005226,20.00092598163266,17.3137791755391,0.001,7.1763854326581225,0.0016437243370442363,56.7783277989742,100,100
ENSMUSG00000035121,0.04017991776131275,20.039987398658656,10.572603675148398,0.001,23.350976968655615,0.0010036401511184837,15.255198260482567,100,100
ENSMUSG00000035125,0.16969049329507327,0.48579212287684526,2.8288423905790454,0.009562386028418718,0.5458827780443707,1.3087807040461712,149.64131424115936,100,100
ENSMUSG00000035126,0.30759043515785356,2.114331371622895,4.826587342542414,0.10698570715385827,0.6567538599720742,0.9903042930421797,7.732481922668401,100,100
ENSMUSG00000035129,0.0273438594461912,17.82197112766996,12.957456594594094,0.001,15.159122370298372,0.0010000000000451909,20.782772768061974,100,100
ENSMUSG00000035131,0.001,61.024058264401226,1.0,0.001,0.001,0.0015600613964171079,0.8442211407553335,100,100
ENSMUSG00000035133,0.2650301529036597,0.5754674478717365,3.4122832147971764,0.04704104838054861,0.6087085532143627,1.7553890069351339,36.1938990936022,100,100
ENSMUSG00000035139,0.2862557455022259,0.21792565531275232,2.7691592176169277,0.0030044363153377486,2.1715021924975297,0.8151542841170936,1719.364076530403,100,100
ENSMUSG00000035142,0.3981654204239307,1.6456183459732117,2.9580486633347403,0.14070092885420699,1.022358599679825,0.5082119003469658,5.473473037515042,100,100
ENSMUSG00000035150,0.07390506825447983,0.030870318464909143,21.30127464358078,0.001,4.739963757739565,0.9082813034499326,23582.80524625772,100,100
ENSMUSG00000035151,0.21589693449810862,0.8915243359736914,1.7168223956233906,0.019695638427626495,0.7505648795064819,0.4504816703989759,189.44729229476724,100,100
ENSMUSG00000035152,1.994577387890474,11.678638044631846,24.59220839279493,1.1434984487020146,3.0902524064252432,1.1647218363372183,4.921203598306246,100,100
ENSMUSG00000035158,0.775156651008603,64.01953472718336,259.11527370639755,0.3928883770457548,0.9919736351663839,2.8946247108105956,11.432212162975599,100,100
ENSMUSG00000035161,0.3868688882966785,18.085580902285827,23.153217659012064,0.001,0.49812010989685457,0.9205763919614276,969.7348173627807,100,100
ENSMUSG00000035164,0.2247423911894403,17.730445389551797,3.4431432502286854,0.008295346348080802,37.75266322297355,0.0010796708241548078,0.8894016431172429,100,100
ENSMUSG00000035165,1.77889767106868,435.05565630393556,1.0337441480290168,0.001,8.052866869734116,0.0010005305194920576,0.10816549658371682,100,100
ENSMUSG00000035168,0.2902960283070471,0.2803723006238572,2.943650451082263,0.02659149468770316,1.047199257463135,1.5716395603746236,154.330255138744,100,100
ENSMUSG00000035171,1.5477557022798567,76.26708144881394,109.4139554738266,0.6003745571545458,2.062401301665959,1.0339246092476506,6.2656484052212615,100,100
ENSMUSG00000035172,0.10624387759115582,1.165887590977491,1.3998432154738347,0.03747743229743046,0.42047933167328244,0.06118218352431849,3.6761332398651616,100,100
ENSMUSG00000035173,1.103008273126519,3.8569967649055727,3.9083915506706037,0.005149176997762127,2.531705700932835,0.34033829871115473,512.4703866884136,100,100
ENSMUSG00000035179,5.99929285385708,496.45662119343416,1.0554853308371377,0.001,21.103601978160548,0.001000000000001675,0.009232885605633538,100,100
ENSMUSG00000035181,1.8377404597404072,4.581574965749955,8.421521278292019,0.8750268235926271,3.5291501822178533,0.6590586004764662,6.512024366482883,100,100
ENSMUSG00000035183,0.0862209205972656,18.57843866799836,9.31799163735623,0.005613373752794613,30.035604274884385,0.0010000000000107228,6.130157987890867,100,100
ENSMUSG00000035184,0.09464281450844644,22.335538408265396,46.55912930115596,0.001,0.14484374931813343,1.1200903307826149,232.10675777081758,100,100
ENSMUSG00000035187,0.001,66.84427540036525,1.0,0.001,0.0010000000000000005,0.0017285036451947248,0.31315202520003815,100,100
ENSMUSG00000035191,0.001,62.31581250733508,1.0,0.001,0.001,0.0019388066159501452,0.8073957991255278,100,100
ENSMUSG00000035198,1.7516795933180018,321.96371913327926,715.6497649071848,1.1921385550441088,2.3932373474736126,1.711112209451752,3.445671461265328,100,100
ENSMUSG00000035199,4.024277772597272,63.08882772326874,262.27080281019,3.21360597883006,8.046077109393813,2.010240473474609,5.880580871649987,100,100
ENSMUSG00000035200,0.001,62.31581250733508,1.0,0.001,0.001,0.0016212186936013467,0.15388198857778168,100,100
ENSMUSG00000035202,0.10198588448757365,0.45469299776833794,4.2242121950666,0.032416042710973786,0.272466398573013,2.822877394225222,32.48414058368607,100,100
ENSMUSG00000035203,0.13554450780197108,0.1216051112049729,6.403800800085855,0.060609617243352246,0.8781279082380367,4.605058068025073,126.58485625803954,100,100
ENSMUSG00000035206,0.23804045109413827,0.3291751541670989,4.082433950001338,0.0023193692038350477,0.6104442820694922,3.851294550024189,1670.5053064423423,100,100
ENSMUSG00000035208,0.001,62.31581250733508,1.0,0.001,0.001,0.0018989448721087833,0.15889311377798138,100,100
ENSMUSG00000035211,0.001,60.80878088638715,1.0,0.001,0.0010000000000000005,0.0017810613018006782,0.23524268768863124,100,100
ENSMUSG00000035212,3.0192549473510546,7.592282004459469,41.08327264591245,2.0398361879519555,6.647278876121662,1.8133827213124332,11.615037608337062,100,100
ENSMUSG00000035215,0.17292041000096003,0.2892752506709386,24.083019645605024,0.09956591260178979,0.35873774579543244,28.639548510607383,163.376951945695,100,100
ENSMUSG00000035226,0.001,66.84427540036525,1.0,0.001,0.001,0.0015255621511800553,0.135182149985205,100,100
ENSMUSG00000035227,3.3618551629439937,21.04603971668114,178.0493739344696,2.4812974395235843,5.560987004207711,4.360246400357514,14.124652933780931,100,100
ENSMUSG00000035228,7.962434059426126,623.2208323464118,1.0,0.001,30.492173705950563,0.001,0.010235016649455322,100,100
ENSMUSG00000035232,0.27038234114113824,1.472287688883884,5.109374609316143,0.06604898242480209,0.46212260472515776,1.743710979237286,23.986396431692796,100,100
ENSMUSG00000035234,0.4307980712975336,2.0049638590347016,2.402921419928366,0.016428239383032364,1.57357599255162,0.23384089056709703,241.98657341161504,100,100
ENSMUSG00000035235,0.3785645178381941,1.6138334672679993,5.148191814987737,0.17299882823163068,0.6747285729347567,1.4101928477783015,7.981132355118351,100,100
ENSMUSG00000035236,0.04347751302280497,10.792143270091625,21.91109201977198,0.001,4.457303537353448,0.0021636546384919205,125.08901361726282,100,100
ENSMUSG00000035237,0.001,51.77075265965233,1.0,0.001,0.001,0.002182490784114336,0.40771406524454745,100,100
ENSMUSG00000035238,0.001,62.31581250733508,1.0,0.001,0.001,0.0016483056269074672,0.28593610340162934,100,100
ENSMUSG00000035239,0.2820990623304261,32.78721755428355,12.589894180295442,0.03412268264149737,18.37738037147844,0.0026345816482355004,2.046572811750834,100,100
ENSMUSG00000035242,0.10473319557705074,0.5036285530134684,157.49026020677042,0.001,0.15448761598750588,0.004897753705373218,378.0269713503248,100,100
ENSMUSG00000035245,1.4952654382426827,21.852852759655438,55.899176979466475,1.0332171045440703,3.0447109898237903,1.209082542770184,4.632297785561067,100,100
ENSMUSG00000035246,0.010990830788219242,11.4796358970406,54.07845092818552,0.001,2.5797877396708433,0.001614656125572232,94.68104582198717,100,100
ENSMUSG00000035247,0.9327922965884695,1.9253458627831885,8.72073729839011,0.6126494590453062,1.9074714914488193,1.4970215781074332,8.894733683141695,100,100
ENSMUSG00000035248,1.3166662964772975,5.752802618072416,12.259294045074478,0.3041335647626633,2.0541103596387655,1.1500026480549908,18.9170137478922,100,100
ENSMUSG00000035258,0.8333489721898226,25.276572807733768,1649.489958810344,0.6243048611165707,4.4984128367909895,30.55326744991752,109.33076614527369,100,100
ENSMUSG00000035266,0.12201315448685394,1.4644050364371615,1.5109410969913826,0.043793012451524525,1.0981886761260373,0.06979374490248413,2.709272303649978,100,100
ENSMUSG00000035268,2.4538341053783914,309.1557582010079,259.27744325151906,0.4703653625861741,4.269700184687601,0.4669977731384919,16.658105729556276,100,100
ENSMUSG00000035270,0.001,60.37820284006485,1.0,0.001,0.0010000000000000009,0.001873130343806935,0.1665295022906529,100,100
ENSMUSG00000035273,0.17389697647909672,31.364004686477003,26.86823175863167,0.0028493212731294407,0.6860478346311243,0.07534619625276301,17.356032909240042,100,100
ENSMUSG00000035274,0.38878587783147234,0.7986555460033704,2.876669272699695,0.12951474232516058,0.9310275582846917,0.9967773132916409,16.164509014334453,100,100
ENSMUSG00000035275,0.01019488341768443,20.258475903473904,49.753063980319524,0.001,2.000923346823358,0.0022537402752141516,43.39505548731619,100,100
ENSMUSG00000035278,2.054447607412563,78.64525940495203,253.03209329403947,0.6172116529623534,5.232521941206414,1.2014190094274315,30.21735279214733,100,100
ENSMUSG00000035279,1.2166239338138267,3.410210464707547,10.22470257771584,0.6892182045542317,3.978516749014699,0.7691202652750497,7.0978089489251035,100,100
ENSMUSG00000035284,0.22832887556312623,0.2563288576085897,2.0017686193658126,0.0017326201391915739,1.0959690314006523,0.9974966826997452,1365.8448086829849,100,100
ENSMUSG00000035285,0.5248884514525785,30.082264845892617,23.922516734762922,0.001,0.7725941756646795,0.5472245144148884,951.3777858713763,100,100
ENSMUSG00000035293,0.08073961997018159,0.37863679035511666,1.0,0.05499950932718357,1.0472468983602938,0.1589879566161209,3.9318648415241126,100,100
ENSMUSG00000035295,0.024085010846154394,19.609059621590568,14.264248880311495,0.001,7.344885360745915,0.0012478062355208096,15.14490665633579,100,100
ENSMUSG00000035296,0.001,62.31581250733508,1.0,0.001,0.0010000000000000002,0.0016885544642238459,0.1646240247094588,100,100
ENSMUSG00000035297,0.9139636167720983,1.4951477603046759,14.467397262652701,0.5986884433182024,1.654511484753896,3.2222757126233246,17.3658437422444,100,100
ENSMUSG00000035298,0.060348270966593294,19.567662515193895,8.024123944814468,0.001,18.85847155228783,0.0010810882175820015,1.6364312056991677,100,100
ENSMUSG00000035299,0.5085487043953958,12.732268535664458,54.5972319642165,0.2674951644762673,0.6396019703088809,3.34208509116617,11.70574731665403,100,100
ENSMUSG00000035305,0.9173145190746903,17.01718865765778,1.2872786259740288,0.16328019426060839,53.65972830072228,0.0010832074175892684,0.41170536099719485,100,100
ENSMUSG00000035310,0.13965326707185025,23.826096758017755,22.779792104785923,0.04619047930656152,0.5459108464861948,0.09317748098432489,2.3745817000402636,100,100
ENSMUSG00000035311,1.3042427413125557,23.83326188439946,34.55588458756835,0.296146303536751,1.6691262982284671,1.1091990739423676,12.417353431105372,100,100
ENSMUSG00000035314,0.23569184352254333,0.8234550416015535,3.4040705665083655,0.016311057869033918,0.5528012851442953,1.3105032307066509,343.1998125447567,100,100
ENSMUSG00000035325,4.533084882577221,49.36534288622216,112.43974247517274,2.20801468956841,7.22152446673398,1.348759117739076,8.604514116896246,100,100
ENSMUSG00000035329,0.09436725236453616,0.9147733341372553,1.6497805117042117,0.001,0.3748701788191592,0.4773696412906745,239.86502151543726,100,100
ENSMUSG00000035337,0.26532069193323177,32.18434551069373,16.009350203411543,0.0020129657192188887,1.2219343668980231,0.06995134481678716,27.848542781776906,100,100
ENSMUSG00000035342,0.3690190798389582,0.774013200179751,12.3423665847199,0.08970177655926162,0.5242337777903746,8.82910795080943,105.9024403244721,100,100
ENSMUSG00000035351,0.6521714515668618,317.2735376819228,394.0913826268889,0.0013128132280065038,1.0176703748314182,0.7665557557128968,1230.87381391919,100,100
ENSMUSG00000035352,6.500559893886237,779.5363929248887,1.0,0.001,16.73574784268336,0.0010000697091433358,0.018034494889342452,100,100
ENSMUSG00000035354,0.5862247432598446,1.3457043140541474,3.921907880298125,0.16999215862320682,1.654332602003693,0.7095947047728026,16.246203018179877,100,100
ENSMUSG00000035355,0.001,66.84427540036525,1.0,0.001,0.001,0.001937639592838957,0.11341102737708483,100,100
ENSMUSG00000035356,0.6963442279012888,78.17608487961898,327.5688646928849,0.5229195505809989,0.8651573378430243,3.030576815210993,6.500032993473087,100,100
ENSMUSG00000035357,0.3443484016734323,3.8904515076201505,12.867904155475005,0.16241640154580889,0.5209581349054226,1.8595628753432512,9.183668200630729,100,100
ENSMUSG00000035364,0.010855139706765353,19.57209525111856,22.348762077302627,0.001,6.965108322007607,0.001140601685714562,12.92261942226601,100,100
ENSMUSG00000035365,0.13139512324369243,18.14636018277741,6.920932465939213,0.017055528314030594,31.678095787090328,0.0012258542726502107,1.91509955791494,100,100
ENSMUSG00000035367,0.4092417257396419,4.782349578963906,17.52137969778528,0.001,0.6015282435572291,2.3042729735666176,2001.6427042142486,100,100
ENSMUSG00000035370,0.03357892840451201,20.829515942443635,18.05027518444487,0.001,12.642260448890823,0.001001462495860729,39.0433775137016,100,100
ENSMUSG00000035372,2.1434983124726434,6.666244876414678,25.851766170217857,1.1705321264935251,4.2310355611179,1.4970935567925352,10.319870073329378,100,100
ENSMUSG00000035373,0.6864166969820399,1.9815969954015769,657.8787527299081,0.5315154548976966,1.0056802958919748,167.58367945406445,430.62249422593106,100,100
ENSMUSG00000035376,0.001,0.022726571863838186,6.034649615620906,0.001,0.02460398596302915,0.018287874613477827,550.5341967004765,100,100
ENSMUSG00000035378,0.6946591190873201,2.0407612221061013,3.2570554723738163,0.10605598206138381,1.8697198407440618,0.4739511455084612,24.377296975851905,100,100
ENSMUSG00000035382,1.6852342892479133,5.640327390193281,13.09429869927262,0.8195114854885281,3.7162146252425226,0.859516154173924,6.947107247297652,100,100
ENSMUSG00000035383,0.001,62.31581250733508,1.0,0.001,0.001,0.001438124926962033,0.19924983222228537,100,100
ENSMUSG00000035385,0.5361667378822127,1.5447956876254825,473.76654734025146,0.4381735739327614,0.8148155662682235,155.10878825480347,380.9953645517141,100,100
ENSMUSG00000035390,0.02811005812196476,15.942952313704946,38.16597844989474,0.001,0.0968591463142767,0.08235303861680922,101.90998061041421,100,100
ENSMUSG00000035392,0.06556695031256962,0.4070479764517338,2.217879882793045,0.001,0.35816200346933796,0.84278244242858,372.4700135865842,100,100
ENSMUSG00000035394,0.001,66.84427540036525,1.0,0.001,0.0010000000000000005,0.0016351799513072847,0.31684372722427373,100,100
ENSMUSG00000035397,0.3166724898809278,1.4776396415751953,7.8225363980704445,0.13295737252537032,0.5043368454644586,2.8263580804726094,14.172897091987164,100,100
ENSMUSG00000035399,0.46553990265393963,0.3326766476504958,5.219914311514547,0.04183926465639559,3.1934726518914562,1.0497733502417352,292.88919438234063,100,100
ENSMUSG00000035401,0.7575158912982733,42.37628119509176,109.99253158073871,0.22630023385368292,0.8755332755725097,2.22835014799949,17.162834392274608,100,100
ENSMUSG00000035407,0.001,62.31581250733508,1.0,0.001,0.001,0.0017333340535766154,0.3599264122504028,100,100
ENSMUSG00000035413,1.515992681333311,317.89216572246295,864.3425070345119,1.2035085421919187,5.3838976141633035,0.7559879892592964,4.396074176633208,100,100
ENSMUSG00000035429,0.001,62.31581250733508,1.0,0.001,0.001,0.0020883729715553915,0.20015870675487754,100,100
ENSMUSG00000035435,0.001,62.31581250733508,1.0,0.001,0.001,0.001574349784992358,0.06163605051332443,100,100
ENSMUSG00000035437,0.8279733697562695,2.970807750214126,11.514324456984342,0.3335276243571961,1.3108197665561532,1.8434246639275123,15.125861270194761,100,100
ENSMUSG00000035439,0.4393697177053222,60.39757881458346,104.46105362639585,0.21102932893182963,0.6423789157305297,1.1793223144137917,4.360635150594623,100,100
ENSMUSG00000035441,0.03744622193389585,0.09962087458323773,2.9587057261653413,0.001,0.28902002579440894,2.478042269861909,1240.6780735493396,100,100
ENSMUSG00000035443,1.3224443722752544,4.149089009004503,21.668651123207916,0.914964093270114,2.288324960154549,2.301947150423109,8.939781102425325,100,100
ENSMUSG00000035451,0.001,62.31581250733508,1.0,0.001,0.0010000000000000005,0.0015906616860292195,0.6396354045023349,100,100
ENSMUSG00000035455,0.07321630645960811,10.042229893480354,18.47823728686354,0.035205209683790636,0.2922450356097662,0.2147850650006703,4.1887519100004456,100,100
ENSMUSG00000035456,2.116776148182666,503.28256391819485,1.0,0.001,6.405786053530767,0.00119295648602193,0.222168194103871,100,100
ENSMUSG00000035458,0.001,60.188376913276144,1.0,0.001,0.001,0.0015685532721937683,0.1142112740125624,100,100
ENSMUSG00000035459,0.001,62.31581250733508,1.0,0.001,0.0010000000000000009,0.0020688358622490497,0.1469382982893525,100,100
ENSMUSG00000035469,0.09569104923396603,0.08900454640020146,2.05112666175192,0.001478993322336659,0.8584583322424769,1.5471664727346823,1851.558059703862,100,100
ENSMUSG00000035472,0.11928872452066995,26.450505038690164,35.65596822052541,0.001,0.23469782595034655,0.6322612858688961,233.79492950997627,100,100
ENSMUSG00000035473,0.46946120979892336,1.9174097872443157,4.433920795634955,0.2168140800209719,0.8906658675921666,0.987961063124905,5.8002848672510625,100,100
ENSMUSG00000035476,0.03217529392114018,0.08456389854024107,1.3647357039973205,0.001,0.550995493751765,0.7365558216897817,616.1600977996316,100,100
ENSMUSG00000035478,1.971453813749499,3.605690782475042,24.625487678721353,1.431696555991413,4.230942324361955,2.089221995622107,11.682371700271775,100,100
ENSMUSG00000035486,0.010774952685367947,19.89183554739557,22.685697884490175,0.001,4.018414986614228,0.0016038882543507795,29.312293781669503,100,100
ENSMUSG00000035491,0.001,62.31581250733508,1.0,0.001,0.001,0.001686375561654634,0.06382258751009849,100,100
ENSMUSG00000035493,0.18164340921704483,4.043345192938146,56.455748185232096,0.12854669130693425,0.23991000876098723,9.347002784856555,20.82264743303518,100,100
ENSMUSG00000035495,0.05283280379687778,0.052489091172494055,2.182407213947081,0.001087491067581289,0.8071169448096112,1.433806425616956,1891.7421697958684,100,100
ENSMUSG00000035498,0.001,62.31581250733508,1.0,0.001,0.001,0.0017579918402148833,0.17872026362327748,100,100
ENSMUSG00000035504,0.19229219470179448,33.44526068290495,16.75915785658186,0.04073691246482263,0.9971209187243077,0.059603101734039876,1.930028748045152,100,100
ENSMUSG00000035505,0.7130407599288008,28.525462591422443,19.486507179549086,0.0010404128832918781,1.149441766338653,0.39168862521636005,888.9839864594545,100,100
ENSMUSG00000035506,0.13139098082046113,18.145349949458375,6.920806885818881,0.01370983360459368,15.677339857236312,0.001365405769393329,1.4246596094857265,100,100
ENSMUSG00000035509,0.22913164724359478,32.97886730272365,19.316324847210193,0.006264800430265577,1.3870452333004304,0.0461192558915918,12.964399428809418,100,100
ENSMUSG00000035513,1.624957448616934,384.6014072568248,1.0,0.001,10.983671875106388,0.0010284431851980682,0.06974795500095374,100,100
ENSMUSG00000035517,0.4150826813079174,0.5758337802743396,6.496905787447916,0.18301184583893623,0.830806765261557,3.8900594094457595,34.06868516862063,100,100
ENSMUSG00000035521,1.4944933106835645,3.889432850471106,9.547441305085227,0.4990927252336753,3.012986876870488,0.8771704935029627,13.121627390327017,100,100
ENSMUSG00000035529,1.4060697984843524,26.244068228311093,29.61678083864126,0.27540316505602114,2.6723541036053,0.633474033677775,12.384944982733554,100,100
ENSMUSG00000035530,0.15367750027742724,0.6114966551245336,256.388389465226,0.001,0.2012870882328494,0.006652033461599231,609.7842583506934,100,100
ENSMUSG00000035539,0.09991102326335312,2.6097739522853614,2.426021082658259,0.001590261123966672,3.6528951853756935,0.003661132802991744,22.879107365790656,100,100
ENSMUSG00000035540,0.001,62.31581250733508,1.0,0.001,0.0010000000000000005,0.0018272208092145322,0.3962635030876211,100,100
ENSMUSG00000035545,0.9221623397626546,0.49895907281191454,5.9878695542679266,0.39860393181821774,3.977215248172029,0.993982803897684,47.46317874780519,100,100
ENSMUSG00000035547,0.033891567110463636,0.24103986179923803,2.78223085126689,0.001,0.1648555811234338,1.9539314136359422,432.7822945939798,100,100
ENSMUSG00000035551,0.001,62.31581250733508,1.0,0.001,0.001,0.0015752847874887692,0.18094588652149907,100,100
ENSMUSG00000035557,0.001,62.31581250733508,1.0,0.001,0.001,0.0017857189367706358,0.23558590804994992,100,100
ENSMUSG00000035559,0.8531046729742437,189.97116153995538,304.34672603409854,0.3137011784424683,1.2201537958680033,1.089129022197365,6.740321206138354,100,100
ENSMUSG00000035561,0.20752184635031942,32.07584590202827,16.703192686447405,0.01161921498100142,0.5962944494289144,0.1017491770612789,3.4649094358694636,100,100
ENSMUSG00000035566,0.1656588662673191,39.53920567850924,1.0,0.001,7.721862544879482,0.00108817715572242,0.09372154162150619,100,100
ENSMUSG00000035569,1.178442397972442,2.929215040226089,12.857266514455523,0.5487608911105762,3.8601878805294074,0.9833228039348663,16.107864137847457,100,100
ENSMUSG00000035572,0.16732252851278143,0.17164120987403986,2.769926731409159,0.006615549185600021,0.7559989848326509,2.3228825887822184,860.7858415393111,100,100
ENSMUSG00000035575,0.8496479963150618,1.2711679679733534,4.7847671947650054,0.4171046395045359,2.2062760490433,0.8969887261807079,11.773096930140406,100,100
ENSMUSG00000035576,0.001,66.84427540036525,1.0,0.001,0.001,0.001433294492451069,0.15342091676032865,100,100
ENSMUSG00000035578,0.057185617920219284,19.515879264536732,18.299396649671806,0.001,14.546617147828645,0.0015808979030434228,82.01077953003048,100,100
ENSMUSG00000035585,0.17132439716354086,0.3834170121038884,4.223486488382877,0.0017500911379329737,0.42540050508418614,2.94922323431427,1289.5475304554739,100,100
ENSMUSG00000035594,0.001,66.84427540036525,1.0,0.001,0.001,0.0015962694865278124,0.12670714545497502,100,100
ENSMUSG00000035595,0.3920111892271556,1.495349997719028,3.6686482276061816,0.001,0.6279609248054634,1.4624540118361735,1632.8064174339204,100,100
ENSMUSG00000035596,4.074883810953283,541.0665706264647,270.9211444687359,0.014332578631064012,9.141841672926194,0.23568710017380043,2132.9946465904277,100,100
ENSMUSG00000035597,0.22397280538678632,0.30288106438953566,5.512699730127456,0.08920607472971206,0.5590101093774728,4.293235737547981,48.31240153429849,100,100
ENSMUSG00000035601,0.5193832809773127,23.47184421167395,22.77231796142611,0.001,0.9086559736382678,0.6012996563958717,1035.689714284556,100,100
ENSMUSG00000035614,0.15709211256742361,0.3449985788632982,1.0,0.007561896937417026,1.739205188225217,0.17733909798063083,68.8757740759632,100,100
ENSMUSG00000035615,0.0017837122981926286,9.293205425267102,80.72351402031948,0.001,0.012446075628220362,0.001939210854527344,82.70912928497543,100,100
ENSMUSG00000035620,0.16774785667867484,0.5053235868071356,2.713087856984281,0.002216928844103516,0.5770006933870999,1.1844934421422986,661.2231315331089,100,100
ENSMUSG00000035621,0.13297201473708942,0.22697209704047033,7.778779409909491,0.0565619980247868,0.2778744478595397,14.092135763981862,93.14174823531542,100,100
ENSMUSG00000035623,0.21597766711522248,0.18367720844652158,2.5083593679115745,0.0021638617051084183,1.2542558992793098,1.1622675189039233,1671.7670957390687,100,100
ENSMUSG00000035629,0.39854769570333015,0.4246034850739901,4.056793330285778,0.20666263117349842,0.909684072568324,3.279746548097097,21.591067139338538,100,100
ENSMUSG00000035632,0.16128705529585452,0.16213859764105854,2.553643967912784,0.0011066802989343864,0.8853370897428849,1.745231498455985,2422.017242426422,100,100
ENSMUSG00000035637,0.31741381928286544,0.2832967728173029,3.103675390499602,0.07151176751905491,1.2765799907709272,1.7135666126379014,69.44431372040899,100,100
ENSMUSG00000035638,0.001,62.31581250733508,1.0,0.001,0.001,0.001681282141514126,0.10718365446481189,100,100
ENSMUSG00000035640,0.22226728544212795,1.4457747715347518,5.733389824107251,0.1269975560375128,0.38806139709384474,2.023878601527686,7.313886962070027,100,100
ENSMUSG00000035642,0.06183411674718343,0.10645271813414837,1.4311623265173579,0.001,0.5928678330521615,0.8440720892541318,1019.6940191361601,100,100
ENSMUSG00000035649,1.6667393444229075,2.1499122139309272,6.076273679273829,0.6253802236407042,4.173498426846116,0.6440825696446943,18.511241972085063,100,100
ENSMUSG00000035666,0.5510489608223508,6.335100573659732,8.406068324204151,0.001,0.9085317476787942,0.707519672001933,1462.8420266531955,100,100
ENSMUSG00000035671,0.17873381612592995,0.27342600336723216,2.8780160598374964,0.001163408937821415,0.6593820847891354,1.8111818124284063,2012.0870413620378,100,100
ENSMUSG00000035673,0.9456073262568333,3.397504727643016,16.01976312765815,0.4947882897637105,2.3527149380033547,1.5190710494425765,14.062084919424688,100,100
ENSMUSG00000035674,4.5073382009135985,11.204395097353414,111.42656156363864,3.393366855791951,7.563331473555754,4.293280962905402,16.036496497312513,100,100
ENSMUSG00000035678,0.12437040211907405,1.1179261368376636,4.326103340651132,0.0034698014411495806,0.2823190725644925,1.4274941353253894,370.692774437712,100,100
ENSMUSG00000035681,8.337332731872774,1000.0,1.0,0.001,12.185535646661952,0.001,0.02622397681860475,100,100
ENSMUSG00000035683,0.05174996163862773,2.9827642435029325,12.645580806483565,0.012778723080839445,0.1094984289013537,1.4123303714018747,20.840506764275183,100,100
ENSMUSG00000035686,2.0813166845897446,503.1765750646759,1.0,0.001,8.077837597745086,0.0010801750054435907,0.020388677873517048,100,100
ENSMUSG00000035692,0.09362518575679843,46.00491017890558,1128.1425417488551,0.032292858785910095,0.1186423762692205,14.196693860157207,191.72377598300125,100,100
ENSMUSG00000035694,0.001,61.88525872635182,1.0,0.001,0.0010000000000000009,0.001895446433648583,0.1957527715557358,100,100
ENSMUSG00000035696,0.15484752736202656,25.711005431380986,29.80807018538043,0.006278298601298583,0.3198562400320456,0.48113975735882464,93.23560127387836,100,100
ENSMUSG00000035697,0.028507256302273548,0.3234275705053617,9.767233452026677,0.012621869299176,0.07242062756729568,9.545657968495098,80.18166493523657,100,100
ENSMUSG00000035699,0.001,62.31581250733508,1.0,0.001,0.001,0.0018769380964277947,0.08010094537156781,100,100
ENSMUSG00000035704,1.357401391771531,5.569961074547174,5.442133831051575,0.07819935466862712,3.3875164411032994,0.32494199607322216,42.05703867896329,100,100
ENSMUSG00000035711,0.046121889616245026,7.626493622090745,6.22961938581816,0.003458236900848813,26.488801536179814,0.0010000003679117508,2.781798033552298,100,100
ENSMUSG00000035713,0.1605705487684193,2.0571293449674215,3.4830492061034044,0.002279877259692714,0.44455935108086686,0.4707505584560975,127.58936934772555,100,100
ENSMUSG00000035722,0.09746718464734581,0.34790914307674153,2.6781669602818425,0.001,0.37881430887500955,1.6180766672646856,1000.5497830717189,100,100
ENSMUSG00000035725,0.2850883686600297,14.514546493593087,28.007965766049217,0.14503191920299996,0.44690170194754975,1.1508316737776627,4.965368160930077,100,100
ENSMUSG00000035726,0.4917153681379907,0.8107316043751657,2.950909512397929,0.1952973865459533,1.1669094732981362,1.1156579145804428,11.762216639270624,100,100
ENSMUSG00000035735,0.2303993217810681,0.8137378161989177,3.591104823493628,0.007393747791037686,0.4567002949014191,1.7297673085919334,254.30562812744364,100,100
ENSMUSG00000035745,0.001,61.88525872635182,1.0,0.001,0.001,0.0017978142009825917,0.11015411521987167,100,100
ENSMUSG00000035754,0.35219520859305053,0.4943581945169799,9.953400003654659,0.12223226611078285,0.6554623446790064,8.789286929231078,118.73910707775275,100,100
ENSMUSG00000035757,0.01068914322294284,18.458059531556703,43.73360687392818,0.001,0.04277804025105979,0.007746089557642834,82.13499889871834,100,100
ENSMUSG00000035759,0.23848581267427668,36.909715607270854,25.965129339588064,0.08558413047425298,2.4202070581975894,0.0683765463199826,1.963624222627585,100,100
ENSMUSG00000035762,0.4087925268568008,19.51670494609412,22.999748607916516,0.004963209897216585,0.7496097875139396,0.6207467296618974,237.39255531731777,100,100
ENSMUSG00000035764,0.07617720409814822,0.12883925970453672,2.952171182385199,0.001,0.36996919162463754,3.026495967512801,2122.2820453224326,100,100
ENSMUSG00000035765,1.0705498768234627,155.5114484063591,156.99904632241316,0.5829772779816198,1.6476766148205717,0.568350644137305,2.54739930296169,100,100
ENSMUSG00000035769,0.30792119242835725,3.2460189209632784,4.07404394574804,0.08939919833545429,0.7057416294512713,0.4552214228364104,6.267081642146249,100,100
ENSMUSG00000035770,2.8140815891033406,328.1758480403139,445.9152981140695,1.7794597693970133,3.685172531575155,1.024838884728008,3.416464426255593,100,100
ENSMUSG00000035772,0.16011314911053043,0.08657628921809776,3.275914080793379,0.013090605199496404,1.4861195441258874,2.1692324569883037,636.7769975875768,100,100
ENSMUSG00000035773,6.609312975982581,523.5691153618894,1.0,0.001,20.481894456104556,0.001000000000033442,0.026544428027648358,100,100
ENSMUSG00000035775,0.028858214121553843,20.657941260009924,55.36973583934187,0.001,0.15079334854570964,0.1927717830196028,105.33462815656256,100,100
ENSMUSG00000035776,0.12131990931660554,0.14215349167765093,6.689730273178859,0.049523527894642205,0.21994821338193657,24.6047614742424,111.29387049724785,100,100
ENSMUSG00000035778,0.08529353146125637,0.38896255880789526,8.086656580812281,0.001,0.14288949425170344,11.088037679230993,2516.2495255957106,100,100
ENSMUSG00000035781,2.59259499158065,2.845048127686124,12.024430097435651,1.2968853838574008,8.656241553493434,0.6768941616906163,13.46844372656153,100,100
ENSMUSG00000035783,0.35095627606651675,2.6437299089154234,739.2537337596535,0.05821862019687732,0.46805101760034695,152.09766677274644,6628.713569506953,100,100
ENSMUSG00000035790,0.20622586482929342,0.5711328567389709,4.616204292804449,0.0879359610936839,0.3957905775615763,3.305955363007602,19.42612588710874,100,100
ENSMUSG00000035798,0.03730293893313638,0.1206263949519321,2.8417030275005803,0.001,0.2170855522558781,2.393925504516461,1079.1113546037063,100,100
ENSMUSG00000035799,0.7613690911117609,159.715144182293,674.2406369408192,0.6370857328305144,1.012555965176399,2.884833200568984,5.573579163136639,100,100
ENSMUSG00000035818,5.531652899120101,663.3985253799991,1.0,0.001,16.790395771764548,0.0010000002782422444,0.01847426334226549,100,100
ENSMUSG00000035824,1.7387767517166948,588.4256284677336,437.85109093700106,0.6786884184144965,3.7035742478881857,0.35163495064802586,3.1779568773608364,100,100
ENSMUSG00000035828,0.028880603897428456,0.16921109236453574,2.1970989333969286,0.001,0.18909125716127603,1.569224672239693,436.191330607576,100,100
ENSMUSG00000035829,0.051808966081604124,0.8113754277392428,1.0,0.003908738392625805,0.4912665860169427,0.08711804753165035,12.722002433026208,100,100
ENSMUSG00000035831,0.001,66.84427540036525,1.0,0.001,0.001,0.0015046542210018893,0.4908430877471597,100,100
ENSMUSG00000035834,0.34346273218837725,0.28844926484957534,1.8554580711777338,0.009972659883117269,1.8294038797971868,0.6557481394772751,355.68147794184324,100,100
ENSMUSG00000035835,0.010956464389987784,19.67004018792455,22.432015070182434,0.001,5.244718602639649,0.0010000000000009034,17.088324092117716,100,100
ENSMUSG00000035836,0.001,62.31581250733508,1.0,0.001,0.001,0.0019183773974208902,0.16565955272226218,100,100
ENSMUSG00000035840,1.2712122748516355,246.7226696153697,105.62115100226099,0.19081584954592107,4.853694440074932,0.10434787611370172,6.054496821911668,100,100
ENSMUSG00000035842,0.09866821755698454,6.9686330248581925,7.006616806298721,0.001,0.9174766426401915,0.004135529761643481,83.67192408044907,100,100
ENSMUSG00000035845,0.001,26.6421157225535,1.0,0.001,0.002610281807198054,0.003682862810579354,190.03999356194862,100,100
ENSMUSG00000035847,0.22854075371513694,1.0724773202837476,3.276904519720578,0.07461053009293661,0.5016815207189185,1.079355662467683,10.578204397520157,100,100
ENSMUSG00000035849,0.010778028256540515,19.832116965208936,22.61154860131399,0.001,3.769652481879571,0.001834060941939537,18.12885857306942,100,100
ENSMUSG00000035851,0.21233280551760167,0.200728522797579,2.6138604390007263,0.004547287668371253,0.957699708578745,1.583774151269913,1318.72857744839,100,100
ENSMUSG00000035852,4.053698145818247,963.0508682253362,1.0,0.001,7.177656671630508,0.0011287836835575452,0.10528177443838646,100,100
ENSMUSG00000035860,0.001,66.84427540036525,1.0,0.001,0.001,0.001737166102547209,0.4193201176450859,100,100
ENSMUSG00000035863,1.7712699989241265,42.6732112925999,51.229402460528604,1.077157630637771,2.8108271439571735,0.8229907440829118,2.6119102694334337,100,100
ENSMUSG00000035864,0.001,62.31581250733508,1.0,0.001,0.001,0.0017662725453059672,0.21084629110416142,100,100
ENSMUSG00000035868,0.7648425313923237,31.215789941272956,13.330713395167175,0.12688419796359715,2.669161491926691,0.12108504774568338,10.66084834196571,100,100
ENSMUSG00000035873,0.001,8.63495873613148,1059.3946998856454,0.001,0.0025501283199803864,0.0015457833242655608,38.12537051816793,100,100
ENSMUSG00000035875,2.0813166845897446,503.1765750646759,1.0,0.001,7.842046721646822,0.0010705757081554113,0.07952265917573703,100,100
ENSMUSG00000035877,0.6414178971846117,3.276696754502535,4.763412708966201,0.0010028802237894163,0.6944023873413896,1.3710598478163751,1911.6757052459898,100,100
ENSMUSG00000035878,0.8399407496757734,34.463717042539756,5.5920690481524415,0.16272390240561213,26.83240378149763,0.005630122092779854,0.6948669460744339,100,100
ENSMUSG00000035885,7.723991212400302,306.64621365849445,1839.8208397854705,6.034520850028946,9.644577614650904,4.729344203113992,10.620472622820541,100,100
ENSMUSG00000035890,0.001773792377927146,0.0018054705494787544,1.8823813566005594,0.001,0.7963035980690103,1.2757659955200962,1874.553883623567,100,100
ENSMUSG00000035891,0.6364464497858959,1.825657590301376,3.8027142093628403,0.1438497357332279,1.400421157910654,0.6679815718879818,14.204576123682859,100,100
ENSMUSG00000035896,0.001,62.31581250733508,1.0,0.001,0.001,0.001507851859679367,0.21974890907071887,100,100
ENSMUSG00000035898,0.3734895406907472,0.9848456718773877,4.75952507205783,0.09371642033683339,0.8607223075146649,1.6207737437983352,26.198113598931837,100,100
ENSMUSG00000035900,0.6669290725405466,9.048427752554117,24.539095465487136,0.1841979823471072,0.9311430788860975,1.843765793119212,17.220093767550246,100,100
ENSMUSG00000035901,0.4189459970174764,1.4108429461675085,16.000496551662252,0.10563612629267369,0.6357820731301247,6.749532512395752,65.99342019910526,100,100
ENSMUSG00000035910,0.02465813900466109,24.88967346157215,71.91764052651935,0.001,19.197167938525748,0.0012812863946041059,27.345059679642088,100,100
ENSMUSG00000035914,2.3379826494150024,279.51500265914615,356.11947246048055,1.0095541318718482,3.235336826159986,0.9210079796136401,6.125759245086405,100,100
ENSMUSG00000035916,0.0467348814163817,19.493749199094836,17.86486140459338,0.001,6.375324893419016,0.0023624143623286672,80.5248071246001,100,100
ENSMUSG00000035919,0.12211950195744065,0.3565813310019008,2.0654754407686466,0.020709115087861933,0.5433958284507451,0.9773681523588311,431.4499806310798,100,100
ENSMUSG00000035929,0.5202893257136819,1.3789456424125646,7.493674508738566,0.18870955026420277,0.8120613932023077,3.190095445602021,21.660082410746483,100,100
ENSMUSG00000035930,0.001,61.88525872635182,1.0,0.001,0.001,0.0015084902199654362,0.1870128076879208,100,100
ENSMUSG00000035933,0.5949962869523432,3.2915885919607586,3.838737360737806,0.0127051156773178,1.4231870813131784,0.4336277239914129,453.50488573721475,100,100
ENSMUSG00000035934,0.019490203137985558,12.71781430859118,33.716913242279794,0.001,8.293394243638648,0.0016796083728433295,10.989466775590387,100,100
ENSMUSG00000035936,0.002988784178153694,0.006056407149717745,1.3654381681645928,0.001,0.45139556242168644,0.9397269755543167,802.5089530917816,100,100
ENSMUSG00000035941,0.003529119718928315,0.0020959435186527968,1.5395061743089153,0.0027499873906770547,1.5462869529591237,0.6181433983137659,1148.2820287520012,100,100
ENSMUSG00000035944,0.09090792287569635,0.1490169346925749,1.626945124029424,0.001001422034366998,0.7303585387105549,0.8598017775712159,1164.6542890815892,100,100
ENSMUSG00000035946,0.001,62.31581250733508,1.0,0.001,0.001,0.0013814205398617627,0.17661418749188598,100,100
ENSMUSG00000035948,0.06529349487593364,1.9072448638861612,3.783782987101033,0.008138431554962957,0.33654393542723915,0.11926948421241838,7.22967692629877,100,100
ENSMUSG00000035949,0.32921422632100816,0.38253125590034825,8.99675894028905,0.19545191769505227,0.664197959569458,8.086064313809809,44.409510195517285,100,100
ENSMUSG00000035951,0.001,62.31581250733508,1.0,0.001,0.001,0.001439352997363793,0.07565895847746237,100,100
ENSMUSG00000035953,2.8706445901493227,236.79252754855216,185.61313198810012,1.5470508890945587,5.476468812522079,0.3948460127174014,2.0110708906161565,100,100
ENSMUSG00000035954,0.06138408171141311,1.0108557600864745,3.2581530030721697,0.01899048029163302,0.17698206686075338,0.961224385061944,9.788130747630674,100,100
ENSMUSG00000035958,1.3394477879652864,998.2199054324171,343.16215467140313,0.5899386687371426,133.01952490772624,0.004879884044658956,0.8424473734167763,100,100
ENSMUSG00000035960,0.09102598200302538,0.24794515669693967,21.967692292003953,0.001,244.9541350452056,0.0015820683405944624,17987.416490592095,100,100
ENSMUSG00000035964,0.15623531902871424,27.287844581167494,26.102220157680087,0.001,0.30462375967836036,0.4380306068667251,244.1884436459416,100,100
ENSMUSG00000035967,0.03472286929825458,0.5388816267961405,3.6569499317790526,0.002804560590299704,0.11607236922705434,1.5948755364592366,55.731631553304,100,100
ENSMUSG00000035969,1.394857047160809,488.9584622934573,1069.0820756878043,0.4312804139338685,1.7842817979482,1.673181364298098,44.99827076819923,100,100
ENSMUSG00000035983,0.001,61.88525872635182,1.0,0.001,0.001,0.0017265927862112989,0.197189976471902,100,100
ENSMUSG00000035984,0.16346784793729457,28.99703456645825,36.91867837657558,0.001,0.2636158835166689,0.6781281308301889,315.0851107420848,100,100
ENSMUSG00000035992,0.4979496563390972,0.8864756340676736,3.8809199413510505,0.016496002640774284,1.0896352380195329,1.4553244755740886,327.8601522525411,100,100
ENSMUSG00000036002,1.9669599839069378,5.027995900093122,44.393691826528865,1.3545141879936817,3.1608506221143022,3.966619104007786,15.81572393095239,100,100
ENSMUSG00000036006,6.257083092992606,740.3792804800056,1.0,0.001,17.102591901671918,0.001,0.01729233505742808,100,100
ENSMUSG00000036009,0.10482686515480612,0.1631003956367829,1.3103170747366835,0.001,0.9859632966847746,0.4831412182797905,1029.1380076963699,100,100
ENSMUSG00000036019,0.11534780116352529,17.686680918081937,5.713556063655523,0.003846280943456019,32.420719957782026,0.0010027014185353103,1.3200018383243952,100,100
ENSMUSG00000036022,0.08926204388093921,16.365045200285458,66.86988310748526,0.050213467970234724,0.2424049882646248,1.0167110033955882,9.319873920656075,100,100
ENSMUSG00000036023,0.9889758375009446,3.299092580101394,7.922517985254885,0.26025183266171203,1.9345100217109032,1.0156227350289542,15.686120088104147,100,100
ENSMUSG00000036026,0.3649485393367451,0.5370586710339574,4.9124046456383175,0.1561754487717809,0.744374672567262,3.4368199963367925,25.92711548748209,100,100
ENSMUSG00000036027,0.001,62.31581250733508,1.0,0.001,0.001,0.0015620985153998236,0.10328441970151932,100,100
ENSMUSG00000036030,0.0030901403576688784,7.878772146497628,22.574176869408333,0.001,0.1214337768597856,0.002148926390706135,10.077428640397947,100,100
ENSMUSG00000036036,0.043275504292576164,24.473656924990454,52.1121287288093,0.015312691883659836,11.869382084228668,0.002246967186709031,7.665096958000637,100,100
ENSMUSG00000036040,0.001,62.31581250733508,1.0,0.001,0.001,0.002080390502719058,0.1228563156368384,100,100
ENSMUSG00000036046,1.9933600408825856,12.636222684590242,45.25260260524289,1.2792438018998546,3.382978170812836,1.7568387252806144,6.846419007325799,100,100
ENSMUSG00000036052,0.14620304741042026,1.314049228299085,3.366800176426326,0.0120852769449965,0.2921242909179702,1.3028286856478393,49.292626418605764,100,100
ENSMUSG00000036053,0.27332243598858164,2.4795239538893297,5.691621553257683,0.11602931197632536,0.49221703405279793,1.0728926295427557,6.279902811952539,100,100
ENSMUSG00000036054,0.14195431039300965,0.5556896517995813,2.7376735989553076,0.002206299899208193,0.3928827698144127,1.3059583453226407,456.0854185910391,100,100
ENSMUSG00000036057,0.9213290660394955,2.3481387685071664,11.099639653356585,0.165992512598172,1.4743634009682802,2.5058382277310276,291.03050751412087,100,100
ENSMUSG00000036061,0.31325194026773684,0.6068516189933697,2.320774332014202,0.0169500700144364,1.103234860950671,0.8304541664020584,124.5475699770295,100,100
ENSMUSG00000036062,0.001,61.88525872635182,1.0,0.001,0.001,0.0018690383334174403,0.22516596096652364,100,100
ENSMUSG00000036067,0.08566801664622743,0.4632685021073038,4.516308536583386,0.0032215690481205983,0.21319934188888495,3.1958988799348664,372.1071013955499,100,100
ENSMUSG00000036086,0.07229593372088747,2.39583217739091,6.8491775014013525,0.035917580547660505,0.20532810303454127,0.7709831766343294,6.349352836645542,100,100
ENSMUSG00000036087,0.8899653209895482,2.101798823246516,6.221845039151533,0.3816812657658186,2.826588942485576,0.7079514734006231,10.580720677093087,100,100
ENSMUSG00000036091,0.06769082796335738,1.0590253253270447,1.1941314339100104,0.0014379706672809369,8.937989883391436,0.0034728766979790346,36.65275752533098,100,100
ENSMUSG00000036093,1.7110440565121399,286.2614712720719,308.3797811744112,0.4466136152547099,2.6454350491002385,0.6930091912823799,14.448287670811908,100,100
ENSMUSG00000036097,0.43172362440194373,0.7129204495956509,2.7628186748785977,0.0076544527870461565,1.2227130032170326,0.9167156900226073,446.3791571733751,100,100
ENSMUSG00000036098,0.027037444485535793,1.5498518308156564,3.1350987579114187,0.001,0.7147045547622766,0.002090215631975847,4.47608567732443,100,100
ENSMUSG00000036099,1.292932320718079,2.495824312274715,9.79974305420338,0.5890550907131215,3.148156887962037,1.1443289884805372,13.083191124459802,100,100
ENSMUSG00000036103,2.0779067692526745,691.4388426885635,2749.4893996399637,1.5025154461445007,2.8514127639262785,2.9295884391538203,6.238000418321941,100,100
ENSMUSG00000036104,0.7465903334407635,1.7358220767686543,7.320859956543427,0.19626272243071996,1.3143236911497578,1.7528291414499964,27.40595934627125,100,100
ENSMUSG00000036106,0.36767512353216847,66.80945578084358,175.99767739197014,0.2574910111299823,0.5223470522236935,1.6954190474774138,4.54159173160968,100,100
ENSMUSG00000036109,4.54782423327359,1000.0,1.0,0.001,9.134491386254993,0.0010000063440199765,0.031392783310599,100,100
ENSMUSG00000036111,0.01112873294908582,19.016761952045,21.72055481700324,0.001,2.5953939545615476,0.002181050712882995,21.119427621226883,100,100
ENSMUSG00000036112,2.4778414235818538,9.601914106241045,70.66208409209264,1.741962861630023,4.399021067291479,3.330320904154837,13.814728505147773,100,100
ENSMUSG00000036114,0.001,17.69491829209777,1.0,0.001,0.001,0.008289276664066807,1.3240647872833315,100,100
ENSMUSG00000036117,0.001,61.674132606755,1.0,0.001,0.001,0.0017104239871547399,0.06205490713511064,100,100
ENSMUSG00000036120,0.12928631878153327,0.6264250196097724,1.5474481197940215,0.0407224542091073,0.5702304108606959,0.4358483831535478,25.965974247178135,100,100
ENSMUSG00000036123,0.001,66.84427540036525,1.0,0.001,0.001,0.0020602397378457413,0.09382335648223213,100,100
ENSMUSG00000036131,0.001,62.31581250733508,1.0,0.001,0.001,0.0018078653575859705,0.054823808476923065,100,100
ENSMUSG00000036136,0.6271465480030781,154.92719237319113,1.0725811857353496,0.001,9.787966069217974,0.0011145906778171082,0.15372992296019172,100,100
ENSMUSG00000036138,2.211768870908393,743.8628559191606,2142.534219816705,1.4092310914987074,3.620548386025015,1.7683590902285151,5.3488503020152995,100,100
ENSMUSG00000036139,22.07041202572351,657.9236008067255,1.0,1.0800824146054602,40.79923600330857,0.001,0.017668763580272674,100,100
ENSMUSG00000036144,0.3452531525815982,10.150733171335474,56.69925761482796,0.2233637710716381,0.4726299202279026,3.7963399486264864,10.373126100984683,100,100
ENSMUSG00000036151,3.0879343984480325,362.289709376423,1.0,0.001,17.55828179802715,0.001,0.013169714737542198,100,100
ENSMUSG00000036155,1.2096520984221593,216.72367478501036,272.55169702665995,0.7802224818858557,1.9091435618638353,0.7292092682515736,2.1218669506795034,100,100
ENSMUSG00000036158,0.11589143198424741,0.44387222187331343,17.258532049066464,0.049487968086288775,0.20765892945560688,20.962475244222116,87.4254561173767,100,100
ENSMUSG00000036160,1.019405277279892,6.476495983012165,11.448858928430248,0.49341235726598587,1.5518191806631594,0.9728965593205157,4.794885411223243,100,100
ENSMUSG00000036167,1.8036142490955753,4.103078007093946,11.011105980432497,1.036977356352113,9.118723199401474,0.35280379220330316,7.3319834342594845,100,100
ENSMUSG00000036168,0.001,62.31581250733508,1.0,0.001,0.0010000000000000005,0.0016724112563008045,0.06893077064333633,100,100
ENSMUSG00000036172,1.827408594187776,433.33200259696997,1.0,0.001,10.445986315219075,0.0010015093954985049,0.17209638972169347,100,100
ENSMUSG00000036180,1.0307795516343292,2.3490610599156097,8.281161686553697,0.5620180773345471,3.461345339503085,0.7042508302989134,9.34880714113472,100,100
ENSMUSG00000036181,0.7259546919748311,21.010221315969716,128.0759006616285,0.5698324597056741,0.9109734037062709,4.479315461730469,8.654148181910578,100,100
ENSMUSG00000036185,2.337569118418018,573.9891342931422,1.0176277045143687,0.001,10.302790628730637,0.001,0.05833805311294213,100,100
ENSMUSG00000036186,0.05841888297577128,0.3494975145827364,1.6060962463146897,0.0010016987121543096,0.30179951170949715,0.6424844200369404,206.18882969524392,100,100
ENSMUSG00000036188,0.493472932336679,0.6157666509350814,3.772626101163075,0.018271815168312836,1.7543584356534563,1.0183141654205703,421.6976344993856,100,100
ENSMUSG00000036192,0.05521009847473219,4.314307425963336,15.03725075690051,0.001,0.13433399964393586,1.1456306984199622,134.07918666419428,100,100
ENSMUSG00000036196,0.016706660875914183,2.0826024318602956,3.120439556251603,0.001,15.426672809452603,0.0010000000000010291,10.958159239032039,100,100
ENSMUSG00000036197,0.6337698012059401,1.0692468109273592,9.93426533974797,0.39481357570761844,1.2114391027807971,3.2488731686172705,17.427464798086305,100,100
ENSMUSG00000036198,0.001,62.31581250733508,1.0,0.001,0.0010000000000000009,0.0018098325028993395,0.08172954169523183,100,100
ENSMUSG00000036199,6.855338873475528,54.671153259878835,243.1349847682755,3.692784221418277,9.478406020537285,2.876175427750205,13.796573971719184,100,100
ENSMUSG00000036202,0.11169541432327465,0.21330642095680138,1.1512033584116637,0.0010022957133539719,1.0265423938782192,0.40026261550814357,821.6343428005614,100,100
ENSMUSG00000036206,0.23255616227248582,96.75604788082238,104.11584396447331,0.0467980624019326,0.4386792026997669,0.5081426578517366,7.312020395211465,100,100
ENSMUSG00000036208,0.39139028737861026,2.255307701838935,3.673068249092401,0.04346508498008899,0.8506624431558358,0.6419376780991892,228.64788599664985,100,100
ENSMUSG00000036211,0.001,61.45463549419866,1.0,0.001,0.001,0.0015109133995455431,0.4493619415355391,100,100
ENSMUSG00000036214,0.009795302446581599,0.0429148118301484,2.7937188851537944,0.001,0.16596944065484648,3.1083804640336945,818.4020514839556,100,100
ENSMUSG00000036216,0.001,62.31581250733508,1.0,0.001,0.0010000000000000005,0.001910902668428595,0.6541492277832262,100,100
ENSMUSG00000036218,0.013232166352378442,20.641945222547385,32.52982588688797,0.001,12.212123387271788,0.0011417165196492937,28.08260737411813,100,100
ENSMUSG00000036223,0.004678485892068649,0.16046378591970734,3.3531181233310816,0.001,0.12338766163765319,0.2148307366879566,146.23220729305743,100,100
ENSMUSG00000036225,0.2826081336910434,28.051106139853133,30.61042007898226,0.08180905257212345,0.49602674888573084,0.49558423319699285,5.140167557107123,100,100
ENSMUSG00000036241,0.4196977854071508,0.4889646255580071,15.55093193957947,0.23250936150745466,1.0832372350363082,6.715978774391046,69.17093132474778,100,100
ENSMUSG00000036242,0.18383879399090333,3.9965046762072904,15.497766752732074,0.011151176414004864,0.28496175702084753,2.0673916247998987,110.42589533510987,100,100
ENSMUSG00000036246,0.50178885964744,6.1694969825359305,9.79655593244904,0.1629904064714699,0.7710996394743379,0.9957025503283756,7.289215882220071,100,100
ENSMUSG00000036249,0.7949367881616407,21.755360071149994,27.98472479993047,0.1252881546769441,1.047179168242158,0.9880507503992271,14.200979351475812,100,100
ENSMUSG00000036251,0.001,61.674132606755,1.0,0.001,0.001,0.0016892696483871378,0.24191121141295163,100,100
ENSMUSG00000036256,0.7796210655171264,4.328147591702143,68.38979759602601,0.6332159260980529,1.2445442295811207,7.328710864049457,21.023923760712947,100,100
ENSMUSG00000036257,0.9740155749274424,3.2157012721313167,5.407906892817531,0.22741302130686902,1.6671925524927125,0.7869945176782989,12.38616454086376,100,100
ENSMUSG00000036264,0.001,62.31581250733508,1.0,0.001,0.001,0.0015361671207881867,0.17631468996986482,100,100
ENSMUSG00000036270,0.10918633506633187,0.47519378843466303,4.715106201623022,0.001,0.23841578443683759,3.0597337862362037,1489.6486789483563,100,100
ENSMUSG00000036273,0.9784669520125623,138.95184277606486,202.17707678683755,0.1368203459128957,1.351897854369189,1.0096002424076165,24.085040965772542,100,100
ENSMUSG00000036275,4.660497650834564,992.6124178366092,2122.380145112965,3.3749184931814025,8.382964111602249,1.214872292402917,4.158326463616102,100,100
ENSMUSG00000036278,0.06441325205741852,0.350211732403408,1.2123887862344171,0.00874344998151581,0.5140670438058093,0.3418091601369033,29.055339132106788,100,100
ENSMUSG00000036281,0.07566036826694521,0.2074895090699734,1.6612542464580926,0.001,0.49107170545106515,0.9165107868875015,704.4963425821627,100,100
ENSMUSG00000036282,0.15309934078763374,7.7767641285140545,19.963489333163167,0.001,0.2509261821378049,1.4191523434625983,579.537034768169,100,100
ENSMUSG00000036285,0.49953230680030825,1.043142651115532,1.0,0.23910820398943272,106.32778588035474,0.0035646569140477522,1.9455838828281526,100,100
ENSMUSG00000036291,1.586458812786649,1.4522512782670793,2.020038216919909,0.01466469080514068,92.63032802104328,0.0714782102899073,1037.3604963551475,100,100
ENSMUSG00000036292,0.20060307540999758,1.8185248779030176,5.2841819574713815,0.001,0.31474857811861645,1.8441797048859696,857.9098086779221,100,100
ENSMUSG00000036295,0.025631913136402163,0.72383728444763,1.9249868953660714,0.001,5.543700035325359,0.052114989576039696,85.85667245481433,100,100
ENSMUSG00000036298,0.2203696009641801,1.2011662937878007,1.8551874611535277,0.12339786586250795,0.8123196761709444,0.29800891229288784,3.1702577872886035,100,100
ENSMUSG00000036299,2.2415153798361453,8.513965085100955,44.27699790405332,1.4342979521496293,4.9262530921523195,2.033610711021137,11.214731710982502,100,100
ENSMUSG00000036304,0.001,62.31581250733508,1.0,0.001,0.001,0.0017088427537255064,0.2969855944043512,100,100
ENSMUSG00000036305,nan,nan,nan,nan,nan,nan,nan,0,0
ENSMUSG00000036306,0.06059146098160345,19.44001139970843,7.972677522409592,0.001,21.12822890544772,0.001,9.160561415465734,100,100
ENSMUSG00000036309,0.1877414818704366,0.46328171007955615,56.84762142742042,0.12015859924776187,0.28341131642759954,70.37189089578622,185.33943846923927,100,100
ENSMUSG00000036315,0.7810147917840041,1.8511201026881765,8.23934570268004,0.3541124891036417,1.835619642140355,1.275389133931106,15.424396769369803,100,100
ENSMUSG00000036323,5.600442816397418,96.74364766713873,102.5040103319804,3.0073958813721915,8.443170066142272,0.6735705611132823,3.3822592729999252,100,100
ENSMUSG00000036327,0.04600006427956459,0.10173426958208638,2.672460324850567,0.001,0.407911277654866,2.0928257354799746,1633.4136215449948,100,100
ENSMUSG00000036330,0.010464556554815287,16.09535983779838,18.723912115648265,0.001,4.3134894334478275,0.0010792898778222767,12.712027632623426,100,100
ENSMUSG00000036333,2.922906254539351,102.47895699044857,179.25531423172367,1.2116765511872087,4.818295730803451,1.1012424783695396,9.973817776126088,100,100
ENSMUSG00000036339,0.1703675951865154,0.56769687618693,5.637665636020006,0.019735935956328738,0.2939571428216557,4.5012619610116875,117.89980204723292,100,100
ENSMUSG00000036352,0.6444104951669964,1.5691292777104382,5.730583177363545,0.31383030398532913,1.306399508486423,1.3752805077971753,9.368224240520966,100,100
ENSMUSG00000036356,1.4054637153169194,3.064731065066398,40.905122882053384,1.02270130219783,2.36054265854415,5.544375214111935,23.252597784326472,100,100
ENSMUSG00000036362,0.001,62.31581250733508,1.0,0.001,0.001,0.0019808780804621952,0.20529358527444103,100,100
ENSMUSG00000036368,0.23454239582290434,0.43625211701588873,2.1819365725838447,0.009754253603823848,1.0216618304717926,0.7149189261964797,183.43375765487735,100,100
ENSMUSG00000036371,4.867293823069048,320.30443451534256,1903.327701090102,3.873709571405857,5.90669757323391,4.705238279988931,9.142039908633324,100,100
ENSMUSG00000036372,5.880760412379004,678.5712663109175,2052.7697932140345,4.208364543002785,9.560505903706208,1.9319864235300446,5.63369300492787,100,100
ENSMUSG00000036376,0.001000000000000334,15.76261278967017,1.0,0.001,0.001,0.008721990343931195,1.4129261554711232,100,100
ENSMUSG00000036377,0.22287969801921817,8.26256866609157,6.373169249462468,0.11034937715093662,1.7131898352343295,0.07790232430610096,1.7890754582830906,100,100
ENSMUSG00000036390,0.3052774368579018,62.48011506685432,160.5493506397182,0.11440126853214841,0.4266733874782364,1.7923798930317778,8.066563009401179,100,100
ENSMUSG00000036391,1.4092584291832657,998.7824422957343,711.7309421039974,0.6098355354703033,2.3207446232169127,0.41479620503214615,2.5468182011628584,100,100
ENSMUSG00000036395,1.4794348014843814,357.52131026778807,1.0,0.001,7.803760128438934,0.0012756365897931968,0.047233352295673305,100,100
ENSMUSG00000036398,3.926223421928149,22.849110196518552,82.50124532154105,2.305602223338097,7.252197941516826,1.708197554056985,8.614332737432807,100,100
ENSMUSG00000036402,3.666252297152597,414.4852778080116,1298.533551379633,2.543113852323134,5.981428965280903,1.8617260248419827,6.568539007138313,100,100
ENSMUSG00000036403,0.3669374255067021,10.199724899396685,7.527047622677132,0.06132503733653161,1.2328411136396917,0.1850201016973954,4.944628508963304,100,100
ENSMUSG00000036411,0.06058412482926755,19.37309585537441,7.9460266008898115,0.001,16.44240333572351,0.0010774524785685854,3.726894608896107,100,100
ENSMUSG00000036412,0.12831780296362866,1.3843294041159684,19.957411517874256,0.08640864953532207,0.24084936206116225,5.898022002299399,22.390351810961466,100,100
ENSMUSG00000036427,4.81562941777044,31.961891234701714,222.0487661299038,3.231519057608714,6.803544897958524,4.371417243718093,15.239656332943499,100,100
ENSMUSG00000036430,0.8577227250044812,84.09548873712303,103.42762103196692,0.16013612071352679,1.3967542037134089,0.8049834103879773,12.3452295597019,100,100
ENSMUSG00000036435,1.756088938056816,303.74775658984055,268.76607381469984,0.009191190659213363,2.559880581233931,0.6763493847708614,977.6613931932002,100,100
ENSMUSG00000036437,0.00205809633413662,0.017789034130270304,1.7606588203051945,0.001,0.22921076854608835,0.7225722813574562,180.16139260365352,100,100
ENSMUSG00000036438,0.098685939801047,0.21763247000186395,137.06335332861283,0.001,0.001,0.0170496907373024,2.4672795052991074,100,100
ENSMUSG00000036442,0.024508552998769837,10.237170284055697,25.080594701504175,0.001,3.870422248174501,0.0029807754952746518,151.15282345427735,100,100
ENSMUSG00000036446,0.008473993352170183,1.1014223064977233,58.13533740723455,0.001,21.645867979849683,0.001046177845285257,107.52893065923632,100,100
ENSMUSG00000036450,0.8753174197205495,0.6778070622905306,4.181762660408919,0.21850524723381398,3.5471313792363,0.6837427407326027,53.7712290639583,100,100
ENSMUSG00000036452,0.17558701085749515,1.2337357529879156,2.7399966984697524,0.026344514859607523,0.5141470111556321,0.5629775301437027,22.397502775583714,100,100
ENSMUSG00000036459,1.1158595675205722,15.534994180059291,24.25316713274236,0.404877577694459,1.650036551012968,1.0152304471748586,7.773418241994376,100,100
ENSMUSG00000036461,0.1868650154503355,0.16261223552005657,6.137065085977431,0.08447648001648295,0.7475719192023488,6.317545790501555,85.47310425882253,100,100
ENSMUSG00000036466,0.011785490011062723,2.9185288858778464,8.817522130125619,0.001,19.714212530526964,0.001103072683495071,13.670115530752184,100,100
ENSMUSG00000036469,0.001,61.674132606755,1.0,0.001,0.001,0.0014230488910649602,0.19176593664379357,100,100
ENSMUSG00000036473,0.3946267182800802,6.048361931060466,9.755151458518304,0.12448435556197848,0.666107816906705,0.8400959879815114,6.191371575102453,100,100
ENSMUSG00000036478,1.7033676584203368,72.58261575173297,221.13741563516848,1.0952689318798732,2.5906934676662203,2.0734100651143406,6.637893305036464,100,100
ENSMUSG00000036480,6.7791632697726945,812.9956731022376,1.0,0.001,16.755735043197046,0.0010000000000066397,0.04290355368735195,100,100
ENSMUSG00000036492,0.001,54.99590512765986,1.0,0.001,0.001,0.0016783547995590955,0.10834431692230925,100,100
ENSMUSG00000036499,0.5926703328481436,1.1231745008489362,5.314557939973901,0.2095916998320972,2.0759020419841585,1.1562901068409477,19.754807539133697,100,100
ENSMUSG00000036501,0.16498202906448753,0.48896966754922455,3.2426274266563144,0.008766981235420242,0.48230809494882376,1.8339322963880673,181.65713537900388,100,100
ENSMUSG00000036502,0.006625218659748215,18.077419394805847,44.26247711424398,0.001,0.11666253445115538,0.0016169718064394203,25.278630587523445,100,100
ENSMUSG00000036503,1.315072649038965,1.6706908735205641,8.271973162853957,0.7856253949042542,10.476522121323091,0.34068122961925557,11.142689817307247,100,100
ENSMUSG00000036504,0.1395698862566553,26.308103076804937,27.15933816262937,0.001,0.32740937509057155,0.39796539060979264,177.58420002565845,100,100
ENSMUSG00000036513,0.9238202883245545,0.9267641261408959,5.606568008349909,0.4984871633349174,5.800433578687528,0.5103662103326729,13.773500403534591,100,100
ENSMUSG00000036523,0.039490582566958046,20.251948451190007,10.688909494791531,0.001,12.31708327127421,0.0011893363962429922,1.6377249084650964,100,100
ENSMUSG00000036528,0.07797576659934313,10.971913888640747,8.736072416009543,0.001,31.521516424944345,0.001171820467364526,3.147413402916322,100,100
ENSMUSG00000036529,0.5922127405452849,0.5228717139125814,3.8617710828502103,0.2610866196550298,3.147686365849762,0.637866411161419,20.227339870108562,100,100
ENSMUSG00000036533,0.18008372159036531,43.462971761993586,204.83119328932764,0.11822248500212652,0.263192972968005,2.464203873721451,7.972492113958687,100,100
ENSMUSG00000036534,2.8144270939329203,258.5691494587522,281.3847276338962,1.211884754175708,3.991596157207253,0.7827702112613173,5.270689393981901,100,100
ENSMUSG00000036545,1.0003437744712347,26.0110274889039,158.76130733447667,0.6478670508841053,1.1611563158424874,5.236397159953356,12.137117729524096,100,100
ENSMUSG00000036550,0.4039277567508599,0.6575970917087788,9.362168453227108,0.23488633187556174,0.6404415919379814,8.193992683446133,29.277522665521424,100,100
ENSMUSG00000036551,0.001,61.88525872635182,1.0,0.001,0.001,0.001610132161395557,0.1407842905166449,100,100
ENSMUSG00000036552,0.09459315735529035,0.24797396477683514,4.553856436217121,0.001,0.21858077537093518,7.107075310359235,2036.594064269092,100,100
ENSMUSG00000036553,0.001,66.84427540036525,1.0,0.001,0.0010000000000000009,0.0020712353430426943,0.2554942157776737,100,100
ENSMUSG00000036555,0.5633241865113721,3.5998268348296705,5.97858416477284,0.001,0.8795455815432505,1.004059725877035,1597.5390671597916,100,100
ENSMUSG00000036557,0.001,61.259704531272526,1.0,0.001,0.001,0.00203331447208912,0.3653602883378417,100,100
ENSMUSG00000036560,0.14915848899992484,27.03716379430439,50.662871196744284,0.0875229356779387,0.2761148139767606,0.6479253993618244,3.8396164111117828,100,100
ENSMUSG00000036561,0.2757314405858932,2.510640506760996,2.936581565734644,0.00292777682255097,0.5103813968409837,0.521330370624504,152.74497611532843,100,100
ENSMUSG00000036564,1.0662558685105268,2.518515864567392,20.66372894531417,0.7926340239415974,1.6095607195265471,3.7299686058868304,13.530805740777367,100,100
ENSMUSG00000036565,0.001,0.001057364181337336,2.0283923402461914,0.001,0.6218812133511299,1.5022087585429202,2169.2345205678257,100,100
ENSMUSG00000036568,0.15347092716122523,0.5599743433442932,1.5563956544490862,0.005410580932414302,0.624242862864657,0.4942766256520182,88.62579869649029,100,100
ENSMUSG00000036570,0.01176877392149338,0.2723616240908473,1.4936549829501253,0.001,1.2699803641217922,0.0014929486663467961,95.7245940936665,100,100
ENSMUSG00000036572,0.0026580282521479087,0.013288442728383478,3.4942814072311568,0.001,0.12765903578893148,3.436883680935538,1013.6539044059645,100,100
ENSMUSG00000036578,0.001,66.84427540036525,1.0,0.001,0.001,0.0015763263757943,0.18270753137229653,100,100
ENSMUSG00000036580,1.7471987599962278,7.111756444274576,13.66676223300574,0.7078338719112041,2.984363974674438,0.9508638400094284,8.303420894908468,100,100
ENSMUSG00000036585,12.610800122448461,999.9940187472934,1.0,0.001,19.148913835556606,0.001,0.010238649289161513,100,100
ENSMUSG00000036586,0.001,62.31581250733508,1.0,0.001,0.001,0.001993605714030472,0.2162243225806099,100,100
ENSMUSG00000036587,0.001,62.31581250733508,1.0,0.001,0.001,0.001776409353592667,0.19901257008441356,100,100
ENSMUSG00000036591,1.2602916546564493,2.980307210063629,12.732031951828139,0.7406122816327321,2.427076521788927,1.594832909932971,9.767167456576797,100,100
ENSMUSG00000036594,0.001,62.31581250733508,1.0,0.001,0.0010000000000000009,0.0017335635016004721,0.10028239972429831,100,100
ENSMUSG00000036596,0.023939565335089015,23.102000005066984,31.65273082853532,0.001,8.407286782953495,0.0015876425443214991,14.90616309095617,100,100
ENSMUSG00000036599,1.790952000110258,6.582515330435402,26.715746048912465,1.2037994538834584,5.0890776975190395,1.1774765858445564,8.100670590079183,100,100
ENSMUSG00000036602,0.001,62.31581250733508,1.0,0.001,0.001,0.002066622606685961,0.8141535203335424,100,100
ENSMUSG00000036606,1.0132030537361894,1.9406393897230425,25.65100138192055,0.6751906383857436,1.793487519562956,4.8514313606785775,21.871689829666714,100,100
ENSMUSG00000036611,0.020058698685951122,18.125457543882654,35.21271806897606,0.0011598398884886925,23.000297998197617,0.001022846092172884,17.578930863897256,100,100
ENSMUSG00000036613,0.12662423490294905,0.04376740249824416,2.3097738758345083,0.0047738650851254635,4.266772025461142,0.4487548029395919,913.6039420424638,100,100
ENSMUSG00000036615,0.4915611218183771,2.034799021482184,1.2407102035907918,0.15648357972207072,5.6275136561165455,0.04693406198288844,1.7106060642381813,100,100
ENSMUSG00000036617,0.23443272095151466,33.082512013512236,16.32216584514972,0.034613504626218324,0.8237380693526863,0.14028243645907096,51.69276280888527,100,100
ENSMUSG00000036620,0.2764548752649443,0.7644243614603363,4.72638200042489,0.09373083962367856,0.48322266690847687,2.7919419269159276,18.416333325926537,100,100
ENSMUSG00000036622,0.6649689006533088,0.8297999823164585,2.649643505044319,0.02721948444662171,2.9097457037047727,0.42911193244616214,168.5203660370239,100,100
ENSMUSG00000036632,2.5476636886370185,8.279605437622664,23.22488325366459,1.626635352314191,4.626446676917212,1.2134879389411433,6.052216897783878,100,100
ENSMUSG00000036634,0.001,62.31581250733508,1.0,0.001,0.001,0.0013625481889605001,0.20710344767270902,100,100
ENSMUSG00000036636,2.890468335318533,963.9219968580364,971.2263020865004,1.7863229865497787,4.7840212866552525,0.6249126635873377,2.5974759306589226,100,100
ENSMUSG00000036639,0.001,0.0013475569772704243,1.134988612606563,0.001,0.5930404703690251,0.7017690068864432,1030.3576489717923,100,100
ENSMUSG00000036641,0.013463365463180395,21.028109480397408,32.37022880172093,0.001,4.477692003947592,0.001506670996082495,21.355171058409205,100,100
ENSMUSG00000036644,1.414872417981196,3.031433329393675,7.649940709502081,0.7823048123354177,5.023981464474383,0.4826803677699273,5.946814187299447,100,100
ENSMUSG00000036646,2.04516751538957,2.4125287823680015,16.595499515416332,1.3714615011458267,4.638898930919291,1.6589862828977329,12.039970927327168,100,100
ENSMUSG00000036655,0.001,62.31581250733508,1.0,0.001,0.001,0.0015857615463804944,0.2365716813741018,100,100
ENSMUSG00000036661,8.377828830738045,999.9999999636375,1.0,0.001,16.7530399158599,0.001,0.03306190198376488,100,100
ENSMUSG00000036667,0.6566486625547028,1.9568989536746086,12.444398508676024,0.40052028482148455,1.0684305989535452,3.473488028567288,12.58969965477527,100,100
ENSMUSG00000036672,0.4071413253834728,0.9832591170710175,9.26126381021508,0.24602902590555809,0.6006486590804845,5.766079296930022,18.57551970440361,100,100
ENSMUSG00000036676,0.40280285571283886,0.5099026016382393,2.9792113681057093,0.09578352257949906,1.109501873992118,1.5518665544622898,33.51551789452775,100,100
ENSMUSG00000036678,0.017228987118194674,0.07995730719262321,10.618324500489205,0.001,0.061254152542027,6.30429342369578,3786.9375549388005,100,100
ENSMUSG00000036686,0.8248140903366338,1.605296143950165,8.49691087985265,0.5255290217275728,1.7784670299003733,1.614960772276116,9.186163838844847,100,100
ENSMUSG00000036687,0.055707377434590324,5.659235063584514,8.06491786155757,0.001,11.227000101206457,0.0016092069400335906,41.94064707643421,100,100
ENSMUSG00000036693,1.4274681502761757,53.51963961616168,96.68280484925711,0.8262558735227413,1.8888970717439506,1.3772168504507674,4.439712134483456,100,100
ENSMUSG00000036698,1.265276078657463,2.997314272557445,8.304431317898947,0.5456847844972741,2.4157347333410666,1.0875927550340272,11.869712514265174,100,100
ENSMUSG00000036707,0.6839108299415234,0.9070489515038361,5.373108160685291,0.35440602138958616,1.8422284957753008,1.4428651099254313,16.924263669700785,100,100
ENSMUSG00000036712,0.017472974272767897,0.024692667327911415,2.6392812231137923,0.001,0.3473251949417759,2.7592029855899636,2243.0703298671533,100,100
ENSMUSG00000036718,0.500596826444165,2.587068822064746,7.571640615190607,0.28452434518776826,0.7870219777984391,1.5079312265014226,5.9256778559357635,100,100
ENSMUSG00000036721,1.0325244353600704,19.749071300592018,18.547053107591516,0.2736881765905741,1.7621334978865995,0.5165170229204059,8.58379249408791,100,100
ENSMUSG00000036731,0.001,9.349783002856732,1427.1823377905957,0.001,0.020044984360652426,0.0023946657048474814,25.949410874109866,100,100
ENSMUSG00000036733,6.130461284227004,489.21373344609606,1.0,0.001,17.195616611847726,0.0010000000000030256,0.012387745307343703,100,100
ENSMUSG00000036737,0.21978017020709684,0.1913964129849028,2.9231700441220565,0.007683855176270877,1.4304094271078713,1.212127417241656,696.1048622401892,100,100
ENSMUSG00000036743,0.001,61.674132606755,1.0,0.001,0.0010000000000000009,0.001919075490698237,0.6877689370140991,100,100
ENSMUSG00000036745,0.001037648653792832,0.0012253463013963935,1.2393286089480948,0.001,0.9567858239805878,0.6627809259779576,1213.991348126735,100,100
ENSMUSG00000036748,1.9495433429286422,3.6541574906838132,23.705007675854876,1.5303739266584335,8.249602004030747,0.9650162352668694,10.959081384896615,100,100
ENSMUSG00000036751,0.12865190952515304,0.23662398696464151,177.77976875255797,0.001,0.001,0.005844150690783839,0.842975216568177,100,100
ENSMUSG00000036752,1.1248809273126565,3.7644999567414623,77.71949958607554,0.8951106240372717,1.8464836333464136,9.778075496219923,28.626016456303404,100,100
ENSMUSG00000036764,0.449139366645192,12.472165100193218,18.270874092315157,0.021480174822528276,0.7006498738755547,0.8856710495840473,402.1581586263952,100,100
ENSMUSG00000036766,0.08961042706229795,21.278481124386428,27.029314154449672,0.02810474847562679,0.35660330459301115,0.11395486252297765,2.6373640167248116,100,100
ENSMUSG00000036768,0.022795966864646876,20.7843433529944,15.109622203524168,0.001,6.602805723165402,0.0015115669268729731,20.885144538544214,100,100
ENSMUSG00000036770,0.001,62.31581250733508,1.0,0.001,0.001,0.0015860556069098378,0.20952140592170296,100,100
ENSMUSG00000036775,0.12844953432095615,0.4148383377458617,1.0,0.03152847668910212,0.7823970257022291,0.28926456078418716,23.656379803748774,100,100
ENSMUSG00000036777,0.044082751191244864,1.8771336664142322,14.140600020203593,0.023717010433026632,0.10651153180387982,1.8867194855445244,14.793850594979494,100,100
ENSMUSG00000036779,0.001,0.001958128600658506,2.411400445000912,0.001,0.3048837742483947,2.555294627363529,1613.8259049763806,100,100
ENSMUSG00000036781,6.285421293462323,352.5148808685834,2994.2412375248887,4.835511913753664,876.8586024209684,2.1054703623165087,14.019875489752073,100,100
ENSMUSG00000036782,0.21279002759068802,6.778384756056363,35.160660157212796,0.10880378104944229,0.2971305528636112,3.4383686093023282,11.337877856440857,100,100
ENSMUSG00000036792,0.7205513756215469,3.837641279840671,5.2728939613761945,0.001,0.897001355694502,1.0729018188673276,1739.4153013886744,100,100
ENSMUSG00000036800,0.001,62.31581250733508,1.0,0.001,0.001,0.001563473772596954,0.10895470305795785,100,100
ENSMUSG00000036805,0.001,62.31581250733508,1.0,0.001,0.001,0.0015738198021960146,0.12355982492023576,100,100
ENSMUSG00000036810,2.506633887922612,10.311662576482766,30.384379767805356,1.4856674733846942,5.182495402880946,1.1716574716084374,6.937061580350745,100,100
ENSMUSG00000036814,0.004541587195931627,14.58836400748127,17.39203348125328,0.001,0.09875232396169364,0.001752192061677708,21.268225153303273,100,100
ENSMUSG00000036816,0.001,62.31581250733508,1.0,0.001,0.001,0.0020822460917125267,0.3585085587848972,100,100
ENSMUSG00000036817,1.0309135823448812,21.177442537084428,25.347400491538902,0.2887262415000814,1.428386340242366,0.835181501647045,8.76948873176518,100,100
ENSMUSG00000036819,0.4292327806115781,29.260906204145147,19.87193471259857,0.001,0.696019535426614,0.41532420571329587,351.714487664219,100,100
ENSMUSG00000036820,0.9433792609527827,2.076505834129708,8.965022927661346,0.46490779441970376,1.7565212813086628,1.576933253923869,12.454997313304922,100,100
ENSMUSG00000036822,0.21907078574192582,0.2579797646386955,4.837729536986567,0.062457278028558216,0.6653605444048027,4.363310556457179,86.62494473408975,100,100
ENSMUSG00000036825,0.1969282809031027,1.6262148021480907,2.6804781697642457,0.043815951014929244,0.5347916736512093,0.5337091005348622,10.100662747312057,100,100
ENSMUSG00000036833,0.2759924198277759,0.48677721745451646,2.2066853511660125,0.0011263451776347957,0.890631547336977,0.8778341516972712,1387.7527795903225,100,100
ENSMUSG00000036834,0.001,62.31581250733508,1.0,0.001,0.0010000000000000005,0.0016157260277648209,0.09675343757317684,100,100
ENSMUSG00000036835,1.7150766605247667,5.247918325122912,35.84370666244456,1.2491391719672877,5.539486695341843,1.6913258249588847,12.702691137444841,100,100
ENSMUSG00000036840,0.21352790060778534,36.06549866214095,40.957663000145445,0.114623344117684,0.5653536712353322,0.3850781035601683,2.297244159982749,100,100
ENSMUSG00000036845,0.26941965344280994,0.6140888441879816,4.106739305489626,0.0434184639334054,0.5715629751535839,2.3182096028299677,52.999072564162034,100,100
ENSMUSG00000036850,2.2194533361429363,5.271204200397761,20.125640592119847,1.4929794082335857,4.273169244856765,1.49674865375266,7.931111740201779,100,100
ENSMUSG00000036853,2.0813166845897446,503.1765750646759,1.0,0.001,9.12333669152093,0.0010092811149050257,0.057702078549459176,100,100
ENSMUSG00000036854,0.2025871031357981,1.4327498533424707,4.620432800396438,0.09890152299193596,0.3976268605395943,1.3151313710033854,7.229162023547861,100,100
ENSMUSG00000036855,0.001,62.31581250733508,1.0,0.001,0.001,0.0017221364385395263,0.4021372949982659,100,100
ENSMUSG00000036856,0.0939240772532264,2.078292960705816,33.45859643873276,0.06344999662634379,0.1305782800211241,10.037482188238286,28.659349537560296,100,100
ENSMUSG00000036858,0.001,61.259704531272526,1.0,0.001,0.001,0.00152788722530582,0.172366088732111,100,100
ENSMUSG00000036860,0.7289624555396159,0.5786627021325303,2.478120585943012,0.012106587110922586,3.184653676384728,0.47688809357309486,696.8912872043102,100,100
ENSMUSG00000036862,8.302760238133954,1000.0,1.0,0.001,18.25015331219257,0.0010001525213332065,0.05333645220910775,100,100
ENSMUSG00000036863,0.03342916954916111,20.805733129340258,18.035899699991408,0.001,6.323465644351463,0.0015714483220726728,34.3823143349695,100,100
ENSMUSG00000036864,0.18766423975335966,31.740840806377165,25.37835068252534,0.001003937406139611,0.38826779992777394,0.3091617742798886,201.08017816013034,100,100
ENSMUSG00000036867,0.2249486063831444,0.9902763273747228,5.829696127340828,0.08501297085796902,0.37541387184244457,2.596969895880199,16.28381237770811,100,100
ENSMUSG00000036873,0.2247612169252517,0.5081506772180584,2.8274989115139975,0.004790503894339682,0.7242746037643673,1.2791807655174352,712.0862514750369,100,100
ENSMUSG00000036875,0.03886696466495087,1.527716447858239,1.8405752144214036,0.0030624956948716153,24.408407466375042,0.0012304268699370867,17.121093812633802,100,100
ENSMUSG00000036879,0.3885338003396181,0.4204103612432067,2.4061593295012886,0.11153611888687212,1.3442406735961465,1.043886859957641,27.81597874944491,100,100
ENSMUSG00000036880,1.9098561168093482,105.76506926204462,206.7957542182773,1.0774882541003126,2.8418553759351717,1.2479602814076003,5.223733875796941,100,100
ENSMUSG00000036882,0.08043236427836037,2.4400715777229913,4.248606422486448,0.005723377203163893,0.31525287274121494,0.157282010508412,7.108078798100522,100,100
ENSMUSG00000036885,0.001,61.259704531272526,1.0,0.001,0.001,0.002283932054979252,0.2898085756681616,100,100
ENSMUSG00000036887,0.001,62.31581250733508,1.0,0.001,0.0010000000000000005,0.002003693299825168,0.10407911045196286,100,100
ENSMUSG00000036890,0.002875399722870326,6.117153194733221,33.37501260838103,0.001,0.021432015028559043,0.0023950953274242334,34.48634883569548,100,100
ENSMUSG00000036892,0.001,62.31581250733508,1.0,0.001,0.001,0.0016707117074733768,0.31360013894155847,100,100
ENSMUSG00000036893,1.2028789716725157,3.445650647718421,6.904733786679648,0.12079368119320524,3.26656007796628,0.5940854023735651,54.85367944448178,100,100
ENSMUSG00000036894,0.1495113293353826,0.9664029991574976,3.643253454016057,0.004604897983824046,0.3826244306006207,1.2765537396102,151.92805751622618,100,100
ENSMUSG00000036896,0.001,62.31581250733508,1.0,0.001,0.001,0.0017482738092129296,0.0891481910392498,100,100
ENSMUSG00000036898,0.1480709899713602,0.5483146228025562,1.641396618583155,0.08633348535818872,0.6312221971325991,0.5583034323993685,4.8818794264299346,100,100
ENSMUSG00000036902,0.11417526943484475,2.133875296871915,1.5529064321084007,0.012888624356164722,29.54984358991647,0.0015264358323444239,1.7178316453718958,100,100
ENSMUSG00000036904,0.001,0.0014461208689580784,1.1586953556933168,0.001,0.7348337668889475,0.582443863119636,995.7912723405415,100,100
ENSMUSG00000036905,0.001,62.31581250733508,1.0,0.001,0.001,0.0017844461879912834,0.13688315031262926,100,100
ENSMUSG00000036908,0.09704470152027753,0.23709055018735065,5.928436388090784,0.024380863752213593,0.19475022678637605,11.069353911739745,112.48071984234286,100,100
ENSMUSG00000036912,2.7536478855209556,632.8562464054252,1.0,0.001,9.326708250088302,0.001014720921379499,0.07435351112446872,100,100
ENSMUSG00000036913,0.001,62.31581250733508,1.0,0.001,0.001,0.0016016214443627746,0.11253597045406366,100,100
ENSMUSG00000036916,0.009976487336581292,0.012683788580131746,1.0,0.001,1.0172467622032908,0.40529152441492716,887.1550973386763,100,100
ENSMUSG00000036918,0.5830878496487658,2.967341335645853,4.235963025789338,0.00851972868603902,0.7882031314854646,0.8552836957969332,755.7466181921569,100,100
ENSMUSG00000036921,0.001,62.31581250733508,1.0,0.001,0.0010000000000000005,0.0017313001354787023,0.34388766025346107,100,100
ENSMUSG00000036923,0.001,62.31581250733508,1.0,0.001,0.001,0.0018817074884464042,0.258324605679121,100,100
ENSMUSG00000036928,0.001,61.88525872635182,1.0,0.001,0.001,0.0018928391028576685,0.2633101284455453,100,100
ENSMUSG00000036931,0.019747715083670913,23.057159176140587,43.239185713538355,0.001,1.1659806556539705,0.001991936244040998,57.170883385515864,100,100
ENSMUSG00000036932,0.03463680394849754,0.07099174412511924,9.462105815280262,0.001,0.12277695769233293,31.555508077594506,7389.926729887089,100,100
ENSMUSG00000036934,0.2097752306589393,0.3512166463833695,5.931356435496956,0.0013630401802417291,0.5692629208521303,4.864169877938542,3531.201633597444,100,100
ENSMUSG00000036940,0.06411063472266904,0.08409246024842768,6.059580606863137,0.001253604634585548,0.19395381730016698,20.182829783617407,4096.218956406244,100,100
ENSMUSG00000036941,0.479517543303665,3.3105404548110138,4.774298728325516,0.001,0.7339530697877816,1.0183949960410226,1193.9856888630495,100,100
ENSMUSG00000036943,1.12401197286842,3.7290158291171074,12.428051384788876,0.5778552513384918,2.2431762063556464,1.3838062722545064,9.778175438179153,100,100
ENSMUSG00000036944,0.001,62.31581250733508,1.0,0.001,0.0010000000000000005,0.001797379359341254,0.4145910519670583,100,100
ENSMUSG00000036948,0.06559942569413159,1.2817281976418637,8.813707122157332,0.022234992801189762,0.21674779165437924,1.188841540645162,28.714245272171578,100,100
ENSMUSG00000036955,0.8915637453444653,17.855595603548693,25.459786933185576,0.09773983815864522,1.3481855021425209,0.930545223099229,22.760189222413175,100,100
ENSMUSG00000036957,0.27253440295430786,30.011463724147642,12.876177689442931,0.05225796421947838,2.670419222072529,0.039954957676200886,2.7384373020695865,100,100
ENSMUSG00000036959,0.3200942237622571,2.7476980779727267,5.6860277796239,0.001,0.37738197782920635,1.7896667816302467,1132.9984163732465,100,100
ENSMUSG00000036960,0.001,62.31581250733508,1.0,0.001,0.001,0.0015928902338578003,0.292693270715923,100,100
ENSMUSG00000036964,2.4775427603301186,591.623848152653,1.0,0.001,9.777197921489321,0.0010002947017860005,0.04131814933840113,100,100
ENSMUSG00000036966,0.24071449987227767,0.4162876430930731,10.061785299177988,0.08549016771247861,0.46071649780326906,10.195585763628781,90.71068420318204,100,100
ENSMUSG00000036968,4.080297712720842,1000.0,1888.8029337288442,2.7005290391059935,6.7218987676395265,1.1882796138308986,4.349601565275834,100,100
ENSMUSG00000036972,0.05502630649927799,13.268950559072994,39.892166880980334,0.0015570631657630088,0.1273624155428562,1.0194589798907527,154.86689334971678,100,100
ENSMUSG00000036975,0.38807607101520153,1.3245643539828873,2.458732524835,0.11607914951129097,1.0369659740939094,0.4481818850173143,8.270935949946164,100,100
ENSMUSG00000036977,0.8102118494703587,0.7965248266324548,6.9767597558076035,0.5452909981938506,2.5127210332954855,1.4811629497469527,16.699044311897183,100,100
ENSMUSG00000036980,0.7736602758618375,1.1663154264514968,5.531844650766812,0.4090008210623962,2.2058486243655073,1.0323215818055935,12.512470593118408,100,100
ENSMUSG00000036983,0.3517354444898556,4.301988021092194,4.146137910045353,0.13744151152544581,0.8044866409768434,0.37092896869610903,3.0798802344049747,100,100
ENSMUSG00000036985,0.23649439377243078,0.3320453751447763,7.690925768715312,0.08766236634330114,0.418635790041201,9.547093558959682,72.33833037137335,100,100
ENSMUSG00000036986,0.6762548254307394,0.8183086268195611,4.0969007550717444,0.2198596038580944,1.7150443764042635,1.2955387707049861,23.10458934534862,100,100
ENSMUSG00000036989,1.1960599666240792,2.871184157838211,14.248242175963298,0.7877948898122245,2.736266452621286,1.6618225509037532,9.863232551771329,100,100
ENSMUSG00000036990,0.31565191260292347,2.9161114869917784,4.06669230750829,0.06660232836152666,0.795916988663957,0.4841830436967728,9.866349721887634,100,100
ENSMUSG00000036992,0.9082442667774328,108.94363585150455,190.73625340149164,0.3668019350240732,1.2877842751040445,1.2336565222714313,5.8267903652261115,100,100
ENSMUSG00000036995,0.5659363628548569,8.542214556667004,20.68659169883478,0.24557470355330274,0.7929934660964922,1.5653139445100819,6.938673151516499,100,100
ENSMUSG00000037003,0.18411285487126905,0.4034099539786084,4.931411407645028,0.08078635415679405,0.35385792150439727,5.067736187104469,31.72069515530982,100,100
ENSMUSG00000037005,0.08894211848129929,18.8292437339911,6.226338334663201,0.001,21.048911026617624,0.0010000000000013243,0.8734482591389439,100,100
ENSMUSG00000037007,0.15261749506507422,0.2891210915461524,1.4412410447538937,0.001,0.7951884985355218,0.6379144235254375,926.2240242831449,100,100
ENSMUSG00000037010,0.018068926121017785,2.6477691538866543,38.265478507928066,0.001,0.13461267937799762,0.11568683342143267,67.99341590259223,100,100
ENSMUSG00000037012,3.923549023027359,218.03164471741547,601.6414290843072,2.731417665365808,5.480799657492444,1.9241450987739308,5.495242153863869,100,100
ENSMUSG00000037013,1.4776526624202624,5.745343360305309,23.24647926794855,0.9390399753997437,2.6245633619739634,2.014380117292203,8.926694735146272,100,100
ENSMUSG00000037016,0.001,62.31581250733508,1.0,0.001,0.001,0.0016191415981609751,0.11429187034102814,100,100
ENSMUSG00000037017,0.0019584653732530404,0.0018360655450935705,1.8418604261850244,0.0010044207041419381,0.7664899389609503,1.4384787576425824,2023.0151266708326,100,100
ENSMUSG00000037020,0.2556256253009789,33.757964800422,15.584353301674328,0.043492951985086195,1.3311799769454555,0.09018681421916785,3.208992512359939,100,100
ENSMUSG00000037022,0.2073428782670807,0.6250592701266674,3.0716687791850914,0.0819765780219192,0.49041343206665694,1.3876759500889402,13.24442617896263,100,100
ENSMUSG00000037029,2.089446728907639,240.3082016780723,187.7584075806874,0.09238465467105539,3.065109347035383,0.5392929786823918,53.624696921067176,100,100
ENSMUSG00000037031,0.6271465480030781,154.92719237319113,1.0725811857353496,0.001,6.285073212862885,0.0012817739377952884,0.04373111776366929,100,100
ENSMUSG00000037032,0.8151469957409928,23.162297394038955,60.62734235143588,0.4229030536165962,1.1055113804356749,1.782284036809023,6.893451691707913,100,100
ENSMUSG00000037033,0.024547067421096004,4.555506665845105,337.36969580920317,0.001,0.08303849273329547,1.1912742071856965,324.84942994579393,100,100
ENSMUSG00000037034,0.0018219945631792217,0.09910838812214416,4.357343820550351,0.001,0.031414859551118196,0.002875303643188943,113.43790582863295,100,100
ENSMUSG00000037035,0.16945060136729584,1.2296548037681594,19.402886604550982,0.10846007770959862,0.24222357054088514,11.654975869330642,24.82873329241096,100,100
ENSMUSG00000037049,3.2386348028877032,370.1506406497819,739.5321514859692,1.7423742231367916,6.624244797812972,0.9873237840841289,6.380266130144788,100,100
ENSMUSG00000037058,3.35814990318773,8.249736109097896,45.13598579885676,2.4752537986687484,9.40394803601307,1.371488778791802,8.581231944610522,100,100
ENSMUSG00000037060,1.1852656160791417,38.63375187650431,195.64379772086022,0.8532602366264689,1.6107018910942643,3.5158088193240626,7.514035095197269,100,100
ENSMUSG00000037062,3.493269318340319,753.390596003759,1639.9402062168908,2.621327310969014,5.4667910810661935,1.3856954216465467,3.5790824281265534,100,100
ENSMUSG00000037070,0.001,13.461561904265809,1.0,0.001,0.001,0.021223880416429374,3.799509987341578,100,100
ENSMUSG00000037071,1.1569794428276434,12.105314725291098,42.85480372922186,0.8324443003047,2.0214030763902326,1.6338897480097776,5.815306763519098,100,100
ENSMUSG00000037072,11.528554926151552,996.1717875195125,3827.9314933872292,6.255319436338981,12.7979148758925,3.5226378097465463,7.52778738124872,100,100
ENSMUSG00000037075,0.04795441179463725,0.04986965786664057,4.234510206900699,0.0010398365957978396,0.17673691115958629,17.032224477972107,4042.5139926166885,100,100
ENSMUSG00000037085,0.4029208550023706,1.2849028256892876,2.9710836093893267,0.0019349595310985696,1.0029975010734618,0.6979592905803924,816.5634162166637,100,100
ENSMUSG00000037089,2.055820438421138,8.75413401067426,41.95295809753777,1.5037361599552166,3.708236474825573,2.02788341463856,8.299880819101023,100,100
ENSMUSG00000037095,0.001,62.31581250733508,1.0,0.001,0.001,0.0015120785027191415,0.3110347733113933,100,100
ENSMUSG00000037098,0.32974283322800324,0.30697800861846575,2.4998636707343764,0.06933762759938866,1.480373802352494,1.0051308910492578,43.77629155921738,100,100
ENSMUSG00000037103,0.5403592619675164,59.69652316691448,79.14140629769497,0.1864126203831472,0.8446252761184847,0.7496961921369143,5.533390068447762,100,100
ENSMUSG00000037104,1.9644844754272326,7.596794663437626,38.90001678493945,1.3820220361380018,2.982027475301445,2.8143009867550357,8.919372309957424,100,100
ENSMUSG00000037108,0.03413763267419499,21.111977537840353,23.55101574350249,0.001,16.75519461413223,0.0010373836014226485,22.206431303531794,100,100
ENSMUSG00000037110,0.05856927035226464,0.14988895350742018,1.2224211917267254,0.0018723027960474005,0.6212868431109626,0.5454776981602933,316.42453322014535,100,100
ENSMUSG00000037111,0.910090930713307,1.4329955417950584,14.257014500628552,0.6043749970150598,1.923939321461992,3.0380762116289004,20.202198716485213,100,100
ENSMUSG00000037112,0.14352137954625954,0.3183828946261897,1.80788880123728,0.001,0.6554397381868473,0.8446043490139103,989.3730192065718,100,100
ENSMUSG00000037119,0.06508275291155839,0.10465697126966605,1.7691867642276164,0.001,0.7680534495176745,1.0355070864441047,1389.1778989680251,100,100
ENSMUSG00000037126,0.08686926493373325,18.876678819728284,12.223006884861528,0.01031116179430078,49.42651575426425,0.001042122898192133,3.6405972913915057,100,100
ENSMUSG00000037129,0.001,62.31581250733508,1.0,0.001,0.001,0.001849550459219785,0.09560623274649141,100,100
ENSMUSG00000037134,0.40499864263347723,2.050986104686895,2.2221875733341343,0.11589200662438315,1.5605277914782942,0.23864825819422764,5.909651917712067,100,100
ENSMUSG00000037138,0.001,0.042267519280124954,4.002609480828513,0.001,0.03909377277052453,0.005270530579060788,126.82128593483539,100,100
ENSMUSG00000037139,0.001,62.31581250733508,1.0,0.001,0.001,0.0014856520238518563,0.11150067174327419,100,100
ENSMUSG00000037140,0.001,62.31581250733508,1.0,0.001,0.001,0.0017841927688812718,0.5030707617575193,100,100
ENSMUSG00000037143,0.022884322318977596,20.644758580335225,15.013464411453857,0.001,9.165973483692788,0.001390429063695115,19.278747789071893,100,100
ENSMUSG00000037148,0.9156318372653701,19.155783746649252,40.568071897751516,0.5085614678547752,1.3345683765921241,1.4918235078707405,4.858448622437305,100,100
ENSMUSG00000037149,3.4093631136202833,7.034908916029997,40.203099947502054,2.291750864045235,7.23569841524985,1.8139328226827955,11.489266356676369,100,100
ENSMUSG00000037151,0.331155651001002,7.762868698045732,7.999206307904427,0.014570601659863968,0.6305667570154905,0.4645469424673585,251.319432849916,100,100
ENSMUSG00000037152,7.772321261234327,401.47470056975476,698.8936793483191,5.997425083845703,12.41521554642021,1.0524344982608147,2.298758707404364,100,100
ENSMUSG00000037159,0.001,62.31581250733508,1.0,0.001,0.001,0.001810690242804832,0.17149055883104325,100,100
ENSMUSG00000037161,0.15968845585790478,14.758928386837146,46.74538183746852,0.03774272735669089,0.23891299585455888,1.6616049845870942,16.258568322857744,100,100
ENSMUSG00000037166,0.001,61.45463549419866,1.0,0.001,0.001,0.0015423124515247827,0.18192117117168774,100,100
ENSMUSG00000037169,0.3375106380569715,106.23504680015822,1.4279614481129101,0.001,9.223988431477043,0.0010000011835686838,0.14368252521500197,100,100
ENSMUSG00000037171,0.001,62.31581250733508,1.0,0.001,0.001,0.0018103082107063873,0.08216916648122424,100,100
ENSMUSG00000037172,0.001,52.2201534249479,1.0,0.001,0.001,0.002030253561015676,0.1949474979646308,100,100
ENSMUSG00000037174,0.31896744012426176,0.4168924690408894,5.70334743170373,0.17521676356035382,0.7231957116931584,4.084076898549017,26.49141156951393,100,100
ENSMUSG00000037185,0.060355537281560456,18.482278059140945,17.625064616523638,0.001,13.29904689958843,0.0016116598547375217,79.84353088038961,100,100
ENSMUSG00000037188,0.004335749550948762,10.997606599591151,61.292377457822774,0.001,4.090087577783465,0.0010928364648374708,37.91878236650069,100,100
ENSMUSG00000037190,0.1058380497056519,0.13052459173559872,2.990148341936455,0.006127692582855756,0.5269299282767196,3.753928240304381,979.5848100063913,100,100
ENSMUSG00000037196,0.06142165631507169,1.2551825138668093,1.0,0.001,30.355403732963865,0.0012339887091538902,17.237596651211362,100,100
ENSMUSG00000037197,4.066326152934503,957.6575907652443,792.277445167167,1.4365538043196604,6.825707693095934,0.48838416334325524,5.917958930294503,100,100
ENSMUSG00000037204,0.4088054796754378,0.3977339265118247,8.260140531443524,0.15697681094959542,1.310169320918162,3.4511514130150154,58.79155332389725,100,100
ENSMUSG00000037206,0.048905618514832605,4.749800619886065,141.76079182772384,0.020464497211880324,0.07029888280253968,18.1118460456864,85.56661760012452,100,100
ENSMUSG00000037210,0.3555490312693998,0.3368533464080904,4.312921941788672,0.14635443581872742,1.1524552747706487,2.047949893839381,39.106600079525435,100,100
ENSMUSG00000037211,0.060791228550739915,8.273621644116428,39.842176062086786,0.001,0.08476758119967856,3.2477680044453177,372.5564485767836,100,100
ENSMUSG00000037214,0.39360975644149604,0.8154880465214299,2.4717427804299823,0.032298294488347264,1.1665276761096144,0.730615550490032,70.58007284971659,100,100
ENSMUSG00000037217,0.031421875046483375,1.115243720938844,4.093668881683735,0.004262618360062413,0.14599946645704348,0.46075520717834795,14.177865857948078,100,100
ENSMUSG00000037221,3.187346046862851,18.352506344350683,47.55481625441414,1.9917484237296295,4.804322278944596,1.5080209721014042,6.006915285906826,100,100
ENSMUSG00000037224,4.04511003757242,520.2255442104483,1.1003827097177246,0.001,15.638477911492284,0.0010000000000112046,0.019203731610119113,100,100
ENSMUSG00000037225,0.5445666159284078,277.4147788915949,676.5506057927213,0.33361736774049133,0.703052446577836,1.7408456581476845,4.650022010595881,100,100
ENSMUSG00000037234,0.9523717380267561,3.5250527773411715,15.043185359789469,0.6191275985195449,1.4787173907949025,2.2641043920967348,7.550939382658583,100,100
ENSMUSG00000037235,1.1887619606838873,3.7273537291201837,15.400437774127376,0.7112097930937837,2.1810730192492516,1.901458483053451,10.006426365511302,100,100
ENSMUSG00000037236,0.40098449321616436,2.3863059097843355,26.232922108749037,0.026054371890292666,0.4402213340012997,10.075198849231507,278.6094458110273,100,100
ENSMUSG00000037239,0.041983476648275384,0.05563490243237244,2.868468923140221,0.001,0.37671753699429744,4.13473399466471,2477.9566628332213,100,100
ENSMUSG00000037242,2.5426554765462055,4.625513058406435,28.989780003756472,2.0806875631162747,5.17031729571686,2.039751788655552,8.500811583717695,100,100
ENSMUSG00000037243,0.3520401772418991,1.6907805834003817,4.8863134658691125,0.0011190181306460067,0.7083115397511459,1.2002231408535877,1400.1417028437982,100,100
ENSMUSG00000037251,1.0300910476675236,1.2127439224608982,4.435084642146716,0.39336808336859436,2.758310401395259,0.7215577848127878,15.159354111119631,100,100
ENSMUSG00000037253,1.4862172919757062,1.6500299345860072,8.164878842570968,0.628951095719311,4.842616326690075,0.7667574101139234,20.725294470579428,100,100
ENSMUSG00000037254,0.24756016957695987,0.4673865106739326,4.86352888969166,0.1215971846510974,0.47965970254597834,4.302713989205499,24.91869969550146,100,100
ENSMUSG00000037257,0.10510990435143351,0.031939766277252875,2.012853516717561,0.04988386155303497,4.689237106369727,0.36818193245158026,166.78744674580219,100,100
ENSMUSG00000037259,0.0034340170702919963,12.299331501407378,30.34104659896751,0.001,0.16921003779610885,0.0021874728576026362,10.368332620466578,100,100
ENSMUSG00000037260,3.514935573128672,468.1231582475646,507.4063869763415,2.4165145459515456,5.898484531852549,0.6186718364112109,1.732410057579966,100,100
ENSMUSG00000037262,2.635059601140522,19.2104324899605,33.63999167638903,0.8172243132264251,5.710108958926407,0.743702415783851,15.97657305612137,100,100
ENSMUSG00000037263,0.001,61.88525872635182,1.0,0.001,0.001,0.002066475927622252,0.07466426538457276,100,100
ENSMUSG00000037266,2.6611743059604263,31.529042795414224,116.44711973361633,1.6323657144347634,3.9868931473407034,2.2585714270147776,7.653235494578606,100,100
ENSMUSG00000037270,0.6156042920249576,2.780528373300844,4.8322267251068105,0.09043778852131643,1.1307741303006993,0.8241291691513044,20.862047256740937,100,100
ENSMUSG00000037275,0.001,22.27160351718625,1.0,0.001,0.001,0.003913475805406604,0.47438830683524813,100,100
ENSMUSG00000037278,1.278838279942345,15.51306008338535,50.666656840211836,0.940251063695592,3.7238237735494186,1.2700070783654147,5.434589380870145,100,100
ENSMUSG00000037280,1.2942464081253242,312.7073817864961,1.0,0.001,8.49653088388481,0.001,0.04500200392097643,100,100
ENSMUSG00000037286,0.22628459597693792,1.136694711691669,7.291590153280725,0.11290308767971635,0.3722102802395103,3.602731026977155,13.591578464841122,100,100
ENSMUSG00000037287,0.3452265001847229,3.7987143484450376,9.04308112265585,0.08469410560598767,0.5774931386573008,1.1246967770806808,12.927942686733436,100,100
ENSMUSG00000037295,0.5950828074390672,3.2623896471520366,5.10156070118819,0.023152648062277105,1.2343408522301367,0.6892823982569427,28.62678995651555,100,100
ENSMUSG00000037296,0.025442595785032746,0.02697880810041745,8.705973107197867,0.001,0.14195962124035635,43.158323360378546,9108.094378624788,100,100
ENSMUSG00000037300,3.5429788148763826,799.5904636184463,799.1904858467402,2.5571999340956992,6.876180144102527,0.5038854316929786,1.4400070971316405,100,100
ENSMUSG00000037306,1.2271207466965255,314.3365824031155,500.33050776701026,0.5505130686442845,1.7921748693297532,1.0516141310351048,5.0563572236948024,100,100
ENSMUSG00000037307,0.001,62.31581250733508,1.0,0.001,0.001,0.0017912354861728086,0.2658858679221724,100,100
ENSMUSG00000037313,0.06697653633873062,2.746798543438721,25.381378811558374,0.04543950113413954,0.12045889498060244,3.5592170782346466,15.073281411243013,100,100
ENSMUSG00000037315,0.04245892391574155,1.535116076394822,1.8418534657637344,0.001950236366625886,18.123156510502206,0.0012735966296091384,8.171992213963952,100,100
ENSMUSG00000037316,0.11915630025244911,0.5715131346897975,2.065384127324171,0.001,0.41844131000544404,0.8618725129286187,468.1007613968833,100,100
ENSMUSG00000037318,0.001,62.31581250733508,1.0,0.001,0.001,0.0018022180968131447,0.10459593249611998,100,100
ENSMUSG00000037321,0.5423900802120529,9.035729045836913,18.19820248459907,0.20441949114405514,0.8220824053822081,1.2784332011740513,7.773407271686616,100,100
ENSMUSG00000037325,1.0584965049462323,5.300336745257508,3.7452280005480327,0.15472040168827694,2.5652173908499005,0.2562496029911098,18.771639509723155,100,100
ENSMUSG00000037326,0.37484148672698486,151.8299158646106,264.3469181981415,0.02989012236418382,0.5715793244936841,1.1262752757757855,266.44107574563924,100,100
ENSMUSG00000037334,0.001,62.31581250733508,1.0,0.001,0.001,0.0018226189808397005,0.15963130988831248,100,100
ENSMUSG00000037335,0.001,62.31581250733508,1.0,0.001,0.001,0.001745172063972913,0.18102232870230245,100,100
ENSMUSG00000037336,5.5394453177263685,695.2369171394405,1.0469993547505954,0.001,16.997207679938295,0.001,0.038871085005013864,100,100
ENSMUSG00000037337,0.008053286184355753,1.4163647524115663,7.634897006346752,0.001,12.567629176117268,0.0010303767169385445,19.07565881032717,100,100
ENSMUSG00000037339,0.683931648693461,0.8999245563632682,4.7110537431261355,0.22335180706623026,1.7051440344461373,1.3657014134091017,23.533380236533908,100,100
ENSMUSG00000037341,19.42837389320109,553.1924061047564,1.0,1.0393939248699318,50.96805321634773,0.0010338791326814712,0.008474971358725878,100,100
ENSMUSG00000037343,0.1117828297534313,0.07978817732879573,1.805020371651886,0.0033657152178402172,1.1348231354509553,1.0773074474201367,863.0889681884341,100,100
ENSMUSG00000037344,0.1771577786219272,0.2770651958703416,1.5838117944102619,0.001,1.0722485972542368,0.5232749496911264,1135.5852001401481,100,100
ENSMUSG00000037347,0.25939564364089757,0.6700835111949988,10.227766861887542,0.15469117273431368,0.40546925822950436,8.922721784655772,30.983636823806712,100,100
ENSMUSG00000037348,0.3244803865370342,0.7637325760615293,1.9949256939431121,0.001054283956811466,1.209531402356756,0.5013884699162202,996.2688069374888,100,100
ENSMUSG00000037349,0.815125966377543,5.07315243061475,13.168448415745459,0.36730814895301167,1.4001346224561502,1.3039700325957746,8.234526268347217,100,100
ENSMUSG00000037351,3.3145605163968783,6.73344065290616,32.699372988780674,2.201636295655696,7.184596561043769,1.5230373191221034,9.250542552216924,100,100
ENSMUSG00000037353,0.4726281662575477,2.1956210030321475,3.5409886268864885,0.001,1.2638563178708058,0.5395070132603981,1025.3714689645626,100,100
ENSMUSG00000037355,0.22812490914252764,32.88693297385617,16.324415163720705,0.04581312989139934,1.789897060664361,0.03038230637427567,3.0394171595151853,100,100
ENSMUSG00000037361,4.182834836208015,60.55757022226437,106.2856205255576,2.2054494668045264,6.8486590469430055,1.0436096027748212,5.642661181253651,100,100
ENSMUSG00000037362,0.09257749344389216,163.75663802067672,1025.4910654596104,0.05214599152731389,0.15846916840989103,2.6492387633360766,15.901256554336504,100,100
ENSMUSG00000037363,0.1998570089750423,2.939627978911655,7.542251983793101,0.05300315763821564,0.33872641517147345,1.175236716133268,12.649436826234512,100,100
ENSMUSG00000037364,2.347633945161052,248.1954653047458,547.0551866229428,1.2252235049914248,4.749562453758104,1.2274647715206068,6.612976425893454,100,100
ENSMUSG00000037366,0.2633660642656614,0.28028087651570766,2.0404344525292797,0.0016891941819917931,1.4291506511497314,0.8241463091241268,1359.7084424026605,100,100
ENSMUSG00000037369,0.21535342950970404,0.8862243355359588,3.2804359508614027,0.011669924241757666,0.49767013648693725,1.2791628296985782,473.0088447738545,100,100
ENSMUSG00000037370,0.2873468326860399,2.9447121384401003,20.22839135984587,0.19961172836813196,0.4258475455014062,4.152477178446294,10.350861758996803,100,100
ENSMUSG00000037373,nan,nan,nan,nan,nan,nan,nan,0,0
ENSMUSG00000037375,0.24280033109575622,0.32064142386314076,1.0,0.001003543431508635,2.0006146810962724,0.2326143825914278,927.2837916560995,100,100
ENSMUSG00000037376,1.5029015468405695,27.288451822178995,36.94394786244139,0.1451286114996112,2.2379059031375195,0.9544315217667394,43.787877560507276,100,100
ENSMUSG00000037379,0.35582974840326237,4.834455154531009,95.74000834177153,0.284331569162784,0.41736618276321424,14.519820814805115,27.678970927701503,100,100
ENSMUSG00000037386,0.023575695543012712,19.123887212859984,37.69981950773852,0.001,4.866860395340867,0.0019737548698835513,59.5870764048036,100,100
ENSMUSG00000037390,0.001,62.31581250733508,1.0,0.001,0.001,0.0016842247236119779,0.4136975299620023,100,100
ENSMUSG00000037395,0.048333219018317705,0.5565686632716983,4.045393349712702,0.00499424018708442,0.1472419157193096,1.324581588005311,70.12335067222642,100,100
ENSMUSG00000037400,0.9013565987896687,303.2708511598718,211.55920485136642,0.4216446284015846,2.78335789264646,0.20235825231343152,1.8032554787772441,100,100
ENSMUSG00000037405,0.05550073801308415,23.6093856435707,1123.5459444811386,0.023691208313017628,0.07149768748721375,26.844369545731237,79.80099855464888,100,100
ENSMUSG00000037406,0.012852918839545265,17.14816769278556,71.88701988784236,0.001,0.09293308513397822,0.05611645341717683,112.40948120866058,100,100
ENSMUSG00000037408,0.038375655568617925,0.040682378068770494,1.3666466154391383,0.001,0.9282002552269097,0.7422744006176947,1299.5489480695974,100,100
ENSMUSG00000037410,1.135607919523195,3.9449760087450714,9.541800555735822,0.32794424220910684,2.411582578558549,0.9003161899691559,19.139442506486205,100,100
ENSMUSG00000037411,0.7170325124890063,5.678963418875604,1712.1923522492625,0.09066691627572869,1.0634207202661459,141.08118620377627,8923.113915348178,100,100
ENSMUSG00000037415,0.6244255853779316,0.48556597727428835,5.673223454767489,0.22787228233742665,1.7821243031087597,2.4759600238986454,42.761903515526214,100,100
ENSMUSG00000037416,0.3439829692414384,22.774169146567896,25.786728081110304,0.0015564552982305431,0.5667513918023027,0.5988110639594757,172.54322232381193,100,100
ENSMUSG00000037418,0.8351502032981986,199.10283567453752,1.0,0.001,8.051370325824038,0.00117508948785888,0.041668680394853566,100,100
ENSMUSG00000037419,0.29993389045766544,129.82873918665484,546.2080103757096,0.011449028551786339,0.34734235528313884,3.626073592307902,173.75696415348312,100,100
ENSMUSG00000037426,1.0070446957562174,19.45054494072414,17.062612713868518,0.003703177183176385,1.7647238295157397,0.5343191735535944,785.9250916681805,100,100
ENSMUSG00000037428,0.004315157926419594,109.66752649884097,1652.392196433055,0.001,0.010163913625879838,0.002172967912291469,128.63532327646374,100,100
ENSMUSG00000037432,0.001,66.84427540036525,1.0,0.001,0.001,0.0016869469729562316,0.4673362978682524,100,100
ENSMUSG00000037434,0.0268480290257438,0.23481867459897715,2.515265973415507,0.001,0.15237023318553788,1.2935759321369333,350.2641487752338,100,100
ENSMUSG00000037437,0.039625558635717824,19.892481780760455,10.508137070022308,0.001,16.810429051892164,0.0010133725847727036,29.900268460271825,100,100
ENSMUSG00000037440,0.3783421555866565,13.454383115218986,20.463315949475874,0.24553406294930155,0.6962076948771312,0.7844407398604195,2.5476610376688944,100,100
ENSMUSG00000037443,0.8900371776034344,3.0053276199067174,6.469174678280851,0.2364065833531535,1.7925756174243879,0.9058437375231645,12.934198234780588,100,100
ENSMUSG00000037446,0.001,61.45463549419866,1.0,0.001,0.001,0.0016821986297138446,0.1467448953255338,100,100
ENSMUSG00000037447,0.3386645712706699,17.37694687224111,3.689210907223571,0.09861773171734761,47.046872128147825,0.001313984851211242,0.8309533234962742,100,100
ENSMUSG00000037451,0.001,62.31581250733508,1.0,0.001,0.001,0.001522435182337696,0.36712226875802356,100,100
ENSMUSG00000037455,0.445505418807735,0.3495508365295479,2.3690944237751688,0.03546954692060643,2.047982786837386,0.7784751213846964,99.82688085234815,100,100
ENSMUSG00000037458,0.5841031297667345,1.124712444633605,12.135474753822525,0.3486556668748932,0.9884823698202181,5.06921090363684,21.15188054713065,100,100
ENSMUSG00000037461,0.3812176167189135,1.5914794679799276,1.4302881989644125,0.0717803217343376,1.5159958836589198,0.19800440160332178,7.11328703945969,100,100
ENSMUSG00000037463,0.7094208961081039,10.972996458838981,14.608718990346032,0.2639777404269068,1.0510755534594014,0.7862972195971822,5.0469152336102105,100,100
ENSMUSG00000037465,0.47547008302574795,4.943695352306394,21.039248572541645,0.34175930342697863,0.7953801408490442,2.177876366650538,5.94376307108419,100,100
ENSMUSG00000037466,0.029848692011421808,0.307576835943005,1.302555661144552,0.001,0.30096446663128407,0.23549958150899414,79.6364046987096,100,100
ENSMUSG00000037469,0.001,62.31581250733508,1.0,0.001,0.001,0.0019618956901749415,0.2690674016856599,100,100
ENSMUSG00000037470,1.8685805888570843,3.824880987581502,24.776257872668566,1.3090925758171212,3.354238194343173,2.3628931725363707,12.08604668774906,100,100
ENSMUSG00000037474,0.053809350538899396,6.488470944605673,15.762898670808424,0.015051262724537516,0.3942921984701099,0.16130668293824618,11.815144023383942,100,100
ENSMUSG00000037475,0.001,13.797859525462927,1.0,0.001,0.001,0.017952220384494934,2.183966661193125,100,100
ENSMUSG00000037477,0.001,66.84427540036525,1.0,0.001,0.001,0.0017046194939604083,0.17219372470740996,100,100
ENSMUSG00000037486,0.10934762445148337,0.21749985527819257,3.36271378298127,0.004820253203032127,0.3220779850033628,3.1013716942596714,640.8713361040462,100,100
ENSMUSG00000037487,0.8213056848665687,1.4154401317209733,9.42463383681284,0.32960021832716935,1.5646312689007498,2.4481980401698142,24.37866601327825,100,100
ENSMUSG00000037490,0.09320386810379862,18.596389737150478,6.1262389295790145,0.001,26.54231472458809,0.001,3.4192249887518145,100,100
ENSMUSG00000037492,0.001,62.31581250733508,1.0,0.001,0.001,0.0015331720588102522,0.21563265071875834,100,100
ENSMUSG00000037493,0.19568106586917802,0.7389187490695274,1.6902287700769807,0.00460517054400634,0.7355055665991964,0.443604191346786,304.55658729162826,100,100
ENSMUSG00000037499,3.4389055040105316,5.146294223865026,5.63260888512368,0.37483704610327556,13.800101052267301,0.19500324982617923,62.749636625055544,100,100
ENSMUSG00000037503,0.5272674389435515,0.8735578766581732,5.892019793064972,0.2000188953600645,1.163494169143477,2.07753593168336,24.99665947201673,100,100
ENSMUSG00000037509,0.254109081518081,22.83234087998004,41.63884900994051,0.001437718432671958,0.509276168758067,0.7867920267496309,342.85089425645145,100,100
ENSMUSG00000037514,0.006125577626071252,0.0033186490354670624,1.759345005476821,0.002022898387471198,1.4456764226842136,0.999585974812902,1665.7304921376058,100,100
ENSMUSG00000037519,0.44418395083434903,0.760713390513073,4.928944051536346,0.255360246226035,1.0942384751938663,1.8219269255646164,14.743315621472458,100,100
ENSMUSG00000037523,0.6009689477712302,1.0676177257764197,6.134606868372601,0.22691501097688943,1.308455295158279,1.9684901793613538,21.971931556972173,100,100
ENSMUSG00000037525,0.002055802775066446,0.006062558447786228,1.2324435378085206,0.001,0.3726072836952501,0.7474500987054435,462.37092664665374,100,100
ENSMUSG00000037526,0.6564831886935653,4.411529300263372,4.494169596647343,0.001,0.9015054115997978,0.6819185703688493,1246.0368313011911,100,100
ENSMUSG00000037531,0.751864128572858,1.5300219533821782,5.101832392477617,0.29437553001237016,2.047036855285077,0.885390907043718,13.038917514915259,100,100
ENSMUSG00000037533,0.23602756751385298,1.608211039018689,3.8394219929411872,0.001,0.3864916676401756,1.3988032351154478,1038.753060648633,100,100
ENSMUSG00000037536,1.123200820899131,16.680414587141115,16.190934196772353,0.3183013468139342,2.104024677228921,0.46088319470916556,5.036483588014706,100,100
ENSMUSG00000037541,0.003895090119759391,0.7196176085415574,9.142666661573006,0.001,9.258435378308619,0.0012075258085499278,54.82833861134243,100,100
ENSMUSG00000037542,1.4275905501715376,345.13246017114864,1.0,0.001,8.29572664411372,0.0011071733596018513,0.11570655010359909,100,100
ENSMUSG00000037544,0.03652673639478672,0.903647731042118,9.966037082669079,0.02010063026058248,0.08875823615225206,3.4260233908515514,20.437900972370848,100,100
ENSMUSG00000037548,0.040828722016351925,2.000687694116361,10.062052071261,0.01199459299354947,0.11027852824272902,0.8485906937566735,16.668261477066196,100,100
ENSMUSG00000037552,0.2525884562766272,0.302431819073543,2.091072519962428,0.045779136470240456,1.3224138461364443,0.7001119692388009,47.9964654172808,100,100
ENSMUSG00000037553,2.17728222872939,93.32535974753189,228.88731600801174,1.3346186823864579,2.752982463056231,1.9385286684798517,5.079333101401383,100,100
ENSMUSG00000037563,0.211311832826532,0.6691755064912716,469.82505452379394,0.001,0.001,0.006484950510730714,1.8338347436901323,100,100
ENSMUSG00000037568,0.21609149305543585,13.966162436736154,12.145922143360242,0.10422545983414677,0.5334955118286216,0.247577328692766,1.978223523569756,100,100
ENSMUSG00000037570,0.9223805136116838,0.9821353041502363,7.952228403503196,0.500269855861305,2.1275748712653497,1.9302167601662719,20.487109377626922,100,100
ENSMUSG00000037572,0.00565260529988143,5.48036713762679,71.20256643469995,0.001,5.336235043634106,0.0018290785323310664,124.73178276230288,100,100
ENSMUSG00000037573,1.0235612031773254,151.2618332739623,164.0434902890313,0.5828344187689417,1.7271322898985266,0.5791831416380699,2.104376630988536,100,100
ENSMUSG00000037577,0.001,61.674132606755,1.0,0.001,0.001,0.0018596321016750112,0.16191585237353223,100,100
ENSMUSG00000037578,0.001,62.31581250733508,1.0,0.001,0.001,0.0017301187259157647,0.26494706363638104,100,100
ENSMUSG00000037579,0.001,62.31581250733508,1.0,0.001,0.001,0.0017856763460297824,0.2482229083348842,100,100
ENSMUSG00000037580,0.17719629714055532,181.535831735552,439.52944342158827,0.09895476698466053,0.3386620307594692,0.9538672494767786,4.554717183582687,100,100
ENSMUSG00000037583,0.001,62.31581250733508,1.0,0.001,0.001,0.0017905330878657134,0.14591434123344127,100,100
ENSMUSG00000037593,0.001,61.45463549419866,1.0,0.001,0.001,0.0014954859377549158,0.14586717650303335,100,100
ENSMUSG00000037594,1.9081864992303808,151.38472049879033,619.3035892364503,1.2416948392603753,3.777823764111757,1.8959385670475255,8.253536612032747,100,100
ENSMUSG00000037600,0.001,62.31581250733508,1.0,0.001,0.001,0.0016974500599712624,0.14332554920483376,100,100
ENSMUSG00000037601,3.348324230296318,110.08773452670842,851.0884114497197,2.2547895315029978,4.950926346272734,4.996601067517227,16.85677803537662,100,100
ENSMUSG00000037603,0.001,61.88525872635182,1.0,0.001,0.0010000000000000005,0.001808681453965638,0.15751582685086699,100,100
ENSMUSG00000037605,4.991976845245291,635.5253441093373,1.0687289854706903,0.001,15.970104104600747,0.0010000000001386344,0.01350488913320325,100,100
ENSMUSG00000037606,2.730351159434981,122.27670674880268,159.02260078378725,1.4999170298296591,5.372104940600937,0.6756708944293301,3.208308456846196,100,100
ENSMUSG00000037608,0.5487649224849234,0.7282348187683199,7.601154437933854,0.2849097707775615,4.318284644994202,0.791102927445408,29.148952306462512,100,100
ENSMUSG00000037610,0.001,62.31581250733508,1.0,0.001,0.0010000000000000005,0.0018532392879691815,0.08099468251515177,100,100
ENSMUSG00000037613,1.2360236052449387,8.5400046694152,33.84754868286112,0.8498960602509402,1.9235912296691469,2.2994308416252514,6.580784981356718,100,100
ENSMUSG00000037617,0.3401559010203988,9.688385511469766,5.315791599108604,0.14046608974034236,2.946292914628926,0.05921970947747732,1.3946867380169603,100,100
ENSMUSG00000037621,0.8425306345629833,2.909573283280774,17.120035314504474,0.5467359596693708,1.317375444229197,3.1172978022937277,10.915124219279402,100,100
ENSMUSG00000037622,0.1537570725624958,0.08963832734965199,2.417945689105761,0.0029672225775453833,1.6167685703344552,1.3850599243045498,1836.3400776946432,100,100
ENSMUSG00000037624,0.45980819609038964,6.118736992889917,26.82202110790773,0.3141113918669178,0.6093400889843388,3.066376835634138,7.669580932611648,100,100
ENSMUSG00000037625,0.001,66.84427540036525,1.0,0.001,0.0010000000000000005,0.0019530329968085272,0.24660835736518288,100,100
ENSMUSG00000037627,0.001,66.84427540036525,1.0,0.001,0.001,0.0015664992225633253,0.22315257619259338,100,100
ENSMUSG00000037628,0.03749730648618702,2.887521544106705,14.430533287475637,0.019561048701294367,0.3822328895890757,0.20813006674208048,11.660864963854717,100,100
ENSMUSG00000037636,0.001,56.07238254938317,1.0,0.001,0.001,0.0018594143049747716,0.11462798376190708,100,100
ENSMUSG00000037638,26.47155352426026,616.7971636137746,1.000017490285086,0.001,48.47153617479103,0.0010500316824596156,0.008916241801280676,100,100
ENSMUSG00000037640,1.1565701221696132,32.00950603145886,9.886789076124861,0.1168943660295543,4.050469762426807,0.08444721866228883,4.876312261187464,100,100
ENSMUSG00000037643,1.3438766287920167,3.4971541332178306,8.858566042226283,0.8037653318390485,3.029934850024369,0.8095575616408451,6.402023652661554,100,100
ENSMUSG00000037646,0.10028127187403618,0.14970052197945105,1.9728300548390183,0.001,0.7073463586783921,1.167719293797286,1343.050518132332,100,100
ENSMUSG00000037649,1.4061946397761582,6.276331797622036,15.521999327267164,0.6647636797802956,2.474078435610167,1.2210067553684993,9.843414335711199,100,100
ENSMUSG00000037652,1.3030238284099922,2.339445851305511,9.306669519975381,0.5912882586380418,3.0434789111141276,1.0831980484409096,15.197034374477695,100,100
ENSMUSG00000037653,0.001,61.88525872635182,1.0,0.001,0.001,0.001717549771868983,0.2987232672588402,100,100
ENSMUSG00000037656,2.522176038981767,332.11500240229486,487.6752795554241,1.2636246985557547,3.592003979506522,1.0670623510994364,5.374648781824795,100,100
ENSMUSG00000037660,0.001,62.31581250733508,1.0,0.001,0.0010000000000000005,0.0017019714680455416,0.0702782964960525,100,100
ENSMUSG00000037661,0.010830004283598735,19.860041161035976,22.61950186037907,0.001,4.031091290843564,0.001620882267181684,12.8680706763722,100,100
ENSMUSG00000037664,0.001,62.31581250733508,1.0,0.001,0.001,0.0014592142634240923,0.2089210283612177,100,100
ENSMUSG00000037669,0.24139594531033443,0.1187418477130298,3.180677899880782,0.0075006298765013454,2.984084067722863,0.805879526309981,1262.6064201230352,100,100
ENSMUSG00000037674,0.33826657375279556,26.579154971317447,22.10205876166658,0.001,0.5404377349334488,0.5355363590062729,447.4620913022097,100,100
ENSMUSG00000037679,1.434544623176825,3.3401434192657935,17.193115863598113,0.9813113630701196,2.375889505161438,2.196811533036107,9.383690757465477,100,100
ENSMUSG00000037681,0.001,61.88525872635182,1.0,0.001,0.0010000000000000009,0.0015732072141635932,0.07478321050041853,100,100
ENSMUSG00000037683,0.001,62.31581250733508,1.0,0.001,0.001,0.0014728848493299512,0.05670212174060017,100,100
ENSMUSG00000037685,4.168917566870232,1000.0,1.0,0.001,8.372189647075786,0.0010000000000070857,0.10768798981863321,100,100
ENSMUSG00000037686,0.0035153189958338324,11.459522831816152,22.638819099550066,0.001,0.0981584628794966,0.003013051588124439,21.26558583068499,100,100
ENSMUSG00000037692,0.22749238992764567,0.884322961187099,2.4860977103493074,0.001,0.4732470726291309,1.1602071104226626,872.1412559230714,100,100
ENSMUSG00000037697,0.141991384059715,0.6570649724326436,1.267488203986369,0.02577400712908166,0.9769493713554459,0.23180346244456146,19.14456513985855,100,100
ENSMUSG00000037703,0.5852532540928338,32.28942013192748,12.641868803036092,0.12172137073483819,2.827575084445009,0.0739884348195656,2.656449748927506,100,100
ENSMUSG00000037706,5.587266687225994,999.9999609226257,6196.089705369725,4.579255912722342,7.455366203760728,4.675470023280518,7.996627580163759,100,100
ENSMUSG00000037708,3.9276406581767263,942.1623723314058,1.0,0.001,8.372759556915282,0.001095171220527832,0.20722750558887487,100,100
ENSMUSG00000037709,0.11678736495771892,30.77525320533938,28.45768123233547,0.001,0.26059057482341913,0.37872253961923685,118.85825579239828,100,100
ENSMUSG00000037710,1.1924974443239607,3.5487153827046716,13.752938530889356,0.7399909105746815,3.1474906362659985,1.1342757653336273,8.270856868054775,100,100
ENSMUSG00000037712,0.6156426318130721,2.432341931774628,24.192497629333023,0.4094443906626395,0.8190908413927545,6.597957288225826,16.712553221034355,100,100
ENSMUSG00000037716,0.001,66.84427540036525,1.0,0.001,0.0010000000000000009,0.0016363206767003886,0.1059853729289575,100,100
ENSMUSG00000037720,3.981309634282711,407.0474709618993,975.7615384016923,2.754934768478095,6.694490947122281,1.4879745792004762,4.744581059048244,100,100
ENSMUSG00000037722,2.241111191786272,98.11034770343363,193.04044539735375,1.2660862017395142,3.3719301082931796,1.306444725406179,6.0423207041107005,100,100
ENSMUSG00000037725,0.1793713906498363,42.94362797928019,194.08822909630862,0.12178375011422382,0.26534077267742673,2.86388415028462,7.253768250534586,100,100
ENSMUSG00000037730,0.9576223854533816,0.7150965650009902,1.867325625820803,0.0018115206967344933,1.7433294365562282,0.7894540311235982,1696.420737030918,100,100
ENSMUSG00000037731,0.001,62.31581250733508,1.0,0.001,0.001,0.001590972802108051,0.24657417484117466,100,100
ENSMUSG00000037735,0.12549880162220042,32.21456433743655,27.754230188842786,0.001,0.31091779830862193,0.3650761919314707,158.58278088749796,100,100
ENSMUSG00000037736,0.007249696379758882,0.5889939421288857,7.294836368235222,0.001,1.6442147452255007,0.0018521455865996644,80.16709981104648,100,100
ENSMUSG00000037737,0.001,62.31581250733508,1.0,0.001,0.001,0.0019006344771381313,0.09620177901070537,100,100
ENSMUSG00000037738,0.1656588662673191,39.53920567850924,1.0,0.001,4.339245984329946,0.0010006172445149349,0.0797043724422769,100,100
ENSMUSG00000037740,0.2146450773891054,0.15717330914980496,5.708346548979358,0.008424260432330653,0.7127939488578158,9.345975575649154,1390.774600605468,100,100
ENSMUSG00000037742,0.20331364115188807,0.5624377616531833,853.0346244501651,0.001,0.12186543623317181,0.004281646623251954,499.0901568480326,100,100
ENSMUSG00000037747,12.558484204777049,1000.0,1.0,0.001,21.931174327659768,0.001,0.0172251771160632,100,100
ENSMUSG00000037750,0.09195125612394278,0.11201761093768402,3.206910192158307,0.0017877061909066644,0.42503943960115126,5.083341046849508,1950.0376673677224,100,100
ENSMUSG00000037752,0.3056972962411814,21.740078743047675,32.7229482163847,0.001,0.4308615824670831,1.08205106971735,686.5505820866988,100,100
ENSMUSG00000037754,0.001,62.31581250733508,1.0,0.001,0.001,0.001502392949087413,0.2288242598540316,100,100
ENSMUSG00000037759,0.023937347652320928,23.077833229961946,31.62488700203048,0.001,7.287411707809062,0.001449918140220537,44.75224543159892,100,100
ENSMUSG00000037761,0.34531419277195674,6.543789688942088,8.906147362873627,0.18245019428932097,0.6943792304481791,0.5498966772416278,2.857523095813111,100,100
ENSMUSG00000037762,0.04249352535988062,16.24628216119565,29.001648881409317,0.001,0.24284226170582374,0.16978315798527638,99.05373069009289,100,100
ENSMUSG00000037772,0.0964294835528203,0.5014217365655669,22.904364931284274,0.001,0.20487816019859523,23.03775541727445,6908.436187491261,100,100
ENSMUSG00000037773,0.9029544528938606,1.7394470099117945,7.9505677482948505,0.3473658739863119,1.707979865876451,1.7667713684147346,24.580792097733536,100,100
ENSMUSG00000037784,0.4022382953802938,27.051926666528182,19.4875556904126,0.03673623856459204,0.7315759858341375,0.35914299744350264,9.80662804906154,100,100
ENSMUSG00000037787,1.7495722215043168,9.21899747002473,14.24772297695139,0.6550752051548723,2.849665188264214,0.8122014551110261,6.836319115813563,100,100
ENSMUSG00000037788,0.9597673162846214,0.6259666185804307,5.270484632802021,0.4419020586268252,3.8823637989141444,0.8221669306371977,23.728778245321024,100,100
ENSMUSG00000037791,0.21273915041025623,0.6075865563807803,4.914198385430913,0.08101828005036013,0.5294914676044349,2.757736139424986,23.734999411496002,100,100
ENSMUSG00000037795,2.0591802886202384,478.97608435062864,1.03594671811996,0.001,6.825773212728922,0.0010377353001946503,0.05593409170476115,100,100
ENSMUSG00000037798,0.001,62.31581250733508,1.0,0.001,0.0010000000000000005,0.002102369283221465,0.1960991307461418,100,100
ENSMUSG00000037801,0.11384618112645052,26.95183298160442,1.0,0.001,9.345927194562666,0.0010395743858737897,0.0690110740362473,100,100
ENSMUSG00000037805,4.826777622560809,53.40943913493747,863.1364829523657,3.2102279957186903,6.168347583729675,12.28579793386204,30.282741662866023,100,100
ENSMUSG00000037808,1.3589325672592103,3.947009607241057,2.5035076582914852,0.0011664970558696347,2.5122268564904644,0.26632174578332307,1135.976321482201,100,100
ENSMUSG00000037813,3.318065285315003,394.34888038826927,1.0,0.001,16.95803171694464,0.001,0.023588396055770327,100,100
ENSMUSG00000037815,6.570490976476366,241.08292691164274,540.7078067784287,2.8955263639630067,11.14402248528221,1.3495409267321743,9.827783875037825,100,100
ENSMUSG00000037816,0.7634420495303811,1.229757936718122,3.78417177113876,0.337894191684119,2.569808442606197,0.6660966698472981,9.877387592760345,100,100
ENSMUSG00000037818,0.3276806235392197,2.234744303326968,3.74772415490563,0.0021849294066791343,0.7361519491676094,0.6137079869368125,541.0805687092563,100,100
ENSMUSG00000037820,0.19251599959941437,2.894569109516845,30.5917139994674,0.13936693799415759,0.25235188792500235,5.914007682953061,16.993244608795685,100,100
ENSMUSG00000037822,2.4045414930010884,218.2011666984361,344.70439225992965,1.521244852968256,4.255602015310366,0.9194072528936039,3.5499054056734587,100,100
ENSMUSG00000037824,0.0911916440027603,0.2571859437578793,4.643824393972571,0.022348529552222066,0.18966868942597298,7.296691525387903,93.51173104379522,100,100
ENSMUSG00000037826,0.27773511313113114,20.59881500859505,7.453796976796899,0.0655491929719948,12.389795776010686,0.00589631185226068,1.4191646370811308,100,100
ENSMUSG00000037833,7.501704360308802,447.7134959062841,1.0,0.001,24.015522086608236,0.001,0.008903804745530278,100,100
ENSMUSG00000037843,0.001,62.31581250733508,1.0,0.001,0.001,0.001658224987134231,0.2969025442710983,100,100
ENSMUSG00000037845,0.14227023526917157,0.6542052472175036,2.7162983456149927,0.012596154286497909,0.3808413882825259,1.1482063613445093,86.7369445048368,100,100
ENSMUSG00000037846,3.0649007304631577,380.47955540061423,1.0315396271926347,0.001,16.812820610437356,0.0010001367826902399,0.009016869313667693,100,100
ENSMUSG00000037847,0.03833238002245745,0.07579264625071754,1.1682894123714869,0.001,0.7304079569377309,0.5335614187289295,780.4554666826402,100,100
ENSMUSG00000037851,3.2810130734018905,68.54753923118834,160.4430581655173,1.9568521907583145,5.366822698438215,1.3932260314413956,5.880590314403521,100,100
ENSMUSG00000037852,2.3718535501163514,88.80916773997187,237.29598185113645,1.2818756058988003,4.106655509137045,1.5332865829338123,7.78667581476541,100,100
ENSMUSG00000037855,0.2875323512762062,0.4618381279382175,3.189981137707971,0.06433098086227194,0.7259311921346703,2.0936716307638097,39.41059463979448,100,100
ENSMUSG00000037857,0.21459631069448923,0.3348729069135865,7.942468776054564,0.0015799015101251347,0.4745369817956488,9.601563035612315,4238.061953854212,100,100
ENSMUSG00000037860,0.001,66.84427540036525,1.0,0.001,0.0010000000000000009,0.0016450383353322933,0.23909715974644946,100,100
ENSMUSG00000037868,0.05780362785872162,3.6135047312330775,45.81147895539885,0.030981495035973555,0.11740290156639346,3.496431646738489,35.62078984257871,100,100
ENSMUSG00000037872,0.001,62.31581250733508,1.0,0.001,0.0010000000000000005,0.0017895877991481474,0.32517973648902915,100,100
ENSMUSG00000037876,0.4910338984110095,0.8685046734982473,3.611020076434211,0.17621740115670842,1.0911928260899866,1.3812524242257265,14.234390239638515,100,100
ENSMUSG00000037884,0.001,62.31581250733508,1.0,0.001,0.001,0.0017513092982440726,0.11488968211734567,100,100
ENSMUSG00000037885,0.1255733533587958,39.85946531703308,54.70163575242499,0.001,0.5931638664726743,0.005107126388347949,179.54382978013072,100,100
ENSMUSG00000037887,0.2661212414736704,14.126951899926251,36.80875769460603,0.14348480406191338,0.42508965988621705,1.5279525129221794,4.7412824655261465,100,100
ENSMUSG00000037890,0.1614350368119066,0.5289579076178078,1.941076371135479,0.020205537841964875,0.673918267679777,0.5969972050622765,414.61703869294035,100,100
ENSMUSG00000037892,0.41733473817901356,4.013153842900159,16.50808278812328,0.2560511738257901,0.6169268311406138,2.6926816426408857,7.3120488849213,100,100
ENSMUSG00000037894,0.06524105899134354,0.3545264447281493,45.72157625579499,0.001,0.15120113796127516,0.11934674439934083,7920.839838564988,100,100
ENSMUSG00000037896,0.33575848786166795,1.6060108443274417,5.387490402510028,0.17863907809109106,0.6169362567803007,1.5180647691943177,7.875188235428528,100,100
ENSMUSG00000037902,0.3695264090272927,1.3153725637158897,4.876156927340403,0.12489511600922899,0.7582022339007211,1.3926656231376189,16.963321271189358,100,100
ENSMUSG00000037904,0.05315502649286806,1.41780261995379,3.1978384761009067,0.01253468657837301,0.2506789764563653,0.3556398327704018,10.237700772499231,100,100
ENSMUSG00000037905,1.302140019113678,16.037778312879603,15.583394127661323,0.6021670513807352,1.9265986329814249,0.6077841324729789,3.2830613677676794,100,100
ENSMUSG00000037907,0.0690883016305057,0.07677779293193275,2.3912824987516186,0.001265424537317321,0.6511556465383673,1.8947493360684844,2047.9737312790046,100,100
ENSMUSG00000037913,0.06111281083970981,19.24208734768881,7.889802643805107,0.001,26.252842833755345,0.0010440062349644627,12.15660971008491,100,100
ENSMUSG00000037916,3.5631520127212393,10.64459420886801,25.622025840856328,1.7601193630607153,7.791852450917256,0.8505276609507424,8.427935678722541,100,100
ENSMUSG00000037921,0.022230568445604986,21.625791698563802,24.10256221369141,0.001,6.620943591034921,0.0013280072358585202,28.428139177826047,100,100
ENSMUSG00000037922,8.335284872090838,663.9137418915508,1.0,0.001,21.108062007601664,0.001,0.009029907679209883,100,100
ENSMUSG00000037926,0.0026689410737635024,0.003969213761056569,1.241205648796109,0.001,0.6645515581158812,0.8498043878057446,975.8887215497765,100,100
ENSMUSG00000037933,0.37807623287141323,0.6682716494678087,13.630366168082137,0.1801072956914354,0.5885922321987447,11.600634326146732,65.42894097361686,100,100
ENSMUSG00000037935,4.777749234960615,232.44964584262667,541.5740158440123,2.549594468574726,8.334353470376742,1.2833977709141573,8.604683381634237,100,100
ENSMUSG00000037936,1.5233464599623205,5.122212437938166,15.033996923427793,0.886392638875455,2.8004651220997268,1.2637817677098777,7.627626635858046,100,100
ENSMUSG00000037938,0.257184432477218,0.4485555793760831,5.752498401216937,0.07741857709313839,0.4469547750416999,5.667798294750414,44.77377156788884,100,100
ENSMUSG00000037940,0.11921974955855431,30.73353992022927,32.75371713470019,0.0484622072464147,30.46867768940792,0.005037446916810809,3.2317839413557086,100,100
ENSMUSG00000037942,0.001,62.31581250733508,1.0,0.001,0.0010000000000000005,0.0015502559788972733,0.1629559054665684,100,100
ENSMUSG00000037944,0.001,62.31581250733508,1.0,0.001,0.001,0.0018929949140901923,0.20384328255990694,100,100
ENSMUSG00000037946,0.2939049095456706,2.3642435258242167,3.2527533432387092,0.001,0.4410115672504525,0.8342608309603909,842.9934483346044,100,100
ENSMUSG00000037949,1.5604576189757653,671.4736869656583,1062.9436695782788,1.0704303911806816,2.2482439735296493,1.0964281525248785,2.8719097300528373,100,100
ENSMUSG00000037957,0.3826322428082017,0.45949524516383344,2.7916830862200825,0.04941174550823378,1.3373462939496101,1.0219148705411074,63.18280267959874,100,100
ENSMUSG00000037958,3.851161945535213,143.89518493412388,97.04162943051064,0.41687475050005607,7.029519723103821,0.353225615255307,28.755818189883165,100,100
ENSMUSG00000037960,1.198915293596406,2.2016685074877076,12.176744971029555,0.7296028828324391,2.5538104045929946,1.7640123665450824,12.503137195588742,100,100
ENSMUSG00000037962,0.001,61.259704531272526,1.0,0.001,0.0010000000000000009,0.0017570314193711648,0.18601825655457443,100,100
ENSMUSG00000037965,1.4305469435926845,4.865322853797172,19.01673496727119,0.8666777345175791,4.153999172419653,1.3066755600201607,8.688712715170258,100,100
ENSMUSG00000037966,1.4077495954924277,177.6712283173669,450.83359509281763,1.0129811691778103,1.8554001051912643,1.8126788624591872,4.306400816081579,100,100
ENSMUSG00000037971,0.3569640765287689,1.542899593977969,2.8672025394053273,0.0010046030092689198,0.8419544358645749,0.6027108891439069,986.4495057502038,100,100
ENSMUSG00000037972,1.7951796189368365,12.96614987097222,34.054515081621155,1.2175011499872628,2.692801023724172,1.4471629479742516,4.813882467401953,100,100
ENSMUSG00000037973,0.001,62.31581250733508,1.0,0.001,0.001,0.0017655527614699983,0.5849028151700219,100,100
ENSMUSG00000037977,0.08892781275181533,18.816304754046467,6.223205561437175,0.0020092811756179463,29.728891820532347,0.0010000505839820825,2.2486748918275055,100,100
ENSMUSG00000037979,0.08506176671805699,13.293243043331328,15.625473780528415,0.001,0.25902984642813104,0.32099028035543914,104.74963085367034,100,100
ENSMUSG00000037982,5.1390468372746225,614.2966843419189,1.0,0.001,12.558606200744158,0.0010000000000028562,0.03286019963375343,100,100
ENSMUSG00000037989,0.001,62.31581250733508,1.0,0.001,0.001,0.001684172040368791,0.33298119690501704,100,100
ENSMUSG00000037990,0.19585069417975615,2.919372710320948,6.5330776136225115,0.11425341142040601,0.35073286818795324,1.0552248907746007,4.623659283925944,100,100
ENSMUSG00000037991,0.003380532119337012,8.613612319732697,20.974841335081543,0.001,0.02304007466182217,0.0017269828464453398,17.37616676821522,100,100
ENSMUSG00000037992,0.7646868693163269,14.073877586408036,38.24974033453219,0.3139017987921137,0.9866126347527817,1.8447226724163615,9.808122072114184,100,100
ENSMUSG00000037993,1.1583852686921836,3.0817397959706385,5.951591696264428,0.4467832609980212,2.4752228718779947,0.6232425328626735,7.977057352757459,100,100
ENSMUSG00000037994,4.132577005576439,999.9999999828615,1.0,0.001,7.325199375941098,0.0010353042214661253,0.09193528735219791,100,100
ENSMUSG00000037995,0.001,61.259704531272526,1.0,0.001,0.001,0.0017098091647604042,0.1686313486751453,100,100
ENSMUSG00000037996,0.005559712252201737,12.212682620113895,21.111289952293568,0.001,0.05224941167594671,0.001793960490078334,16.953680317746464,100,100
ENSMUSG00000037997,0.02794553027237962,0.24397325765224148,3.013012141575181,0.001,0.11935805275809762,2.329283087137991,369.84324382527006,100,100
ENSMUSG00000037999,0.09048939601155301,18.268237072465062,9.126214057174238,0.001,17.79478514899518,0.001098194361566101,9.074601473271333,100,100
ENSMUSG00000038000,1.164042291492441,1.2775195006147424,4.542663968511536,0.47881263739374597,4.542495293144181,0.481816664716566,15.458292317346567,100,100
ENSMUSG00000038002,0.37629369607553814,0.4993512686171894,1.0,0.09769057063381825,3.8473169957714703,0.11639361777326057,9.335133775917306,100,100
ENSMUSG00000038005,0.6114268961950009,1.6417187435125689,4.610050549536521,0.12615031157415246,1.2879796623687134,1.0771022193261341,24.700945307677987,100,100
ENSMUSG00000038007,0.07716631039899952,2.845853744332618,1.7691725350488676,0.018277903286218512,15.596736695741264,0.001785612396227359,1.5909709802110994,100,100
ENSMUSG00000038009,0.0574983908299788,3.189994029424559,8.217240109960818,0.01010676804085043,0.2439941424103384,0.3872615764902386,11.302416871896394,100,100
ENSMUSG00000038010,0.27515293474192853,30.943354160672005,18.176842219947286,0.03682956333952544,0.9018420687846099,0.17527169073905896,6.397445388348766,100,100
ENSMUSG00000038011,1.1139759537548486,259.99336051668286,1.0,0.001,7.721754923140215,0.0012143483311526956,0.06392647396368867,100,100
ENSMUSG00000038013,0.37453561566750077,0.3912281171494612,3.7995043513067928,0.15197609344646656,3.348976812612171,0.8594468161763615,32.140566209422765,100,100
ENSMUSG00000038014,0.9836314762272348,1.0541249152210446,9.855077620765899,0.595289677316867,2.4526511370809843,1.9951595462966845,18.860520270033547,100,100
ENSMUSG00000038020,0.06290323339391744,6.8234686742704795,6.396990455792805,0.01595915081489393,31.06307301260182,0.0011509422490148429,2.860682327314104,100,100
ENSMUSG00000038022,0.40230341057102453,5.355980288929611,5.047961174537019,0.001136576648044942,0.7944180196500774,0.4021320355616943,506.90720341829433,100,100
ENSMUSG00000038023,2.6527929080652304,4.8436127901917,16.808270783800037,1.1571106470928139,7.3296198637293895,0.8495193907569405,14.756160584877712,100,100
ENSMUSG00000038024,0.13309693374280832,0.23333826563776464,2.0218912775591145,0.005233456430690317,0.9687472310527372,0.981970279156865,339.8021468867761,100,100
ENSMUSG00000038025,0.13140329875808912,0.2643745542944668,2.654626572711991,0.001,0.6244629931593662,1.481114339148434,1821.8378343342927,100,100
ENSMUSG00000038028,0.5978980977010696,3.2549197839800468,3.058727909509936,0.16727234383949854,1.9907358771219994,0.22073053043236324,4.472717381742228,100,100
ENSMUSG00000038034,1.4872114641102383,3.4761941445867715,18.818678246012436,1.1101681237715142,4.95424763759682,1.1345604647885221,9.040367837432843,100,100
ENSMUSG00000038037,0.25091643315289647,29.451140190644093,15.080890096846959,0.0389753190945719,3.4617201051583786,0.023264506000038973,3.4508929288262284,100,100
ENSMUSG00000038039,0.5456238558795158,1.2076186520803576,2.2981843572116927,0.19347209699068052,1.7485160803427,0.3646316402268042,8.11515249889617,100,100
ENSMUSG00000038042,0.2054711801906717,29.26078536954795,28.744712799856902,0.001,0.35756622973071583,0.5112494493103439,283.51192196224633,100,100
ENSMUSG00000038044,0.001,62.31581250733508,1.0,0.001,0.001,0.0022682077750651296,0.1902194420067661,100,100
ENSMUSG00000038045,0.001,62.31581250733508,1.0,0.001,0.001,0.0016712411411708586,0.15259245529014406,100,100
ENSMUSG00000038046,0.4755943052952713,1.3365086565014097,3.236022213221699,0.0010691856768669634,1.0299424122830059,0.9137374486118525,1693.4995580153782,100,100
ENSMUSG00000038047,0.6116692731604833,79.29986812273783,145.33738067686954,0.38789912784233205,1.0189702267668992,1.014044486904353,3.8059374119420974,100,100
ENSMUSG00000038055,0.17179275167564842,0.459248806863537,2.733175741767981,0.0011821340434047581,0.47753539518734994,1.5888901525306407,994.327810395696,100,100
ENSMUSG00000038056,0.17467067276557793,0.32750103865791086,1.7429388807985509,0.001,0.8052348960068438,0.81962848448383,1333.3263181178563,100,100
ENSMUSG00000038057,3.7967411256083943,516.975322467551,1.16241704337124,0.001,11.98276229803051,0.001,0.03472809186543369,100,100
ENSMUSG00000038058,0.593355167645151,1.8377489160806426,9.673071197970794,0.356800595852084,0.9127508402807374,2.9340070701969694,10.286062380294732,100,100
ENSMUSG00000038059,0.4662540896553373,0.7297932828833,4.533855457248739,0.26098612085642015,0.8175544452126643,3.1086537731520956,13.805963268045307,100,100
ENSMUSG00000038060,0.001,58.8711705984019,1.0,0.001,0.001,0.002004563483620411,0.2473865585234764,100,100
ENSMUSG00000038064,0.001,62.31581250733508,1.0,0.001,0.001,0.0016001685023988225,0.547708546119885,100,100
ENSMUSG00000038065,0.4172213435224322,7.623384502157703,23.116289584613472,0.2439153975884576,0.6265320615222041,1.6938215025967294,5.998343454326865,100,100
ENSMUSG00000038067,0.001,66.84427540036525,1.0,0.001,0.001,0.0015687558641392428,0.2781291851739937,100,100
ENSMUSG00000038068,0.03371211096836833,21.349231327956595,23.818479940935426,0.001,14.248931274757435,0.001189895041434351,41.0494263580839,100,100
ENSMUSG00000038069,0.676000900017206,28.23314822446003,14.633683129521492,0.001,1.2236478052317399,0.27208194117527335,737.513699538594,100,100
ENSMUSG00000038070,0.2716831497573152,113.99129646541073,46.6467331161982,0.07232606122444679,35.82374251679571,0.0020902149781493705,1.1146834788471676,100,100
ENSMUSG00000038071,0.0226013680709478,20.84250225217964,15.156789383866922,0.001,5.47038689080571,0.0014792749441030705,9.333168127270882,100,100
ENSMUSG00000038072,0.47953419302365374,0.8037957402852439,1.4496286204752786,0.0026516784785883514,2.4183381527765695,0.2478186958626955,582.0544115675514,100,100
ENSMUSG00000038074,1.5319285453879883,706.4272376692603,2052.9233286486824,1.1266298714304301,4.042430366136518,1.1040168908754227,5.11826469040566,100,100
ENSMUSG00000038077,0.001,62.31581250733508,1.0,0.001,0.001,0.0015491811091452668,0.08856414789217826,100,100
ENSMUSG00000038079,1.1781487516961713,4.671894476008717,7.262461102646737,0.4017568277461401,1.9892891005648072,0.755885061518804,7.41450392310867,100,100
ENSMUSG00000038080,0.12048174199117212,29.805457386258876,32.42014033306276,0.052668245929712726,0.8129544685290244,0.07670100912023156,2.7887139728671766,100,100
ENSMUSG00000038084,0.8008851621090876,1.0339005088785027,5.019807791032653,0.25085728333124224,2.656237000269993,0.8350390070147489,25.532674648474458,100,100
ENSMUSG00000038085,0.02112639555855602,0.9125611801974921,3.61125454511143,0.001,2.420957004677238,0.0019541709271798033,120.5772489331258,100,100
ENSMUSG00000038086,0.03137858861890473,1.3976938756421822,8.672091600519845,0.001,0.11519553410822211,0.8722123465823106,113.67305029348226,100,100
ENSMUSG00000038095,1.590241151303988,3.8287443126062413,8.888889456539776,0.739914866128476,3.702292037208527,0.7668529883187227,8.62367401341009,100,100
ENSMUSG00000038102,0.898708214797017,0.6024913338654169,2.9754784272407067,0.08566535221410435,4.3939343865135445,0.3977171056493134,23.698412824932937,100,100
ENSMUSG00000038112,4.752273924456378,575.1144123455982,1.0,0.001,14.733238907663887,0.0010000000000351984,0.07919049788332108,100,100
ENSMUSG00000038115,0.001,62.31581250733508,1.0,0.001,0.001,0.0020117331229153037,0.27600879171884135,100,100
ENSMUSG00000038116,0.5560347988726297,0.5826577254909001,5.454580181974355,0.14484502106558012,1.5297117190666762,1.706910587345728,49.47586343805591,100,100
ENSMUSG00000038119,0.39920334973812016,0.9525656346643017,4.606940091492466,0.08843621683515823,0.8291746291168607,1.7800274749581195,30.7841946506937,100,100
ENSMUSG00000038121,1.2847063920841502,3.903361356811689,7.041427810692785,0.4795020854816787,2.651387763749204,0.7370594980918683,9.523724106173253,100,100
ENSMUSG00000038122,0.0223084901188962,0.16582055662309467,1.0,0.0010429758954188973,0.348709428716127,0.23360288210107588,132.45482917175053,100,100
ENSMUSG00000038126,0.26134223606484325,29.60361139842748,22.25621047154834,0.038234105581083866,0.47769556679014996,0.3460965537131555,6.1961230739740145,100,100
ENSMUSG00000038127,0.14020822375354736,0.04026600783009745,2.189773991433025,0.007315066819350949,4.042415317263048,0.5276499665724991,1216.7392979020503,100,100
ENSMUSG00000038128,8.284369985226808,997.5506197879092,1.003637732179795,0.001,11.145430797302893,0.001000000001434407,0.03647987332278994,100,100
ENSMUSG00000038132,0.013276690153633268,21.456023916514464,33.12341640301831,0.001,1.7445308861750943,0.0018720857746158106,34.166212911812195,100,100
ENSMUSG00000038135,0.024254843930845142,22.359168823698987,30.144319437429118,0.001,0.2857260677243108,0.0020832084193667328,54.05342508268457,100,100
ENSMUSG00000038141,0.001,0.00466333676610962,5.167775516738199,0.001,0.0621207241658131,12.630065699754283,2048.290667862231,100,100
ENSMUSG00000038143,0.22222233924180784,1.49832022153795,4.802668321586093,0.09640969544656514,0.45331009466943084,1.212880357369335,9.427032796103287,100,100
ENSMUSG00000038145,0.24380736781430154,0.4671215396158062,4.774970905572718,0.10327968054399353,0.5372114257518371,3.386203891819913,27.716450079920005,100,100
ENSMUSG00000038146,0.003909572717038775,0.5276100348301729,51.43899917231695,0.001,0.02994790669166996,0.0023574781227473055,189.98656175644345,100,100
ENSMUSG00000038147,0.001,62.31581250733508,1.0,0.001,0.001,0.0014270272904786862,0.15998803265421724,100,100
ENSMUSG00000038150,3.389917131342386,206.28333632339883,536.8568745981821,2.326152137885821,7.513278741413109,1.1642096741092578,4.823670926272995,100,100
ENSMUSG00000038151,0.010867155859255353,19.637066025874134,22.392471354358484,0.001,7.412878563120583,0.0011802006525910053,19.62684413497428,100,100
ENSMUSG00000038152,0.16460881070024436,1.895107819312974,1.657246927319493,0.07074388286155671,1.2255534378026223,0.061318031719326815,1.9508811266586954,100,100
ENSMUSG00000038155,0.46588193804211875,86.60840135941633,1787.8971450849826,0.32661199052659906,0.6772622401900942,11.488196701085927,35.0250039587616,100,100
ENSMUSG00000038156,0.001,0.008484618107697161,1.609162072890952,0.001,0.14487911392254266,0.9247491652157637,194.1410260394041,100,100
ENSMUSG00000038160,0.001,13.887074303748745,1.0,0.001,0.001,0.014800363465296323,3.973108864843236,100,100
ENSMUSG00000038167,0.007340323047490874,21.013560148614648,92.83742163677954,0.001,0.09068871379115279,0.0017831051002176706,59.131975879733275,100,100
ENSMUSG00000038168,0.056951462814327926,19.515291849094584,18.641542250223793,0.001,4.616344229449849,0.007954707864613731,85.60112721846968,100,100
ENSMUSG00000038170,1.991971254301917,315.6154868506624,754.452542159651,1.5525353294162052,3.321569878725494,1.3518076303592057,3.2254691781451816,100,100
ENSMUSG00000038172,3.4775296881570945,223.3578374500724,374.4194904616382,2.2340650931447987,5.88046639548202,0.9961982994816193,4.227885184801073,100,100
ENSMUSG00000038173,0.2068382504296864,0.5962016863583002,1.1505535591816143,0.035622081445259066,0.9729728359021922,0.2645015108845833,14.099840719634525,100,100
ENSMUSG00000038174,0.39160035218312234,31.95650880137622,15.145340632636293,0.0805106305398183,1.8760541718914827,0.08243644186882576,3.9316768408767206,100,100
ENSMUSG00000038175,0.18215829682100437,2.292339528559775,4.710246625416725,0.07790140753241777,0.3501192305273898,0.9012535889982383,6.295877253315421,100,100
ENSMUSG00000038178,0.35456314936291744,200.16957401061256,251.3090013865861,0.14888350207262646,0.5790870037087447,0.7033007733028378,4.185590058883358,100,100
ENSMUSG00000038179,0.001,62.31581250733508,1.0,0.001,0.001,0.0015990105427402322,0.15838069682383246,100,100
ENSMUSG00000038180,0.059454177350999206,1.087741219359792,2.307115821869954,0.010459259088396684,0.2557002655603891,0.37312503537730357,10.56895487542062,100,100
ENSMUSG00000038181,0.3771551454217947,0.3951191658220585,9.203713549059753,0.20249154883832715,0.7484066290579023,7.958018016223793,56.49055045146838,100,100
ENSMUSG00000038187,0.967186727502173,2.578622277519106,7.393929655373276,0.4937043281129537,3.389928741210383,1.000524076901919,7.238479246691677,100,100
ENSMUSG00000038188,1.904987380173481,512.8252263426539,1.1354335991243487,0.001,6.640746227332614,0.001160926038681021,0.07595760733110415,100,100
ENSMUSG00000038193,0.001,66.84427540036525,1.0,0.001,0.0010000000000000005,0.0017218940890781987,0.1324942734601,100,100
ENSMUSG00000038195,0.10962701958332881,14.962730898132973,13.748830655561548,0.001,0.5898550646173153,0.005688871014305476,3.3345087083324687,100,100
ENSMUSG00000038201,0.001,62.31581250733508,1.0,0.001,0.001,0.0014048855669699608,0.22169182198198217,100,100
ENSMUSG00000038203,0.46288223039447124,30.557893819531184,14.484555718592953,0.08671671778212822,1.3479714198857142,0.14023310130682692,3.4422521502047134,100,100
ENSMUSG00000038204,0.001,62.31581250733508,1.0,0.001,0.0010000000000000009,0.0016227847274446665,0.10734073209550772,100,100
ENSMUSG00000038205,0.3140625567302905,0.4056170036183817,3.5110657082817016,0.11831794943634602,0.7943128292813555,2.0638224999278156,27.070044519764405,100,100
ENSMUSG00000038206,0.21397652970789102,0.2775351298251915,2.9852889670058547,0.014185312174324158,0.7100482631423901,2.29801425269339,477.3675316568301,100,100
ENSMUSG00000038208,0.1398207076479086,0.7757522789029179,2.1935411823165576,0.05105158263525365,0.45451762660842976,0.5902338970242873,8.28098235341891,100,100
ENSMUSG00000038210,0.26670099593531016,0.7675256925045049,8.325601236437429,0.15067533663625565,0.3932987093335534,6.189753860906745,18.78600675262365,100,100
ENSMUSG00000038212,1.3368280088369215,3.7903106625919825,7.750335148978383,0.4865468465746695,2.6513105929877527,0.7841886365078112,9.59998414160247,100,100
ENSMUSG00000038213,0.354375521286174,0.8421454652686816,3.8659261311441675,0.12846204462613003,0.6947404192156086,1.856230369985136,15.692822417964221,100,100
ENSMUSG00000038214,0.06431576423781775,0.7730422889514024,3.204181920439053,0.0014016522706142471,0.19682506792989346,1.0616566918185657,164.27997811692623,100,100
ENSMUSG00000038215,0.6547809187458691,31.527691648513684,34.850782591034815,0.10485819770221308,1.080942441532194,0.7155544225319677,11.997470131402785,100,100
ENSMUSG00000038217,0.31321854225999934,37.711122790573725,88.31604705219911,0.13135032127283452,0.4745320467039469,1.5777714333178994,7.256800568354958,100,100
ENSMUSG00000038224,4.134300499511258,1000.0,1.0,0.001,8.301303196955322,0.0010078030404732706,0.05254368183840109,100,100
ENSMUSG00000038225,0.24857662992430393,26.953337886395165,31.29598187438966,0.0693256966944677,0.6850673789229296,0.3569723188831352,4.863897111506749,100,100
ENSMUSG00000038227,0.21078553781865783,78.21177271727925,91.07312153297138,0.02437735813630651,0.5305560313888051,0.45814862700515363,68.78688992627043,100,100
ENSMUSG00000038233,0.001,66.84427540036525,1.0,0.001,0.001,0.0017278818330563708,0.18540872739726605,100,100
ENSMUSG00000038235,0.05370028587837887,1.2925442337109074,10.239568771837755,0.02335304044983057,0.09657912887463871,3.047037376523403,20.975961800259498,100,100
ENSMUSG00000038236,0.02521802747960997,0.19160213437461923,3.1472741866697156,0.001,0.1461493763311848,2.327548837537642,426.033124416782,100,100
ENSMUSG00000038239,0.001,62.31581250733508,1.0,0.001,0.001,0.0017429636802700637,0.20939672157870481,100,100
ENSMUSG00000038240,0.16019015276346374,0.3001319302200469,2.320099144398111,0.00691644436797077,0.644109292189516,1.2702607464246098,321.9566755749266,100,100
ENSMUSG00000038241,0.4593952503209385,0.7658433522897297,3.7576867299126784,0.1737937704905796,1.098025338459174,1.4217723002230453,20.07488265919247,100,100
ENSMUSG00000038242,0.001,62.31581250733508,1.0,0.001,0.001,0.0017055901033306918,0.14694534743479332,100,100
ENSMUSG00000038244,1.6914719765768447,191.4683978854012,799.576806183711,1.0977192122731165,3.4965983412330117,2.3875508370339986,8.166993270467806,100,100
ENSMUSG00000038248,4.447393485708213,999.9999999335192,1.0,0.001,8.930938889845791,0.0010002686937489065,0.05381822564486291,100,100
ENSMUSG00000038250,1.0033472847218554,94.20199887475927,173.41162098478785,0.14254551997809128,1.2785045346059207,1.4494860838991963,31.13200590979548,100,100
ENSMUSG00000038252,0.12468582424628362,10.236099348208736,40.81492266042332,0.08649475769894772,0.21354846409081846,1.5344727946030718,6.492327938941428,100,100
ENSMUSG00000038253,0.015421907681237242,17.200487813923075,26.5914025424616,0.001,4.764232337443752,0.0018389976679272862,45.117522103869774,100,100
ENSMUSG00000038256,0.12282065763886928,0.4290701780821357,6.140583986272094,0.003712388734244431,0.20868285230881534,7.270135394632578,675.7400717924966,100,100
ENSMUSG00000038259,0.001,61.674132606755,1.0,0.001,0.001,0.002135411478623,0.1118526133059983,100,100
ENSMUSG00000038260,1.0537986587602792,488.147339792253,409.1951974434562,0.25474463534509606,2.02380143775279,0.4597793475260054,6.215839976149139,100,100
ENSMUSG00000038264,0.0072804848179327825,1.1842252345933482,26.090505018270445,0.001,17.214661256297727,0.0013119605655653804,109.94710673143481,100,100
ENSMUSG00000038267,0.10051870351212575,0.42315231188000574,3.1904316997215547,0.017782016002559475,0.29176560588598494,2.1043036844217,50.89479568919508,100,100
ENSMUSG00000038268,0.26160231371807496,30.59025024535807,16.412538906545027,0.019119157653522297,2.090201367380467,0.0230704473486638,3.10454615457018,100,100
ENSMUSG00000038271,1.0131773424278265,158.5057597613251,325.6360703342181,0.13762969168479555,1.0246047130109508,2.1250751473143374,34.13324423825258,100,100
ENSMUSG00000038274,6.299227675757436,27.735507206876107,677.2145363242366,0.03120221040987657,7.205369668036228,1.9325207795410215,118.63730310100716,100,100
ENSMUSG00000038276,2.1461883628863268,516.8437340473623,1.0,0.001,9.520627713670157,0.0010476148386323583,0.04484178652630656,100,100
ENSMUSG00000038279,1.7711240402236494,17.423521670803144,62.58753253365971,1.0728048353755997,2.3843575187416475,2.4175010748302386,9.065600930419588,100,100
ENSMUSG00000038280,2.2599730531899573,15.367025927248713,26.036323454447253,1.4026329250427425,5.437456087688361,0.6374817577551333,3.698172955797811,100,100
ENSMUSG00000038286,1.3398535274524799,5.8642870203604485,11.698773625972398,0.5871674691576261,1.9869126036612021,1.0928732725422288,7.804993559934426,100,100
ENSMUSG00000038290,0.4273930628901233,252.8909681967573,512.9012793648787,0.278068012760659,0.6925981154227162,1.2409375493075274,3.9438571316046533,100,100
ENSMUSG00000038291,0.22457295279765158,0.3834939479967066,2.151194348280808,0.006317533289018301,0.9012284480582284,0.860970964514247,617.1490488077746,100,100
ENSMUSG00000038292,9.677121335996128,807.7730777436834,1.0510432155063,0.001,19.617081104375103,0.0010000000019101945,0.012562310841525866,100,100
ENSMUSG00000038295,1.4567771929458773,342.86552954263067,1.0,0.001,8.407649207902576,0.0010000008850923514,0.09480012407079241,100,100
ENSMUSG00000038296,0.4755764656541044,5.0741866692908175,47.572477263143085,0.35355734874751543,0.5835925216126858,6.78771347782507,14.4326786360582,100,100
ENSMUSG00000038298,0.001,66.84427540036525,1.0,0.001,0.001,0.0017944946470964654,0.07849472683415987,100,100
ENSMUSG00000038299,0.277346177871645,0.14741265772472123,2.905549328960869,0.020087947174977236,2.0424579595787606,0.9962720350054162,1023.7184780919728,100,100
ENSMUSG00000038301,0.14355330426437685,26.282102367285614,35.88722041047849,0.045338466977011646,0.41665344248519587,0.36635673124525936,5.784712397958552,100,100
ENSMUSG00000038302,0.08846486326023775,0.6984161260430746,1.8675898752615072,0.001,0.33171945375649015,0.5721598951987337,264.3883659854007,100,100
ENSMUSG00000038304,1.6262619868264967,395.3519615968364,1.004113302142248,0.001,8.958365596787848,0.00105677752005851,0.0828154049167695,100,100
ENSMUSG00000038305,0.15913311924690096,8.670423424883772,8.626860311049565,0.03785565103615482,0.47927136525641467,0.23892721096198255,3.5308572291673235,100,100
ENSMUSG00000038312,1.872210737829155,30.24411126006243,64.79527897493458,1.1805066176738492,2.624991218637812,1.3092817563627221,4.412105468186705,100,100
ENSMUSG00000038319,0.0032175908391560543,9.476165117943797,23.908597153807804,0.001,0.07340244195406032,0.0017501691473750197,17.250381049349187,100,100
ENSMUSG00000038323,0.13202059999106783,18.117830851274416,6.906462282161981,0.001,23.696904777729017,0.0012761843587716945,1.8270203004207286,100,100
ENSMUSG00000038324,1.7772039413551033,1.59727839777731,6.602897146848216,1.0689840681414258,5.274486826042631,0.6715409654167028,10.541286674064239,100,100
ENSMUSG00000038331,0.04494367386232968,16.494498416426705,34.42524415793856,0.001,0.11698532540446888,0.47157512567049187,129.5118589132422,100,100
ENSMUSG00000038332,0.6240822820329699,11.852377625236356,10.713659097875073,0.2375544984807601,1.1085315551013786,0.4616247975331335,2.921302702755006,100,100
ENSMUSG00000038335,1.7865460327642586,3.9671390779317433,22.042460335595475,1.3987738853357148,3.602154297256716,1.9265652568446814,7.998676423719593,100,100
ENSMUSG00000038342,0.33911552674422474,1.1964336304163115,3.123382429305774,0.0011238397472522741,0.7563157456703543,0.8732776182422907,966.566782180631,100,100
ENSMUSG00000038344,0.22299260744321311,0.9838919902838111,3.3938432722419205,0.09383484113138396,0.5597046757766313,1.0684807998912762,8.376138612548575,100,100
ENSMUSG00000038346,1.7213943070407618,6.66083692256429,6.574714616645381,0.0015563071038025389,1.5610686303283035,1.3339548996999993,2153.184723203272,100,100
ENSMUSG00000038347,0.5859437367033113,17.21708474955669,1.7948480772263076,0.06875424973927957,70.05408846279573,0.0010752218196942022,0.6833828081118494,100,100
ENSMUSG00000038349,7.470218212567286,552.4099814543301,1.0340966769286355,0.001,21.808209263856956,0.001000000000061588,0.012222427035779686,100,100
ENSMUSG00000038351,0.20127400035446244,28.233827428452454,32.150341647566,0.001,0.3521450492164364,0.6604979864836429,342.327488893541,100,100
ENSMUSG00000038352,0.0715708048478754,16.68601324908776,29.439015194063398,0.025753357253241335,0.42089012579425394,0.1334034312082441,4.969639757299159,100,100
ENSMUSG00000038354,1.457749481852015,407.6017385509011,1.170393506276041,0.001,9.893365348290445,0.001033259230966178,0.06630200050395779,100,100
ENSMUSG00000038357,0.0033024802101094598,0.0738511576627451,1.5581767514471525,0.001,0.31984917266197527,0.0020038857303757247,83.71091583042889,100,100
ENSMUSG00000038365,0.4894613551831583,1.7947540643722517,7.2421762131122644,0.11363091752494192,0.8866721647789289,2.055358498924581,26.44695899019719,100,100
ENSMUSG00000038366,3.428257369036346,40.36883651642599,288.4482552367623,2.4288326508007207,4.780851784626365,4.941815884406228,14.6289477390881,100,100
ENSMUSG00000038368,0.2504701435743896,0.918373626644622,1.9947289952922451,0.009292455711884764,0.908498567409875,0.505848213066846,352.3442336775763,100,100
ENSMUSG00000038369,0.2550197726153351,0.7267240921558233,5.031426562815994,0.1022696490356409,0.521814842614432,2.414401326039951,20.09392037162238,100,100
ENSMUSG00000038370,0.001,45.73838671285193,1.0,0.001,0.001,0.002588292096212667,0.4263375383691145,100,100
ENSMUSG00000038371,0.3525360566883634,0.34613986604838787,4.2305085309725925,0.07741166391176879,0.8891777682753212,2.908320470008803,91.02088181526787,100,100
ENSMUSG00000038372,0.6737424676793514,5.240381028882705,9.772905029374378,0.01097340687002628,0.9069984834926476,1.3346539290872488,351.18395333758025,100,100
ENSMUSG00000038374,0.07980968040084868,0.08787013618435113,37.06108172415402,0.001,0.4107715300083744,0.06117066424880235,1666.0017955336464,100,100
ENSMUSG00000038375,0.8528987286485972,5.213252012284105,16.128565990481402,0.44756072490020526,1.287191471555511,1.9328664807807026,7.53995694042985,100,100
ENSMUSG00000038379,0.056238920811589085,18.07293542127774,38.059590851660104,0.001,0.13845148072952834,0.3817564675383148,143.29543994608267,100,100
ENSMUSG00000038383,0.7466606701404905,0.9982802444439036,6.2996112506093205,0.29200765365631015,1.4350477176828802,2.469935599433758,23.184711797852657,100,100
ENSMUSG00000038384,0.39924533391649814,0.5626877731346055,3.1152153579076876,0.13452138408858938,1.0751084011935093,1.463576973875126,18.445125939266944,100,100
ENSMUSG00000038387,1.5212391484439196,999.9999940305564,2015.054730190484,0.7534828239714193,3.3481712939174324,0.9044597256401905,7.470894668470644,100,100
ENSMUSG00000038388,0.02141650827827547,0.10797759196829329,2.5771475186674553,0.001,0.20126076149223182,1.770632509848829,630.0626052785727,100,100
ENSMUSG00000038390,12.277894932655135,999.9999925642963,1.0220523009199172,0.001,21.106924490573746,0.001,0.024604622553727036,100,100
ENSMUSG00000038393,0.315832340488637,1.121183392304677,33.8105992300495,0.21045193452804128,0.46750824321641127,19.393051368493396,45.65294487471887,100,100
ENSMUSG00000038398,2.4766564964296105,22.331579981760814,35.816826710815015,1.2307268370161606,3.7750257492667227,0.9600231548315148,5.512322628932296,100,100
ENSMUSG00000038400,1.966512844845573,13.618520776915007,78.96582878274089,1.359025088373572,3.2575833815168194,2.977278964478271,11.966933079714773,100,100
ENSMUSG00000038402,0.09019633283008117,18.77833915085173,6.201195686992578,0.001,24.263317276829397,0.0010000641787142812,1.3806730955715851,100,100
ENSMUSG00000038406,0.8527494997259597,1.3311763447047646,13.633138331589908,0.5225260761215187,1.665227314646744,3.566590642283293,21.958955739931582,100,100
ENSMUSG00000038408,0.001,61.259704531272526,1.0,0.001,0.001,0.001889253843978569,0.17400587199110115,100,100
ENSMUSG00000038412,1.3049510297366829,9.75078637104383,345.73395320245123,0.9958282038678435,1.9700495883326568,22.63563962557611,58.29232551701092,100,100
ENSMUSG00000038415,0.010859662524490683,19.470453311882814,22.217090953707924,0.001,3.5232547464014314,0.0012000736051202966,15.611892311244166,100,100
ENSMUSG00000038416,4.864554299448094,409.84334385998216,202.10713212179786,2.158109144229223,7.725359934279783,0.2957129122115624,1.9613032691746661,100,100
ENSMUSG00000038417,0.506699630607509,1.2086694938536828,4.169371049145267,0.24743726477521116,1.290560284921982,0.8986634041770983,11.02145066358791,100,100
ENSMUSG00000038418,0.1667915843924885,2.852289687343229,66.91959535025285,0.10425825303142054,0.21277697310611704,16.482585321443928,43.855324598193334,100,100
ENSMUSG00000038422,0.05233690157208073,0.07828543828518363,1.67813741461086,0.001,0.7433918757956062,0.9311419380763573,1289.1701709843999,100,100
ENSMUSG00000038425,0.6840080481422337,77.29595317230884,59.89424631583757,0.31002994388929844,1.2626072434266722,0.4303313903892304,2.0359030932372466,100,100
ENSMUSG00000038429,0.8722749952722861,1.4056793876183789,12.105005805529798,0.4780642326250065,2.765736971146058,1.730810801052927,24.82954244909805,100,100
ENSMUSG00000038437,1.0641312846061977,2.9896910469451363,9.609808062578416,0.6820287694840956,1.966291674439885,1.3342446350682364,7.044430993126755,100,100
ENSMUSG00000038446,0.1622938748220643,0.2908556760341501,2.9606219078159404,0.01516838039405935,0.6161677541813593,1.6759795268090483,121.91716374444937,100,100
ENSMUSG00000038451,0.06547694105951037,0.08061546313965542,4.379532281501219,0.001,0.19033096862171006,16.16262561890516,3740.6836235338437,100,100
ENSMUSG00000038453,0.001,61.674132606755,1.0,0.001,0.001,0.0018791753312964096,0.16723684490377472,100,100
ENSMUSG00000038456,0.14874296269335588,3.1359779095286764,4.537721411273125,0.001543967368631056,0.27217304158988803,0.7870659744605049,177.9395870787344,100,100
ENSMUSG00000038457,0.001,66.84427540036525,1.0,0.001,0.0010000000000000005,0.0014866948309000703,0.11844641495341106,100,100
ENSMUSG00000038459,0.3515085833774643,1.1437412102458078,3.039590678663667,0.07135141756748922,0.9125249806168867,0.8082460430278067,15.694180463640821,100,100
ENSMUSG00000038462,3.834919556250992,375.46424894523295,176.7406328640007,2.1394721869957296,8.759418369302676,0.199315374058481,0.8822781913257371,100,100
ENSMUSG00000038463,0.7977613804979309,134.5767071477419,993.8335619497863,0.545981253318452,1.0069531132497769,5.529024753542208,13.026018287019824,100,100
ENSMUSG00000038467,5.697312496055146,942.7293849628745,2639.1951452802973,4.636129134081029,12.500219295458617,1.358381466014153,3.9489877622054275,100,100
ENSMUSG00000038473,0.001,61.674132606755,1.0,0.001,0.0010000000000000005,0.0015841213640382735,0.09767585459929676,100,100
ENSMUSG00000038481,0.2213479798299248,1.977681586702045,6.042842778605195,0.11422177357968721,0.4581163090921774,1.3769949581853576,7.576808156347955,100,100
ENSMUSG00000038482,0.6535953161272321,4.624263166427627,23.646055250683855,0.14228939022644077,0.9276645886477046,3.46621884102435,44.031102817384756,100,100
ENSMUSG00000038485,0.11105039041014181,0.26482930512240144,2.881031821482861,0.0024858460710973592,0.4295361321523612,1.9551584667481836,805.5562868238586,100,100
ENSMUSG00000038486,0.006724105868447849,16.951311709460583,42.33107547800989,0.001,4.254770056513685,0.0015736312828539354,15.796882215976296,100,100
ENSMUSG00000038489,3.6810331210016414,15.780803633447753,201.96816805184565,2.741782599817303,7.403558762453517,5.515915315633022,22.295628322920493,100,100
ENSMUSG00000038491,0.001,66.84427540036525,1.0,0.001,0.001,0.0018683439376110335,0.11174589186696762,100,100
ENSMUSG00000038495,0.14958493485717614,0.2707661201746058,10.687959429069439,0.04043472067871018,0.3296713002304912,16.270054952829895,138.0542579708894,100,100
ENSMUSG00000038496,2.2386239439353877,560.8732842949564,1.0391422282568814,0.001,7.03323905178255,0.0010009468431715703,0.14321221872674192,100,100
ENSMUSG00000038497,2.2943964142152646,7.104659215199768,20.617258708349404,1.3939930252103765,5.3933847219306,0.9482782202834183,6.329639134334821,100,100
ENSMUSG00000038500,0.11986530835626076,1.5559241046458103,8.642360843595212,0.011364481059491349,0.18912400433537735,2.9364979362635077,362.83069951464813,100,100
ENSMUSG00000038502,1.2554749171139192,1.7364437469864826,8.25353381204501,0.6025839379869469,3.3836644261891937,0.9859382892556412,17.33207136807628,100,100
ENSMUSG00000038503,3.746553441343133,87.39598285660763,128.84121498086057,2.3064860803218954,5.542212643896278,0.9489636455981076,3.5550155588111974,100,100
ENSMUSG00000038506,0.3859740495706644,17.787150397536088,25.38675440121773,0.04383021103283126,0.48387567127506037,1.109806706062649,18.370141573297833,100,100
ENSMUSG00000038507,0.9640107516332753,32.23399531754269,12.296562601902888,0.05783104232002181,1.7821543636457773,0.20374124597330903,8.531790746289607,100,100
ENSMUSG00000038508,0.04919849516139548,1.3366815261504807,30.42393988915292,0.028424093809820992,0.07689677613511589,11.175936574546473,74.58714530310623,100,100
ENSMUSG00000038510,1.1146426530486842,3.1600179248397824,12.549657169320517,0.6224830878979554,3.0947412929990836,1.1423799351114998,9.323856625350853,100,100
ENSMUSG00000038515,0.2443859566086165,33.92340759102794,16.38470586232561,0.08280542051476705,70.75848472069835,0.001323726891204973,0.9354229979102343,100,100
ENSMUSG00000038517,0.10035173352542619,8.862903783759997,10.416418185210714,0.032543692041604275,0.7447033258897466,0.11538193419618466,3.312417619460709,100,100
ENSMUSG00000038518,0.6075241637115653,3.3885259976626583,5.089874089423032,0.27568110145803487,1.2807261017812233,0.6536748868575304,4.622890013716365,100,100
ENSMUSG00000038520,0.26781385186806217,0.1974902089582939,3.8134629081446483,0.07493658197539595,1.0948779809673201,2.3858233970990295,92.76422380757192,100,100
ENSMUSG00000038521,0.192704276389022,50.2491789434246,745.5638521573841,0.12237184978252946,0.24093829507244924,10.325336297097572,30.338450495652665,100,100
ENSMUSG00000038522,4.285786838745319,515.9319745857439,1.0,0.001,18.927301821514952,0.001,0.03865371926191944,100,100
ENSMUSG00000038523,0.07461340365171332,25.17470257820818,39.82593315334609,0.001,0.1518157234065791,0.5459137395550158,147.96344027170514,100,100
ENSMUSG00000038524,0.30443264696656985,2.397331982725023,3.940596838608945,0.03759400345061626,1.0216733534936402,0.3950375196400119,66.24162518165879,100,100
ENSMUSG00000038525,0.15346129549584084,0.5491676677308679,2.012687833140335,0.03478404038667863,0.5610010785295007,0.7276928364700951,20.88616965376996,100,100
ENSMUSG00000038526,0.001,62.31581250733508,1.0,0.001,0.001,0.001685726653094779,0.14673365091252275,100,100
ENSMUSG00000038527,1.0190159715500293,299.5621928490632,379.79980945408084,0.42988837208180497,2.150340244889289,0.5602232449523978,6.102959596523674,100,100
ENSMUSG00000038528,0.2812772461711776,17.565561052061557,2.932219952670049,0.001,43.371591185276685,0.001013493676255465,1.4238310967590193,100,100
ENSMUSG00000038530,0.2554626426972736,6.429917234957113,139.18119948320344,0.19321340788181218,0.3253430264419863,15.361206267756115,33.32656370723814,100,100
ENSMUSG00000038533,0.8713600264149977,31.9923568612601,22.349205648732866,0.39080788325785054,1.9860639576868657,0.3145454610384485,2.425235121125679,100,100
ENSMUSG00000038534,0.48920269277751605,291.346017689607,281.3805542062698,0.001,0.7654955385317184,0.5618106813205075,923.3614982593889,100,100
ENSMUSG00000038535,0.24987093076060843,0.4694944966989296,3.1844861391754002,0.03474922814851713,0.6029045529702723,1.8133407379137143,74.98318162596227,100,100
ENSMUSG00000038538,0.40896199480713813,0.7524591160239809,4.447222856011266,0.1645084655537956,1.2974126145219413,1.3065899380225572,16.519397985862824,100,100
ENSMUSG00000038539,1.2028926620284486,14.453612615837065,143.0499022536917,0.9088691935053709,2.5371316909723465,4.363753009141809,15.922193944699245,100,100
ENSMUSG00000038540,0.001,62.31581250733508,1.0,0.001,0.0010000000000000005,0.001856479829995886,0.38302663703326384,100,100
ENSMUSG00000038541,0.001,61.88525872635182,1.0,0.001,0.001,0.001863242670009597,0.22805850241211034,100,100
ENSMUSG00000038542,1.7232341803091273,16.32268954893664,16.034068846439897,0.50812491855812,3.919097610135375,0.3874902627152085,9.69200751514468,100,100
ENSMUSG00000038543,0.0737773085491318,24.682626997572672,84.91832288027847,0.001,0.13030645579920153,2.288225198894148,357.8167514271879,100,100
ENSMUSG00000038544,0.7660312057471599,1.5095828905554054,5.437541575966467,0.36929683082784054,3.6180489105786995,0.6037744807349001,10.047058169114015,100,100
ENSMUSG00000038545,0.7131179396819534,2.325979490163371,14.799963337010997,0.31199413609667875,1.0503869976734688,3.5852489611525646,22.477818963193315,100,100
ENSMUSG00000038546,0.5791544210348646,0.5268797463349743,4.302381370475863,0.21084122249319093,2.142576710655225,1.0554305328952653,27.066946642116967,100,100
ENSMUSG00000038550,0.07263010997752781,8.575162866106824,29.034961130650313,0.013272610663095322,0.15641522810278133,1.0820176268752437,67.89918823299014,100,100
ENSMUSG00000038552,0.013100291986633329,18.730707163756755,29.235454186929715,0.001,5.1741045868571955,0.001475064233725503,13.076896801012708,100,100
ENSMUSG00000038555,0.008111797041845059,1.5357135077603306,13.83235647728757,0.001,4.248506471347,0.0016724980183724083,44.09255614141419,100,100
ENSMUSG00000038560,0.022790412242131148,20.675890588992722,15.034413259044069,0.001,7.707334652564429,0.001117701487661321,14.980893327010952,100,100
ENSMUSG00000038563,0.44237352416112286,0.28210659907934427,3.742774786917246,0.1390117206372691,2.116369489404752,1.2678491589846628,58.82444015127341,100,100
ENSMUSG00000038564,0.287681112442347,20.329827476984317,21.951072176093575,0.001,0.4938907483338747,0.4602805734145985,431.79681159700135,100,100
ENSMUSG00000038569,0.017073507564253545,2.0849753195055825,3.1221835001615648,0.001,20.498140409068384,0.0010049255402021966,12.83635585576182,100,100
ENSMUSG00000038570,0.11885912600219435,29.584994172592026,29.01857910170766,0.001,0.24036304824026725,0.3990917808602746,172.84703488628173,100,100
ENSMUSG00000038576,0.0269200712148201,1.549708808439216,3.135214344493177,0.001,4.686822014667179,0.001614014349026322,37.80337331711519,100,100
ENSMUSG00000038578,0.1840955097432609,3.1203337350525406,4.056759499519724,0.001,0.5143738581911468,0.4240194031367671,324.6781526074759,100,100
ENSMUSG00000038580,0.001,62.31581250733508,1.0,0.001,0.001,0.0017659633330727278,0.0878415581021732,100,100
ENSMUSG00000038582,0.0018259246946039354,0.002054549588914147,3.429402421911054,0.001,0.20520705979683546,9.844833948346748,3559.560000994281,100,100
ENSMUSG00000038583,0.001,62.31581250733508,1.0,0.001,0.001,0.0018725042623284201,0.28387313015641114,100,100
ENSMUSG00000038587,0.3689595628035353,4.091077067273076,42.94235733754715,0.2753335054687126,0.49917274695283437,6.9624385181337605,14.927880537290282,100,100
ENSMUSG00000038591,0.001,62.31581250733508,1.0,0.001,0.001,0.0016750602299550458,0.12370820349922734,100,100
ENSMUSG00000038593,0.17604099323319275,0.26936565980039073,3.805929219434275,0.0010951313238246603,0.42170622574146266,4.206458912562585,2580.446927705778,100,100
ENSMUSG00000038594,0.2164755894334371,17.677769543641283,3.4581958884971007,0.04231311468820199,32.450925842145445,0.0010261015380940161,0.7410939859848402,100,100
ENSMUSG00000038598,0.001,0.030809778753355718,1.0527107131274898,0.001,0.3080053998818607,0.004181337220507461,58.74514602702549,100,100
ENSMUSG00000038599,0.001,62.31581250733508,1.0,0.001,0.001,0.0016307039533540416,0.1525044597912838,100,100
ENSMUSG00000038600,20.18953527705122,796.9805563364713,1.0,0.001,40.2150706883712,0.0010105767024439862,0.008888947072165199,100,100
ENSMUSG00000038602,0.008104073617139398,0.9224715372773454,11.786709064950356,0.001,0.25640025450765147,0.002978276328112009,55.94983772321984,100,100
ENSMUSG00000038604,2.069259418571284,9.60416146095087,21.434662478050328,1.164576626709747,3.779136331441631,0.9852174460051863,7.112770004282199,100,100
ENSMUSG00000038605,9.438686713018186,735.7249764387732,1.0,0.001,21.56408263680374,0.001,0.00913287644139199,100,100
ENSMUSG00000038607,4.667623817365587,177.04136300790552,440.80747352361817,2.9856426844220154,10.089798083603636,1.132963714618098,5.724763534005726,100,100
ENSMUSG00000038608,0.001,62.31581250733508,1.0,0.001,0.001,0.0017748529508922494,0.46039729966692045,100,100
ENSMUSG00000038611,2.3744706893488177,251.55845023415156,197.29602478858436,0.21396699387341822,3.644640006881745,0.530273664415068,25.465385014665713,100,100
ENSMUSG00000038612,0.576457261278623,1.760508531069664,51.35803148996486,0.26108619126728505,1.611357820322985,9.87652682748767,85.8271134156436,100,100
ENSMUSG00000038615,2.5473220257921234,18.86270424020185,58.46775735848499,1.2064433973296858,8.299125856911356,0.9311233244129595,12.655898476597965,100,100
ENSMUSG00000038618,0.13548400065342628,22.434054979565733,17.610288699664473,0.030005301453990385,2.0642189969190876,0.04395012595402298,2.136613104405807,100,100
ENSMUSG00000038619,0.4694758982079345,0.5226846840695705,12.481658403588428,0.18248345877630084,1.320513538937479,4.712014185846593,94.51009913108861,100,100
ENSMUSG00000038622,0.08116404977595841,1.664280207941512,4.85476504684643,0.004899056299644006,0.25070017797445393,0.6647065701667298,80.68498210141016,100,100
ENSMUSG00000038623,16.730309816526727,999.9999999959145,1.0049679388380317,0.001,27.33894793044437,0.001,0.008972502905678156,100,100
ENSMUSG00000038624,0.016909718697796464,22.126648443319656,39.05289513148094,0.001,3.8696128332704784,0.0014680702294146025,37.59948012227295,100,100
ENSMUSG00000038628,2.3909570791615407,35.40468022354096,66.74370250226339,1.1548975149802398,4.334117001902111,0.9880131733408071,6.937568522826796,100,100
ENSMUSG00000038630,4.285786838745319,515.9319745857439,1.0,0.001,13.894271814835708,0.001,0.04469836311410612,100,100
ENSMUSG00000038633,2.6211639674431395,25.620654825478667,94.64435545042564,1.7149089089709482,4.394801271674558,2.023446505634248,8.60301242836653,100,100
ENSMUSG00000038637,0.041845266337593515,1.533623024678152,1.8414872586400524,0.001,24.416116972025343,0.0012058329811812955,29.03005177434006,100,100
ENSMUSG00000038641,0.001,62.31581250733508,1.0,0.001,0.001,0.001984038980424579,0.63535110018804,100,100
ENSMUSG00000038642,0.001,62.31581250733508,1.0,0.001,0.0010000000000000009,0.0016407082461610627,0.3920870220317261,100,100
ENSMUSG00000038644,0.0867205427007171,18.7379023026538,45.841368240988615,0.03582681152300312,0.18552383432998787,0.8106574375905934,5.59740851945821,100,100
ENSMUSG00000038646,1.6774248660392272,3.269460588395069,15.42384018984207,0.8055824185323607,3.471893824662555,1.6203083847596855,16.977817903565235,100,100
ENSMUSG00000038648,1.4220418495148472,5.896979056001734,16.52221243187978,0.5781753667443204,2.144823265883706,1.6306369363661406,12.497147035748421,100,100
ENSMUSG00000038650,3.296994191994567,348.3330408044159,1392.3804336893497,2.7339743007921946,5.084972870459669,2.463037115647439,5.053629044454198,100,100
ENSMUSG00000038658,0.029695825035546016,0.034543450552911754,2.113085028490987,0.001,0.5845047426502612,1.89160394638483,2005.2578851973872,100,100
ENSMUSG00000038663,0.001,62.31581250733508,1.0,0.001,0.001,0.0014432127296783827,0.07486998216061558,100,100
ENSMUSG00000038664,0.5294959784561168,0.6904490685326822,5.114088212409657,0.1836772557880288,0.969642674539345,3.194388377138531,32.06858329513531,100,100
ENSMUSG00000038665,0.04693689453070804,56.89068679301101,40.26979254047766,0.001,28.42475595324714,0.0010534921043867174,12.254564214752026,100,100
ENSMUSG00000038668,1.568338125285744,170.4028638483438,567.5146394236905,0.8935901311559336,1.8638585218776909,2.799504028181442,9.358687937622875,100,100
ENSMUSG00000038670,2.3992539462854334,631.6350691373558,1.0917831779394422,0.001,7.618721230336488,0.0010907421447105149,0.06079562160828118,100,100
ENSMUSG00000038671,0.8761630052673186,2.0147155156904653,12.080919857949803,0.4326800308427915,1.3700904209023723,2.9186442212005392,17.098887888804825,100,100
ENSMUSG00000038676,0.001,62.31581250733508,1.0,0.001,0.001,0.00147593544026964,0.3043237532868251,100,100
ENSMUSG00000038677,0.001,66.84427540036525,1.0,0.001,0.001,0.001844837814736276,0.19367894294323057,100,100
ENSMUSG00000038679,0.15872186186303985,0.19508107147346646,6.028975288785573,0.014647339025004308,0.4045307155919941,7.567462481663677,1224.768077347826,100,100
ENSMUSG00000038683,3.628036247659589,999.2672682950864,833.8252705203136,1.7529140603598445,6.138679945354738,0.4883591972339297,2.820782678163906,100,100
ENSMUSG00000038685,0.01917588614426321,0.03604444835860481,2.1662981224083904,0.001,0.38842907345738953,1.932017261535428,1208.7069958640122,100,100
ENSMUSG00000038690,3.6467510267320384,6.537783929112714,80.36163383355273,2.697772273415339,9.07573695910515,3.1298684331128452,20.19806851662407,100,100
ENSMUSG00000038691,0.001,62.31581250733508,1.0,0.001,0.001,0.0017539834880156454,0.11543525041812025,100,100
ENSMUSG00000038692,0.03939994888293658,0.5686837580004226,2.97530422226528,0.001,0.17731909984179087,0.6907222842667388,216.89077845301847,100,100
ENSMUSG00000038695,3.3328203703392636,10.159978141418241,22.907047678549205,1.9047079119841304,7.284827452264622,0.7740970001071207,6.614663016257463,100,100
ENSMUSG00000038696,0.39600279488686135,1.152606253964953,4.461297231933405,0.20495150632592557,0.701746424916428,1.7242790652368258,8.971612754028646,100,100
ENSMUSG00000038697,1.155824293323509,3.714527318210256,6.912956945991856,0.4624227687010851,2.2804432780147033,0.7455554927147784,6.773877763609843,100,100
ENSMUSG00000038700,0.10408099616267973,22.92909429357228,32.71959906870527,0.001,0.27554427987719143,0.45678038922477815,242.792148382127,100,100
ENSMUSG00000038702,0.17619487583034546,0.2991640274096042,1.1317206645353244,0.001,1.1939663379482393,0.32117230595252855,814.2962822737236,100,100
ENSMUSG00000038704,0.001,62.31581250733508,1.0,0.001,0.001,0.001764704499616593,0.3023020942234823,100,100
ENSMUSG00000038705,0.12722016482019835,0.24849155389152752,1.9071468488538557,0.001,0.5496138628098001,1.1996971488800239,1259.5963551910577,100,100
ENSMUSG00000038708,1.2214857053683699,1.5949378375480803,6.2007512479307625,0.4789025897788042,5.000344689107994,0.5625436494904545,16.20976286565443,100,100
ENSMUSG00000038712,1.3752566761165839,208.60043991565837,355.4768051587005,0.9909659112853939,2.041891884177313,1.1398028149736237,2.4871096864954128,100,100
ENSMUSG00000038717,0.6736496167511002,1.1126422768224327,118.79599023173137,0.1916696221349724,1.3228402860379287,20.072047306014774,206.91997855440093,100,100
ENSMUSG00000038718,0.002725204916054054,0.0018829662373334459,1.6332973889296964,0.0019590346732031023,1.1499107100819272,0.9775732984559333,1282.6052442725766,100,100
ENSMUSG00000038721,0.42072055791578733,1.4645738950930174,5.08887064158496,0.13130095851435922,0.7045859530270111,1.7647525962518817,15.364019497815555,100,100
ENSMUSG00000038722,2.1965686499317463,3.4071806992625158,29.251623430720677,1.5777423503169627,4.721176550011919,2.4607254317253995,14.904721975906579,100,100
ENSMUSG00000038725,0.001,62.31581250733508,1.0,0.001,0.001,0.0016488735310995102,0.15122926929208644,100,100
ENSMUSG00000038729,0.8144062377651348,26.845043058636794,26.972752075805396,0.37325439474033534,1.3809408040409186,0.5796536823330067,2.416823637959982,100,100
ENSMUSG00000038732,0.06055277439912146,0.6404228614924642,3.103325782523278,0.017364751333828313,0.17869705359777038,1.269982242735685,19.063480384779666,100,100
ENSMUSG00000038733,1.8217352205960715,2.091885564437296,14.76177568202087,1.2097442500828186,5.837408123161543,1.192889852240427,13.107289109255026,100,100
ENSMUSG00000038736,0.3223566174651995,0.8617413122128618,4.058391756276291,0.05977607718476515,0.7777776234600701,1.8309206101692257,32.341168690865786,100,100
ENSMUSG00000038738,0.001,61.259704531272526,1.0,0.001,0.001,0.0020112439320041876,0.43228586301394056,100,100
ENSMUSG00000038740,0.4075036934811773,1.1270330423485875,2.1966819267996334,0.001,1.0624429649965177,0.5903564985376679,1117.3510320310847,100,100
ENSMUSG00000038742,0.2313168208411335,31.740861318861143,18.57717750462344,0.02832032294575263,1.2542204821078449,0.09152047554913526,11.039972483309036,100,100
ENSMUSG00000038751,0.001,62.31581250733508,1.0,0.001,0.001,0.0014440273184999227,0.4819203417577742,100,100
ENSMUSG00000038754,0.001,62.31581250733508,1.0,0.001,0.001,0.0018125401611845029,0.2007724758594544,100,100
ENSMUSG00000038756,0.001,62.31581250733508,1.0,0.001,0.001,0.001847479502346438,0.20954457264264595,100,100
ENSMUSG00000038759,0.68881685930997,1.2221860818831907,4.59444964167634,0.18646534820631044,1.358051977111371,1.5173464150698572,23.57459693690313,100,100
ENSMUSG00000038762,6.717553462629073,548.0366186409308,610.3208367431819,3.6526521137916004,9.265429509139214,0.8049186240941362,3.1954537410654593,100,100
ENSMUSG00000038763,4.1336179629762935,999.9999943156627,1.0,0.001,5.989480141421277,0.0011950827161316714,0.048006508927550984,100,100
ENSMUSG00000038764,0.2756750779960369,0.3366688215578685,2.370314503092131,0.014678896071165157,1.0908047093901623,1.1589475893080805,282.0280054795998,100,100
ENSMUSG00000038765,1.841988715766862,443.41926254649763,1.0,0.001,11.623371500293251,0.0010000000027422487,0.056963586595226254,100,100
ENSMUSG00000038766,0.18080681452374234,0.36379686018224416,1.5679677802421537,0.0010000861467582569,0.8308660856991037,0.607173550155467,991.4518137028829,100,100
ENSMUSG00000038768,1.4275905501715376,345.13246017114864,1.0,0.001,8.875937115187615,0.001,0.05292419339081389,100,100
ENSMUSG00000038770,6.842842820328199,546.9288365921756,1.0,0.001,22.929139410391656,0.001,0.009440065147607455,100,100
ENSMUSG00000038773,0.4751898922200701,1.9989317561740694,3.7997436302635768,0.19736403136585573,1.0981620576252875,0.6707006981150734,5.3307648977733315,100,100
ENSMUSG00000038774,0.2077153032584227,0.12760417217839284,3.060497503456957,0.0035213802228054106,1.50445787453061,1.3619270545883126,2144.923302185326,100,100
ENSMUSG00000038775,0.014755990136932665,17.899311583013215,28.243683535800734,0.001,13.153987077335792,0.0010781905278313213,43.75730561357703,100,100
ENSMUSG00000038776,1.8838296276945226,5.62579190969166,92.13143329089074,1.5530349959921455,4.503557830462425,5.441134135137891,22.670596924903094,100,100
ENSMUSG00000038777,0.001,0.010176118705672694,1.0620841468141509,0.001,0.2409182190926694,0.13342955219813302,162.6038433589106,100,100
ENSMUSG00000038780,1.6220571436571714,3.6388871767502584,15.24754189410224,0.9912734335078941,3.122044644214647,1.556765096146226,11.199779583601696,100,100
ENSMUSG00000038781,0.047768009545873735,20.339057246949665,14.31895389077791,0.001773183546069312,26.013674304031525,0.0010031505415562607,2.975351147463548,100,100
ENSMUSG00000038782,0.14191979517609102,17.91568992746406,9.688043976935504,0.001,0.6353104304463447,0.01732330469178388,3.763850897459429,100,100
ENSMUSG00000038784,1.1689266810607435,6.292839660513793,14.064471528631948,0.053942202451142514,2.2488906020155577,1.0067985092852343,151.28729094794843,100,100
ENSMUSG00000038793,4.2313190930019795,604.198330484246,1.0,0.001,15.246280219679836,0.0010000000000057621,0.28789052304569396,100,100
ENSMUSG00000038797,0.03553229553468415,0.9798421979941784,3.3953346920858225,0.001,1.445340644660772,0.021539010649975536,108.53022153276825,100,100
ENSMUSG00000038803,nan,nan,nan,nan,nan,nan,nan,0,0
ENSMUSG00000038806,1.9940673017596764,19.116666425077888,25.391002545079296,0.9659796638880755,3.6473349575594476,0.6357621838403237,4.4086321965288136,100,100
ENSMUSG00000038807,0.9369795637716156,40.60310923099387,114.04859919529434,0.5128817640162489,1.2723499098041653,1.9946341221907724,7.029721516232366,100,100
ENSMUSG00000038811,0.035012204966992644,16.13494894613963,50.4061353667344,0.001,0.17640831931579923,0.10248122819698398,156.55115047094014,100,100
ENSMUSG00000038812,0.3583942017192955,0.40189075203167796,15.35318557505709,0.27739338835619887,0.8708076265647766,8.742681196139205,55.20432391809376,100,100
ENSMUSG00000038816,0.6112900805792099,19.8911549064502,25.759698496932547,0.11280692422828378,0.9335801547725131,0.8080473859994762,11.072925457112234,100,100
ENSMUSG00000038822,0.5119754764245877,33.79750597694932,7.900013190019319,0.04900016621359011,77.15078808386164,0.001508165915661039,1.39795412158866,100,100
ENSMUSG00000038827,0.6947231190961662,2.75510638320559,4.066107064708867,0.001,0.8521501197794056,1.219449206601543,1682.1122407128996,100,100
ENSMUSG00000038828,3.5243546868326967,46.87002323823684,52.25003419681622,1.1928145684207019,6.573849821229592,0.5550153229420325,9.247458049680187,100,100
ENSMUSG00000038831,0.03699961341701121,13.538878886869817,28.67350067294148,0.001,0.3151113124133153,0.05285607914216133,105.62480663984137,100,100
ENSMUSG00000038836,0.06389575376488742,0.292305927277481,1.0,0.0022813096303544366,0.6170234671972792,0.25414047185607863,55.444805544488595,100,100
ENSMUSG00000038838,0.07356814204470469,0.40702266048567126,3.400824501390349,0.011638367750789282,0.21351899154026743,2.1301322960610345,67.37558730662468,100,100
ENSMUSG00000038840,1.2942464081253242,312.7073817864961,1.0,0.001,10.259582896781122,0.0010050480718684094,0.17545762801983367,100,100
ENSMUSG00000038843,0.2131361891585136,1.7657017120311311,5.497087634293343,0.11418227380796495,0.43415294215273403,1.215721365299472,7.427073341240428,100,100
ENSMUSG00000038844,0.5056777957650361,24.25373011075585,22.706794744606896,0.001,0.8100013031626578,0.6009066341554424,1002.0075364586273,100,100
ENSMUSG00000038845,2.6333639876722463,5.342746254027105,43.502194674249594,2.053330892724536,6.508985928183355,2.3052423017993506,12.073233483955718,100,100
ENSMUSG00000038848,0.19377913644075104,0.2286178789281357,7.291629784431555,0.08655154226544709,0.3102261822161784,16.46217525366896,80.40847285466512,100,100
ENSMUSG00000038855,0.07918879611327674,0.30645368195131656,2.643255113352694,0.0015784193412807616,0.2980173640200464,1.8030106235514851,455.28446650059857,100,100
ENSMUSG00000038859,0.021998621529947034,0.22555400193170713,2.3214096793971044,0.001,0.135963637281374,1.2386885694645215,254.69881135914358,100,100
ENSMUSG00000038860,0.013139067123511934,13.170896490169772,32.453509375512894,0.001,2.6534256913419925,0.0026563923513417713,42.63375376606412,100,100
ENSMUSG00000038861,0.001,0.0014789109120191017,1.0805690641898613,0.001,0.8493144447038365,0.5171111426239187,1010.1722829693966,100,100
ENSMUSG00000038866,0.5770417841914803,0.7824721059433256,4.9826267157321,0.24116597585977478,1.3287376574728045,1.6928455595945748,19.821686223245138,100,100
ENSMUSG00000038871,0.5574076074521339,5.350294000731194,13.019862809249464,0.3205336717286814,0.843978647017726,1.4527453871213303,5.198380968910134,100,100
ENSMUSG00000038872,0.6145543944344027,0.8844960719154732,11.014555829511206,0.27218664321241387,1.8385053121524886,2.4196602601169124,33.54624667726712,100,100
ENSMUSG00000038876,1.105448244135961,1.3616862307952518,14.734994732897544,0.7831899772611517,2.971164107732969,2.3593695222159714,18.256229889131156,100,100
ENSMUSG00000038879,0.05963226939634934,41.3611680922409,65.39878234694677,0.019322013308359497,26.05606988119658,0.0015538578087389322,4.301302557703025,100,100
ENSMUSG00000038880,1.1491184930435492,1.8408518581453612,8.486579047076651,0.3256163685416573,2.2063337627672532,1.5609843571463804,48.69380273685289,100,100
ENSMUSG00000038883,0.001,66.84427540036525,1.0,0.001,0.001,0.0016748793985594357,0.5742984855197414,100,100
ENSMUSG00000038884,0.322826002712204,3.037680862023821,4.837644342757533,0.001,0.5533431723297093,0.8676073225037138,929.4094070356946,100,100
ENSMUSG00000038886,1.4782981278313692,3.0560274241385463,4.215279004411875,0.005321312057217945,2.3247462946801285,0.9368339123209761,1140.2859350906206,100,100
ENSMUSG00000038888,0.02181642129453595,0.027361483180364538,1.7426346182901284,0.001,0.6546293734054327,1.177274110016151,1582.1329832013512,100,100
ENSMUSG00000038893,0.14969735064384254,1.6723810591817758,2.7906641183886465,0.0282413754009565,0.48706886971110724,0.44349443102765046,9.72363269349422,100,100
ENSMUSG00000038894,0.10111499890170116,1.5724876879232033,3.9935374375432797,0.041170848368682164,0.2670134304946924,0.8590355508899256,7.2583099419830095,100,100
ENSMUSG00000038895,0.06245352427956575,0.16310652912808046,1.6359109817160655,0.001,0.45897927250063675,0.9361940934117865,766.3381239983762,100,100
ENSMUSG00000038900,0.18574711918711814,0.5833733005858089,173.81133508215424,0.001,0.27568674991172015,0.013782061484033423,1271881.0083110195,100,100
ENSMUSG00000038902,0.6355948797270852,28.324704195835874,33.22088588915232,0.0011565227026196327,0.6969716502305106,1.1040792772470447,1073.8186075682793,100,100
ENSMUSG00000038903,12.66501658307454,1000.0,1.0,0.001,29.10370749413645,0.001,0.008868308134198158,100,100
ENSMUSG00000038909,0.48360294923411595,0.30877465170261137,3.351226065449896,0.04021174993282178,2.2513312497611713,1.1202762614805284,561.130558878468,100,100
ENSMUSG00000038910,0.05167443233450883,5.156020234745767,6.300616144440281,0.0012848356566364785,10.618459301336596,0.0017087235922246193,31.528679325203363,100,100
ENSMUSG00000038914,1.0163992230732228,2.4802836605374017,8.653372522141124,0.4679039489805742,2.008076554334979,1.2422391334308165,11.440500913065481,100,100
ENSMUSG00000038916,0.0651449228702578,19.004110631253937,11.189281954843025,0.001,16.377271746411235,0.0015080990105174519,15.16470603380074,100,100
ENSMUSG00000038917,2.3992539462854334,631.6350691373558,1.0917831779394422,0.001,7.723934729114395,0.0010000000000024423,0.03711159468649638,100,100
ENSMUSG00000038925,0.001,66.84427540036525,1.0,0.001,0.001,0.0020715137681253546,0.17564773859080612,100,100
ENSMUSG00000038930,0.41503336776005245,33.10321235108914,12.234013321412501,0.04801375188124486,7.483864635332829,0.016291446838008317,3.7725564883900073,100,100
ENSMUSG00000038932,0.006716057782822816,12.051823444171786,29.247070909503705,0.001,4.00556792528671,0.0015483786286899326,13.439664798430806,100,100
ENSMUSG00000038936,1.2509843295670764,58.83144764759875,135.02432591578204,0.7612350093600242,1.6244191049022034,1.6765461483194448,4.668987734977216,100,100
ENSMUSG00000038943,0.012255155100016221,0.3866895593839172,12.942051459396327,0.001,0.042493859040793724,2.665078657359277,131.80779988689366,100,100
ENSMUSG00000038949,0.7155033264719994,4.687697549132777,10.429165329617735,0.38597597274912837,1.1795589983074064,1.1903806363179321,5.461201536529427,100,100
ENSMUSG00000038954,0.001,0.0017286980750003235,1.2496207969714357,0.001,0.5304807081438387,0.8390151217274621,949.7726458124923,100,100
ENSMUSG00000038957,0.4789600479659732,0.5593580570677879,3.395424032338994,0.18312206594909977,1.9536313334820612,0.9417314072498695,19.461277037147145,100,100
ENSMUSG00000038963,0.001,62.31581250733508,1.0,0.001,0.001,0.0017123752189821223,0.10488553729182284,100,100
ENSMUSG00000038965,0.9932509967537142,2.113098847015618,49.001901296753154,0.7597065813471326,1.8701535166730197,8.74763472997165,37.81705491972542,100,100
ENSMUSG00000038967,0.4354562480648268,26.046689580354595,32.121562176025805,0.0010342871954347715,0.630015865784354,0.7287394026169575,769.4258753669415,100,100
ENSMUSG00000038970,0.09398772208828275,0.13345703577137658,2.9005629140577818,0.001,0.5103581090869951,2.2563924180763415,2515.234284097411,100,100
ENSMUSG00000038973,0.27213439610239265,65.36421030425801,1.0,0.001,6.864122838019144,0.0013689983355427262,0.13051484236889604,100,100
ENSMUSG00000038975,3.42674652473895,414.58049641640395,925.2118883631736,2.236563953480876,4.5275942195749455,1.7532444509635372,5.205502628481609,100,100
ENSMUSG00000038976,1.0789397212685627,2.5860513736992004,8.671461429454762,0.669919302285102,1.9791198943347723,1.2816298490348177,7.350162534852175,100,100
ENSMUSG00000038984,0.021020684613126835,16.780903748156867,13.13354103984907,0.001,6.994681462631268,0.001527886518305667,28.019477795560714,100,100
ENSMUSG00000038987,0.09310321838051869,4.6045186425782925,6.557655348803442,0.02741236978887085,1.7787021951715678,0.02358897548704103,4.381164995498945,100,100
ENSMUSG00000038990,0.2194779766109454,0.5456097506504499,1.226973549802107,0.005262068098617756,1.5027124097831694,0.2760221656069854,125.07321877810406,100,100
ENSMUSG00000038997,0.001,62.31581250733508,1.0,0.001,0.001,0.0019242031712180252,0.24231315847290494,100,100
ENSMUSG00000039000,0.813601819355991,0.7116984658510591,4.195206298334516,0.21080841365793007,3.8970609168120074,0.6894272599349216,45.977854223186995,100,100
ENSMUSG00000039001,6.179332442867725,176.41737475764765,1832.269147097008,0.6878891833049343,7.5489954111535695,1.9288148621950243,12.444004928852873,100,100
ENSMUSG00000039005,0.6842167935775134,89.3704317487975,109.11260917534342,0.33074102500107183,1.029863064755178,0.8113683295197056,3.4164870333954678,100,100
ENSMUSG00000039007,1.0302865092280915,1.6381350295722812,13.764038191780815,0.6506069302497768,2.3362232289482945,2.322781362750572,18.339551588695706,100,100
ENSMUSG00000039013,0.001,62.31581250733508,1.0,0.001,0.001,0.0018458925610195251,0.19592508038701248,100,100
ENSMUSG00000039016,0.22878489529856094,0.933763047181271,24.462222272139876,0.1476158683664932,0.3288835013736243,16.366035548219703,45.85765409678021,100,100
ENSMUSG00000039018,0.5422780431408489,1.096546372003446,2.3870637430385346,0.1325631169030166,1.5562527546405533,0.552624635009272,12.82493090008661,100,100
ENSMUSG00000039021,0.001,60.37820284006485,1.0,0.001,0.001,0.001803584163332169,0.07812843810971228,100,100
ENSMUSG00000039031,0.15544078291725566,32.05937639669294,22.43908943886919,0.001,0.6862429746490128,0.022718851255313276,41.69805896407494,100,100
ENSMUSG00000039033,0.21835847360966346,0.3974631049981918,1.785334414945774,0.001,1.0367985623401281,0.6494628301345309,1191.111121957827,100,100
ENSMUSG00000039037,0.001,62.31581250733508,1.0,0.001,0.001,0.0017256997681052437,0.07219344641700748,100,100
ENSMUSG00000039041,0.05150005140454737,0.07671674249000567,28.039018666605376,0.001,0.5288299112665524,0.09310685078231204,25966.406721166284,100,100
ENSMUSG00000039043,1.285572983279767,107.92637926515349,129.73846375401922,0.5208368326775064,2.0596577691644757,0.7430459683883099,5.362715250118617,100,100
ENSMUSG00000039046,0.5601998027924506,1.4352061641922051,3.0772886742066423,0.11760681169846586,1.3555977996755821,0.6103735469621224,17.11605372305086,100,100
ENSMUSG00000039047,4.211697152183728,55.40263308370085,124.59343364810509,2.9943069502218433,6.4884633333401025,1.4294514135957948,3.827189710658512,100,100
ENSMUSG00000039048,0.4759920085786968,20.441567169845996,22.787926712108106,0.001,0.6047737571934145,0.8530448667526928,1049.700504284808,100,100
ENSMUSG00000039050,0.9686889463721963,1.8841050442646496,9.903270695927109,0.6050002337038538,1.9037560596018497,1.7559868067839854,11.448703713595416,100,100
ENSMUSG00000039055,0.036782778887607025,19.620214606530862,35.42960573278208,0.001,0.21929908823276945,0.07085045768071949,85.2718113600623,100,100
ENSMUSG00000039057,6.343205910200503,760.6777116883231,1.0,0.001,17.59062156949811,0.0010000000000000187,0.023288232634341034,100,100
ENSMUSG00000039058,5.539679934558267,619.9324808110977,1.0,0.001,18.253074519554996,0.001,0.04182711139518887,100,100
ENSMUSG00000039062,0.08350163165403424,18.60348829983341,14.024794537032191,0.008573769419358914,6.658527470497288,0.0032405656471042625,4.483523440570952,100,100
ENSMUSG00000039063,0.4095642153614912,24.79380296035828,21.727168471523907,0.09546295451753636,0.7503262179150552,0.43653902490190866,5.679560869812383,100,100
ENSMUSG00000039065,0.5322632126927604,0.44043245664958,3.7149725181249798,0.3254587387769331,1.808364724549441,1.309004683358229,18.586882715149784,100,100
ENSMUSG00000039067,3.5240730761110903,10.739301379377238,57.35110492860361,1.9592473393288707,17.117094425715145,0.8968043694521712,17.22415394041494,100,100
ENSMUSG00000039068,0.6066419535469083,1.1670652584025751,5.035619996379074,0.10857184265631065,1.0806665302850669,1.800187789899141,41.023339740063925,100,100
ENSMUSG00000039069,0.288249454252632,0.2744026333104892,2.3941043382758997,0.07998879872224002,1.0895416592928777,1.497925412963098,39.576167090111035,100,100
ENSMUSG00000039070,0.06791191913448112,3.0971828036746962,3.73972774893222,0.001,19.872464414253407,0.0013436336190720882,3.3022836639632995,100,100
ENSMUSG00000039079,0.001,62.31581250733508,1.0,0.001,0.001,0.0015654233034186607,0.14841998910445856,100,100
ENSMUSG00000039081,0.23381227101760702,1.8310111285695256,42.31424732582808,0.0789510524251808,0.2757172291573316,20.08637774693715,80.70417830146198,100,100
ENSMUSG00000039084,0.001,62.31581250733508,1.0,0.001,0.001,0.001531170450213942,0.24756563111333557,100,100
ENSMUSG00000039086,0.20491620780681172,3.226203258168966,4.815059867853247,0.09381450340530453,0.4751181755133887,0.5550620268191204,3.6899558023132046,100,100
ENSMUSG00000039087,0.2520469005005949,0.5959090853665877,3.053337574312763,0.0014922623555062688,0.6804726245569372,1.2669161554319597,1212.7066210580638,100,100
ENSMUSG00000039089,0.2801908574988358,0.5460764551358396,4.049166752581836,0.0015583361159335128,0.7423883004465013,2.0690900480224803,1408.6580119354307,100,100
ENSMUSG00000039092,0.001,62.31581250733508,1.0,0.001,0.0010000000000000005,0.001559649944248295,0.17128336314258372,100,100
ENSMUSG00000039096,0.07858718639316926,0.07889559245197231,1.900810447657729,0.0011905435328971067,0.8458461050907007,1.1888281985001599,1668.3262443391068,100,100
ENSMUSG00000039097,0.001,62.06362322068015,1.0,0.001,0.0030020504105349884,0.0017191743614268337,27.77223089504563,100,100
ENSMUSG00000039098,0.001,66.84427540036525,1.0,0.001,0.001,0.00170107385578933,0.10131184037244478,100,100
ENSMUSG00000039099,21.197331150165677,1000.0,1.0,0.001,32.618725607197646,0.0010000000000023465,0.0090083438633908,100,100
ENSMUSG00000039100,0.3121978033476175,0.7245646925762574,2.8502974944120454,0.041389243768259545,0.9284822357390694,1.0169967342191182,40.298183704481474,100,100
ENSMUSG00000039103,0.20364157068549413,0.7079172486963452,6.507565813408189,0.036941159063959325,0.3688207618573569,4.0078874497845725,75.11777815547076,100,100
ENSMUSG00000039105,0.12547893416224082,0.8715996211490751,272.4246875373015,0.001,0.18726239099604866,0.12004248526218123,1321.8874147263482,100,100
ENSMUSG00000039108,0.9259259803202924,0.7677917621129613,9.580403337804016,0.408716625633167,4.911595822051536,1.0720455479103372,48.60816141745556,100,100
ENSMUSG00000039109,6.091555669967595,484.08793025947205,1.0024674650995,0.001,22.126876764604724,0.001,0.009021332643945862,100,100
ENSMUSG00000039110,0.16517094211496977,26.888833278804153,15.342845476555885,0.0013047373920985928,0.8196492813486633,0.09297940974483361,65.95667254373573,100,100
ENSMUSG00000039114,0.7197373524643588,3.3161297837713715,88.67412492184775,0.5856024164232582,1.0281794116865295,16.3952908891855,36.62250581876155,100,100
ENSMUSG00000039115,0.15322877757950565,1.962798853754386,5.80134697885577,0.05034488650043281,0.2777270783722712,1.185227657913148,11.243779647350516,100,100
ENSMUSG00000039116,0.10464994056858376,8.763228747909453,20.48383201334745,0.053418040529014346,0.2056057713581995,0.8506990533021127,6.55675553330231,100,100
ENSMUSG00000039117,0.16545023169949602,0.5598235534798344,2.1159773143388607,0.0010107932713893544,0.5289687697143403,0.8019026436680117,682.9735178733054,100,100
ENSMUSG00000039126,0.5578828878914163,61.382136568178154,165.25469818284677,0.3641631620640209,0.7031605718542994,2.1754485514802555,5.154048870377535,100,100
ENSMUSG00000039128,6.67883692183237,657.2768626984392,1114.1221727465838,5.045687431233393,10.400970454495866,1.093261310900485,3.006324257603235,100,100
ENSMUSG00000039130,0.4601352711535043,0.7348551794542365,3.189425041182092,0.08410285615508573,1.283402560930823,1.02312620878173,35.24196534468949,100,100
ENSMUSG00000039131,0.03912270845607376,20.182145863897293,10.664395157647554,0.001,15.990040354113754,0.0010208540471046087,30.392185037904238,100,100
ENSMUSG00000039133,0.001,62.31581250733508,1.0,0.001,0.0010000000000000005,0.001838578085061598,0.5990783280862428,100,100
ENSMUSG00000039137,0.23536269121352385,23.567697628839717,84.31237493793503,0.11479866695854586,0.3825713450887813,1.8891646486881521,7.835895404099059,100,100
ENSMUSG00000039145,0.212745198613009,9.094271022467813,5.595921592749668,0.010597052120787055,1.4023138921395744,0.07605207558373195,6.95514956171918,100,100
ENSMUSG00000039146,4.151342993858895,1000.0,1.0,0.001,10.341106916463627,0.0010026595758911875,0.06691161440554602,100,100
ENSMUSG00000039148,1.064038169267609,1.9831932666629928,10.702219318863753,0.6454226179526956,2.158836593181946,1.8167460842902445,13.03592864718636,100,100
ENSMUSG00000039153,0.18591093983968918,0.8587405716937014,5.413967513381803,0.07838344564215124,0.36598759550381715,2.362633400229197,14.779056020317459,100,100
ENSMUSG00000039154,0.02307409802165376,20.39575025086807,14.833983103677138,0.001,12.453694077719646,0.0012567389654643659,3.153341237791217,100,100
ENSMUSG00000039155,1.4794348014843814,357.52131026778807,1.0,0.001,8.220556290383517,0.001019118787948037,0.14231444818638353,100,100
ENSMUSG00000039156,0.002633775142477485,0.001491177793322732,2.257729464383163,0.0018580856924968897,1.2081035429601599,1.5125847611938328,2409.0766680579127,100,100
ENSMUSG00000039158,0.21309361224996426,33.22753166153486,20.254028877138218,0.001,0.6760264945870573,0.018857601529372624,65.6805170912376,100,100
ENSMUSG00000039159,0.39353174126344,1.2965958115393577,8.168088995481599,0.23129310276233817,0.6376785442878843,3.732633992041682,12.30428345727269,100,100
ENSMUSG00000039163,0.33930962863217135,0.31705780353354274,3.1950889313920654,0.07636812088760822,1.2573884794310701,1.5360516549881007,56.35573201087534,100,100
ENSMUSG00000039166,0.38929711054735233,1.2650028531809154,3.59607097559362,0.07722491305750193,0.8322118725958239,1.1259358556153298,17.76710242387426,100,100
ENSMUSG00000039167,0.001,66.84427540036525,1.0,0.001,0.001,0.0016019995547187468,0.2982376879305939,100,100
ENSMUSG00000039168,2.36646981334282,269.4885690331377,2079.6871910854948,1.6844249835309637,2.8374757670491793,6.322216712345865,13.910530370171916,100,100
ENSMUSG00000039176,0.9860201170781069,121.02539351569092,177.3856456923581,0.3307604102758306,1.4875873467224758,0.9590418800915392,8.003408416385087,100,100
ENSMUSG00000039178,0.5820317733511916,0.5647873979350875,3.673085673278092,0.06644908287655917,1.9882445663660444,1.1367786064279537,132.076625251857,100,100
ENSMUSG00000039179,0.001,62.31581250733508,1.0,0.001,0.001,0.0015812517589768541,0.143116173318651,100,100
ENSMUSG00000039182,1.003559300465555,2.9318542599126944,6.608207984278096,0.2490407160054135,1.9332432236272523,0.8603005108062434,17.789518596021384,100,100
ENSMUSG00000039183,1.4703039702590692,1.892839456695774,9.44445437867527,0.7303045045087618,7.208318827618892,0.5920056049664237,17.530153434935933,100,100
ENSMUSG00000039187,0.10770067473357946,18.278919130813,7.949180507553841,0.002518550888701077,26.306530885154967,0.0011500842814303582,10.455253258653997,100,100
ENSMUSG00000039191,0.0190803473811994,0.06194547641822643,2.6637660048257956,0.001,0.23942499443535256,2.5171406306359243,992.5111324188149,100,100
ENSMUSG00000039193,8.30315732316663,1000.0,1.0,0.001,12.509363145366546,0.0010000000000081515,0.08486613936906132,100,100
ENSMUSG00000039195,0.06801814544898022,0.24980732152219282,13.156782238205931,0.001503322082866597,0.17259880940867353,19.928215459458276,1639.0958977530083,100,100
ENSMUSG00000039197,2.597275697460512,487.6501273367987,1188.3994891162795,2.0372213927792573,4.075677719621112,1.5329781088437757,3.1691188903012013,100,100
ENSMUSG00000039199,0.5057108586744757,119.28137051757444,161.52383569575167,0.16461289638030321,0.9833637083300278,0.582335820577569,7.16782392721808,100,100
ENSMUSG00000039200,0.001,62.31581250733508,1.0,0.001,0.001,0.0015424938728110242,0.24868692135376988,100,100
ENSMUSG00000039201,0.20456140866114886,1.2317169034559092,4.396679693513942,0.09884739831799914,0.3890328304807318,1.5132011929171836,7.526935121769213,100,100
ENSMUSG00000039202,0.7100054142314219,0.6104953605224311,2.4213052858733706,0.20321930259843535,3.9373238417112937,0.3250728359368968,25.509292456804545,100,100
ENSMUSG00000039205,0.24795127955950144,0.41277596163329416,4.1740234610243006,0.0990260523379272,0.48920538404777714,4.102332014192271,30.854204010732882,100,100
ENSMUSG00000039206,0.7604082288279694,3.1378956624426237,3.677529255745215,0.14876607388609836,1.6716733840500853,0.382280232187873,10.323188238457755,100,100
ENSMUSG00000039208,1.7106464780319468,122.74865280267633,304.30188768633815,1.1584039728242221,3.9479394762157547,1.088244066246859,4.381914907826703,100,100
ENSMUSG00000039209,0.001,62.31581250733508,1.0,0.001,0.001,0.0015610329215968608,0.16388315557395317,100,100
ENSMUSG00000039210,0.37314016428261776,3.6944704024022017,5.708037563007971,0.0015863623235639725,0.5952635653182916,0.8609029483409127,582.8212922124102,100,100
ENSMUSG00000039217,0.5839693475027825,2.1448795914526375,3.2739838104310772,0.0010307764189029177,0.8792498345802255,0.9711597111726279,1392.8170580588294,100,100
ENSMUSG00000039218,0.0225944506960198,0.018896154074691116,10.166961565253208,0.001,0.621941961688093,11.49079354083066,11680.069253973605,100,100
ENSMUSG00000039219,0.27199013031134645,0.8432786534130061,4.187658448992964,0.001,0.5541992448905204,2.0110090491090045,1814.5753241629313,100,100
ENSMUSG00000039220,0.001,16.98200722046845,1.0,0.001,0.001,0.004550750433428083,323.9063479754098,100,100
ENSMUSG00000039221,0.20236775396388795,0.5334430840131825,136.8861258020432,0.001,0.2987277849641341,86.74611204420013,1287.9087703523896,100,100
ENSMUSG00000039230,0.6491164308197536,0.7431545976835937,4.355873075963847,0.11254311933247879,1.7466831652481773,1.340372080724283,314.17043682868234,100,100
ENSMUSG00000039231,0.06275220530020509,0.7329931901504553,10.510616685711712,0.024364844459834646,0.11041797239602506,7.144578411648297,46.38725235270056,100,100
ENSMUSG00000039232,0.4805711862186114,159.89239049426376,116.34645157004363,0.1429376388361972,1.126000690286566,0.271978200707939,3.001010418574946,100,100
ENSMUSG00000039233,0.08104098378726332,0.10275573144338886,2.1714306522239215,0.001,0.6440296238470598,1.5007668505235827,1824.5348078614284,100,100
ENSMUSG00000039234,3.642295754261483,761.4078708828811,1564.9751056594353,2.451865009269677,7.771773218202846,0.9840464238543416,4.309478012421273,100,100
ENSMUSG00000039236,0.17393136348813484,0.45186693039728476,2.4461255608587362,0.006256890501101555,0.5000757396751893,1.2425417908044354,198.86107882638012,100,100
ENSMUSG00000039238,0.001,62.31581250733508,1.0,0.001,0.001,0.0015665411930576956,0.12011926235948457,100,100
ENSMUSG00000039239,0.35634472976862214,2.1818088397636872,13.021938269336871,0.10134190906660451,0.49766149455044106,3.9290374205450096,25.68169658361908,100,100
ENSMUSG00000039242,1.0408452702884672,20.10854363890269,17.960400379315736,0.03552591205842995,1.7347271771353086,0.5030581922480114,114.46430490469702,100,100
ENSMUSG00000039244,0.9719509841002381,2.230314666125858,2.8259380184814176,0.05463339717592978,2.897461459723102,0.29455757082145384,50.74027209564494,100,100
ENSMUSG00000039246,0.37957564195112653,0.37194870349640136,2.559803251039987,0.03994866892868787,1.1602696680906064,1.453578117187805,126.46614415824294,100,100
ENSMUSG00000039252,0.001,62.31581250733508,1.0,0.001,0.0010000000000000005,0.001770464705617533,0.2070423707670193,100,100
ENSMUSG00000039253,0.18765620677503092,8.478487620955685,2.722311720376897,0.001,22.729157944344607,0.0014884562850503767,2.1840258060885223,100,100
ENSMUSG00000039254,0.11102777986811158,0.1150523584945044,4.3306210933774905,0.010786282156548622,0.32691189251454,11.752929775190376,475.30929507635017,100,100
ENSMUSG00000039257,0.0022791189702767007,96.20257168094757,407.37033533970737,0.001,0.006628403525117869,0.001751244225232842,22.68165814373306,100,100
ENSMUSG00000039262,3.348105381759533,999.999999818447,1271.7890504698473,1.6787359297721105,7.004976534287298,0.5892617010234651,3.692765894300595,100,100
ENSMUSG00000039263,1.1661528789741114,3.9927185497357613,10.005154407558052,0.26862871856555864,2.057630134222661,1.1296459532729126,16.30388807352365,100,100
ENSMUSG00000039270,0.335963295609722,2.468557742166233,7.013750505196104,0.14267232522406922,0.592673072843245,1.4503259678940377,6.9600214650304,100,100
ENSMUSG00000039275,0.2734496160723477,0.16797074113608956,5.916083413689148,0.08706858913740723,1.7257714195454819,2.123357603735789,128.29364529108278,100,100
ENSMUSG00000039278,0.001,62.31581250733508,1.0,0.001,0.001,0.0016984242057898188,0.1844566900718368,100,100
ENSMUSG00000039285,2.2272298588848165,249.30549016106346,150.88108089013946,1.1601133649152007,6.626210920100688,0.22337022341043022,1.9196246243404929,100,100
ENSMUSG00000039286,3.278863465175225,158.07986011268648,390.2387095784136,1.8991648638962526,6.059319430342494,1.3241298868184983,8.4545583456129,100,100
ENSMUSG00000039294,1.520286527166014,1.7412624471980944,9.847558930610798,0.8829747009503354,5.300546214293604,0.947834193884679,13.71648944303693,100,100
ENSMUSG00000039296,0.001,62.31581250733508,1.0,0.001,0.001,0.0015547191920638193,0.6297780523752072,100,100
ENSMUSG00000039298,0.26121537556755997,0.7557373153557674,2.5130633517873617,0.0019083864457903727,0.7235202137375638,0.8122071216072039,701.1963562082942,100,100
ENSMUSG00000039307,0.32475925755345164,40.817668616082514,32.493494253699005,0.13529543617537904,0.7783622632156996,0.32841336186626335,2.217574066409078,100,100
ENSMUSG00000039308,0.3950066892981369,1.0667727814619112,5.32007088914958,0.1659291179339109,0.7039661917760872,2.1318313966348077,13.995554586588637,100,100
ENSMUSG00000039315,0.001,62.31581250733508,1.0,0.001,0.001,0.0017728371301233214,0.16984402509217456,100,100
ENSMUSG00000039316,0.3511589144188427,2.667985813686525,5.067598534343203,0.0860717506747242,0.7340887135994116,0.7859202611875584,9.526266194436646,100,100
ENSMUSG00000039318,1.3188092355068504,1.8017001856732011,9.354548589004338,0.837186494839911,6.207402072182358,0.6084255223117181,9.848143377381525,100,100
ENSMUSG00000039323,0.03553836209120126,7.1940885818148494,273.5006589091637,0.018372556847399434,0.059555811053511806,9.9909230073936,99.12620050877803,100,100
ENSMUSG00000039328,0.17017998566242754,2.170071483420547,3.576392259798182,0.08372530047696235,0.40853838603368653,0.5728877574816671,3.77399856188847,100,100
ENSMUSG00000039329,0.001,62.31581250733508,1.0,0.001,0.0010000000000000002,0.0015879988495197,0.18673809995220517,100,100
ENSMUSG00000039330,0.001,62.31581250733508,1.0,0.001,0.001,0.0015165006297284543,0.19496001505827215,100,100
ENSMUSG00000039337,0.001,62.31581250733508,1.0,0.001,0.0010000000000000009,0.0017635118099010405,0.3063324252464277,100,100
ENSMUSG00000039342,0.001,62.31581250733508,1.0,0.001,0.001,0.0016550536743231,0.13571686304417846,100,100
ENSMUSG00000039345,0.15895044849579962,0.14455382939849276,1.4587582075273315,0.001826329496286984,1.4180438678840654,0.5603177866454276,1181.7140084202717,100,100
ENSMUSG00000039347,0.026282651986558762,0.7198086230873068,2.925352804507021,0.001,0.20138095408685802,0.13629103147522859,59.727819278750616,100,100
ENSMUSG00000039349,0.01077703367692171,19.93788202364273,22.73683563398294,0.001,3.6519363694728777,0.0014552393009480253,14.224129093865365,100,100
ENSMUSG00000039354,0.0010960081016097903,0.001,1.1457493976036064,0.001,0.9752729438197987,0.5860309861534607,1188.0825036961733,100,100
ENSMUSG00000039356,0.001,13.333929333371907,1.0,0.001,0.001,0.048567005971745236,3.041138037310729,100,100
ENSMUSG00000039357,0.24656690771229994,17.05581837096483,26.954625388335586,0.04154011056609874,0.45012473427101585,0.7785914116079071,11.672227062092752,100,100
ENSMUSG00000039358,0.001,62.31581250733508,1.0,0.001,0.0010000000000000005,0.001690023806104855,0.2711756675084316,100,100
ENSMUSG00000039361,3.748721807358668,486.7119296968922,694.2603984987686,2.1857558697263775,5.547087541414686,0.9175580377403674,4.0523836279380046,100,100
ENSMUSG00000039367,1.7078060539928888,3.180056703871822,22.48826680468033,1.0786839159314954,3.236135836128829,2.4843035836829923,15.870174203063952,100,100
ENSMUSG00000039372,1.904987380173481,512.8252263426539,1.1354335991243487,0.001,8.302899929894368,0.001008492828530794,0.06485470404921476,100,100
ENSMUSG00000039375,5.84608002316002,462.12435809929974,1.0,0.001,28.54320971250611,0.001,0.009402592244057574,100,100
ENSMUSG00000039376,0.0100254198555339,21.018653880529147,51.68676719304295,0.001,0.9009226582861041,0.0013231407437217175,29.81195991981337,100,100
ENSMUSG00000039377,0.0020894240009274568,0.003864216794542563,2.108728566003884,0.001,0.41019445557247325,1.9773760647974181,1386.9890585406374,100,100
ENSMUSG00000039382,0.13830815682054712,0.1411598251297862,4.8778350744603705,0.03335247845279411,0.5575561085825987,5.157390882795121,164.99583102272925,100,100
ENSMUSG00000039384,0.2594689261696165,2.430174843668721,21.138153707947016,0.18243484212013972,0.3883576366823721,5.332640376791195,14.567967912261949,100,100
ENSMUSG00000039385,0.034604436230495327,1.0852124709663642,24.45375837593493,0.017147727396825473,0.07717172461717281,3.149551117356226,38.65725545203124,100,100
ENSMUSG00000039391,0.022684773894445162,20.614956451944316,14.999172005559455,0.001,10.447100304228446,0.0010441473806197341,22.03634610297473,100,100
ENSMUSG00000039395,2.0813166845897446,503.1765750646759,1.0,0.001,9.81407615294123,0.0010000000000304262,0.056227796714239185,100,100
ENSMUSG00000039396,0.010011640775633329,22.43754494767958,54.66067265909974,0.001,0.09161225289428358,0.005714370660941114,51.15619234790415,100,100
ENSMUSG00000039405,1.352493358686061,9.200594023462012,445.93145811749594,1.1041350958316944,12.976708376743074,5.1679184904385345,71.23384287370234,100,100
ENSMUSG00000039410,1.2138320347436298,273.825928751308,1.0,0.001,12.915785743088193,0.001014346541002147,0.16441399024891906,100,100
ENSMUSG00000039414,0.001,0.001204019417007391,1.1345703542055132,0.001,0.989692242043031,0.578016685345454,1063.729583289281,100,100
ENSMUSG00000039419,1.4264657657904025,341.6272039188167,1.0,0.001,8.285100968328585,0.0010103074777006405,0.06851610527810392,100,100
ENSMUSG00000039427,0.849150445088409,1.2767972468302304,3.5782936928626516,0.27570781441937575,2.3547134813125314,0.6188628717331301,14.396587734491785,100,100
ENSMUSG00000039428,0.6080953618099236,111.50535870578238,105.44869079943359,0.31097598845818575,1.2138631683035008,0.4423516215759638,2.5044152933366606,100,100
ENSMUSG00000039431,0.001,61.259704531272526,1.0,0.001,0.001,0.0014840720511761704,0.15324679463624474,100,100
ENSMUSG00000039438,0.6929120873771311,166.48605762337863,1.0,0.001,8.43586847268217,0.0011272554305334598,0.032371790255228725,100,100
ENSMUSG00000039449,1.604617369377944,81.78789967854617,92.41760510685883,0.5491020957989861,2.2874826620729514,0.8227922188806701,6.849507510337007,100,100
ENSMUSG00000039450,1.0688911605510616,293.1144704459197,1355.020229130198,0.8071992847332907,1.6786535105590548,2.9333456340227997,7.16066690555346,100,100
ENSMUSG00000039452,0.001,62.31581250733508,1.0,0.001,0.0010000000000000009,0.0018112823651325665,0.18855986134573632,100,100
ENSMUSG00000039456,1.3877315217622752,8.348821095066379,8.067210193180635,0.285940897464374,3.0353404260861496,0.41138590726179614,12.972797758308415,100,100
ENSMUSG00000039457,0.01716437491614648,4.066092641585294,23.021963826744216,0.0024909403085936746,0.620918857906888,0.020900347625784,16.512971110400542,100,100
ENSMUSG00000039458,0.04136623748281366,0.09919550856040339,1.5469041054203136,0.001,0.4838484410518778,0.8069446951465334,843.3451828571335,100,100
ENSMUSG00000039461,0.17748697904547828,0.3375634672378146,14.794554689532298,0.0010765711078302626,0.5065144431011769,15.550845222695475,5560.468687796014,100,100
ENSMUSG00000039462,0.027098959774820137,22.243923370087476,33.87317140872798,0.001,5.865582471957651,0.0014731055631154353,45.4480016284219,100,100
ENSMUSG00000039463,0.30635699031059144,1.3253224150519787,4.59110014714366,0.1187650211828662,0.6416964642192682,1.238713283162006,10.404454496237056,100,100
ENSMUSG00000039470,0.029054450480400017,0.6077184870483463,2.250777627033763,0.001016188816585495,0.2375752156005429,0.2076744990170754,85.16264069396914,100,100
ENSMUSG00000039473,0.12498265582748552,0.09890819081465724,1.9903029698633765,0.010508036506344971,1.2823361748179585,1.0412358914934812,454.98586704127314,100,100
ENSMUSG00000039474,1.5589373562923092,52.106875520973375,42.78052552837398,0.7855723777916943,2.3752340708905426,0.5533708696143217,2.236573364861062,100,100
ENSMUSG00000039476,1.4481970741299526,18.59579975099667,32.606117883062936,0.9250800333627449,4.257734708593604,0.549918382131531,3.4184284752048404,100,100
ENSMUSG00000039477,0.47499224693407655,0.7489407672963824,6.380877308047929,0.2520409128324901,0.9939625459839088,2.5859273816101154,21.393492379331114,100,100
ENSMUSG00000039478,0.5325255663692026,1.7723738985995823,1.8246835944297402,0.001,1.1972515668808819,0.3315382195905995,828.6316396710603,100,100
ENSMUSG00000039480,0.0010534310384746155,0.001,1.0,0.001,1.5760589100757512,0.38181094407025234,1113.626544910648,100,100
ENSMUSG00000039481,0.001,66.84427540036525,1.0,0.001,0.001,0.0015279161734560905,0.06992511057538173,100,100
ENSMUSG00000039483,1.9249631373806508,11.777420821980925,21.093178526944214,1.163365166126351,3.074833019413195,0.9797004476526276,4.232597124320654,100,100
ENSMUSG00000039485,0.215585071143711,0.6269939815793738,3.938366393101205,0.035543238476943094,0.5061607051592308,2.0556561103722686,55.330317564115504,100,100
ENSMUSG00000039488,0.001,66.84427540036525,1.0,0.001,0.001,0.001706124949403515,0.17112841689747998,100,100
ENSMUSG00000039496,0.31542257844774857,64.36874648730402,20.675898680828727,0.04381664938600678,6.935544219372282,0.02117585034702637,2.146457147426595,100,100
ENSMUSG00000039497,3.0868460776502027,394.1642884705499,270.73462569117163,1.342191538865578,5.9834366869730555,0.3528346238033756,3.7080819793797346,100,100
ENSMUSG00000039501,0.3805829602189284,0.6399002283560266,5.242198221603493,0.1594408896236834,0.6302571705654993,3.71042930358624,25.768517813452036,100,100
ENSMUSG00000039508,0.001,61.88525872635182,1.0,0.001,0.0010000000000000009,0.002010770847415459,0.2044965105312518,100,100
ENSMUSG00000039509,0.2417138752482146,0.5645183690781708,2.4660730443778354,0.11442175698030495,0.7685527901239566,0.9671365070385193,11.421229152809385,100,100
ENSMUSG00000039512,0.8714583000641631,4.693991510913456,8.066601633464124,0.31740791222063647,1.4178890308916619,0.9207492448538181,7.538318192355501,100,100
ENSMUSG00000039515,4.727904275981325,22.386537788352957,46.353248924230755,2.892634143388329,8.15442675640754,1.0045044201496456,5.0477000685984414,100,100
ENSMUSG00000039518,0.06344316708506582,19.335147013797965,11.39612999183105,0.001,20.169184229308847,0.00122390743988536,55.618905352086884,100,100
ENSMUSG00000039519,0.12254323344636911,1.3996167811727862,29.24433902952839,0.08889806146565685,0.17425731957694207,11.895039217769515,34.33629806810768,100,100
ENSMUSG00000039521,0.001,62.31581250733508,1.0,0.001,0.001,0.0018126165077563202,0.16363829620107317,100,100
ENSMUSG00000039523,0.22841292658981777,0.14269449890554,2.0629453242467783,0.006768699284934284,1.915019140787421,0.8889587723304544,731.9425782910057,100,100
ENSMUSG00000039529,0.12113145192042461,30.766275328404724,33.4190219952764,0.001,0.23693797572276595,0.4841489060915748,183.61734203263404,100,100
ENSMUSG00000039530,0.04509285310211571,0.12524183482099094,14.627576400519313,0.001,0.13981412496747242,31.93959469427383,13175.634829146607,100,100
ENSMUSG00000039531,0.7708330008636199,3.5297793238333384,2.9866146688167734,0.08316860123150832,1.9355647891023244,0.2639385352852613,12.93174103787084,100,100
ENSMUSG00000039536,1.7794257033406369,3.12018225014324,8.508896602368656,0.7847220511174949,4.454856366404535,0.7659886508484133,9.770896330026698,100,100
ENSMUSG00000039542,1.3036108944339913,68.46630609115168,694.1601795485966,1.0080066878815166,1.9126445947024104,6.12545187340677,13.951582243162866,100,100
ENSMUSG00000039543,11.639631859467814,546.5627132268196,1.0,0.001,30.18005444123944,0.00100000001949019,0.008969475491969203,100,100
ENSMUSG00000039545,15.216202020150604,904.8604794977643,1.0,0.001,27.686847560034224,0.0010000000000071623,0.010736739670893704,100,100
ENSMUSG00000039552,8.191313555955821,986.5716186955533,1.000002560768945,0.001,12.764969641170065,0.001000000000012949,0.06754900266753586,100,100
ENSMUSG00000039556,0.001,60.80878088638715,1.0,0.001,0.0010000000000000005,0.0016195359805738449,0.1267324706572122,100,100
ENSMUSG00000039563,12.664217363729039,999.9999760550625,1.0,0.001,20.759681062246383,0.001,0.008929473727843168,100,100
ENSMUSG00000039568,0.5401913964392444,0.6110677125259351,9.194322645682709,0.3488992997150794,1.1183421883596176,4.903132778683155,28.29889686908546,100,100
ENSMUSG00000039577,0.29458247447447117,1.0387582910938502,1.5213082845366757,0.15115857934707655,1.2307442788174128,0.2629589843318468,3.669522209156027,100,100
ENSMUSG00000039578,0.04376618500378601,20.163894195678687,19.026857986311917,0.001,10.006475443296907,0.0014907011734775005,8.047127445321657,100,100
ENSMUSG00000039579,0.13201960554243453,33.124111296552535,1.00000000000535,0.001,12.827082286642263,0.0010000000000193923,0.047563164289122356,100,100
ENSMUSG00000039585,0.3533234460988545,0.3743013362461245,3.7609918995306644,0.0073828957289362035,1.3030348394957576,1.6571601642260794,717.8959369163958,100,100
ENSMUSG00000039599,1.4701142608917086,52.09855495627709,28.642715365958537,0.6431831111189075,2.9343709553557478,0.25267010699633974,1.8184510670633873,100,100
ENSMUSG00000039601,0.18075102303460996,1.4290187569795199,24.909869502418285,0.10593166243329345,0.24572638350807718,12.923637893538341,32.83636699204493,100,100
ENSMUSG00000039607,1.7189795194699304,18.608696943062252,48.64014147775865,0.8708874190974425,3.1425687587199214,1.3899211463931134,6.588497664392413,100,100
ENSMUSG00000039611,0.013665050541290295,2.3591002024456507,12.607278878476716,0.001,5.896598100228788,0.0017240352267969207,36.84027566681464,100,100
ENSMUSG00000039615,0.21779904376749548,1.0379864329325885,73.99220859540829,0.046849201082360986,0.3373960831716044,51.72232188664303,482.4565839813139,100,100
ENSMUSG00000039616,0.27845919559480303,13.623101505604255,13.882877426549117,0.08635234957155452,0.5907428817355406,0.45802736359392815,4.349718900610896,100,100
ENSMUSG00000039620,0.001,62.31581250733508,1.0,0.001,0.001,0.0017502267798003845,0.1687040255070122,100,100
ENSMUSG00000039621,0.3670670194537927,34.64244689364977,9.892071960811094,0.09368148340457536,29.064873190849422,0.0035449277826921323,1.1238439659594461,100,100
ENSMUSG00000039623,0.8895483811320686,2.898450440886713,3.515907890321258,0.0017570022767086297,2.0394780097348866,0.4319797141922335,1292.5604764354132,100,100
ENSMUSG00000039628,0.001,61.88525872635182,1.0,0.001,0.001,0.0019482501275694408,0.0742629340292813,100,100
ENSMUSG00000039629,0.4282965282830732,103.14966607220127,1.0,0.001,8.30277434259834,0.001003353073991209,0.06143090688683793,100,100
ENSMUSG00000039630,0.5699191982185794,0.7924185720440735,15.427115985936828,0.393682465405365,2.356728743952373,2.67943964167846,32.73915988737624,100,100
ENSMUSG00000039632,0.09144997840040962,17.5150880928311,10.29212462131317,0.001,2.2503097182035225,0.005733878835937659,38.746332826409,100,100
ENSMUSG00000039633,0.5847314997828396,3.6676257008874376,9.964577321729603,0.05621323266619966,0.9256966977844088,1.5270764500367286,149.73597167656948,100,100
ENSMUSG00000039634,0.09411857492189919,0.7119306029999504,1.887105930736898,0.02395870059631477,0.3478785525161846,0.5302077170817241,12.445126472121537,100,100
ENSMUSG00000039637,0.5159474777417488,2.3280669957666813,3.1466755771789887,0.001,0.7466322004799619,0.8061952985634212,1052.5461532010495,100,100
ENSMUSG00000039640,1.9766397153791597,5.330738636039152,18.449119766413677,1.1766160428694459,4.382444519611533,1.2550419359095133,8.788243272528783,100,100
ENSMUSG00000039646,0.4096162440154887,1.0040253252290268,65.10252417166072,0.26886134265836703,0.6348964424864743,32.29608300591582,94.16386239606635,100,100
ENSMUSG00000039648,0.6886789364352219,3.093686393328339,2.1069757843972616,0.139339374485821,4.833050047243717,0.09665677084911123,4.994348700857836,100,100
ENSMUSG00000039652,0.0925688112547783,1.2135909960777629,1.0,0.017897599784061538,28.926605834699856,0.0017102299455485173,3.2527427559181197,100,100
ENSMUSG00000039653,3.3504443964286903,803.5814128038414,1.0,0.001,6.295920858271559,0.0012940404070188982,0.1287531283868879,100,100
ENSMUSG00000039656,0.29438238999510175,0.5324380146093377,3.3706979582869807,0.019766261533323785,0.9217404804427203,1.3837286674119147,161.76580921566125,100,100
ENSMUSG00000039660,0.9128092031109873,3.9644394803704626,3.8731982866955135,0.02472509044726235,1.4265631719835525,0.5895864774700263,70.34428627672592,100,100
ENSMUSG00000039661,2.8043454615252004,678.1527302530274,1.0,0.001,10.072148888749862,0.0010000000000100647,0.16412821224343885,100,100
ENSMUSG00000039662,1.584814335043718,5.960763365749212,11.890047025719925,0.4795275925454541,2.7467093707390773,0.9403134217928844,15.065880854054074,100,100
ENSMUSG00000039670,0.07312511231277356,0.11707035491897269,1.0015226468494836,0.0015576433907116102,1.3940650033312427,0.28032353901843404,455.74442216472744,100,100
ENSMUSG00000039671,1.545428117060343,15.463013783014354,55.88056115232091,0.5708421395592245,2.298263425798087,2.2544581989175625,21.020356159287253,100,100
ENSMUSG00000039678,0.001396972765726358,0.004700594236879876,2.2888363237921636,0.001,0.21740086755476024,1.9339330703684383,792.2894155914047,100,100
ENSMUSG00000039680,1.5182212664264432,999.999999947193,1795.3654189849285,1.0649922636174036,2.660659163466175,1.0170383512105783,3.2046025348524547,100,100
ENSMUSG00000039682,2.372104298702136,11.528883308817221,56.85313082192556,1.831471174345773,4.924945984046919,2.096747862080922,6.768261618405577,100,100
ENSMUSG00000039683,0.1742649137603829,0.3918402910898692,7.030697872422694,0.07522182343105743,0.26064333460436895,9.386225360220182,50.07154891584379,100,100
ENSMUSG00000039684,21.794124570254937,1000.0,1.0304650713877328,0.9170996119281261,42.84450241008875,0.001,0.008981251647849846,100,100
ENSMUSG00000039686,0.4717524744985135,4.158574355763671,2.7174394793953414,0.009091314888096351,1.6243113451834827,0.21356190877303022,90.98293159424128,100,100
ENSMUSG00000039691,0.18458171102394574,0.5007463280890163,3.3586388338099082,0.001,0.5192624328453541,1.8473852374535062,1844.1569017634351,100,100
ENSMUSG00000039693,0.3152546969950958,0.6472864546130513,3.867293527096749,0.12079969376957553,0.7544581086329154,1.9957920426391782,17.370815359936426,100,100
ENSMUSG00000039697,0.09965449391500972,0.3752130712548734,1.0,0.09121182880276586,1.0594393261622206,0.1968797913847083,3.480716178427261,100,100
ENSMUSG00000039699,0.02203722222061717,21.572212045854602,24.05645524772951,0.001,3.862755549883766,0.0014340214184514325,29.54878672640705,100,100
ENSMUSG00000039701,0.40818647925184637,27.184923556245273,19.759069606392334,0.0017163568606557945,0.8067516508172417,0.32405856302647285,232.9022143551229,100,100
ENSMUSG00000039703,2.1861398875251665,95.77341237602131,41.25105184623671,0.4778696753329729,6.794017885930668,0.1439658433624374,3.988571446338253,100,100
ENSMUSG00000039704,0.29866377488400375,1.1360229793864502,2.4448836411485857,0.001026664532399507,0.7202336064722681,0.6712056523425134,980.0414270354973,100,100
ENSMUSG00000039706,0.05814562257221706,2.539396991089433,2.301707237729675,0.001,28.073274008989813,0.0012732653690085772,6.277259921929945,100,100
ENSMUSG00000039713,0.4552726308621177,25.981135185918507,23.422554718826362,0.08040349127924518,0.9261892566411384,0.4291252639373654,9.042203502013907,100,100
ENSMUSG00000039714,0.001,66.84427540036525,1.0,0.001,0.001,0.0020422961399199436,0.09838530708031473,100,100
ENSMUSG00000039715,0.592260335230866,1.7297241465704927,3.4145868135901307,0.13784603081411728,1.3629657876396095,0.6220871747892504,12.429337936910457,100,100
ENSMUSG00000039716,2.785449991810826,662.422900792494,1.0,0.001,8.442664040827978,0.001000000000002881,0.07749418760282499,100,100
ENSMUSG00000039717,0.001,62.31581250733508,1.0,0.001,0.001,0.0017137742448110258,0.0777953885518595,100,100
ENSMUSG00000039720,7.653962839701164,609.261494242563,1.0,0.001,21.108618248825834,0.001,0.009168669989743902,100,100
ENSMUSG00000039725,1.4086635351814958,33.67300422544506,7.742652464510523,0.14973742778316,72.92180778254357,0.006310399682149075,3.3625993238729057,100,100
ENSMUSG00000039728,0.013230460958497753,21.764503296313514,33.569474651893145,0.001,2.9749562271317433,0.0016358689222988182,29.755451776710302,100,100
ENSMUSG00000039735,0.015057000836405463,0.04170804241265652,4.393768743832113,0.001,0.1661627370056857,6.074387290909884,2108.5335922498707,100,100
ENSMUSG00000039737,0.8646251573273152,0.8690720057158913,5.244549638945176,0.005080269570994367,5.343652964056249,0.5549588627592652,3117.5984026707483,100,100
ENSMUSG00000039738,0.918165135623836,10.984360737814226,8.091062736617996,0.0010094302659070555,1.4364543562828898,0.5137477671551035,1184.8508772594187,100,100
ENSMUSG00000039740,0.5946307857739632,0.6998932023035584,22.386093807496078,0.42028092836427006,1.5001118543679681,6.877128177707064,50.6545787032994,100,100
ENSMUSG00000039741,0.2298593777567372,0.5245162398869414,3.181619242971991,0.08000539837883627,0.6246649089635055,1.494340292086179,19.955246618741327,100,100
ENSMUSG00000039742,0.022698980319365798,20.77686750570912,15.106074588297872,0.001,16.355584976670738,0.001,21.689714948233046,100,100
ENSMUSG00000039745,1.385103094185317,6.044099228755565,21.38652709016218,0.9524062658957588,2.0048542314524966,1.9578523336638372,6.319309802139596,100,100
ENSMUSG00000039747,0.0028892137954589616,0.005706176880572062,3.2767462029054095,0.001,0.10558953230004942,13.418991150046608,2369.7373241584237,100,100
ENSMUSG00000039748,0.01388730952597499,0.44919266466111907,3.8515832673753456,0.001,0.17896776697510103,0.14599809248083861,129.48874276049997,100,100
ENSMUSG00000039753,1.2781820295911726,20.04534899108368,45.395763155957916,0.7538555796755777,1.6553692446203465,1.6821859246762143,4.795541432463775,100,100
ENSMUSG00000039754,1.465021411208916,31.634063947900266,15.815521521148812,0.23271121523746402,3.6780755354520487,0.19689432268785298,7.77827945880269,100,100
ENSMUSG00000039756,2.6213904118926625,48.362794438050784,86.30138435564658,1.1716980882561259,5.951245400299003,0.8287763144045692,8.504731664666025,100,100
ENSMUSG00000039759,1.0661581206402502,1.7070736624266367,5.2862252489733335,0.2825336197858264,2.893285182698236,0.7608162453022069,20.636271975219984,100,100
ENSMUSG00000039763,0.16011884871515758,18.012773357779075,6.0682855809630025,0.04221483297737539,30.603668084569108,0.0013293937244623429,1.0305864424451063,100,100
ENSMUSG00000039765,0.5715131598052721,5.5484592136959945,4.492263799718453,0.07717600747722324,1.316327084488148,0.3152983965924216,9.8487926345158,100,100
ENSMUSG00000039768,3.3082604725359372,24.561059401384302,64.2659866443402,1.7710051049005,5.176484685922519,1.4627331787536053,9.199469412992727,100,100
ENSMUSG00000039770,2.830133474041946,999.8173778632772,2347.208111722963,2.091099092933747,4.00955481352019,1.659723037967629,3.543966555759864,100,100
ENSMUSG00000039771,2.16364221711255,2.5683467707956726,13.375739984232666,1.3321624648353816,6.4793193161198275,0.9696038735525438,12.04794590245006,100,100
ENSMUSG00000039774,0.1700083778223271,10.347041038888081,9.761333759124481,0.03420836596750317,0.8618488690499392,0.09587311170122675,2.0053316663385425,100,100
ENSMUSG00000039781,0.15853666260876892,11.307714542806723,17.921394456989635,0.001,0.2543980181615004,0.8849923235528194,293.21791573278966,100,100
ENSMUSG00000039782,0.20930813060667197,2.1242863872888806,3.298749410086137,0.0011030295898384565,0.4733309114702072,0.542855744107718,341.50001254969663,100,100
ENSMUSG00000039783,0.001,62.31581250733508,1.0,0.001,0.0010000000000000005,0.0016279379133416348,0.14723307682417638,100,100
ENSMUSG00000039787,0.13078715184723005,28.291610740764177,30.412765309566268,0.001,0.28495972672185343,0.4083174853526661,163.27870486967936,100,100
ENSMUSG00000039789,0.0011298373111580673,0.0013885666058315934,1.0000005169956543,0.001,1.0453373868778801,0.45783967110985035,1055.2444861262181,100,100
ENSMUSG00000039795,0.6881691640275787,4.414340985554244,11.020850130196482,0.4097171594664942,1.1697063411076636,1.3334071621803432,4.657238686101041,100,100
ENSMUSG00000039798,21.560608153783768,999.9642577596048,1.000073696715909,0.001,30.79616575350547,0.001,0.008953379161392078,100,100
ENSMUSG00000039801,0.38952755475858336,1.139067909534959,2.1510334160938167,0.004922549440747148,1.3882878615656713,0.3928743527803932,213.56761875870978,100,100
ENSMUSG00000039804,0.6520714639059401,1.009240332218415,5.042154319353163,0.23665596766390407,1.7403069745948256,1.1826670522807146,20.513057652360928,100,100
ENSMUSG00000039809,0.001,66.84427540036525,1.0,0.001,0.001,0.0013975946470974835,0.19407998672757193,100,100
ENSMUSG00000039810,0.5029551982717795,1.3950171460972602,2.355881922713003,0.0011429197565976787,1.560328712833969,0.4304845117390623,950.7156461175709,100,100
ENSMUSG00000039813,0.10337447191923525,0.45630309124817486,1.8352045152602119,0.001935822923258699,0.4510261239286398,0.6256419056745691,252.0217572385095,100,100
ENSMUSG00000039814,19.487906073238427,934.4077254673225,1.0120362741255915,0.001,35.08642594427958,0.0010000000000000005,0.008925559406181359,100,100
ENSMUSG00000039824,0.1930935332791826,0.46782961080941743,2.8278701740194854,0.013661039664895557,0.6051033058189794,1.4497958532992743,296.8394187776502,100,100
ENSMUSG00000039826,0.5442668337333826,0.5890845019522761,3.280303340449353,0.09189167221285448,1.6234897537248278,0.9772545216702191,48.40684150717499,100,100
ENSMUSG00000039828,2.2124329063696218,5.523081341037719,9.825659587560713,1.2813308505853,6.318893925557875,0.46651787358814384,4.8558910469179715,100,100
ENSMUSG00000039830,0.001,62.31581250733508,1.0,0.001,0.0010000000000000009,0.001764236704595669,0.35704192518084066,100,100
ENSMUSG00000039831,1.5050127123541535,472.29761034462854,1411.002834882618,1.254517409238979,2.0180545599430726,1.9908390997111485,3.747331350041588,100,100
ENSMUSG00000039834,0.35896463077329444,0.7312038378710133,2.5580121683264774,0.10028629981191847,1.339288936902115,0.6266611171463675,15.361592076152867,100,100
ENSMUSG00000039835,0.17859179100084513,4.673203538619469,3.7815499428694097,0.006431830336975407,0.6404894469853137,0.12971692205752403,12.920699181581929,100,100
ENSMUSG00000039838,0.001,62.31581250733508,1.0,0.001,0.001,0.0016212161576910117,0.14953422399179916,100,100
ENSMUSG00000039840,0.001,0.003058241145175488,1.7101481427301004,0.001,0.2895303148098025,1.5027994462102905,734.4817167291752,100,100
ENSMUSG00000039841,0.02502368119981696,19.406007477532132,38.148443889680735,0.001,0.6205473206792571,0.0063214564689635655,58.37031508543623,100,100
ENSMUSG00000039842,0.3089288843067103,0.9094768806426966,1.0505443975977908,0.1564258155977514,5.025220864479005,0.0553123986711192,2.202404583701864,100,100
ENSMUSG00000039844,0.7936839585967738,0.6754349427049827,4.782429618894454,0.4013919004582689,3.2360163222391867,0.8759170287154108,16.710238441905798,100,100
ENSMUSG00000039849,0.6353687228912245,1.3257612974795303,4.9916507424213465,0.18278859774499284,1.5852571645123634,1.0632185115000783,22.32228276605828,100,100
ENSMUSG00000039850,0.6489642568949574,3.651780798738711,7.414269312414556,0.38653560526505326,1.0509053622206737,1.0975251751864903,4.120349959556095,100,100
ENSMUSG00000039851,0.08734138220869578,18.92103654617351,6.2658044657538365,0.001,22.259985245788414,0.0010892370699971247,2.24943091540481,100,100
ENSMUSG00000039852,0.9644413030632955,1.5781987086386688,6.038953026815834,0.506504510438311,3.480531394616388,0.6850740251838219,9.356996553345063,100,100
ENSMUSG00000039853,0.001,66.84427540036525,1.0,0.001,0.001,0.001751313704668472,0.11858954876454983,100,100
ENSMUSG00000039860,0.001,62.31581250733508,1.0,0.001,0.001,0.0014608408659198592,0.1828488210796183,100,100
ENSMUSG00000039865,0.12193950911460595,18.42551068517058,5.047369605497829,0.013010011768838804,25.770232664450724,0.0010171406323479623,0.8167304060922882,100,100
ENSMUSG00000039873,0.04863404888348004,0.2879964827305371,2.518928673587769,0.008512762191848917,0.2240584306003145,1.6978958939137128,57.22890329845673,100,100
ENSMUSG00000039878,0.001,62.31581250733508,1.0,0.001,0.001,0.0016963582379779817,0.23681575388322346,100,100
ENSMUSG00000039879,0.08523716496967014,0.5027809551600588,1.5329242665727132,0.0075942559534100534,0.4319158757587236,0.42786485068580393,63.75284135180559,100,100
ENSMUSG00000039883,0.06685247972167717,1.884790538259864,36.06872293799546,0.03559831621240276,0.09682167734989457,7.877842431556554,35.91083249071657,100,100
ENSMUSG00000039886,1.5631914009449446,3.193691461515761,12.083671709158903,0.8982130473553422,4.976036710909498,0.835095605505703,8.94837774828444,100,100
ENSMUSG00000039887,0.6055592591011966,0.5498266593075319,3.986807977100833,0.21291492648770313,2.251822458990568,1.1934663001784738,25.555601284303332,100,100
ENSMUSG00000039891,0.37998397968674624,32.870470547425626,14.094297755263307,0.11587884218036301,34.20597159481146,0.004333754994517096,1.2060413645882448,100,100
ENSMUSG00000039899,0.27235198342612466,105.8827380667359,1286.1642783978193,0.20871713097453037,0.3554848381672603,9.100190672682093,16.90725616361844,100,100
ENSMUSG00000039901,0.4080617988836341,0.31494746667298906,1.0,0.1857300330496972,59.55179581608073,0.013339890041938609,6.996450243131804,100,100
ENSMUSG00000039903,1.257451777202637,279.9153018159818,1.0,0.001,8.01878208994193,0.0010070893157056303,0.1982757343847428,100,100
ENSMUSG00000039908,0.2564900535248154,0.758260140169042,1.7454440694238396,0.08048105813047424,0.9648825698820875,0.44813477331976675,10.474745565092906,100,100
ENSMUSG00000039910,0.001,0.006853735817781561,4.581279351825056,0.001,0.08237329550235784,7.347144327128901,1010.0377744017178,100,100
ENSMUSG00000039911,0.07149145988802508,0.4800975212548585,7.32319936781304,0.0324118840761726,0.1666674894269894,5.62924297374327,35.29150432507493,100,100
ENSMUSG00000039913,0.001,62.31581250733508,1.0,0.001,0.001,0.0015876852750566412,0.40886446814204014,100,100
ENSMUSG00000039914,0.3333509509349715,0.7921714192525103,1.0,0.13953884224029883,1.8944955378309027,0.17675893639909332,3.3379954540010575,100,100
ENSMUSG00000039917,1.600553305089071,9.830974636623935,10.254718123793564,0.6758469528777903,2.698212758768518,0.5279526490048605,3.8738569741874036,100,100
ENSMUSG00000039929,0.3217592154271819,6.0554071519043395,10.948219452676012,0.03981021263026225,0.5140784599655981,0.9984387545569271,21.25475850495283,100,100
ENSMUSG00000039934,0.32256814508484016,2.376150615337493,2.8323439792729186,0.001,0.5699658097735653,0.5530478843770233,728.7064851626012,100,100
ENSMUSG00000039936,0.36603099287573726,28.21889398286176,18.594980707832526,0.0018862844951137749,0.6152871923552239,0.4014033835133889,215.60773641568025,100,100
ENSMUSG00000039942,0.43369839511817343,2.353705915013592,3.7881755241177655,0.001642690960440334,0.5334885274367988,1.2044488263130848,759.7226597571118,100,100
ENSMUSG00000039943,0.3480118711112637,4.182094342611141,13.966083027167272,0.17689797133616847,0.5107159944436648,2.045563559855965,7.978349434967418,100,100
ENSMUSG00000039952,1.0867753516298155,1.5516794593952046,23.504442877686134,0.6890668839591325,2.251663939190873,4.564421435153488,32.6836149248851,100,100
ENSMUSG00000039953,3.165734085146403,18.23815235473445,99.07948811323928,2.0278017287353833,5.24637866892472,2.8056380493125532,14.744874137623775,100,100
ENSMUSG00000039954,0.001,66.84427540036525,1.0,0.001,0.001,0.0015463617928874775,0.1652729428059587,100,100
ENSMUSG00000039956,0.001,62.31581250733508,1.0,0.001,0.001,0.0020303492128144014,0.07435172299558791,100,100
ENSMUSG00000039958,0.0996725632790365,2.670581905867005,1.0,0.001,38.250331029548505,0.0010922606538548794,2.228697750936473,100,100
ENSMUSG00000039959,1.4823109479609602,200.851399264092,218.02656897923166,0.24215310697309084,2.4394349511093667,0.6620990596853442,17.110681464914364,100,100
ENSMUSG00000039960,1.558522120505974,13.555392059263975,39.63236750955672,0.9617246132952462,2.351901539965133,1.6972234476688635,6.148885963217793,100,100
ENSMUSG00000039963,0.001,61.674132606755,1.0,0.001,0.001,0.0015819053182247538,0.11951383266645421,100,100
ENSMUSG00000039967,0.02485980206439721,0.2898076354117373,3.39042929890089,0.001,0.10882275888992961,1.6149559919301137,379.1742188139025,100,100
ENSMUSG00000039968,0.27224268576307187,1.3293990581421504,3.98293449040876,0.01676411210425435,0.5179869691964812,1.2213117026165827,70.75105041207775,100,100
ENSMUSG00000039976,0.7903722298706002,5.974114599755516,11.565231831604706,0.4212503601246332,1.291734886730234,1.0680407729775778,4.717440550593649,100,100
ENSMUSG00000039981,4.132577005576439,999.9999999828615,1.0,0.001,12.507295795968474,0.001,0.0516534182106104,100,100
ENSMUSG00000039982,0.004280771917010573,0.04445645112482013,2.4382923590131154,0.001,0.10138749765118926,1.4096073429310327,267.8677761034136,100,100
ENSMUSG00000039983,0.6740898346110592,1.0267412413316117,6.813033602861923,0.3037912099705624,1.2010980241901927,2.7462614873695754,20.572685979515782,100,100
ENSMUSG00000039985,7.356587193016153,999.9925401623317,1.0,0.001,22.108265045350173,0.001,0.07096879784138513,100,100
ENSMUSG00000039987,0.15993735655853972,0.5763413004727765,1.6987086465550543,0.0010118874369894006,0.6839938356828006,0.515958149616226,631.9841064701404,100,100
ENSMUSG00000039988,1.6195315196502234,296.30173607975496,333.0616684659268,0.8087804775102808,2.500251419557041,0.7103458252073267,4.000049500858536,100,100
ENSMUSG00000039989,0.8554922570710386,4.400699752370322,8.495007065692619,0.35133915655135217,1.4394716024135992,0.9973804916411627,6.040575399557275,100,100
ENSMUSG00000039990,0.4932429929152548,0.8847888149806794,2.4143250906873175,0.05304400625282404,1.8091402361258382,0.4125314186211091,147.6985626685709,100,100
ENSMUSG00000039994,0.051881556482058847,0.3959327833231434,2.339451041104592,0.015530196178549343,0.26181161706231826,0.9508296485278667,18.38461270970202,100,100
ENSMUSG00000039997,0.023275282057501002,10.94069272291724,50.85097695542977,0.001,0.05792241677885934,0.7003028781913654,63.841927375109194,100,100
ENSMUSG00000040003,0.1566075809911511,26.988203254194232,34.41618495096419,0.001,0.25352557496370876,0.723090440529943,279.36205053962397,100,100
ENSMUSG00000040006,1.6662546528464377,2.2233305955785307,13.082675991275012,1.0995803891329639,3.948921873448837,1.4098405929654692,12.003736251316024,100,100
ENSMUSG00000040007,0.5303778941226207,0.6844443404738034,3.8020495186797607,0.010010790270826925,1.6003788004043766,0.9705029237790618,544.5324200938279,100,100
ENSMUSG00000040009,0.03417966755613737,20.692075509277828,17.91301056221849,0.001,10.602370778368744,0.001406451983867877,37.510516683503106,100,100
ENSMUSG00000040010,0.34516821760917593,2.7411609600305322,5.163178611129982,0.09036440300113918,0.6865824501548259,0.7560584683143979,9.152931064662159,100,100
ENSMUSG00000040013,0.001,66.84427540036525,1.0,0.001,0.001,0.0016274038627610184,0.2520812514889205,100,100
ENSMUSG00000040016,0.001,62.31581250733508,1.0,0.001,0.001,0.0014663085971128682,0.08559674431661658,100,100
ENSMUSG00000040017,1.4794348014843814,357.52131026778807,1.0,0.001,7.465552312896684,0.0010027821115034953,0.024267202972955787,100,100
ENSMUSG00000040018,1.035343308391079,16.59965671698297,20.01312449179218,0.03896325350909754,1.513066526829964,0.8228850825377515,375.4047498503334,100,100
ENSMUSG00000040021,0.15707837862220325,0.07270760846955557,1.2862960163410468,0.02641621431355285,4.5953910785756085,0.2041662166366302,199.97596502538624,100,100
ENSMUSG00000040022,0.379591089356172,2.793858368247723,1.7836821188476146,0.08129992146798842,6.1533529340647135,0.040031708348467934,3.3841683443786073,100,100
ENSMUSG00000040025,0.23532332517205412,0.7172454836584735,9.267539543911475,0.099242067159692,0.3609658063016491,8.065760029462583,43.627976655880936,100,100
ENSMUSG00000040026,0.074843988179742,1.528378373107418,1468.247503107118,0.054005649213553136,0.2353864847839811,12.533124231025951,1194.7563057234647,100,100
ENSMUSG00000040028,2.4897401600876576,6.425850693989809,10.125550806599604,1.4723492564754324,6.378016412558959,0.45892282878231416,3.7308337332898507,100,100
ENSMUSG00000040029,0.13781046370978856,0.16454209636524592,3.7398879020723728,0.0029475277434126207,0.4911747310899583,3.6941034356919316,1396.300344604365,100,100
ENSMUSG00000040033,0.5884878632613643,5.806184889865327,22.693786149255647,0.4144083837795801,0.8426516359415872,2.6010248459153678,6.86684523705155,100,100
ENSMUSG00000040034,0.10253710430088898,0.28856386807213247,3.8961223428723835,0.014132493189548035,0.3047526117632805,3.3954922074656233,192.51185939217547,100,100
ENSMUSG00000040035,0.001,66.84427540036525,1.0,0.001,0.001,0.0016971641967236215,0.1120760270844493,100,100
ENSMUSG00000040037,0.011087208338334206,19.425371737913704,22.172143066861057,0.001,5.946672371740086,0.0011220334232615802,8.14599952817975,100,100
ENSMUSG00000040040,0.12226664713521485,0.272358097632739,2.273991729550286,0.001,0.5807399199828621,1.1768591146669023,1103.0998858639723,100,100
ENSMUSG00000040043,1.7283645282782458,3.014578706854533,22.55588459569514,1.3603289620399845,4.690931168317401,1.7039139290182261,10.208334866719007,100,100
ENSMUSG00000040044,0.0900749221454663,0.06299523691792229,3.3996552887896523,0.0021482199595941097,0.7108578168650743,3.562772920630839,3080.425096049569,100,100
ENSMUSG00000040046,0.001,62.31581250733508,1.0,0.001,0.001,0.0015877320909712027,0.4720340602296847,100,100
ENSMUSG00000040048,3.104047199987009,9.598216280906517,55.11658376910805,2.163437175270194,5.1337937851789714,2.645174870514883,10.934464473330575,100,100
ENSMUSG00000040054,2.0263356864312954,17.266078103747756,32.53494112541527,0.7829854842345914,3.632445595332214,1.0148303032217623,9.678822217205418,100,100
ENSMUSG00000040061,1.77889767106868,435.05565630393556,1.0337441480290168,0.001,8.252667871623157,0.0010000063965826384,0.12233449738071976,100,100
ENSMUSG00000040084,0.015332724993474467,0.4389640213204935,5.855297582424792,0.0020520286433298876,0.08489447862099868,1.31295284476081,66.73772583850443,100,100
ENSMUSG00000040086,0.03401915841636356,20.859374530662247,18.0698875591466,0.001,11.306966840359483,0.0014458987869236475,37.14888876239178,100,100
ENSMUSG00000040093,0.002167236116730962,10.04614387105634,54.71671418927901,0.001,0.025462629660350213,0.0024752581139809247,25.718008198407084,100,100
ENSMUSG00000040097,0.16373440743553058,0.2736724303969912,5.236090775786766,0.0012438085429679357,0.3699272761342404,7.122976606766773,3316.3950015642886,100,100
ENSMUSG00000040102,0.4816622678329227,32.365548304135686,11.00731743896164,0.1453527163569341,30.738057231832308,0.005284787993986668,1.1466564118518092,100,100
ENSMUSG00000040105,0.20184242945164663,23.102523605585034,26.273661325045357,0.05704210879662428,0.5452434993669073,0.2657967905147962,5.787621914812766,100,100
ENSMUSG00000040111,0.2417414624053762,10.341947609543215,12.528917695996144,0.030240574409283558,0.4617195323249483,0.5613657721511367,10.009448561633288,100,100
ENSMUSG00000040112,0.47910052786140933,0.9839778036156861,3.0153641109889184,0.09118007044788046,1.0664505109826548,1.0458665525693809,25.195557627198504,100,100
ENSMUSG00000040118,0.9595319785821834,3.2585999439438065,11.758542982433095,0.41225734864303853,1.5348746428999542,1.7418092214894774,12.798774012691714,100,100
ENSMUSG00000040121,0.08739694838637264,1.279454963946054,2.720098575228751,0.006957359320809325,0.24011831811657605,0.43208652795181135,11.00839044661706,100,100
ENSMUSG00000040123,1.0182338279986436,164.2557823952125,294.7159163318995,0.3639474305210237,1.5179599647669835,1.1732279739130056,9.432828289155262,100,100
ENSMUSG00000040124,0.7937637688591562,1.4765634464161583,4.793934867866058,0.2371834580350438,2.8745986254271374,0.6015407808907887,20.91756158310941,100,100
ENSMUSG00000040128,0.2920125357031262,0.7362422703426644,4.3059501502572095,0.07442430902979053,0.5273513340687499,2.523899940254801,24.649100629038013,100,100
ENSMUSG00000040133,0.03197969003182394,0.14498360563444498,2.8598835676253302,0.001,0.2018511364868561,2.6058143111256227,782.2064231332142,100,100
ENSMUSG00000040139,1.1583732374485523,169.72992358504908,219.71059343920498,0.41292869524769693,1.587213307738148,0.9539375937560439,6.112679591025431,100,100
ENSMUSG00000040140,0.001,62.31581250733508,1.0,0.001,0.001,0.001508303446393404,0.36029573160324163,100,100
ENSMUSG00000040146,0.13181626505948418,20.866674219287894,41.30359232672652,0.001,0.18295509513847863,1.3833358584535134,413.8048785094417,100,100
ENSMUSG00000040147,0.0046851758223294005,9.347932882459965,50.11425929762865,0.001,7.056289967369249,0.00136463911749499,33.39502364866917,100,100
ENSMUSG00000040151,1.3542189465367442,672.3530318968737,820.538422443673,0.9884365556904671,2.1286421119099135,0.7172703610923916,1.6731285751896483,100,100
ENSMUSG00000040152,0.48344866056105407,12.893651414833615,393.91529768146563,0.4160149165409742,0.6055884902532032,20.47533469754491,40.53621365874723,100,100
ENSMUSG00000040158,0.054542244689704616,0.15569339709191646,48.38908609619386,0.001,0.17038370173615175,0.13181803459204203,16857.697887531194,100,100
ENSMUSG00000040163,0.001,62.31581250733508,1.0,0.001,0.001,0.0017433746419149557,0.19995225027961655,100,100
ENSMUSG00000040164,0.001,62.31581250733508,1.0,0.001,0.0010000000000000002,0.0017566700725579005,0.14159193919555385,100,100
ENSMUSG00000040167,0.09818403553263622,0.5118402250077329,5.537758197798071,0.001,0.2195466282439547,4.145925531938184,905.4443933460086,100,100
ENSMUSG00000040174,2.0865036297835315,30.18360806808967,43.280482489827705,1.2618306655339002,2.926453972169433,0.9464600417543364,3.699024211557635,100,100
ENSMUSG00000040177,0.3031838826235347,0.7394680761462594,3.288513075491389,0.07522260448638292,0.7678581831278517,1.2766906608637405,23.442978154788882,100,100
ENSMUSG00000040181,0.004389078098288179,15.145928290009715,83.16243243036601,0.001,0.06784344718343285,0.0018127414053872074,42.51085147056982,100,100
ENSMUSG00000040183,0.03328601388589759,21.66896969882105,24.17392975898144,0.001,3.8492332780066105,0.002768410088383133,51.471530177381126,100,100
ENSMUSG00000040187,0.07894305596091736,8.677897624128255,7.902443263179319,0.001,0.8530646559541427,0.0025673211972476757,25.165817283479676,100,100
ENSMUSG00000040188,1.3392043433478091,3.4766280656059374,8.569241600661604,0.4850420011406439,2.9163397582042005,0.8527096121108133,10.952285388722064,100,100
ENSMUSG00000040189,0.22198736504981453,32.25256100678238,16.523760812059912,0.002318450615097425,1.2041307383470894,0.06289782996451572,43.74182995777853,100,100
ENSMUSG00000040195,0.033948930487092084,0.11822846174077942,1.4716648846509937,0.002727979884865015,0.38253737735925053,0.7870664520260966,178.5540445857831,100,100
ENSMUSG00000040204,0.0173033246755605,0.8948218333538289,51.022109755107394,0.001,0.5258646035538143,0.03314364912531572,242.3637401593374,100,100
ENSMUSG00000040205,0.001,62.31581250733508,1.0,0.001,0.001,0.0016098496756987526,0.07926395199122938,100,100
ENSMUSG00000040209,0.13600103902427646,0.8121541852754582,4.33127105228807,0.0792792175256972,0.30430537944792935,2.06559158673753,11.837597273744535,100,100
ENSMUSG00000040212,1.7263668802931023,29.2735824417817,285.63513065022767,1.2292175141216628,3.212671467271002,5.237850383002568,18.009337461970397,100,100
ENSMUSG00000040213,0.0020087558391912877,0.003296549000258618,1.2547569245465067,0.001,0.6345578433110124,0.7125441605066196,1035.5458745648832,100,100
ENSMUSG00000040219,0.08264299426267721,0.09043585959494368,1.0,0.001,1.717916993808223,0.2601075658136669,991.4351929856674,100,100
ENSMUSG00000040220,0.9376801454170492,1.4248269226070363,7.492536055753663,0.4586516170868199,2.2389328489920834,1.4494864485898402,14.815323563290828,100,100
ENSMUSG00000040225,0.2736105507610108,0.3444646066063594,6.952387524460436,0.15365404073230388,0.5431743542615358,7.827131628229022,41.47552107531108,100,100
ENSMUSG00000040229,0.001,62.31581250733508,1.0,0.001,0.001,0.0014551749475267134,0.35718000326244204,100,100
ENSMUSG00000040231,0.001,66.84427540036525,1.0,0.001,0.001,0.001712192750441945,0.14834599174869162,100,100
ENSMUSG00000040234,0.983881711602281,177.12707789924238,151.1332576777855,0.46103085612765615,1.7558072596514522,0.48576513966688895,2.6506945861951268,100,100
ENSMUSG00000040236,1.061868850272749,0.9915927966091718,7.135057748718219,0.37552498086330205,3.7509230296698366,1.0175853926013452,35.56192667449865,100,100
ENSMUSG00000040242,3.0011124671410205,12.61859435418304,29.106573047676495,1.7989142669867058,4.753590491351565,1.222540913381248,5.804975307950878,100,100
ENSMUSG00000040247,0.07012869551610502,17.29599240439208,36.972355104083114,0.007445811862300537,0.2542431292038118,0.30850943150949744,7.391987642498781,100,100
ENSMUSG00000040249,2.5043816488918145,2.4510199037098626,116.95839588287286,1.6916718583998138,5.57056400407592,10.76605495212588,82.77405119939144,100,100
ENSMUSG00000040250,0.2967196588662443,0.8303768760450909,5.22636094356236,0.1330398692741953,0.4415867654275104,3.5755170021384144,16.800190220589933,100,100
ENSMUSG00000040253,0.5479048843901738,30.302186698482604,15.855113301989004,0.23750720034241957,2.620861858420742,0.09931117460426164,1.1891464079953251,100,100
ENSMUSG00000040254,0.1867948026804027,15.622220745520186,27.733935887431993,0.06151439025249849,0.3693873566297889,0.8064775305352935,6.7831108723321165,100,100
ENSMUSG00000040258,0.20259717565900773,32.341642948279734,16.05842202787161,0.001,2.5233991397185225,0.0036322578450685853,4.805501498107291,100,100
ENSMUSG00000040260,0.26239105631203313,24.445615137041894,28.487528308561973,0.0034612989394705966,0.4779982636573996,0.47449937991836644,137.03417042482891,100,100
ENSMUSG00000040263,1.241666192992461,4.080409499855776,14.597179086752888,0.7059545613414311,2.1477042997473488,1.736714502024793,8.558518825364573,100,100
ENSMUSG00000040264,0.05754800727956563,19.322283702566455,15.19432032434123,0.001,16.744316957749128,0.0010103314569448042,52.55659096136311,100,100
ENSMUSG00000040265,0.008082898507414107,0.13040702470366972,1.1870006108144706,0.001,0.33987124247590667,0.14349143724025745,106.10468230524168,100,100
ENSMUSG00000040268,0.9412733780171021,3.308521720135079,5.22346782247391,0.43252843113282485,1.8387597706328362,0.6916642084203393,4.460119316960211,100,100
ENSMUSG00000040269,3.3797048283993547,6.495712019659562,16.616339551329546,1.6069259136304521,7.775534878583684,0.7604556448037387,10.694052616278572,100,100
ENSMUSG00000040270,4.926027619704335,553.6776638604313,1.0,0.001,17.861953123662275,0.001,0.012782054540260579,100,100
ENSMUSG00000040272,1.1500662123803531,27.126708533629944,17.625056848756024,0.5059452240547311,2.713832648077668,0.26807877570197636,2.0549771176628875,100,100
ENSMUSG00000040274,0.2280876499967474,1.0781145130453191,2.582278072076094,0.004168384665836476,0.5942365224069979,0.723869656295673,317.8719770368973,100,100
ENSMUSG00000040276,0.001,66.84427540036525,1.0,0.001,0.001,0.0017847302791502582,0.2129948220020812,100,100
ENSMUSG00000040280,0.06171819603565325,39.50450876817668,738.0557180271775,0.03151157086515702,0.08615619501915568,8.644206732652343,44.62862827108772,100,100
ENSMUSG00000040282,0.34373177930526844,33.80417302013607,41.67432666786466,0.15402010500038288,0.5953802116421536,0.6256784607301872,2.897346291573649,100,100
ENSMUSG00000040283,0.001,62.31581250733508,1.0,0.001,0.001,0.0017467542546808893,0.15354715681771952,100,100
ENSMUSG00000040287,0.44704426509149553,92.48843719102541,1.0,0.001,7.286575255669682,0.001270368572769819,0.0992223620704897,100,100
ENSMUSG00000040289,4.168661867290639,999.99992240305,1.0,0.001,4.948486160090783,0.0012979522362631855,0.11908477307544568,100,100
ENSMUSG00000040296,0.9723110030981388,17.57963773820155,27.32041889180686,0.3273461692842594,1.3674163940202932,1.047920568372175,6.7861141163072976,100,100
ENSMUSG00000040297,0.2255718786461831,0.12471698398762039,2.2720655874708346,0.0032776546841804272,1.8494939243864117,1.225439603760778,1718.566302154777,100,100
ENSMUSG00000040302,0.10808918935041296,0.6442324953369729,2.679467026164209,0.001,0.37062627853673447,1.1179887473126011,705.1937702484164,100,100
ENSMUSG00000040312,0.33071839819567,0.7238950376172157,3.5280296276928143,0.050426608777472445,0.7267482613328137,1.6599580833440455,50.37890854815102,100,100
ENSMUSG00000040314,0.001,60.60768216058454,1.0,0.001,0.001,0.0015532906694858556,0.1203836181929604,100,100
ENSMUSG00000040321,0.19702248894321545,1.3413882123900502,2.0520409032596656,0.06905511015605556,0.7134945610042426,0.38438642477659035,5.824566382866509,100,100
ENSMUSG00000040322,1.6330796762163937,13.307525091797407,18.487442351062192,0.7551431582541708,2.5732478821945524,0.7121300463709501,4.973688502720175,100,100
ENSMUSG00000040325,0.18048294123194494,0.4593646153762131,3.2541748553185106,0.001,0.6342587584193866,1.3758784138690658,1615.1765996831966,100,100
ENSMUSG00000040327,0.18781828352377594,1.0338768337909932,3.180433982841654,0.009475681228304082,0.44469385175442666,1.0278948082964976,209.55509609005273,100,100
ENSMUSG00000040328,0.001,62.31581250733508,1.0,0.001,0.001,0.0019933495934971635,0.15807596742914987,100,100
ENSMUSG00000040329,0.10105325188940566,1.160641809742217,2.933347389848141,0.022936394112012447,0.28053586620074134,0.7593993831573829,10.94217838811262,100,100
ENSMUSG00000040331,0.002450216601160796,0.002539377797152295,1.2727022575908324,0.001,0.9564245388402506,0.6332439621597772,1252.868961471233,100,100
ENSMUSG00000040339,0.4621223773856173,2.5646845331857113,6.9853825421279305,0.19884979461326205,0.7582769675216445,1.407011967635519,7.626309791733954,100,100
ENSMUSG00000040340,0.001,66.84427540036525,1.0,0.001,0.0010000000000000005,0.0015526309480372196,0.33056485506108435,100,100
ENSMUSG00000040345,0.001,62.31581250733508,1.0,0.001,0.001,0.001805725679886608,0.17722233150986888,100,100
ENSMUSG00000040350,0.16317392876889122,30.954213792839926,23.297732231324755,0.0022728665172274867,0.7221581877693277,0.12630747797893388,111.1620728816365,100,100
ENSMUSG00000040351,1.7412305963592136,1.9520594192344154,14.13963711793341,0.9014244494694706,6.058678600410875,1.132339553828078,23.860541586264823,100,100
ENSMUSG00000040354,1.1357650207575591,2.8057296048770266,15.315011818758554,0.8397804004812373,1.8949338183606388,2.4825191917962695,8.33355976719391,100,100
ENSMUSG00000040356,0.0037804542305267985,0.001,2.3341366411475235,0.0033430413193333776,3.0210239865580655,0.7475240829557712,2538.282616877567,100,100
ENSMUSG00000040359,0.14322493709375705,0.08773288967706334,2.2558940710127606,0.0037112818309609046,1.937679941244091,0.7333211556023427,1115.5641599167584,100,100
ENSMUSG00000040363,0.14483924638596815,0.2806402175070166,3.6807473457875486,0.001,0.5134957925954216,2.968184582021948,2329.353510590435,100,100
ENSMUSG00000040364,0.001,62.31581250733508,1.0,0.001,0.001,0.0017525514028851885,0.08811430537724857,100,100
ENSMUSG00000040365,0.3824773194488792,0.7860744764722003,5.325928464584097,0.13569942031209953,0.6250080893595166,3.787092222609769,22.729602086614143,100,100
ENSMUSG00000040367,16.06175034624964,954.9361373650601,1.0,0.001,24.063816846545635,0.0010126083048810253,0.009022633876487083,100,100
ENSMUSG00000040370,3.3381744371251667,288.6751717681228,294.25013048560345,0.834488005989938,5.538120677111714,0.6122077825535936,13.490537188474974,100,100
ENSMUSG00000040372,4.1336179629762935,999.9999943156627,1.0,0.001,10.508329600234537,0.0010000000000095813,0.17087795375964437,100,100
ENSMUSG00000040374,1.3954409252877404,2.4737242903212016,9.774228035986184,0.6929998308365808,4.8703079735823245,0.8391800033406247,12.101640166959239,100,100
ENSMUSG00000040380,0.0012632577127203288,40.587642548626434,1009.0886004404176,0.001,0.018885869089809246,0.0016430761635228925,55.407327677819566,100,100
ENSMUSG00000040383,1.116623443344176,66.0620414288987,73.71783498745786,0.23135233321721038,1.5201766450879886,0.8341600504616016,11.252808165277049,100,100
ENSMUSG00000040385,5.633509364769802,58.368204818975535,433.20050785764465,4.107283488576224,9.543022163461004,4.0155025321080995,12.978664456736295,100,100
ENSMUSG00000040387,0.05793556305995842,19.238567847063752,18.029891058320935,0.001,0.19033087083190803,0.06984009038098585,69.29047726331586,100,100
ENSMUSG00000040389,0.23576990308466608,0.4434005388629414,2.2303334531337735,0.0373129757121619,0.7659562968985941,1.116224821685508,52.702464024202825,100,100
ENSMUSG00000040390,0.3637754200217163,1.4760580983540632,4.690708243448085,0.04276762513462797,0.752039587941345,1.3300665305007544,33.030472577231244,100,100
ENSMUSG00000040396,0.3976620820699892,1.7719645782707134,3.299975949340118,0.001,0.9454865800548553,0.6752778629901144,1164.503803648385,100,100
ENSMUSG00000040405,0.022690076218605446,20.677755869211946,15.04056938118121,0.001,9.946925082774078,0.0010752066091579888,13.738572519547143,100,100
ENSMUSG00000040407,1.3732487999040413,137.49962969694363,270.5171111868239,0.68219543674928,1.8163779692861612,1.3853791979196763,6.528205696956723,100,100
ENSMUSG00000040410,0.016253559802321606,0.008244389158661554,1.3913326724510844,0.003184763364345918,1.9408489176939487,0.5528353360787057,920.2666127050326,100,100
ENSMUSG00000040412,0.001,62.31581250733508,1.0,0.001,0.0010000000000000005,0.0020069225598305534,0.3580516378000192,100,100
ENSMUSG00000040413,0.001,62.31581250733508,1.0,0.001,0.0010000000000000005,0.0018248918994561007,0.14740587060212218,100,100
ENSMUSG00000040414,0.5170854488104933,11.316038802075512,9.667950753281902,0.22961047110228583,1.5351810034851494,0.2832390282136279,2.52615075162965,100,100
ENSMUSG00000040415,3.3988317627899463,467.78414756749453,567.9658681040614,0.9439726155716266,6.238590364299578,0.6366526587729099,14.154322857404866,100,100
ENSMUSG00000040420,0.029787669530052924,0.31168471940944104,2.9642680428940245,0.001,0.13420187099799114,1.7724609160998073,231.76072193734987,100,100
ENSMUSG00000040423,0.2978127202374113,0.49870091171659975,2.431280560979349,0.07624693363723165,0.9046388164752361,1.0924061138391634,25.37183639381172,100,100
ENSMUSG00000040424,5.483670305523973,643.3017809408423,1.0,0.001,16.828681696141455,0.001,0.016138384034185316,100,100
ENSMUSG00000040428,0.044147282955366844,21.07038555118482,19.72288703047145,0.001,14.81360154654258,0.0011628935856132496,21.57864082173639,100,100
ENSMUSG00000040429,0.014668406028383,0.39404115390868766,2.4458975455597898,0.001,5.5504108453695205,0.004934176955485918,98.44686555242858,100,100
ENSMUSG00000040430,0.734907487287029,1.8768498194878784,19.65445152551604,0.5222646985375516,1.025956556623459,6.731977480752642,16.3290061057197,100,100
ENSMUSG00000040432,0.001576014042586445,30.249307123183396,391.63242638006983,0.001,0.0029972303928080825,0.0015314993262069215,30.320252320623766,100,100
ENSMUSG00000040433,1.8656631104882893,484.10819788622723,483.63351836096604,1.0763054085573254,2.7039751264611938,0.6588308635969494,2.6516895182185243,100,100
ENSMUSG00000040434,9.141713951123808,730.8389689745931,1.0,0.001,21.01228611155562,0.001,0.08935614615725261,100,100
ENSMUSG00000040435,0.9574721331775251,80.91542934503087,286.8594986644048,0.402740041836427,1.138515149969244,3.0163420711533466,14.114881670806037,100,100
ENSMUSG00000040441,4.306355834195394,514.0932419159277,1.0,0.001,16.468767231269872,0.001,0.01291629460560806,100,100
ENSMUSG00000040446,0.1752447789157192,0.39940628477809087,4.226900529579062,0.006796242461341466,0.32722066262599403,4.892613371055144,329.24992673395116,100,100
ENSMUSG00000040447,0.001,61.259704531272526,1.0,0.001,0.001,0.0017854635318020344,0.26957981500673783,100,100
ENSMUSG00000040451,0.026477674158242537,15.4537004210136,51.76877090967652,0.001,5.5021801925335785,0.0028897968275727994,170.13191040364381,100,100
ENSMUSG00000040455,0.5462108111607409,0.2540273310804059,1.6733684225764904,0.00914163326213328,4.958154105620688,0.23531794163673717,829.8796844648617,100,100
ENSMUSG00000040459,0.37757188404448677,0.6594273047621115,4.774370057607199,0.08581564230758451,0.6729486434617684,3.3171308389031173,38.15971579056897,100,100
ENSMUSG00000040462,4.366888041717289,32.14831488986582,99.95444766754245,2.6873688262490187,7.144909425150809,1.6995789131885128,6.762483346104572,100,100
ENSMUSG00000040463,1.121588384526981,3.2043399044052383,23.58719914680969,0.7692881342981319,3.632823764231535,1.7708291341933147,11.446762243602945,100,100
ENSMUSG00000040464,0.4531741286864247,1.5611097854929779,2.6075995475051736,0.001,0.7693518019633088,0.8612531521994153,1267.3970068856836,100,100
ENSMUSG00000040466,1.631360303946886,250.77680824796244,1643.6545233798283,1.3120688411254653,3.566900580209233,2.8822817266744045,8.725188822395438,100,100
ENSMUSG00000040467,0.001,66.84427540036525,1.0,0.001,0.0010000000000000005,0.0015624751525719232,0.20292179707741356,100,100
ENSMUSG00000040471,0.001,62.31581250733508,1.0,0.001,0.0010000000000000005,0.0019023267211936282,0.14891563606584804,100,100
ENSMUSG00000040472,0.006332070291948342,0.005074622179338712,1.6173767454906847,0.0010693851430004636,0.8127371251986092,1.1777041125509973,1636.8016589001486,100,100
ENSMUSG00000040473,0.10234389738797646,0.5178385674134285,3.7538342557336595,0.001,0.28122385619256696,1.9464271086770175,739.659349432987,100,100
ENSMUSG00000040479,0.017700573141305086,1.38316331369794,6.645092433739527,0.001,40.67982298595234,0.0010001502453391151,61.35785320280405,100,100
ENSMUSG00000040481,2.010233771143621,28.56152900949243,46.20250363798847,0.7212052064919973,4.183846506519002,0.7715818694618044,9.299286428951465,100,100
ENSMUSG00000040482,0.40921001227876563,31.724687536745478,82.26040582255852,0.00521410527717886,0.6414517877076567,1.7518354832733993,434.6710701976609,100,100
ENSMUSG00000040483,0.08159261784677733,1.2207585219153176,10.32165133256969,0.03719935057607095,0.13699563364212625,3.6640298372529454,18.742427493556526,100,100
ENSMUSG00000040488,0.2269995243176482,1.6440522046043262,6.441167381459986,0.0945231307735368,0.43706697675416434,1.636102561593926,11.757531387037059,100,100
ENSMUSG00000040489,0.022784911445942437,20.61017085176793,14.991001678137826,0.001,12.372190985158227,0.0010000000000027229,7.728716928388266,100,100
ENSMUSG00000040495,0.001,62.31581250733508,1.0,0.001,0.001,0.0015376723080395111,0.2648955183990198,100,100
ENSMUSG00000040498,8.13513272756728,975.7387338895247,1.0,0.001,19.48527237704922,0.0010000000000069023,0.01944356365269758,100,100
ENSMUSG00000040502,0.01856938745731677,7.328831895291394,19.66523878559987,0.001,7.022074457376366,0.0015435092451536883,32.634503634198516,100,100
ENSMUSG00000040506,0.07352317544507493,0.05961029271124654,2.9364497559292104,0.0013291439066376637,1.117115924159166,1.6510951108941132,2785.6329663728566,100,100
ENSMUSG00000040511,1.5831704729557483,119.97450425027466,360.09184511404356,0.9735636036137771,2.1403267135839656,2.089207646083847,6.878824046056599,100,100
ENSMUSG00000040520,1.0001457044717477,5.860719151418489,6.3459069007573365,0.2674096258727065,2.05190438794457,0.45100151924273435,8.216624663330705,100,100
ENSMUSG00000040521,2.1614189322451374,154.26731548283868,182.1308920655665,0.9623340916983472,4.634188415193025,0.5862695765950237,4.875685866877745,100,100
ENSMUSG00000040522,0.001,62.31581250733508,1.0,0.001,0.0010000000000000005,0.001814835285631389,0.2826279740267712,100,100
ENSMUSG00000040524,0.1602867985809485,0.30919708627590703,4.533504831720457,0.04599812755132024,0.34058978263560613,5.495482967724586,41.200985548015936,100,100
ENSMUSG00000040525,0.27213439610239265,65.36421030425801,1.0,0.001,8.194613257898226,0.0010014837109411324,0.1157015564958802,100,100
ENSMUSG00000040528,0.001,61.88525872635182,1.0,0.001,0.001,0.0016329627003366122,0.3334395576974153,100,100
ENSMUSG00000040532,1.6000121655815427,17.00739144297109,17.249628801133902,0.20674616211571645,2.696988465065429,0.5400337933785385,21.721757750068278,100,100
ENSMUSG00000040533,0.001,62.31581250733508,1.0,0.001,0.001,0.0015051539696618577,0.21234227964638566,100,100
ENSMUSG00000040536,0.001,66.84427540036525,1.0,0.001,0.001,0.0013625518038555924,0.0873332838726037,100,100
ENSMUSG00000040537,0.1850792109414824,17.682997967653247,6.861445741504877,0.050283643640313805,3.0720914748951396,0.03463726372349897,2.152584528199032,100,100
ENSMUSG00000040543,0.001,60.37820284006485,1.0,0.001,0.001,0.0016742914192816936,0.1216691429689904,100,100
ENSMUSG00000040548,0.6296458072520421,2.91385191705198,3.6503191855871493,0.0736095910186013,1.4565447311735844,0.4733765802639427,19.701295332733093,100,100
ENSMUSG00000040549,0.43603561774498156,0.4517156491111893,3.97359133061489,0.13210278524229718,1.1179961485212622,2.0676679997498564,39.018340880050815,100,100
ENSMUSG00000040550,2.0015162872057073,4.174367314656506,11.12359289204178,1.1696153918306127,5.4615352652775115,0.6709225180051575,7.525421611047631,100,100
ENSMUSG00000040552,4.204326719867629,999.99999999928,1.0,0.001,7.032524221812449,0.0011427025668214212,0.12860304894136115,100,100
ENSMUSG00000040557,0.18497010761629867,0.484824219416931,1.6159490465055608,0.0010228164714022572,0.6918954586609968,0.6212829426929782,783.5409751181345,100,100
ENSMUSG00000040560,0.9455364503835051,3.3864363419720824,3.6884410085860497,0.2901840358958516,2.2288050026282047,0.3493061673662591,7.087712375785468,100,100
ENSMUSG00000040562,1.129811920387124,6.325403317714118,202.4668672871868,0.7792460501330967,1.520594423203713,21.163556465367797,59.96000504312867,100,100
ENSMUSG00000040563,0.30833219340439194,0.6858595704894025,4.165687885505398,0.001246951479030705,0.5879006139199714,2.455568598749718,2116.9674877323087,100,100
ENSMUSG00000040564,0.02205823153658537,6.790492129865298,19.405116961082275,0.004552426377442289,12.81419247563592,0.0012742018078233186,11.861177023584432,100,100
ENSMUSG00000040565,0.004363405448729461,0.0021156662575463627,1.8022584232436807,0.0018216286906487592,1.3362786612557145,1.1283027949524902,1860.0790657356247,100,100
ENSMUSG00000040569,0.001,66.84427540036525,1.0,0.001,0.001,0.0016938498799531024,0.08903413072168515,100,100
ENSMUSG00000040570,0.6929120873771311,166.48605762337863,1.0,0.001,6.5557169714056425,0.0010395116431968666,0.04295407634555044,100,100
ENSMUSG00000040584,0.023053248155926617,19.869974418734145,55.86832479104401,0.001,0.5512798832655182,0.0017087752923299665,99.13478372984656,100,100
ENSMUSG00000040586,0.11670604746823535,0.7313601096863614,1.4095839596197663,0.02756526561130787,0.514674249957918,0.31355427990371687,9.986921919394476,100,100
ENSMUSG00000040591,0.3179840920273609,0.412736568792076,3.610280599041018,0.10227914608602248,0.9074284177467113,2.3196717371330893,36.16579354306208,100,100
ENSMUSG00000040592,0.001,66.84427540036525,1.0,0.001,0.001,0.001676890082441167,0.15595205461082173,100,100
ENSMUSG00000040594,0.025991043605787675,17.334292283252022,28.133981329559944,0.001,21.329535576878854,0.0010003278826234072,8.320095700788716,100,100
ENSMUSG00000040596,0.8196563047204989,19.573095472462608,23.824823315349736,0.2743918028749258,1.2658874104766693,0.6925984225357356,6.620853915702016,100,100
ENSMUSG00000040599,0.14575211968806356,0.23256670410610183,2.0738767295131155,0.013561455856795647,0.7762723186719823,1.0115825905833278,270.83128601472293,100,100
ENSMUSG00000040605,0.030132317789470293,0.464755367421249,1.3443789215401083,0.001,0.22488273135391287,0.04257973773953491,30.309361997716096,100,100
ENSMUSG00000040606,0.001,0.09085388145308575,5.392383116061829,0.001,0.057207336388074806,0.0024215886089172245,102.70536490058718,100,100
ENSMUSG00000040612,10.382841184835922,850.9140315100291,1.0561596443003929,0.001,18.561168661861668,0.001,0.010531268133300981,100,100
ENSMUSG00000040613,0.5284581519338437,285.47344374593445,613.4318015049369,0.30840937338987184,0.8241135087637582,1.238197788511593,4.675084647299484,100,100
ENSMUSG00000040616,0.023925915361707458,22.73358854278112,31.165523683111353,0.001,12.918209130583472,0.0012530623023202193,47.135682741341505,100,100
ENSMUSG00000040618,0.7540519343566157,108.19336213944054,437.25741328782823,0.5923140879494101,1.0033637916065403,2.8432505168086726,6.1262303967508025,100,100
ENSMUSG00000040620,0.40217860878546347,0.7431242594247056,2.5661158388945164,0.08111370492645324,1.231304388333177,0.7861192649189446,22.943557060092097,100,100
ENSMUSG00000040621,0.23216325202256174,3.1634305037011012,4.876780905504775,0.024270126178915705,0.5307841374648604,0.45536328783577984,16.43315016165668,100,100
ENSMUSG00000040624,0.016947294713054027,24.335693391207364,58.97399634989787,0.001,2.1840651127184674,0.002469080276653913,62.83119623043126,100,100
ENSMUSG00000040627,0.001,60.37820284006485,1.0,0.001,0.001,0.0019094007704349744,0.5973185996668207,100,100
ENSMUSG00000040631,0.2131817640125264,1.5588699103179464,4.082543784729734,0.001,0.275380729348108,2.236447265046163,996.5715304270007,100,100
ENSMUSG00000040640,0.21511804554334857,1.1195880798802962,3.233926137128354,0.001,0.43603962278697855,1.1494866819501819,917.4186545129974,100,100
ENSMUSG00000040648,0.7209679203090666,189.21126473496457,69.30870871941251,0.2957939909524311,36.26971093237651,0.007489770267205212,0.9777338561014692,100,100
ENSMUSG00000040649,0.001,66.84427540036525,1.0,0.001,0.0010000000000000009,0.0017915577385201743,0.2236678124513363,100,100
ENSMUSG00000040651,0.4287940918817675,91.87000692378906,44.97529354119642,0.18732633985644354,4.753802673911638,0.04244919043617484,1.3954695306498013,100,100
ENSMUSG00000040652,1.299121787416302,2.362868638940626,24.916264552221726,0.964123154710398,2.51305192742506,3.5865777374328855,16.309636080602548,100,100
ENSMUSG00000040653,0.001,66.84427540036525,1.0,0.001,0.001,0.0022408256498121786,0.7544195131049978,100,100
ENSMUSG00000040658,0.7552891784057624,2.371580826216746,7.475073578805748,0.4492036698321775,1.2443909719967692,1.4196852825051973,6.004421386528566,100,100
ENSMUSG00000040659,2.3243831977366245,27.76150999319375,40.916478183172096,1.0595047349866664,3.5507376535286816,0.9184019470374796,4.990970453379276,100,100
ENSMUSG00000040661,0.293186483098286,0.2963754436757779,1.798323415314789,0.0018605437686452498,1.8327594360266342,0.49987434253458407,1445.01364763662,100,100
ENSMUSG00000040663,0.9528136964842712,49.22912067529763,348.46872476339433,0.7321538187424512,1.4503880406073664,4.071135456728333,9.357540752297806,100,100
ENSMUSG00000040666,0.03521066356614132,0.7983297842694587,2.0637095009349413,0.001,0.24157067776192737,0.002323360586361879,122.7649437276819,100,100
ENSMUSG00000040667,0.7515572738547495,0.912114648697691,4.92717861527436,0.2906541128324566,2.826528040946669,0.8145431737823956,25.142186940354506,100,100
ENSMUSG00000040669,0.12102224532229773,0.21030732249434259,1.9170093337929586,0.001,0.6989607802402333,0.9820882399376354,1397.007826081407,100,100
ENSMUSG00000040675,1.1916253690478686,14.998334255088016,23.290301364603547,0.3228316241700677,1.8398262593785377,0.9371217051049796,11.610551159147374,100,100
ENSMUSG00000040681,2.0412225721019865,23.23622130345094,301.40116590765484,1.4850702289503777,2.558241826402317,9.64928383024793,21.874075130898,100,100
ENSMUSG00000040687,0.029743635607994572,0.24123152437770085,2.6452963576531148,0.001,0.13163835834721907,1.7485996273010331,344.3604530575458,100,100
ENSMUSG00000040688,1.1368788817951632,2.943760479163718,10.256857157015702,0.5258095220931537,2.102146724975915,1.387985832640862,11.22584268304344,100,100
ENSMUSG00000040690,0.8520978764283027,2.8880966386493006,15.198858098756645,0.5842187813980859,1.3703142967406168,2.4432674553633595,9.569659834177912,100,100
ENSMUSG00000040694,0.001,62.31581250733508,1.0,0.001,0.001,0.0015370772219783654,0.1508678298247011,100,100
ENSMUSG00000040697,0.7331114284157644,1.238910044621695,7.470988378542106,0.44728316783950883,1.6595656434158106,1.628319383199421,12.836292301871012,100,100
ENSMUSG00000040699,0.711396062395191,2.5877261865904098,7.122387547109643,0.32360954891789195,1.3702451769315462,1.1350843809519784,7.313714908991787,100,100
ENSMUSG00000040701,0.3518797965260843,1.5479667103349308,4.086448165231414,0.06129474497579889,0.6875275709205662,1.0849543123210244,26.69410131175194,100,100
ENSMUSG00000040703,0.001,61.88525872635182,1.0,0.001,0.001,0.0015721714123325666,0.1542406607323584,100,100
ENSMUSG00000040705,0.001,66.84427540036525,1.0,0.001,0.001,0.0017341872610501905,0.17636034239695814,100,100
ENSMUSG00000040706,0.001,62.31581250733508,1.0,0.001,0.001,0.0017333531483292764,0.05282283493279215,100,100
ENSMUSG00000040710,0.001,62.31581250733508,1.0,0.001,0.0010000000000000009,0.001912943874304495,0.18558766360762002,100,100
ENSMUSG00000040711,1.5220763363124297,999.999995819107,1746.1865873575434,0.3186994910881406,7.706037318771374,0.3348745540015545,25.899369222470444,100,100
ENSMUSG00000040712,0.23799259510570925,1.2831029330971646,3.0012397827892365,0.001,0.485211058942486,1.0477266179319646,866.9594554068206,100,100
ENSMUSG00000040713,1.1484795183106853,124.30418293179052,204.2270595081181,0.6871671743905134,2.1542388462585396,0.9124406312763975,3.9624638171130453,100,100
ENSMUSG00000040714,0.001,0.0019018221758613904,1.1087125470790478,0.0010014831051156352,0.6553622972099925,0.5919043224374739,569.9612311043966,100,100
ENSMUSG00000040717,0.05782056743540884,19.350487063418086,15.204254726049665,0.001,12.397544535026402,0.0016434677403531052,66.65871760223611,100,100
ENSMUSG00000040720,1.6943735301731027,3.24807688657904,13.00537540107958,1.0628233751608396,3.2730669126764527,1.3560577613068923,7.680392942032214,100,100
ENSMUSG00000040721,0.024037491278171032,19.974709215715546,22.255927077708247,0.001,8.058520655280619,0.0014605725381668885,51.66996635386674,100,100
ENSMUSG00000040722,0.13792956315922134,0.18826212097229278,3.1422031007423965,0.0015614402433193582,0.5628707729189419,2.332127565380095,1736.0191057646248,100,100
ENSMUSG00000040723,0.001,62.31581250733508,1.0,0.001,0.0010000000000000005,0.001534874423650731,0.08940490219708094,100,100
ENSMUSG00000040724,0.001,62.31581250733508,1.0,0.001,0.001,0.001858759053288479,0.20795632026826563,100,100
ENSMUSG00000040725,0.6190800492574796,0.5370635967397979,3.565310782179483,0.0747002019523114,2.141020585161077,0.9606844950309059,82.36422879892963,100,100
ENSMUSG00000040726,0.001,61.88525872635182,1.0,0.001,0.0010000000000000002,0.0019331647288659086,0.1251119518018693,100,100
ENSMUSG00000040728,0.001,62.31581250733508,1.0,0.001,0.0010000000000000005,0.0016216140238262892,0.15852873584275418,100,100
ENSMUSG00000040729,24.971834548459178,973.4142943457956,1.0,0.001,36.80958032377527,0.001,0.01286490873058528,100,100
ENSMUSG00000040731,3.8728767379404254,6.680578085166629,36.915415738531095,2.4435062941384906,8.621791831274454,1.6059453372283423,13.162651317345032,100,100
ENSMUSG00000040732,0.001,66.84427540036525,1.0,0.001,0.001,0.0016445343044893326,0.4509748683441335,100,100
ENSMUSG00000040734,0.7569772107204015,2.545610404447754,4.8401597442826985,0.3711826612445781,1.5194836787425083,0.7260433089627157,5.46322471208722,100,100
ENSMUSG00000040738,0.32181545557710606,0.2910415335903412,1.4850678152376493,0.02663845024472701,2.216621670644161,0.3577313683536989,75.07092486917313,100,100
ENSMUSG00000040740,1.67061604863853,398.5402109334709,1.0,0.001,7.0780967576080025,0.0010478225141518506,0.08697069096015322,100,100
ENSMUSG00000040746,1.0706164085159489,2.415341326032425,8.348759746259347,0.45683966587792957,2.1034017381845813,1.246716692631618,12.466234847524213,100,100
ENSMUSG00000040747,0.0065353182353718444,17.745654827517143,44.29094420539172,0.001,4.245498595472832,0.0012313437261578992,22.975234774943353,100,100
ENSMUSG00000040749,0.2880610660796386,25.171501929458174,30.88499108692093,0.0010706056363542736,0.38406270380990226,0.7898661368988453,471.9108668564912,100,100
ENSMUSG00000040751,16.815475368383908,1000.0,1.0,0.9583313814315532,24.9225854315333,0.001,0.008931039919672961,100,100
ENSMUSG00000040759,4.987580201742958,600.4828040499772,1.0,0.001,16.744886953241906,0.001,0.022735579183144554,100,100
ENSMUSG00000040760,2.2396300360863646,418.447274959671,289.1465065270839,0.5579574654037973,4.286116178666389,0.3762632819954089,23.344323507923132,100,100
ENSMUSG00000040761,0.0018828750016089838,0.0016430103823590252,2.6401549833397224,0.001,0.6014279128349007,2.4315906721297624,2797.7906055667127,100,100
ENSMUSG00000040767,1.4779803876044946,7.313734799521699,18.320033162344963,0.9770019847277673,2.3056521024334637,1.3609394641828594,5.008891580748564,100,100
ENSMUSG00000040771,0.415776329134654,0.5774965073547317,2.8715030922078317,0.10092313903486713,1.4530540863095844,0.7778034813950914,32.1105987525257,100,100
ENSMUSG00000040774,0.5196143577545073,0.8112641980153735,3.842469378215984,0.04550878309486601,1.5673164715852685,1.0231254683069877,89.24097127482867,100,100
ENSMUSG00000040782,0.828087205875631,2.275205638333132,7.280607298132678,0.40654463125840945,1.8531037271268458,1.184573893959365,8.175130497129928,100,100
ENSMUSG00000040785,0.5936259571046525,1.3043406065131338,5.720874198224931,0.29142657128644955,1.1190158183383447,1.7794859155935794,10.804301787099476,100,100
ENSMUSG00000040795,0.16466001606910768,0.18689555583167497,2.23471203042902,0.0014646131366065262,0.8426691355397781,1.5629009605742943,1653.3320491795366,100,100
ENSMUSG00000040797,0.001,62.31581250733508,1.0,0.001,0.0010000000000000007,0.0019084623870124632,0.3166006979228943,100,100
ENSMUSG00000040808,0.0108179572814406,19.727941548779004,22.496667189801407,0.001,6.374981465348313,0.0011852068157946001,23.082868742035583,100,100
ENSMUSG00000040811,0.13245009830525334,0.37307561644887954,2.4628660628723558,0.001,0.45650754489462697,1.352182449605851,1184.3739758539346,100,100
ENSMUSG00000040812,4.513746930154638,536.6400992901409,1.0,0.001,14.232011119334674,0.001,0.043178464691449966,100,100
ENSMUSG00000040813,3.179897116365354,9.825789729684988,56.00334464482966,2.349195072601816,9.157355353757724,1.565974189070908,9.434668839346351,100,100
ENSMUSG00000040818,0.528551417718957,3.6431259774721596,2.8237541606796324,0.0010113902158311611,1.177906011282957,0.27117627771921815,691.3186556927035,100,100
ENSMUSG00000040820,0.3213652453008582,1.9044382426384188,2.3001122720129885,0.15596389864618676,0.8453684289262796,0.4004727066205465,2.884025856688355,100,100
ENSMUSG00000040822,3.054382441837468,102.74618673188601,262.2912208037255,1.9052731519632795,7.739184732364648,1.0325077317272153,5.451821312944362,100,100
ENSMUSG00000040824,2.2936815910211443,4.810117346311346,48.20488053417615,1.458276528711771,5.136867059199062,3.097535596997211,24.11727556102857,100,100
ENSMUSG00000040828,0.610901319112346,146.1179810336442,1.0,0.001,8.370186384629768,0.0010000000000528794,0.08196031892749024,100,100
ENSMUSG00000040829,0.001,66.84427540036525,1.0,0.001,0.001,0.0019921058011087185,0.17106377738687634,100,100
ENSMUSG00000040836,0.34788126124473473,5.467418858409058,5.153848595273902,0.005773521477944609,0.6438787692220963,0.44552059374550473,69.98613693309133,100,100
ENSMUSG00000040838,0.011177351933250111,18.772786805680987,21.43642115583547,0.001,7.807507610598027,0.0012397020948915947,14.864772964501526,100,100
ENSMUSG00000040840,12.194121284683488,728.0844984877134,1.0,0.001,25.913188834241318,0.001,0.010836156578582758,100,100
ENSMUSG00000040841,0.08234864407349812,17.138357187352437,9.941102118646203,0.004379338218227134,29.981352667843904,0.0013309462973799613,17.82208275613209,100,100
ENSMUSG00000040842,0.41353759406987817,0.40836504579749267,8.45687079475965,0.1346290741392344,1.3790473245086474,3.3282964347461643,86.88384053586651,100,100
ENSMUSG00000040843,1.362859579832372,1.4380000128208739,7.268144752998562,0.8901238565499328,4.624986128438016,0.7800869085434653,10.124414456465832,100,100
ENSMUSG00000040848,0.1307152350708931,24.22417507575794,36.93831358858317,0.001,0.24417586597447333,0.9263843823354474,257.8078966125545,100,100
ENSMUSG00000040850,1.4058545591552798,1.715267762344918,5.638922691780478,0.8186574469474325,3.8944297256266713,0.7058381260170463,6.876900267164899,100,100
ENSMUSG00000040852,0.6850097192490519,3.580621828157227,15.333849236671652,0.45725315754130924,0.898103756875138,2.8541489764343257,7.9760843369864745,100,100
ENSMUSG00000040855,0.12076060200637499,18.339959816218148,5.031072911556705,0.001,31.645075595600083,0.0010009567580588818,2.2937191285260203,100,100
ENSMUSG00000040856,0.026572202617997514,0.6992391518227665,6.7849018351267585,0.006890585744594382,0.0829623840379699,1.4962456933452586,29.940214996772998,100,100
ENSMUSG00000040857,0.08969924232901505,0.29400308166328065,4.030576504797283,0.001,0.2903054594601242,2.9018090595402866,1261.7020834878172,100,100
ENSMUSG00000040859,0.3838008220814528,0.2736203000278692,3.8044943843726897,0.09666634403943,1.8743961399260392,1.3711028126533802,65.72149930511083,100,100
ENSMUSG00000040860,0.4491381660939228,23.55725976719573,33.64882869175923,0.10087080880795798,0.6553968009811766,0.9419111932635331,8.27641040528565,100,100
ENSMUSG00000040865,0.2888054990523906,0.20734212063013596,3.086305141538179,0.042052997839378256,1.8935703342829742,1.1287817694921354,936.8033502154382,100,100
ENSMUSG00000040867,0.04516184668819417,20.21423902316193,18.526425301716916,0.001,3.8917758359611487,0.0023056078419893774,54.52406635499413,100,100
ENSMUSG00000040875,0.20784331557659064,32.995214448282454,21.761735000598723,0.001,0.5878559745405875,0.0414445915470063,17.80093611080598,100,100
ENSMUSG00000040877,0.3870910169490414,31.678018395574412,13.247162515105257,0.01266556477227368,2.357269396080814,0.061778591025354754,9.491239077306192,100,100
ENSMUSG00000040883,2.1976004705017687,221.32046626776693,302.9914868674443,0.5652755050762585,3.1875091330626932,0.9453329805552091,13.93704558621545,100,100
ENSMUSG00000040888,0.8228529744876736,2.2274136949274808,3.476653207387545,0.08128136948447479,2.509336573861251,0.41058880182907753,37.0028610468726,100,100
ENSMUSG00000040891,0.001,62.31581250733508,1.0,0.001,0.001,0.0017752102023162954,0.23197582248345608,100,100
ENSMUSG00000040896,0.001,61.88525872635182,1.0,0.001,0.001,0.0019025436377455287,0.14436853600363922,100,100
ENSMUSG00000040899,0.001,62.31581250733508,1.0,0.001,0.001,0.0016215658757530631,0.2871626734459843,100,100
ENSMUSG00000040904,0.001,51.35734496823925,1.0,0.001,0.0010000000000000005,0.002231643965535682,0.15487173673312987,100,100
ENSMUSG00000040907,9.726743990039413,580.6830662922507,1.0,0.18758515791739772,24.820013973400908,0.001,0.009010880365323302,100,100
ENSMUSG00000040913,0.4233659864439943,4.118906336797279,3.953000531604354,0.10532945469852589,1.205512862269463,0.2625830991236529,4.573121518026046,100,100
ENSMUSG00000040918,0.5163657053714461,1.7239822685999022,4.103473104379168,0.2326104036645032,1.111387535708907,0.8746561799722771,6.344882329653592,100,100
ENSMUSG00000040919,3.3467679826601007,809.4058638924901,1.0,0.001,4.134375401689264,0.0010000000029953794,0.13493961169399757,100,100
ENSMUSG00000040928,0.6830243812706097,0.5248546925376075,5.687880650833524,0.4058132288083761,2.9150138071417384,1.2967339599272736,25.34734615766889,100,100
ENSMUSG00000040929,0.25024838510438535,26.982308554659838,27.055625695729386,0.0342092196518223,0.37071342371781024,0.5613220926719165,10.164215075422883,100,100
ENSMUSG00000040935,0.001,62.31581250733508,1.0,0.001,0.001,0.0019473349808878703,0.49146391866773187,100,100
ENSMUSG00000040936,0.0039299086016243,0.08591092332782373,1.3795716824035196,0.001,0.3593392206239021,0.07137735328146738,77.16872108865665,100,100
ENSMUSG00000040938,0.019451091573935243,0.9395409273460679,13.618853759178615,0.011180345816215171,0.053447726661494846,1.9466380838969923,38.35448427962449,100,100
ENSMUSG00000040940,0.5550392943360327,0.6356697460118952,4.623767979689618,0.22936970125734119,1.1046704930745226,2.8248266169697978,24.64389422657693,100,100
ENSMUSG00000040943,0.2779608575854896,3.858621028653257,4.276290530483816,0.001,0.5100931875518019,0.5193226668906741,447.0334509366764,100,100
ENSMUSG00000040945,2.5889433372374744,10.193425525569436,27.97181241298597,1.6414659019324886,4.986025333606378,1.1307953124181889,6.215041201347406,100,100
ENSMUSG00000040950,2.0813166845897446,503.1765750646759,1.0,0.001,12.103913108645857,0.0010107420487027279,0.12270491515849888,100,100
ENSMUSG00000040952,7.969102050843326,240.6275722475412,2404.5017756116345,0.1204484190851506,9.677812894036753,1.8709165813128887,33.03011317853159,100,100
ENSMUSG00000040957,0.13718986718715837,35.42889804296173,68.35688603208276,0.06540007507337459,0.2919537509646254,0.6844710534748717,4.305436699922383,100,100
ENSMUSG00000040963,0.001,62.31581250733508,1.0,0.001,0.001,0.00167999995201874,0.22738713640208652,100,100
ENSMUSG00000040964,0.19028817883562404,0.1989737123188182,2.0178085457273993,0.04413600433248718,1.0630496488312635,0.8818183740211873,73.29906228890422,100,100
ENSMUSG00000040966,0.001,66.84427540036525,1.0,0.001,0.001,0.0014587664996220909,0.13605363245617438,100,100
ENSMUSG00000040978,0.01322844093135502,21.629433123394364,33.36734139635539,0.001,2.5421157443898283,0.002185068107198437,28.01430950957962,100,100
ENSMUSG00000040987,0.2513739525481557,9.991747412656748,15.905210160838372,0.12599687894619574,0.40003262175388277,0.9126573149309422,3.7581049247575233,100,100
ENSMUSG00000040990,0.2575591412895553,0.5501573154511665,25.005441199261377,0.16102127672798566,0.3732816923792226,21.913523692568017,80.58053924326784,100,100
ENSMUSG00000040997,2.1955537012382775,470.99257027877184,905.7150417726592,1.4519857171829753,3.7448569067139497,1.1430826573935433,3.600926361203835,100,100
ENSMUSG00000040998,0.009262615555941323,0.5455162394710114,4.676903288692607,0.001,0.1210164575946309,0.36060367658101344,78.49246344454497,100,100
ENSMUSG00000041000,1.3129098461979447,35.7066118866239,3.480945746195668,0.12708761890733927,82.44929010394384,0.0013564877926125875,0.4907447423851176,100,100
ENSMUSG00000041009,0.001,62.31581250733508,1.0,0.001,0.0010000000000000005,0.0019959959897270377,0.11165466105402301,100,100
ENSMUSG00000041012,0.019751335779891757,24.186538444476795,44.8943025337897,0.001,0.1844884782568768,0.0017606117716092422,67.14681237910938,100,100
ENSMUSG00000041020,0.001,61.88525872635182,1.0,0.001,0.001,0.001690849507534765,0.20534396975867408,100,100
ENSMUSG00000041025,1.2783527730342608,2.65167521917627,23.83482978322183,0.9640388414049585,2.5964714016608514,3.143401843037616,14.163330894432622,100,100
ENSMUSG00000041028,2.6644756885396443,12.221503181484884,113.09908721339465,1.9086539966052014,3.8663214695641854,5.351036243629162,15.50974410853674,100,100
ENSMUSG00000041035,4.000910174322208,994.3710968873165,1552.934760115658,0.8303657501404973,8.873176066571798,0.7190157548202659,30.132510950493337,100,100
ENSMUSG00000041037,0.3018600186968824,1.3228972071473521,2.447347793531086,0.0011223568136084475,0.9321340475907446,0.4457752758470954,686.0940949966969,100,100
ENSMUSG00000041040,0.5350609148856008,0.9473230742655853,4.64618696182059,0.28610057846483145,1.2031660659784131,1.54648209115321,10.28918430223004,100,100
ENSMUSG00000041046,0.001108427759486164,0.21211652589629118,15.287454270384432,0.001,0.03981423049938013,0.0016012625514824177,98.36537017851936,100,100
ENSMUSG00000041052,0.002167236116730962,10.04614387105634,54.71671418927901,0.001,0.0876426321753071,0.0024538395158916096,32.3280565795384,100,100
ENSMUSG00000041057,0.28718315237345343,0.21089145487038868,4.241937959581276,0.020234866892984014,1.2538377591773642,2.6967548742597014,552.222903119989,100,100
ENSMUSG00000041058,1.2909079101428778,17.169107804611496,21.860217321762494,0.08796528555316907,2.051652851159509,0.7974180681792864,59.89201260027381,100,100
ENSMUSG00000041062,0.001,62.31581250733508,1.0,0.001,0.001,0.0015546498434148798,0.16896959161611844,100,100
ENSMUSG00000041064,0.0440517052186835,34.54015992481768,39.28333284962292,0.001,22.524956265813863,0.0013489720676217133,3.5393197477748757,100,100
ENSMUSG00000041073,0.029085589937369764,1.75896199799706,6.648015457165184,0.011464004168487502,0.11848890227162096,0.5184238900800796,11.646522170410002,100,100
ENSMUSG00000041075,0.20883496136981114,0.5544636289763042,26.9128123408525,0.14763676737437498,0.3700798374144947,21.604075657706225,76.76860732344235,100,100
ENSMUSG00000041078,0.001,61.674132606755,1.0,0.001,0.001,0.0019388856115830444,0.37653022846885253,100,100
ENSMUSG00000041079,0.9185443279031483,30.724486453776418,16.125780734698612,0.001,1.2451861297888576,0.37338773528248237,1040.7265420249744,100,100
ENSMUSG00000041084,3.7244665820702285,241.98696841602617,979.8199243616998,2.736481537879115,6.291257503656601,2.2395673420011786,7.270888337490497,100,100
ENSMUSG00000041096,0.1857465056965347,0.21649597851694105,6.542774791037963,0.07456281733533615,0.3485093812992548,11.346533733672517,88.18178283246266,100,100
ENSMUSG00000041112,0.04431628825549903,10.582806470284416,16.158049916411123,0.001,0.22550307720240345,0.3143482371849734,108.26523564540359,100,100
ENSMUSG00000041115,0.4906860854656766,1.3611223630243805,4.211321862780248,0.001,0.39078423525456185,4.247477416576723,2814.593666154655,100,100
ENSMUSG00000041117,0.34218816840270555,215.62230173485165,234.77287438664462,0.1418200901040546,0.6106268703608699,0.6009314697115834,3.729054650773876,100,100
ENSMUSG00000041119,0.1282802057434906,2.9937680397446935,4.43485233918598,0.0014337383797938196,0.349155528533188,0.2197218791947888,59.90261849336531,100,100
ENSMUSG00000041120,0.001,13.147732610051081,1.0,0.001,0.001,0.18401290504048856,7.920497298538583,100,100
ENSMUSG00000041124,1.381749712122702,1.8853863925769279,8.1979032068306,0.6212787289067433,4.197895812074865,0.8430190929391561,14.482052619378404,100,100
ENSMUSG00000041126,1.6206717714713808,81.99607950195515,128.7068921359352,0.9347808951478978,2.1353082573086746,1.1425311287631834,4.166635634365613,100,100
ENSMUSG00000041130,0.29459330042500503,0.23112409963143152,5.1990991774769375,0.14672977923256558,1.426992923328644,2.2112964538597604,56.21713268244319,100,100
ENSMUSG00000041132,11.848960729645771,943.4387625929708,1.0,0.001,19.723111794532876,0.001,0.0478130096143969,100,100
ENSMUSG00000041133,0.18203535577018787,0.17145038428047665,8.448458594312863,0.05800641352203267,0.5830966330766151,9.37939261299551,169.27282743334604,100,100
ENSMUSG00000041134,0.008303141537171953,18.42191536456684,64.02016704597135,0.001,2.9840559668259,0.0018221679269295682,32.25552207663073,100,100
ENSMUSG00000041135,0.9740102116632315,3.1400263822145447,18.40231815832067,0.6985447498076838,1.2495266450426676,3.892127434481946,9.510977713205197,100,100
ENSMUSG00000041138,0.001,62.31581250733508,1.0,0.001,0.0010000000000000005,0.0019134296453449232,0.21958479685833648,100,100
ENSMUSG00000041141,0.001,66.84427540036525,1.0,0.001,0.0010000000000000005,0.0016921692241746462,0.1688116758801106,100,100
ENSMUSG00000041143,0.36422704791863225,0.8767395041048184,3.512151041182696,0.07681619941261647,0.7633902011504432,1.5364905538865878,23.5149124846742,100,100
ENSMUSG00000041144,0.1531113448306876,36.52857020260047,1.0,0.001,9.036903209560258,0.0010005120279923709,0.13072888533988736,100,100
ENSMUSG00000041147,0.17979371952326761,4.7408305559041315,2.404445389861328,0.027328540261576537,28.678362406328535,0.0015935981097483056,3.4116341181115293,100,100
ENSMUSG00000041153,0.25611257849534397,32.41472207355122,19.151187898018534,0.027650291118160183,1.0083192884930963,0.15617045426888734,8.046098987896382,100,100
ENSMUSG00000041161,0.08730518269653204,0.4701595246805315,1.9761376493770548,0.005976828401262772,0.3176837387287791,0.9691134853986829,231.72358977217942,100,100
ENSMUSG00000041164,0.0048014073739684965,0.0062673555059601215,2.0505883627329595,0.001,0.5268757072241033,1.5725395644026792,1808.0291187407379,100,100
ENSMUSG00000041168,3.1908665530283704,35.018782092394964,56.275725515540465,1.3676419666165252,5.686475247363932,0.8701137549963096,7.235421572463061,100,100
ENSMUSG00000041180,0.03632473777495465,0.8565111442559086,2.406890726551943,0.001,0.2903705614449378,0.16029886922421965,90.37851379258692,100,100
ENSMUSG00000041187,0.2707430093067469,0.41965117964582116,1.8165819474353366,0.0011177814589263492,1.0624640444970068,0.6300983545600989,1158.32207805247,100,100
ENSMUSG00000041189,0.028758860327390015,19.46096666158934,38.721219376303466,0.001,0.13394525232773913,0.006101066843226201,91.35716493220735,100,100
ENSMUSG00000041193,0.010641454370553539,0.8762907864060838,33.69429608867128,0.001,0.7377306619990271,0.0037698266171237466,176.89424305320796,100,100
ENSMUSG00000041199,0.464971947280016,2.0525167996022264,5.741296976533387,0.0019269971005919338,0.8636534059476315,1.3390541823746522,1208.5629090927891,100,100
ENSMUSG00000041202,0.001,66.84427540036525,1.0,0.001,0.001,0.0018886780615985812,0.1708476570175026,100,100
ENSMUSG00000041203,0.001,0.0010006644954045803,17.34581720631293,0.001,1.2928750623069731,0.5987750043238955,22221.067797972843,100,100
ENSMUSG00000041205,0.04643709533965207,20.04421023582597,14.225388369502166,0.0018202533154184253,16.539231781196726,0.001231147263726276,28.157828202475528,100,100
ENSMUSG00000041215,0.2707106286677721,0.3028697090595353,3.1138628071611074,0.0050693656475096285,0.8224990017041994,2.0455637827903086,863.2585423386429,100,100
ENSMUSG00000041216,0.02260507540206997,20.926324605634893,15.215454411422419,0.001,7.4261000632017815,0.001291328471169514,13.427275732386176,100,100
ENSMUSG00000041219,0.16770105972866656,40.77850115582017,119.10319336446675,0.09635375445684521,0.3136403874153058,1.023168390917516,6.560898423729155,100,100
ENSMUSG00000041220,0.4041809910070879,5.967060946765235,18.56065642411495,0.2428392632817299,0.6593109060838478,1.9063243541535269,5.645410100820621,100,100
ENSMUSG00000041225,0.055712954545962694,0.057945645587237395,3.9515651356628902,0.0010668398384184824,0.2123438189101303,13.829175521572022,3772.1136587821366,100,100
ENSMUSG00000041229,0.34550713912886943,0.5008061255343496,2.3426012693246356,0.0012622290569067264,1.2007286848534426,1.0050842996748923,1741.4660606431107,100,100
ENSMUSG00000041231,1.2370698414206003,9.455758648088116,14.585446202917199,0.0901662358346309,2.087033635523216,0.7729312722693638,75.74178821066043,100,100
ENSMUSG00000041235,0.08273769812056876,1.3290914916643182,5.39917672938924,0.023565262930004667,0.1925772644702242,1.2660337196617162,17.964266076531366,100,100
ENSMUSG00000041236,6.3421236436914885,207.04111951994344,350.1546880520508,3.9536191009297514,9.181689420949596,1.1354764951070315,4.341766979694636,100,100
ENSMUSG00000041238,0.999639216063107,32.1247110975193,11.284431745283866,0.13589945246397372,2.4495593330311642,0.14687353947411405,3.941510296519958,100,100
ENSMUSG00000041241,0.1968513722239796,0.39238130168281565,5.755785180136477,0.07241290558634216,0.3310144951929214,7.436698533432246,50.42426625631025,100,100
ENSMUSG00000041245,0.09501221011249517,18.493141677409856,6.08379884186453,0.001,25.997122026042504,0.001007201977213183,13.957164069178319,100,100
ENSMUSG00000041247,0.001,61.259704531272526,1.0,0.001,0.001,0.0016262647437423657,0.14722593553939406,100,100
ENSMUSG00000041258,0.5420327940384364,28.985898202429127,18.63336091540796,0.001,0.8343041404183326,0.39463864061624476,699.3227039770866,100,100
ENSMUSG00000041261,0.018586751909779407,0.7824618851853157,6.492291901764767,0.00525936043621794,0.07304259172477437,0.9661821306303072,29.96930734106226,100,100
ENSMUSG00000041263,0.30657932876536226,0.949310870105877,2.6264637195944998,0.06431620349825372,0.7780180950675764,0.7854423586824383,39.03426783880685,100,100
ENSMUSG00000041264,1.5620150194146551,3.156263647386525,3.8680492668658903,0.0033073885733710933,2.302727589673342,0.8266211270040942,1727.8669379518228,100,100
ENSMUSG00000041268,0.23191612977254075,27.570512360169303,35.055703540043545,0.009003332213956973,0.3770669918639453,0.7221667397326155,46.17990197926704,100,100
ENSMUSG00000041272,0.05710968917923213,1.1238722904533023,4.372150499902792,0.019252298108245178,0.13330790884250038,1.2840416316094996,14.601505946473853,100,100
ENSMUSG00000041278,1.9366858349099003,9.080941974937671,29.093864086010697,1.136174458567966,3.1335733821236618,1.610759322154113,8.3244425871152,100,100
ENSMUSG00000041287,0.001,66.84427540036525,1.0,0.001,0.001,0.0015889138258025324,0.3803201512427269,100,100
ENSMUSG00000041297,0.4954065211882718,0.9185293599736025,2.9414659047281306,0.058176857970598364,1.1735632168320087,0.9696666326232806,38.61683232589437,100,100
ENSMUSG00000041298,0.8081893422320497,67.92812452363447,65.30689300315646,0.34884740057963126,1.2230071153640008,0.5507947628915049,3.0277563117145894,100,100
ENSMUSG00000041301,0.045415881876675855,12.75527099857879,9.598211841102325,0.001,22.70613129055799,0.001018961108266395,3.8164976968056195,100,100
ENSMUSG00000041303,0.4738647456927102,0.34905209615323024,2.6623306517390852,0.0399993986160468,3.682491123586831,0.4265397527712058,357.138841640851,100,100
ENSMUSG00000041308,0.001,0.0010084166573440252,1.0000052475370764,0.001,1.12534026531185,0.48046679034572237,1104.5905151288266,100,100
ENSMUSG00000041309,0.001,62.31581250733508,1.0,0.001,0.0010000000000000009,0.0017297653273001586,0.08166572747986667,100,100
ENSMUSG00000041313,0.6359078196256384,3.379801134364161,11.55396189420979,0.30641424799012373,0.9151945162059938,1.94641251604917,10.157542334773213,100,100
ENSMUSG00000041319,0.08030842272789944,0.2572203033682416,6.391579645029015,0.001,0.19864823121040198,7.02271549373501,3160.886218974421,100,100
ENSMUSG00000041323,2.0826313051015224,503.49146876914733,1.0,0.001,7.99594754481052,0.0010537361551209135,0.04118189908166105,100,100
ENSMUSG00000041324,0.8199615561052663,14.497647587207267,479.76650821517137,0.6489188522154965,1.6128651346186516,15.93233098809252,43.31792921327959,100,100
ENSMUSG00000041328,0.19482596281031253,0.646900684203787,4.071254363949476,0.04645689112449511,0.45843456525628157,1.8957630509508359,40.86676298923787,100,100
ENSMUSG00000041329,3.9276406581767263,942.1623723314058,1.0,0.001,6.880925734407676,0.0010535449382007246,0.09820047650667825,100,100
ENSMUSG00000041341,0.8894144751013199,1.3417477387804013,3.664460748170445,0.13687173812172143,2.3887730977740773,0.6221772061746743,41.93155607302448,100,100
ENSMUSG00000041343,0.4163946098813246,1.2210164555593692,2.12035938541396,0.0011486080613781781,1.1151606316333735,0.4554230953797923,959.4169540608514,100,100
ENSMUSG00000041346,0.03245896021134018,0.02432165443669577,1.0255390215215314,0.0010490590704734012,1.9196192452238403,0.3100140480470635,1062.9989660102717,100,100
ENSMUSG00000041347,0.3436361070819853,60.85761576141639,299.5550934174544,0.24705828969186494,0.5009288358009302,3.04534851766166,7.882904894439985,100,100
ENSMUSG00000041351,0.010642266934987845,0.062052939748370506,1.5550676894531095,0.001,0.24683528750417905,0.9449653095112232,315.80594915784366,100,100
ENSMUSG00000041353,0.001,0.004732920867454239,7.258353304785314,0.001,0.050670201009734794,0.17187959891823743,3354.7532625883673,100,100
ENSMUSG00000041354,0.7277975913912914,6.885177870830768,20.92477656326531,0.4999146901530547,1.0963913643482437,1.847567567679766,5.351693791381013,100,100
ENSMUSG00000041355,4.261653632557354,9.674661386937908,129.4502901746284,2.8610315164857787,9.438764456449167,4.109504471096164,24.690554926664326,100,100
ENSMUSG00000041358,0.001,62.31581250733508,1.0,0.001,0.001,0.0014611679495003345,0.2702309943516238,100,100
ENSMUSG00000041360,1.9798542119855616,401.94983957351496,647.7701096791169,0.4137590144928781,2.70470659664522,1.2067844802319236,22.282650819033915,100,100
ENSMUSG00000041361,0.24624592916106372,32.3395488819553,20.558246004891572,0.0012922501805850924,0.7358118384002739,0.16908456408629483,111.58848387077819,100,100
ENSMUSG00000041362,0.00799628769156558,0.43919569098105293,1.0,0.001,7.306132914488968,0.0014163360716170463,2.587715177742058,100,100
ENSMUSG00000041372,4.777028361205996,574.7276428521296,1.0,0.001,12.5675349506616,0.001,0.014150580125554788,100,100
ENSMUSG00000041375,0.04261973166092371,0.19986839041503737,5.053993930687843,0.001,0.17092120293334997,4.975199009893813,1146.381783514174,100,100
ENSMUSG00000041377,0.010787444936533988,20.10083915687591,22.89087978276573,0.001,4.10688962313379,0.001304600358018221,27.512066642674277,100,100
ENSMUSG00000041378,0.001,62.31581250733508,1.0,0.001,0.0010000000000000009,0.001767949600012119,0.2567570534962677,100,100
ENSMUSG00000041390,0.7965483093407623,1.0782513671503844,4.305760190848392,0.23782782306882447,2.0747947698649747,0.9403881057142314,25.769027851246896,100,100
ENSMUSG00000041396,0.11723436701001862,22.69564500846925,41.178082629067546,0.001,0.2030450718763399,1.1281139962973836,286.3162915047211,100,100
ENSMUSG00000041399,0.001,62.31581250733508,1.0,0.001,0.001,0.0017706630870910007,0.13495741529085892,100,100
ENSMUSG00000041406,0.13214588253161302,17.59944511076013,11.249338209753365,0.001,0.8461805299718039,0.014870553885723198,68.00758410001143,100,100
ENSMUSG00000041408,0.6655736784704481,0.6567962134085423,3.9819434232874293,0.2093823241016444,2.6310822936752514,0.8562807522336655,36.890386666758886,100,100
ENSMUSG00000041415,0.5541919387763596,1.0576075023427634,5.564493286331942,0.17825883214973812,2.0978866315022904,0.9809848193000827,23.46702285843567,100,100
ENSMUSG00000041417,0.7053908353436225,8.634992393905785,112.78172385769369,0.4707410511304584,0.9695420798371435,9.25679283715126,22.413148738607156,100,100
ENSMUSG00000041420,0.5553913188051127,1.5737109544203018,4.9294878149236085,0.20944438315470748,1.0493255298412716,1.1593511466944728,11.766232206789118,100,100
ENSMUSG00000041423,0.001,66.84427540036525,1.0,0.001,0.001,0.0016262390842832803,0.40060016679820964,100,100
ENSMUSG00000041426,1.5352196699000484,462.94727625378266,421.0769497175012,0.0900009121305036,2.2625165741369333,0.6031021815344483,34.04204458288791,100,100
ENSMUSG00000041429,0.1416070028012779,0.29147044358901447,1.484732820222974,0.0010130955286564848,0.7157130179972527,0.7377521862810295,920.761394905029,100,100
ENSMUSG00000041431,0.004427017679551342,0.1740824220272535,7.609296943806349,0.001,0.19684729964753045,0.00903584451476702,273.3501581306855,100,100
ENSMUSG00000041438,1.5189157893579286,5.5261953526954715,15.081127449106281,0.7960464892862921,2.506698244927976,1.2887897597715374,8.260908102662896,100,100
ENSMUSG00000041439,0.28532179160308657,1.5760820075078275,6.112745212337907,0.18368721478932099,0.45771502205925246,2.0507154132939607,7.400447052447907,100,100
ENSMUSG00000041440,0.21669228974151114,49.882409262394994,49.07476880692022,0.10917616112450132,0.6815500348691532,0.24161230805459238,2.3363984248221286,100,100
ENSMUSG00000041444,0.09669975465043344,1.5289220401649077,1.3510597350232763,0.028901117993201893,36.56617970699955,0.0015814876263526793,3.6428824351127282,100,100
ENSMUSG00000041445,0.0688792481240454,19.13226949921989,16.160309778006024,0.001,16.500632790447003,0.0018067804725726373,71.77118222713935,100,100
ENSMUSG00000041449,0.13799845732411914,3.5719529540158357,110.6410886703578,0.0155181750625565,0.18585694492810362,19.492350843705182,838.2012239445189,100,100
ENSMUSG00000041453,6.350288305068062,525.4820537424746,3992.39613925275,3.981175607563517,8.283446868072188,5.880371176856485,16.939348016654236,100,100
ENSMUSG00000041459,1.0361254353991345,1.5035223999970038,23.516047791847832,0.7844135603271796,2.2040559987588195,4.294802178975324,23.842770969545526,100,100
ENSMUSG00000041471,0.18450793479109284,0.49852553629891205,1.0778001002541953,0.03937932202868706,1.1687332459696287,0.23906886141798947,10.035113367187297,100,100
ENSMUSG00000041477,0.14542872903215986,4.359910611615678,5.675846473285483,0.06728850091922702,0.5768084414639225,0.2557422654219983,3.015694397870893,100,100
ENSMUSG00000041479,0.001,62.31581250733508,1.0,0.001,0.0010000000000000005,0.0015764959941144002,0.13499585095092415,100,100
ENSMUSG00000041481,0.056370789707449756,9.725904807905193,249.6103449531469,0.03012419284754099,0.08204977402064226,10.324249670863718,149.30246689485872,100,100
ENSMUSG00000041482,0.10294311705573077,1.1439821365828404,3.8919902268906927,0.06356976973996531,0.2675364815372856,1.141200674022638,6.167831730801257,100,100
ENSMUSG00000041483,0.23646674403738696,0.7997496493216927,6.346108810889042,0.05359182018083351,0.4530321608086304,4.047091889361454,43.99606907302056,100,100
ENSMUSG00000041488,0.7797700747606333,113.96768367156284,136.8959154983512,0.4687449378109188,1.167406816931492,0.6509439683024936,2.1423841188066426,100,100
ENSMUSG00000041491,0.39488866197028505,11.300393152498518,7.999870292613222,0.17073148814969002,1.0590396921951215,0.22728915519435774,2.16788902305429,100,100
ENSMUSG00000041498,0.032962565573226826,7.764115615544868,10.668273655471227,0.001,25.019057035635,0.0010892409850070087,36.18150663169147,100,100
ENSMUSG00000041506,1.378634129697824,33.3118479189848,107.22423250614939,0.9762821314768597,1.936905244110526,2.088707980861578,5.324695119939552,100,100
ENSMUSG00000041515,0.001,62.31581250733508,1.0,0.001,0.001,0.0015778749181485172,0.15855824744840247,100,100
ENSMUSG00000041523,0.001,62.31581250733508,1.0,0.001,0.001,0.001908359575077847,0.40135660019015307,100,100
ENSMUSG00000041528,0.24687548083810862,0.25125674469288756,2.7540981682033623,0.08753291580689551,1.132392587293142,1.3037672280142072,29.660174395016412,100,100
ENSMUSG00000041530,0.6644979071660013,33.437609823928526,49.09700893931008,0.001,0.7321176980152985,1.2609086433778953,1829.1736451803067,100,100
ENSMUSG00000041536,0.001,62.31581250733508,1.0,0.001,0.001,0.0014418830072405772,0.24003986705861158,100,100
ENSMUSG00000041538,0.001,62.31581250733508,1.0,0.001,0.001,0.0018194141898109969,0.2347530400525672,100,100
ENSMUSG00000041540,0.015847431585386217,0.44471451371350085,1.0,0.001,8.446514542020944,0.0015017942341116308,47.56542252519036,100,100
ENSMUSG00000041544,0.0021948103576970666,8.477727135695014,45.32238433146181,0.001,0.08027303649329151,0.0018103871829138081,25.807326873237507,100,100
ENSMUSG00000041548,0.21251923679015117,0.5765673536495713,11.576907751456215,0.11591272440440664,0.3569406707091167,10.54514253655011,46.64430110645344,100,100
ENSMUSG00000041552,0.01661276121680466,23.305722800279224,40.509086629477295,0.001,1.9596571645455092,0.0015394666647429833,49.272566274555984,100,100
ENSMUSG00000041559,0.02497008204948246,3.8575180419865984,105.58222819685119,0.011381257436484143,0.07649549536630426,3.030403033356533,71.07165651283452,100,100
ENSMUSG00000041560,2.956870883662362,15.727627789676083,67.9956333319896,2.0063086382546316,14.080664501362886,0.8102317698879491,8.450483268028878,100,100
ENSMUSG00000041565,0.001,62.31581250733508,1.0,0.001,0.001,0.001500944017744284,0.24311812305997418,100,100
ENSMUSG00000041567,0.001,62.31581250733508,1.0,0.001,0.001,0.0017284081428753178,0.1185380209108392,100,100
ENSMUSG00000041570,0.976271341757426,2.0898479640852385,3.1935128953228116,0.043545617901996174,2.549409041482374,0.38772440941525643,87.2571134329637,100,100
ENSMUSG00000041571,5.513764640609794,39.20898682325975,476.14099201682615,3.7440400749058886,7.3738361377406605,8.25417399406386,21.57660356858159,100,100
ENSMUSG00000041577,0.05442219950645655,1.9580651525415054,119.66920397903793,0.04028099958610028,0.09185855518004998,13.774082577121165,107.91178182743118,100,100
ENSMUSG00000041578,0.001,62.31581250733508,1.0,0.001,0.001,0.0018227734956589776,0.06583164915885747,100,100
ENSMUSG00000041592,0.013190480097911838,21.39306007610907,33.67222342146917,0.001,13.646035770057068,0.0010000000000110491,21.80070478673244,100,100
ENSMUSG00000041594,0.186318042541929,1.8599681237510601,7.647624532333982,0.08080740407155627,0.327943313699802,1.7533205267137277,9.031884583360062,100,100
ENSMUSG00000041596,0.015835595486677338,3.3158516623735457,11.31862461873576,0.001,14.140704962796304,0.001280681997386218,19.189207086884483,100,100
ENSMUSG00000041598,0.5813720181916042,1.23819899948941,5.960803010431897,0.28836427435681644,0.9593966089692139,2.508472776490823,14.283878609222102,100,100
ENSMUSG00000041605,0.16426319916820617,17.981254845873433,4.141559525874649,0.005800474535823705,35.57020349241453,0.00107423417757684,0.9470693169774838,100,100
ENSMUSG00000041607,0.029356499841715334,16.747980270046998,54.33114652805185,0.001,0.2223370528728185,0.2696339584164281,125.9344201203946,100,100
ENSMUSG00000041608,0.001,62.31581250733508,1.0,0.001,0.001,0.0016485284457863506,0.13413340250510905,100,100
ENSMUSG00000041609,0.1771851374046579,1.1846175522192768,2.9893772143120056,0.0560642757908356,0.46959359621709684,0.8501798221157408,9.77579291632749,100,100
ENSMUSG00000041616,0.001,62.31581250733508,1.0,0.001,0.001,0.0016015832100181155,0.19426239381001625,100,100
ENSMUSG00000041617,0.48701539299053687,3.833711461703558,6.418669600522888,0.21279810036950492,0.8904791173114531,0.7507788282007619,4.615012209231288,100,100
ENSMUSG00000041620,0.005908716716268048,1.3789178198619538,15.588825528447305,0.001,4.994892945205205,0.0013942789649664883,77.36634479610699,100,100
ENSMUSG00000041623,0.6745237798757334,1.5118038019891542,3.2952780254147296,0.27914300825249316,1.375106780174443,0.752071046722484,7.772922252383126,100,100
ENSMUSG00000041624,0.022321372892646657,21.60494367078615,24.085158470228887,0.001,2.7828722165803796,0.0018513602815468338,36.67426021279701,100,100
ENSMUSG00000041625,0.05225396243585209,0.08105865505242432,1.0,0.001,1.215753164902914,0.2709570473918493,776.9989529925169,100,100
ENSMUSG00000041629,2.22032742718826,198.89418915434666,403.2488014329083,1.4948541662679358,3.3105832426043276,1.3703214145265987,4.014611247830575,100,100
ENSMUSG00000041632,2.234934676343767,12.302713620488737,14.352679046864985,0.26123550173061477,3.896702368530035,0.5882836480314564,33.805052780286,100,100
ENSMUSG00000041633,0.044462249464294314,20.35076761669583,19.077023025560766,0.001,30.231385140668195,0.0010050544521360944,13.654696664058934,100,100
ENSMUSG00000041638,0.4660295364973491,0.4468522713119973,6.7005624773902905,0.1440420857521791,2.8332152256304486,1.9915432470837304,68.5772472951983,100,100
ENSMUSG00000041642,0.216565814255632,2.6686044525111705,3.5152159213308365,0.06645755630336081,0.5660894743122244,0.4080871788941324,5.558701846949266,100,100
ENSMUSG00000041644,0.001,62.31581250733508,1.0,0.001,0.0010000000000000009,0.0020539124794372535,0.12995924459041452,100,100
ENSMUSG00000041645,2.503018869413969,24.038821742142503,48.30077027682148,1.0557922130883928,6.173219328757291,0.7612309060046961,9.790234386999145,100,100
ENSMUSG00000041649,0.038055192952155814,1.4728016666647854,1.0,0.001,23.19849433307586,0.001070378468674737,19.74826872289014,100,100
ENSMUSG00000041650,0.022023667384977273,5.853731435840874,70.08038961479278,0.001,0.04211368191509627,0.01352070218772082,751.9473639268202,100,100
ENSMUSG00000041653,0.007024505454546184,1.3248392466415129,4.728880862551307,0.001,10.505629115941083,0.0010001692364302694,13.225115645985891,100,100
ENSMUSG00000041654,1.0371373017089125,3.53768481312801,15.372067542216074,0.43234023985275105,1.6301112798174293,2.2919424809702442,18.27756766419524,100,100
ENSMUSG00000041658,0.004673483739954859,13.738201040484563,68.619433720668,0.001,0.23905489247137585,0.0020587120065692927,37.12753039203429,100,100
ENSMUSG00000041660,0.001,62.31581250733508,1.0,0.001,0.001,0.001701254388577636,0.12997926524346626,100,100
ENSMUSG00000041670,0.001,66.84427540036525,1.0,0.001,0.001,0.001691927522095639,1.4856379422979185,100,100
ENSMUSG00000041671,1.4183385284140484,279.0713980984905,157.2176169203224,0.04967487150520691,2.496570466855162,0.31795659524735564,57.42589637235238,100,100
ENSMUSG00000041673,0.001,62.31581250733508,1.0,0.001,0.001,0.0016419579906771877,0.2639995671549235,100,100
ENSMUSG00000041674,0.001,66.84427540036525,1.0,0.001,0.001,0.0017311837291421012,0.6534672143284197,100,100
ENSMUSG00000041679,0.34268409199078814,33.26234024481188,12.67609005735104,0.018931729590108352,3.2822708763361,0.015964153786032106,4.580398340111941,100,100
ENSMUSG00000041684,0.5209678764070653,4.313315484503214,2.9700051546131907,0.019444845052918394,1.4543893810047468,0.1833775874995947,32.632033005289124,100,100
ENSMUSG00000041685,0.48260430475485194,23.188478078870656,21.11242777034035,0.0016912655993023954,0.9857077005676542,0.44189865534723116,336.3017115044264,100,100
ENSMUSG00000041688,0.21165145277935332,2.202421091614692,25.496109289435555,0.16295345193537764,0.2790972051545284,7.203965149921318,16.691495796369352,100,100
ENSMUSG00000041695,0.0138921020260477,22.427654556901558,80.22211735706587,0.001,0.19345318005604106,0.001849239863974474,63.09758510363014,100,100
ENSMUSG00000041696,0.001,57.620632314225304,1.0,0.001,0.001,0.001831377179249418,0.49214620651196295,100,100
ENSMUSG00000041697,6.69927338485425,23.838052566203384,321.2535029774517,0.34416977059230836,43.936856628375594,1.868085537091288,1000.777852414794,100,100
ENSMUSG00000041700,0.002467438155771156,0.24904799313707565,13.024898064840386,0.001,0.2933507731699679,0.0017936097524574007,117.60074046049533,100,100
ENSMUSG00000041702,0.014012670912565839,0.012693870600308776,2.0914710950646036,0.0011151926593610815,0.8326228259630113,1.7085245633689852,2099.121688143953,100,100
ENSMUSG00000041703,0.001,59.32355257794531,1.0,0.001,0.0010000000000000005,0.001673514337700831,0.13072982092773341,100,100
ENSMUSG00000041708,0.001,62.31581250733508,1.0,0.001,0.0010000000000000009,0.0016400560907781267,0.29797800575152794,100,100
ENSMUSG00000041710,0.001,62.31581250733508,1.0,0.001,0.0010000000000000009,0.0018105311262515715,0.08541426579748923,100,100
ENSMUSG00000041712,1.0045157256674049,2.1395747885179963,5.237274630277975,0.5797171310620428,2.401012644579911,0.7111839637920874,5.246431837451196,100,100
ENSMUSG00000041716,0.4177244886210859,32.68122539607662,15.182497962960856,0.09862705954043191,2.1285262164177357,0.08289996008025206,2.5380336807006962,100,100
ENSMUSG00000041718,0.32371230296029435,37.527194250020486,60.82252098086446,0.09414501147781079,0.5092429453231978,0.9348341773607177,7.183559615141698,100,100
ENSMUSG00000041720,2.2554051734246823,163.59514970371606,253.43032683565565,0.9894193673947238,4.517540381089027,0.7537171192103906,6.416475993884551,100,100
ENSMUSG00000041729,5.304067994244215,636.0010049300662,1.0,0.001,11.116712278138847,0.001,0.015887230992104526,100,100
ENSMUSG00000041731,0.0027250811241903423,66.46853036427936,1315.3681068836597,0.001,0.009896559495875534,0.0016027063402928626,72.25624255652762,100,100
ENSMUSG00000041733,1.4954715388568611,8.989609303177968,14.856498296900869,0.7864112864105259,3.0047179670804187,0.727801452379714,4.735917667956835,100,100
ENSMUSG00000041734,1.9488402302237275,3.8753852002208506,16.552623263940145,1.1566856534278278,4.421156061102483,1.2481933582225473,10.131586374775235,100,100
ENSMUSG00000041735,1.83302084009983,450.71221849226544,1.0412196463980667,0.001,8.442978074902395,0.001,0.09870384962850959,100,100
ENSMUSG00000041736,2.3483869506364337,24.21307180565221,254.50854561412277,1.4188331463094532,6.238986182550162,3.7114531875923946,24.280970790320286,100,100
ENSMUSG00000041737,0.001,62.31581250733508,1.0,0.001,0.001,0.0018658925093247274,0.10421256700324459,100,100
ENSMUSG00000041740,2.2390524323561096,7.928803528446571,26.236977455885956,1.5819030214731982,5.540978637142082,1.1874469817545257,5.954988202157357,100,100
ENSMUSG00000041741,0.3259552344014116,2.4303273271516046,6.512732781504497,0.1470133718457466,0.579084312345663,1.4131707858670097,7.339699561492695,100,100
ENSMUSG00000041747,0.4307053252117737,1.2132616919661807,2.028599148420834,0.012797948845602938,1.5376974133110077,0.35805835582558565,431.00472548691164,100,100
ENSMUSG00000041750,0.0906575299570664,16.315153874475733,9.399442998182677,0.001,26.683286600101674,0.001245054104523541,93.36538337455053,100,100
ENSMUSG00000041754,0.001,62.31581250733508,1.0,0.001,0.001,0.0016844532811767254,0.11404450578577047,100,100
ENSMUSG00000041757,0.05647722243489731,15.734370935399943,13.164381599135565,0.001,36.27957723853531,0.0010467937363236673,3.456169305763204,100,100
ENSMUSG00000041762,0.29463056509576996,32.43895236859518,14.808286962738045,0.02909043221052981,0.9812713465294172,0.11952272736650078,5.001958901063686,100,100
ENSMUSG00000041763,4.450960980021524,355.4145532273003,491.9578220472509,3.0909430466721783,7.8473681376530084,0.7945358310851216,2.650003328851323,100,100
ENSMUSG00000041765,1.1035561011061303,1.982822780831808,9.018203849729826,0.6355590984026546,3.582611639266633,1.0836038618412205,11.785288126768538,100,100
ENSMUSG00000041769,0.2844830763666979,0.3000548144557477,1.896498871090806,0.1111125923847758,1.632481097715892,0.5726855823148844,18.27398697745241,100,100
ENSMUSG00000041771,0.001,66.84427540036525,1.0,0.001,0.001,0.0020648666925690614,0.19403666967894695,100,100
ENSMUSG00000041773,1.2699716461584443,18.849142114643243,109.79613291466963,0.9953974973417301,1.716368233913968,4.084484129823634,8.676917800716415,100,100
ENSMUSG00000041774,0.018434603836522817,0.045404101854790276,1.9100976781216066,0.001,0.36557045714809056,1.4359857937174612,893.2431847019086,100,100
ENSMUSG00000041775,0.21404048082219154,0.9353630369039719,2.638623958313644,0.10551928020863222,0.599663256066751,0.7957040272950946,6.791190793341011,100,100
ENSMUSG00000041777,0.01806194940362738,0.03327967908178411,4.752131524054448,0.001,0.10797488970618754,14.486935861096676,4180.059696004225,100,100
ENSMUSG00000041779,1.117283658481404,31.79978808497044,27.825949945964478,0.3458419205564791,1.7640500923718143,0.5511418737485296,4.015339102332433,100,100
ENSMUSG00000041781,0.8962884224406885,1.0248282788807117,7.749424373882233,0.5161671138450779,3.18083011610951,1.2672019182803411,16.868166202809757,100,100
ENSMUSG00000041782,0.001,62.31581250733508,1.0,0.001,0.001,0.001822954152005774,0.14011041099989657,100,100
ENSMUSG00000041794,0.001,62.31581250733508,1.0,0.001,0.001,0.0015978809069848471,0.1783882957999377,100,100
ENSMUSG00000041797,0.01081946402447457,19.647015025152605,22.407808020112846,0.001,6.8128403014904375,0.0013947077981502154,19.082787503562006,100,100
ENSMUSG00000041798,0.05211356396031369,2.971591377442979,2.957059567218288,0.001,5.218142220989941,0.0021495292246597447,66.28867269259857,100,100
ENSMUSG00000041801,1.7602458539641144,265.9141474247475,840.5035228002284,1.3256455755648564,4.328668392487425,1.26931962629491,4.597039618820356,100,100
ENSMUSG00000041805,0.001,62.31581250733508,1.0,0.001,0.0010000000000000005,0.0018166905331526335,0.13910160199275956,100,100
ENSMUSG00000041809,0.09899685234513791,40.28859509602801,26.968702164632564,0.023109051497043794,37.37584023009475,0.0013599583556144915,3.147954090073715,100,100
ENSMUSG00000041815,0.4454506229474502,0.457049728130724,6.644417426039384,0.15417593129663076,0.9853977751478957,4.718073512782011,57.932477991573,100,100
ENSMUSG00000041817,0.001,62.31581250733508,1.0,0.001,0.001,0.0017915680843763565,0.19383092596374757,100,100
ENSMUSG00000041827,0.0022775173690618936,0.4354510177441687,24.05816979578649,0.001,3.0171906203444143,0.0017048417588583096,71.68264819893932,100,100
ENSMUSG00000041828,0.001,61.45463549419866,1.0,0.001,0.001,0.001559066039917755,0.39045573629428176,100,100
ENSMUSG00000041831,0.001,66.84427540036525,1.0,0.001,0.001,0.001613794015484837,0.18712674730072848,100,100
ENSMUSG00000041836,0.2736556198138892,1.1407748092842511,4.834230094516823,0.14922106199966434,0.5356031038292371,1.7066047486669644,8.205523240978259,100,100
ENSMUSG00000041837,0.1373680839946126,1.212726160888374,1.9207448780616403,0.00196237884590624,0.5517773690538723,0.34586700503752815,60.48635603940169,100,100
ENSMUSG00000041840,0.5917066060694447,2.7689899655187813,8.36368794498747,0.26310756648068045,1.0200037743463388,1.4795642419526276,8.920073698250544,100,100
ENSMUSG00000041841,0.3045092452060877,0.9127436018871325,444.23430545101746,0.001,0.4065580740867697,0.013539561573244303,502.8544421317796,100,100
ENSMUSG00000041842,0.2423202183810572,1.1065232805576255,11.319204076757352,0.16253763575200983,0.35589297772865625,6.41611517160627,17.64470222237621,100,100
ENSMUSG00000041845,1.0322324338418576,3.610813502651916,15.1380347303262,0.5871777712347142,1.57879844953849,2.2334464344126417,10.967122042617783,100,100
ENSMUSG00000041846,0.2221650507020693,0.6747906343518464,2.1582142036715375,0.001,0.6411224173394574,0.7598263684700246,1010.8751381532384,100,100
ENSMUSG00000041849,0.001,0.004801951165318024,1.6534463142808773,0.001,0.20103774738078944,1.3234586307036504,344.4876767364901,100,100
ENSMUSG00000041852,0.8343708602651118,2.7762475082414144,8.125563285925484,0.25391320669436535,1.5700324727541712,1.2931069960083748,14.275662351215473,100,100
ENSMUSG00000041857,0.001,62.31581250733508,1.0,0.001,0.001,0.001797320721943147,0.20033644293356317,100,100
ENSMUSG00000041859,0.08890727033588935,21.23202338926653,168.83314948766994,0.055614958114641,0.13202842486874705,3.7925990109188845,15.394041351323681,100,100
ENSMUSG00000041870,1.1598879227178815,3.3036850572516396,12.150344222197846,0.41052527725943144,1.889101255663567,1.7934674877977788,22.19487513614482,100,100
ENSMUSG00000041872,0.001,62.31581250733508,1.0,0.001,0.0010000000000000005,0.0016410330912431097,1.1881753775935844,100,100
ENSMUSG00000041878,1.618864577899538,432.24481884438677,1.1086793463881914,0.001,9.377473501537498,0.0010366539495902773,0.21577574419449236,100,100
ENSMUSG00000041879,1.64540574402408,4.630780284722581,12.017133343100305,0.9959683353017899,2.9549363123950085,1.0214864233788934,5.800798036425919,100,100
ENSMUSG00000041881,0.3318910323049935,0.45148943325263097,59.049185069410335,0.21779808012389407,0.6322960599061165,41.718807000014706,190.75317628056922,100,100
ENSMUSG00000041886,4.327359216180366,999.9999999858748,1.0095947160377547,0.001,8.772191026678778,0.0010000034551856216,0.052898155509972525,100,100
ENSMUSG00000041889,1.9636991260275891,204.30344236813215,203.0816310248604,0.8320989018445706,2.9462122512359183,0.6574588543921975,4.974073078861661,100,100
ENSMUSG00000041890,1.035465609237403,3.4185512751218066,5.086118550771194,0.516849772768049,2.2655086713483383,0.546783234112087,4.933211516419258,100,100
ENSMUSG00000041891,3.6838738712507872,79.51591913796321,335.81311447776557,2.028438351035021,6.088694090108479,2.628489515470772,11.23985250348931,100,100
ENSMUSG00000041895,2.0900796576871703,5.585005319483874,45.98828109828096,1.5561687490463911,4.572178048242046,2.7543731031331786,12.225870742609548,100,100
ENSMUSG00000041907,0.02268616454584526,20.6016003745297,14.988368081083648,0.001,16.790287167777983,0.0010000079904823023,22.344573170960857,100,100
ENSMUSG00000041911,0.04832987079881043,1.6835344162430577,3.7641645422734875,0.00538943536263055,0.34093681038288287,0.13854615521611024,18.553456962236535,100,100
ENSMUSG00000041912,0.051127201477137035,1.1644451717143676,5.008825161718396,0.010800933885405022,0.1296549587292713,1.202107539243776,20.51319927543418,100,100
ENSMUSG00000041915,0.9104724452234686,0.8827301521192386,7.222055146554574,0.5060530432667398,5.475999180566609,0.7035980621480977,20.122398337264762,100,100
ENSMUSG00000041920,0.04108641729012739,1.5168029204135491,4.951903634299434,0.0015273279036229742,0.14027635375892605,0.6259283652276668,72.33545549080159,100,100
ENSMUSG00000041921,1.1859018331798823,20.15523217733692,25.381338799578273,0.3289277446422323,1.7808931519951652,0.8161059033912014,8.633456426835117,100,100
ENSMUSG00000041923,0.030019158453415146,6.047201377464905,5.855949992731052,0.001,20.033020553860315,0.0010851281633897302,4.666432478886426,100,100
ENSMUSG00000041926,0.7049442438776118,4.732186546473374,8.30554683605658,0.36521325447834857,1.1369462182891206,0.913966514515641,3.75599533674558,100,100
ENSMUSG00000041930,0.0108143397844798,19.526756089310517,22.27848799886162,0.001,4.151116149605331,0.0010498408026595944,12.867941559569168,100,100
ENSMUSG00000041935,0.4487979634861093,0.6296621622594517,2.9480923700839816,0.2098443171791974,1.277490896547797,1.0048647899608574,11.467119618899163,100,100
ENSMUSG00000041936,0.9556588063488572,1.9686049254522702,5.856920032630004,0.4172606314138836,3.9614435760052915,0.5754029221713614,9.06998289207732,100,100
ENSMUSG00000041939,1.2091726979038366,18.92418478933306,80.80512115326113,0.9277269628341076,3.3719089431904896,1.6584423132728006,6.296050112355174,100,100
ENSMUSG00000041945,0.33717523210444694,2.3502593035271917,1.7602609096967843,0.18718946997336489,1.7322830140189844,0.1429275184485096,1.4447402755267618,100,100
ENSMUSG00000041949,0.2767996194838278,0.34843743370511177,1.5152203213342215,0.012511352067345473,1.424657023448746,0.45711896960488757,131.66178071546904,100,100
ENSMUSG00000041954,4.777028361205996,574.7276428521296,1.0,0.001,15.255954333844556,0.0010000005751376402,0.014874120829214077,100,100
ENSMUSG00000041957,0.41638227677936285,4.516129047772681,4.198908695045258,0.14544206633347442,1.0323539829630375,0.3711158053007365,2.843597475575799,100,100
ENSMUSG00000041958,3.9287697406218896,365.72575430564234,942.7208287475302,2.869057997306132,6.215871399555941,1.7276971029520338,4.356004073423822,100,100
ENSMUSG00000041959,1.4715492414183209,17.442829540116758,431.6530141243496,1.1721732071652968,1.9070121001133242,17.750909576958428,34.28400060891397,100,100
ENSMUSG00000041961,0.6230555029355759,100.12884685159752,19.037504159088357,0.1444057717222099,91.76901390162874,0.001145421482126899,0.6760643928002104,100,100
ENSMUSG00000041966,0.3891424282562023,1.2418315331220362,3.196380051592882,0.03643845416581313,1.0204413489185913,0.7112864082194535,115.46763099970553,100,100
ENSMUSG00000041974,0.07165507787313379,0.07792599178043856,1.6324629401243198,0.001,0.831190537531773,1.0053872391277974,1468.904587605156,100,100
ENSMUSG00000041975,0.22383337820135785,0.7931605993974346,2.214871549155593,0.001,0.6380481442154662,0.7489775818951856,815.0009366029808,100,100
ENSMUSG00000041977,0.001,0.0010035660000378126,1.9111216174715357,0.001,0.594762443366381,1.8214966357931854,2114.0898782780546,100,100
ENSMUSG00000041984,2.337569118418018,573.9891342931422,1.0176277045143687,0.001,9.080252512009901,0.0010000000000115043,0.10941109083378106,100,100
ENSMUSG00000041986,0.001,62.31581250733508,1.0,0.001,0.001,0.0018525843810816439,0.1281905366590245,100,100
ENSMUSG00000041992,0.022599737266865996,20.828442665201337,15.148563655176492,0.001,16.261986533018366,0.0010136807230284395,30.02305566003663,100,100
ENSMUSG00000041995,1.0867841141006807,16.336324333913023,21.192865117399943,0.16906189209543254,1.643852873901773,0.7916255547297149,18.92388209308226,100,100
ENSMUSG00000041997,1.1593712004298637,57.57527967698383,46.59714619737304,0.048165512749896194,2.1218088785702824,0.45283660168157464,53.983233450725386,100,100
ENSMUSG00000042010,0.04560625693530193,20.36133945345457,22.28905213970227,0.001,0.806337403160251,0.002040034716890539,67.69320442452265,100,100
ENSMUSG00000042015,0.6116537801110074,2.2598838888441706,5.315440814024872,0.2079135764521845,1.063568790709854,1.010043863657451,12.840975976202408,100,100
ENSMUSG00000042029,0.09755383811841921,4.712845329160187,11.26333714231243,0.04409726515412586,0.20808150852198642,0.5156441188073971,5.78394637151257,100,100
ENSMUSG00000042032,2.0226674478952744,4.63430482709041,29.515015356139283,1.2983786336319099,4.3646564022739,2.086636809935551,12.30293469604467,100,100
ENSMUSG00000042035,0.34007990713213987,0.9841858181282513,2.8707603875082945,0.1299937844371502,0.8847529239445204,0.8413747803730938,11.391095352872428,100,100
ENSMUSG00000042041,0.001,61.88525872635182,1.0,0.001,0.001,0.0015957298085756068,0.11915676170462122,100,100
ENSMUSG00000042042,0.01767539945388975,0.028598823068568764,1.2773404931222605,0.001,0.7568063244233244,0.574068898373333,981.0018492516372,100,100
ENSMUSG00000042043,6.893341149578817,123.84556631974414,351.2260046590843,4.498856325790266,10.3436135596918,1.8259810151110067,7.065983792551622,100,100
ENSMUSG00000042046,0.08946440632068663,0.26025622380579694,3.0579716214415598,0.0016986493591770579,0.351514673780394,2.1746680866016015,850.2507967520719,100,100
ENSMUSG00000042050,0.6299096569289466,1.7710114893760316,4.692769851610736,0.16841737449045152,1.2602604462428904,1.0373197605812012,16.249931796677767,100,100
ENSMUSG00000042055,0.07136000739026883,0.06240270538672632,1.3112796823217,0.001360551255799983,1.2863835576701068,0.6101594095412937,1229.036034696102,100,100
ENSMUSG00000042063,0.5968113684556955,0.5612093284228612,3.0637974773684014,0.12127218046443836,1.862420696387446,0.9309960378762695,48.63990333406426,100,100
ENSMUSG00000042064,0.001,62.31581250733508,1.0,0.001,0.001,0.0017108863271622229,0.15087506829221475,100,100
ENSMUSG00000042066,0.4303527632867058,89.99255012999303,97.19103739312695,0.001,0.8595613660064737,0.5564136441771967,789.8754758397574,100,100
ENSMUSG00000042073,0.2948441117466348,0.6595031054156338,4.154389535493493,0.1031894577167666,0.5779477366686894,2.1183870489262646,20.678788943643944,100,100
ENSMUSG00000042078,0.006640096991342493,0.0546328302771409,1.0,0.0012241454134728008,0.32506159095965276,0.13105790538412404,104.1161136302533,100,100
ENSMUSG00000042079,0.3613032457912319,0.8718272167008357,80.0683409679552,0.25606829592556507,0.740896093640793,35.74030976686771,131.58250367744313,100,100
ENSMUSG00000042082,1.8989730772421647,40.251601789551714,61.45598259309629,0.2628014785348914,3.0146023252549634,0.9043770226981407,35.13639787911502,100,100
ENSMUSG00000042087,0.1298849804841528,28.327361559766356,28.126118723726385,0.03316585746143824,41.727540870166536,0.0017123328384177753,2.9012847447924104,100,100
ENSMUSG00000042096,0.001,62.31581250733508,1.0,0.001,0.001,0.0018209342498295199,0.23003568071657265,100,100
ENSMUSG00000042097,0.23376140152521221,2.2029414751138643,3.114947167647872,0.06758894519987059,0.677486000438497,0.41088748929440555,5.817287719871353,100,100
ENSMUSG00000042099,0.013522068182878176,1.5595415059976636,11.04984942636179,0.001,2.0581125771142452,0.002920747150659161,71.75563215792428,100,100
ENSMUSG00000042102,0.001,62.31581250733508,1.0,0.001,0.0010000000000000009,0.0017331785622935877,0.15622637672594925,100,100
ENSMUSG00000042104,0.7126776496121522,2.018004105658577,3.196999494176897,0.0012897102748973023,1.3980893828057943,0.7825643595729515,1653.2580450029818,100,100
ENSMUSG00000042105,0.43834020778546634,1.970309700187294,3.142582514478503,0.0010348486369100105,1.0457568925468201,0.5504663405550592,1067.203970921336,100,100
ENSMUSG00000042106,0.11693554409156141,1.2079000783248168,4.637794266500261,0.04412493017749461,0.2653767774091059,1.5479594382347508,14.534767827471464,100,100
ENSMUSG00000042109,0.4873177867445914,33.692910454219955,11.73645632125568,0.10314126631981851,4.614067285390256,0.03941630149306232,1.7049900406102207,100,100
ENSMUSG00000042111,0.5539231056076631,1.203411919737163,5.621512889746835,0.2165680315136778,0.9555593887778251,2.019228963357446,14.617082473874438,100,100
ENSMUSG00000042115,0.858552436323366,5.86279820683109,66.03235328503386,0.6661867879190317,1.287520491137619,6.908080236273618,17.290016632092563,100,100
ENSMUSG00000042116,0.04061625552843107,2.062600973130963,6.665471658713387,0.0010803561787178593,0.17472191069432924,0.4393266320333958,72.01783756272874,100,100
ENSMUSG00000042121,1.3103913141151076,12.9605095996197,17.739689801100145,0.29479108425028483,2.1682155310396922,0.8157190999711501,14.658946335099124,100,100
ENSMUSG00000042129,2.961200185399535,721.6290393901162,1.0064427689282454,0.001,9.25721355250016,0.001032610884655578,0.1399448113041532,100,100
ENSMUSG00000042133,1.3444914377371984,3.8342833070999314,11.896422664377047,0.7822117845357135,4.0882356931820745,0.8157870807198706,7.257815191799618,100,100
ENSMUSG00000042138,0.20156840478610125,0.8140158176150953,2.9573456732659302,0.06606304426921447,0.5189290941700442,1.2208584007110344,12.594399099469602,100,100
ENSMUSG00000042148,0.34367411015478044,0.8460034077969517,1.9958174249795118,0.001,0.6979283304462938,0.8850614620081689,1280.0893094914802,100,100
ENSMUSG00000042155,0.038737854177483474,1.4850800964065018,9.07930347862878,0.0030314139604108318,0.10772471210850282,1.1042415394442746,120.26136347003894,100,100
ENSMUSG00000042156,0.4171817191769678,0.43586291558748114,2.9331328697128987,0.002543216355690204,1.5169814261966752,1.1571034463568757,1960.329936167233,100,100
ENSMUSG00000042157,0.001,62.31581250733508,1.0,0.001,0.001,0.002049741427376191,0.1284824833717803,100,100
ENSMUSG00000042167,0.06655678266736283,0.07739660916170304,1.380326552058914,0.001,0.8000190219913759,0.8105563084220281,1153.6149910406234,100,100
ENSMUSG00000042178,0.5714574411612571,4.8200252347840555,8.659137299118159,0.0011368467605694195,0.9677000829886258,0.9755013539307836,1507.4580975392926,100,100
ENSMUSG00000042182,0.7896090567262314,1.2664202906340458,2.6688993111660775,0.003818023334680509,2.6275077247106995,0.4188353341775136,1063.9707041064028,100,100
ENSMUSG00000042185,0.24576382975929723,0.7262239742049095,5.119070640378439,0.05272140881984782,0.4421386536734062,3.146244299382932,46.006918065018965,100,100
ENSMUSG00000042190,0.004204847837714939,13.831174129226653,19.884656824807006,0.001,0.029752052703632317,0.001965599848578909,16.810266182448338,100,100
ENSMUSG00000042195,0.012864615416971925,13.372657530004357,21.343007860968978,0.001,10.220305476237566,0.0010000405719561832,22.825586028928058,100,100
ENSMUSG00000042197,0.5995111488115052,0.8421476234936379,3.044791451564802,0.20363910736965626,1.5313950673995618,1.0668707876624892,14.962301539179396,100,100
ENSMUSG00000042198,0.5893741371942215,0.7846033598925453,10.414841349047883,0.3501895787490842,1.111747178671908,4.632879008914188,24.0491617450267,100,100
ENSMUSG00000042202,3.299459793402375,35.18799998074369,1.8523820423192907,0.5869522206841646,144.1986842385621,0.0011999501062290403,0.28291071795996486,100,100
ENSMUSG00000042203,0.361084499709858,1.0343476513864698,2.8774553897972157,0.10683836570182514,0.9580445552072383,0.7773018779480894,10.90627952194708,100,100
ENSMUSG00000042207,1.4660761499892916,417.9575424690403,588.3423193904664,0.998915776873541,2.2345175286336305,0.9168210004015661,3.2061720796854054,100,100
ENSMUSG00000042208,0.2695964778845742,2.2595531166760163,2.4776028947051936,0.07431682698817076,0.9139375903396008,0.240561123955122,3.7795108270568543,100,100
ENSMUSG00000042210,0.8085614369593209,2.7524123877223015,8.98153895245583,0.30885790949096825,1.4567196213416471,1.4108842183805244,14.604859210152071,100,100
ENSMUSG00000042211,3.0718338333662802,17.12574380238412,26.19227935415695,1.8027923909163328,5.767145266298297,0.6989123635673256,3.6786706317374103,100,100
ENSMUSG00000042213,0.1742773944761518,30.483450470589652,18.668222045015458,0.001992317695785935,0.6707291729655552,0.1297787864730497,59.07865591110546,100,100
ENSMUSG00000042215,1.2731415750188146,9.45451583108204,47.997748664455166,0.9558594852324183,1.9211830090683193,2.8741462675881193,7.618727874543462,100,100
ENSMUSG00000042216,14.677611783200122,913.234902321961,1.0507397099308493,0.001,25.32832525873285,0.0010000000000090748,0.009114039504653235,100,100
ENSMUSG00000042225,0.19870512232079837,0.5847298574573211,5.190056715861864,0.049159875688411604,0.4040713079684728,3.245681499773462,41.04009818248342,100,100
ENSMUSG00000042228,0.34414784577499824,0.4312810846103959,4.850769277873203,0.12226404366169212,0.6548260217971023,4.59874367192125,38.681307096208,100,100
ENSMUSG00000042229,0.6830809595444302,0.5616893313097179,4.7904836290305255,0.22194177063085763,5.704770480217896,0.5701490033768347,43.517919628976074,100,100
ENSMUSG00000042246,0.2382102953416506,46.62543484659687,28.30905719249597,0.10472160974136716,1.31222589735372,0.052598205352054686,1.3760059003750347,100,100
ENSMUSG00000042249,0.001,62.31581250733508,1.0,0.001,0.001,0.0019146918976153254,0.2416277749754297,100,100
ENSMUSG00000042251,0.13141058191024937,18.148690811371576,6.9210088116446355,0.008760672150519119,37.12333162073081,0.0012522157430087464,2.132127208669883,100,100
ENSMUSG00000042254,0.013911716751068202,1.3659339900157736,87.6300109003039,0.006142743173483907,0.12471038849836066,0.3016291984777555,86.73048747104352,100,100
ENSMUSG00000042256,0.15356863157731707,4.780354311351919,16.863059641206572,0.066827518137968,0.24694555939562066,1.6724335374131707,12.176653347976126,100,100
ENSMUSG00000042258,0.001,62.31581250733508,1.0,0.001,0.001,0.0017134172058163217,0.14174608132341243,100,100
ENSMUSG00000042265,0.001,62.31581250733508,1.0,0.001,0.001,0.0015539951885030746,0.17075500173995384,100,100
ENSMUSG00000042268,0.001,62.31581250733508,1.0,0.001,0.001,0.0018129053329443384,0.14608298785180185,100,100
ENSMUSG00000042269,4.883906858183079,588.0033252928272,1.0,0.001,18.922506656099678,0.0010000000000073249,0.009022803646859175,100,100
ENSMUSG00000042271,0.4033580933937309,2.0384667074854512,4.94662920095407,0.08694075842546176,0.7212344399334261,1.090172845143694,14.706178373583999,100,100
ENSMUSG00000042272,0.7661237114931235,1.6024695041207242,6.968920857440786,0.2854968408078826,2.388086744302264,1.067523169169157,20.888593967530223,100,100
ENSMUSG00000042275,0.3929987334128226,1.08047628521688,1.4302194317530181,0.001,1.174938502953725,0.34623588691205465,913.7704777298898,100,100
ENSMUSG00000042279,0.001,62.31581250733508,1.0,0.001,0.0010000000000000009,0.0015781343443179057,0.19671467845966084,100,100
ENSMUSG00000042284,0.05509303430963045,1.5058910137143073,2.897353698190886,0.0018935425476228696,0.6470750831539984,0.04253715914234638,15.726492893305783,100,100
ENSMUSG00000042286,0.019059275560721085,0.46662345328480015,3.616289669599404,0.001,0.09073029715875616,0.3778739853704443,160.98385843276614,100,100
ENSMUSG00000042289,0.009235093876330848,42.818949051748135,301.55506706273576,0.001,0.0306965294948834,0.0033174695819552765,146.07788673154886,100,100
ENSMUSG00000042292,0.3349604615367927,0.32106796211444666,3.351997153994943,0.08594676354482166,0.8963050560910247,2.9282134356508176,49.5828952127346,100,100
ENSMUSG00000042293,0.24043018214193196,1.076012958633358,2.481239087853917,0.0010000691308352661,0.5964060886641933,0.7455296873636312,739.6725638044136,100,100
ENSMUSG00000042298,0.6312218541888603,0.8940950222223965,3.2984914780698964,0.217135184134585,1.4280417247636583,1.1138722930562288,14.424822013565585,100,100
ENSMUSG00000042302,0.22118429364571393,0.19397940995675272,3.6978251690917507,0.03570094652107899,1.442313956863123,1.4377876843286603,157.0030349010941,100,100
ENSMUSG00000042303,1.090599618190109,121.81896475161558,83.63466388722178,0.2093654636328103,1.6431818048318982,0.43266269242721744,6.013237526731606,100,100
ENSMUSG00000042305,0.9217517857255806,3.3138410778101326,7.6904885452015534,0.20450367809962483,1.6688622232194348,1.0530182429660864,20.745919276117178,100,100
ENSMUSG00000042306,0.04010300833432688,2.6963752764664903,4.13810444201999,0.001,0.5864310607225904,0.0017977271791360413,65.39453376930594,100,100
ENSMUSG00000042308,0.001,0.1112518650935919,1.6620198489905882,0.001,0.05362159921087998,0.001948925145431404,29.943711882243196,100,100
ENSMUSG00000042312,1.9213223178658254,518.1161214984832,3584.41302329595,1.5318664866464573,2.9023338977202737,4.441008509584542,8.662438788827718,100,100
ENSMUSG00000042320,0.14023693354536143,31.351194332800464,23.57228329737697,0.0012840558043684565,0.39710118927149507,0.18143542066569485,38.1845381405151,100,100
ENSMUSG00000042323,0.30082063529730646,0.28043173081928957,2.799993724530243,0.04920897549721145,1.2990777011937737,1.5109204716773657,145.03581590153934,100,100
ENSMUSG00000042328,0.3666071617718999,1.998728305881469,2.125881510284668,0.001,0.6264158771596882,0.5822459358402172,706.8104654276408,100,100
ENSMUSG00000042331,0.9840170408026726,7.13451466023868,22.245187113832678,0.6843378930323449,1.466600618651131,1.76071416136107,5.324534696613753,100,100
ENSMUSG00000042333,0.17499524794077384,4.05409511441368,1.0,0.020437222798725164,43.75380058506059,0.0010579258542191927,1.1272356034557232,100,100
ENSMUSG00000042340,0.060797059667965114,19.076851662594645,7.830505003405981,0.001,19.745992435013402,0.001,9.085130306550152,100,100
ENSMUSG00000042348,0.7120671715903064,1.1309195049111733,3.7310185738817183,0.0054377612642792904,2.5150849136871516,0.5945468762056484,1053.4293679740747,100,100
ENSMUSG00000042349,1.0904892693030408,17.531497746586133,19.003546979746563,0.040363841361906745,2.084487998682618,0.5444204313928759,149.61478353373894,100,100
ENSMUSG00000042350,0.4764993222046635,0.2674827211105855,1.751402541030226,0.006179892777756921,7.697127666915907,0.38321573879316334,1304.1686847920978,100,100
ENSMUSG00000042351,0.001,62.31581250733508,1.0,0.001,0.001,0.0017848924966031442,0.30799278949014147,100,100
ENSMUSG00000042354,1.511648468094814,21.44619229039378,51.11440891627775,0.5399360984420998,2.58618083413616,1.3625431459762414,13.725301628707667,100,100
ENSMUSG00000042357,0.28831299164191165,27.38340674857999,215.0858101706571,0.22439789649303327,0.3697426443919466,5.868485688405825,12.289496233040659,100,100
ENSMUSG00000042359,0.022959815804877597,15.469373021712642,30.439454878272443,0.001,6.064070705392563,0.00192557057476253,47.904249911508145,100,100
ENSMUSG00000042360,0.001,62.31581250733508,1.0,0.001,0.001,0.0017962645745219223,0.34508844956174617,100,100
ENSMUSG00000042363,0.20863286388795863,0.7042908096875096,3.4271543476945534,0.05031609396721827,0.5748191635707073,1.4541840914635078,24.690837997032556,100,100
ENSMUSG00000042364,0.42175343550880223,1.1825252767710968,4.671271306197722,0.1743977699814147,0.8284233902947009,1.584342171689837,11.6171698467994,100,100
ENSMUSG00000042367,0.3861462340920072,2.196187269234041,16.31053939153365,0.26576444085668344,0.5457124443156941,4.7775195627691005,11.497560389980535,100,100
ENSMUSG00000042369,1.2987177699599977,33.66173782300197,12.055362968014991,0.42319769272940805,15.061961452625805,0.057193218451688455,1.9636581914138889,100,100
ENSMUSG00000042371,0.001,62.31581250733508,1.0,0.001,0.001,0.0019075309782054673,0.16280534038064864,100,100
ENSMUSG00000042372,0.001,62.31581250733508,1.0,0.001,0.0010000000000000005,0.0015395190146592986,1.0103391408806226,100,100
ENSMUSG00000042377,0.013296201718912366,1.2143633684810708,9.820757954716655,0.001,1.933214366230692,0.002353397971566972,39.88887762578908,100,100
ENSMUSG00000042379,0.011325892950739153,0.7996626489204207,37.58676504127139,0.001,4.363923629188259,0.0023346689808977188,168.0142199908475,100,100
ENSMUSG00000042380,0.2692772036300323,0.6182501723301208,3.296594602153679,0.075247360085997,0.5786510591005094,1.9453998234212573,26.617091884268703,100,100
ENSMUSG00000042385,2.0813166845897446,503.1765750646759,1.0,0.001,7.980296166999693,0.0010000590482245513,0.09699577174236651,100,100
ENSMUSG00000042388,0.001,62.31581250733508,1.0,0.001,0.0010000000000000005,0.0017887327680472264,0.16752385990462954,100,100
ENSMUSG00000042389,1.3090834926309138,7.770858999996802,10.41766443502707,0.4057552125482452,2.4909451850078446,0.619691261507566,8.025547088659568,100,100
ENSMUSG00000042390,0.6479849961938947,1.030358833814449,5.6802578680470255,0.30342038953291683,1.530690064679482,1.483700059961547,14.335763644712515,100,100
ENSMUSG00000042396,2.7551408686046575,5.35437297237188,16.44527975908112,1.3152990360681514,6.293508361726493,0.8972149350053185,11.586430725320362,100,100
ENSMUSG00000042401,0.001,62.31581250733508,1.0,0.001,0.001,0.0017303360871717584,0.19520220930660254,100,100
ENSMUSG00000042404,0.19520863240874647,2.74529893129935,2.956964174969716,0.0013782934643433095,0.427398391503067,0.3894495313391023,196.78308520017112,100,100
ENSMUSG00000042406,1.8100696477945004,10.786007224703553,61.08150071803572,1.350395339556173,2.693685871615322,3.2281364254788154,10.422781183104405,100,100
ENSMUSG00000042408,0.19363679751413146,2.3920791290519614,3.7020882000383004,0.001070420539507442,0.3339078625899563,0.7212962344869485,354.9213243250439,100,100
ENSMUSG00000042410,0.8055313058089321,3.8626741522182226,5.036001507679371,0.001,0.884378399843827,1.28051342983951,1899.9714863808938,100,100
ENSMUSG00000042414,3.338165727611042,807.3831051292377,1.0,0.001,7.604236333484561,0.0011437992281772634,0.07352320076795703,100,100
ENSMUSG00000042417,0.051830188766464814,1.1861260887379463,6.66190773065599,0.018653118453845013,0.13852716947454555,1.6898418213723914,15.182750859711797,100,100
ENSMUSG00000042419,0.07014561020490823,0.17648953531993625,2.8303046837161063,0.001,0.3552275419901041,2.1445529996407315,1236.2030618935269,100,100
ENSMUSG00000042425,0.001,66.84427540036525,1.0,0.001,0.001,0.001892946766644448,0.2855376337996496,100,100
ENSMUSG00000042426,0.624952048704448,0.7427589343150427,4.23109006638999,0.07139289612343093,2.8509229679483976,0.8164158704212742,96.20479296096177,100,100
ENSMUSG00000042428,0.10649198370877168,26.639339215021646,56.26276399457033,0.001,0.17600029486258273,1.1273381051705058,305.17858857766464,100,100
ENSMUSG00000042429,0.001,61.88525872635182,1.0,0.001,0.001,0.001621785057287938,0.18206165812417094,100,100
ENSMUSG00000042436,6.814559092293611,820.6481962608732,1.0,0.001,15.822967135127055,0.0010005590923762328,0.07237522282497395,100,100
ENSMUSG00000042439,0.40157397257144584,7.872853927861153,12.792917135290404,0.1541650726382491,0.6705718530774015,0.8111549391156201,4.644948153357051,100,100
ENSMUSG00000042444,1.5082470881367676,336.0286313560042,694.3286106968895,0.764046525117601,1.9145579519408111,1.4980533794337545,6.309924013774331,100,100
ENSMUSG00000042446,0.13118448844329514,0.16495287568810557,3.014168167593389,0.003778393402889707,0.5880234171512118,2.242510964729303,1404.2923895649492,100,100
ENSMUSG00000042447,0.6072476676415408,0.9079461215849732,3.5940888909439965,0.2883585796385828,1.5970141357295038,0.9880136542228353,11.805492411506876,100,100
ENSMUSG00000042451,0.017788266144903787,1.0000148007642091,16.240439509056344,0.001,0.2919477826934667,0.06275846319818416,41.52551203523017,100,100
ENSMUSG00000042453,0.001,62.31581250733508,1.0,0.001,0.0010000000000000005,0.002218279564079041,0.6036628734439364,100,100
ENSMUSG00000042460,0.7238876005416642,2.1487510006279895,4.997433061706874,0.12567730205111796,1.5514935094228943,0.8376018653954382,26.015248665156534,100,100
ENSMUSG00000042462,1.2971803042599033,320.3223155645626,395.9439430502532,0.5316811429344273,2.2743851169811498,0.6302069881749605,5.041691000045667,100,100
ENSMUSG00000042472,0.15402684945779996,0.15940618346696978,3.531429098698279,0.0038970056596436473,0.4938845495481925,4.944879747263932,1712.8557506243283,100,100
ENSMUSG00000042473,0.13938336043771785,0.19588117596989715,4.585969226105322,0.0381908322977413,0.27239536725748636,10.531116964263658,111.25290620702239,100,100
ENSMUSG00000042474,0.10356983922509114,27.04408125574374,1.1202310798824295,0.001,4.278026444938716,0.0010000000000119718,0.07267952810228455,100,100
ENSMUSG00000042476,0.04620251046419565,9.242817467739915,34.87732724569278,0.0155798236030537,0.1733837600806241,0.3192219469124997,10.493540162983235,100,100
ENSMUSG00000042477,0.001,62.31581250733508,1.0,0.001,0.001,0.0017612456352104218,0.1271077919100839,100,100
ENSMUSG00000042485,0.6091296783666537,5.114490290237562,32.311240944398946,0.40751530037904937,0.7972747726961172,4.294582002545988,10.757217354208688,100,100
ENSMUSG00000042487,1.5347107746654878,264.1590170831352,611.8427132039103,1.1501556509339654,2.3593291810361583,1.5399470034535765,4.048189486562334,100,100
ENSMUSG00000042489,0.03516450900032341,3.026444474371413,10.18359459035221,0.006697163489577428,0.14382514093805437,0.16351942874207764,12.314292570853093,100,100
ENSMUSG00000042492,1.3714342573716498,1.369977616664239,6.052153010567288,0.5522535122006038,4.853769039215457,0.6276491233848618,23.84350132272933,100,100
ENSMUSG00000042496,0.23286320533375535,43.11916268971501,39.3944716250088,0.10689280494745537,0.6743613390196553,0.30164548609676983,2.0856347852751114,100,100
ENSMUSG00000042498,0.010819593634766908,19.8014837706526,22.58481574213969,0.001,4.375553884192227,0.0018345974834461463,21.08066369579506,100,100
ENSMUSG00000042499,0.001,66.84427540036525,1.0,0.001,0.001,0.0015821864233443545,0.19972586106992268,100,100
ENSMUSG00000042500,0.143432979366859,1.7531904740929183,1.8815517907841723,0.014100082074190836,0.9663328403150593,0.027792210622069914,3.290709598658489,100,100
ENSMUSG00000042501,0.32347759591477543,2.8930841565284497,9.033012570476174,0.1297715180101887,0.5183215306815839,1.68749782962695,10.239301638422354,100,100
ENSMUSG00000042502,2.4136283972642976,4.574153294066639,16.285177806265786,1.540867944846866,5.541901307972488,1.0285837519834613,7.10413363881714,100,100
ENSMUSG00000042505,0.5157004784065621,0.6528213597952289,3.1855726589459317,0.006535476744986243,1.5297790958069721,0.9974796920600635,614.6909267043677,100,100
ENSMUSG00000042506,1.7706125874801835,25.087965950318523,28.520006443855234,0.5887106600585897,2.552586629001671,0.7234182786089742,8.0797553541703,100,100
ENSMUSG00000042507,0.0011740967831942747,0.001,1.8113885059888064,0.0010823442581820106,0.8720102597278312,1.4505277311397982,1984.6214356731434,100,100
ENSMUSG00000042508,1.3103775979289238,2.742481611645558,6.789780973182215,0.47374434795219184,3.151133188045039,0.6972465086500182,10.338102893059439,100,100
ENSMUSG00000042510,0.04647882500060394,19.84069893945183,21.357445108543924,0.001,1.0991541844332802,0.002366351766909645,80.11118708374309,100,100
ENSMUSG00000042515,0.19946916306091256,0.7173523199577491,2.3195364720234273,0.056661575616436935,0.6190227893270486,0.7646100357192085,18.425866471749302,100,100
ENSMUSG00000042520,2.0314299700903042,2.7981155004899403,17.192867204127097,1.2491491248628162,6.797635060266557,1.1424577608841333,13.192678159158744,100,100
ENSMUSG00000042523,0.6059509472176184,28.28422425637995,27.987000673960356,0.001,0.7277880578949709,0.6723172931393621,1256.0852886891255,100,100
ENSMUSG00000042524,0.012101970605362332,0.054474796436201366,2.7016594055907697,0.001,0.20281067255739516,1.5074184158022639,659.1908621561734,100,100
ENSMUSG00000042525,0.001,62.31581250733508,1.0,0.001,0.001,0.0015976530646359666,0.575342465415658,100,100
ENSMUSG00000042529,0.001,62.31581250733508,1.0,0.001,0.001,0.0016182251252035858,0.1949173566690488,100,100
ENSMUSG00000042532,0.001,62.31581250733508,1.0,0.001,0.001,0.0018472766190183176,0.19447132260381306,100,100
ENSMUSG00000042535,0.9058422285674396,1.4492363569613786,6.301191449380229,0.2972921406215011,2.3845508465960457,1.0293028808096292,22.924059623795316,100,100
ENSMUSG00000042540,0.001,62.31581250733508,1.0,0.001,0.001,0.0014936997335095374,0.23275679172571698,100,100
ENSMUSG00000042541,5.836793558060004,33.360177948627516,180.187722742389,2.8775794593776953,9.077379699533612,2.999522941768678,18.952365497865678,100,100
ENSMUSG00000042548,0.08230619266036977,0.07456425765533968,2.028934510159288,0.0013083720500725665,0.9850065986927812,1.4663048327709216,1937.8149346784749,100,100
ENSMUSG00000042549,0.3002006885255865,0.6317796453167974,2.241352827559032,0.062292081675878755,0.9181277056967412,0.7813786673677741,29.273502155456235,100,100
ENSMUSG00000042554,0.001,62.31581250733508,1.0,0.001,0.001,0.0017347656124070726,0.15851331823287254,100,100
ENSMUSG00000042557,0.06259526047863244,0.08008674654524545,3.0904810041849715,0.001,0.4007807280035985,4.383508018509917,2961.0713521567204,100,100
ENSMUSG00000042558,0.026296671927471732,0.028137211688824375,1.8539871775063022,0.001,0.7977079950834925,1.2857534415709746,1781.6779726764366,100,100
ENSMUSG00000042564,12.750286240289768,997.8300781051347,1.0040373995330816,0.001,22.14220659255414,0.001,0.018895661622933563,100,100
ENSMUSG00000042567,0.005281265286038538,15.648361203499032,58.734497344459186,0.001,0.1430520452625702,0.0018621912958683541,29.681858028473783,100,100
ENSMUSG00000042569,0.7828089651359394,1.2804401511740426,4.272411149967534,0.21990903543305884,2.0748422980298393,0.8499303558171616,18.696041811784866,100,100
ENSMUSG00000042570,0.9222708728276172,3.193354819142809,6.062848122134958,0.018705912863299645,1.6756067317129488,0.8067314167214148,393.1665172713213,100,100
ENSMUSG00000042572,0.5315961403820013,0.6829425621548265,17.906407085823695,0.320718787609027,1.2450709056426121,6.685013161031714,52.08275484857744,100,100
ENSMUSG00000042579,0.22846513927977688,17.722321505266887,3.4305126501407615,0.024191659970979263,34.938073319782916,0.0011308015379762446,0.9478520183175563,100,100
ENSMUSG00000042581,0.001,62.31581250733508,1.0,0.001,0.001,0.001819294207076916,0.17580225131823016,100,100
ENSMUSG00000042589,0.001,62.31581250733508,1.0,0.001,0.001,0.001962222512722356,0.13409802324166448,100,100
ENSMUSG00000042590,0.9989650265199124,1.728870726453647,5.458612261343026,0.40647797966287075,2.499343945301852,0.9316400400527125,11.711276997371712,100,100
ENSMUSG00000042594,0.1583888401638235,0.18125963619397184,2.8663259763962032,0.0013327389492115245,0.8460486369357154,1.8432665041627228,2238.8166154241153,100,100
ENSMUSG00000042595,0.3424547148808927,1.3563009256668732,1.2941978790764133,0.12215615151854797,4.052046327554873,0.09050849295633466,3.0631467610375176,100,100
ENSMUSG00000042599,0.1270590795675594,0.9057953470821445,5.463005999413405,0.019438010750360495,0.25746341058984645,2.467899425466385,53.49796237899595,100,100
ENSMUSG00000042604,0.001,58.655869952050985,1.0,0.001,0.0010000000000000005,0.0016686406608560035,0.3812634130599398,100,100
ENSMUSG00000042605,0.14195384346133166,0.2437315309153089,3.41345265160473,0.0017026688397230427,0.4003738857468512,3.368200980119216,1758.4714246244466,100,100
ENSMUSG00000042606,0.13670070714401017,1.3861083688881322,7.9789851457196255,0.07589307487682853,0.23749861500657732,2.578664414107543,11.250114103496912,100,100
ENSMUSG00000042607,12.503353211316833,999.9999999969062,1.0,0.001,25.4280383851424,0.001,0.024780030981852157,100,100
ENSMUSG00000042608,1.0387190301132545,107.02671507432676,201.90229076267482,0.674512962888169,1.5735134704400053,1.2159937344446,3.450276910319205,100,100
ENSMUSG00000042613,1.5869118723762896,1000.0,9999.97216415965,2.0218943898050776,6.18472591615834,2.1843341235034717,10.862611158150347,100,100
ENSMUSG00000042616,0.470763838704373,1.85462671095411,4.557698146514363,0.1546702775442272,0.9175622521729547,0.9890154366017156,9.997778343102002,100,100
ENSMUSG00000042622,0.8955991198285728,146.79570833300502,577.1482711382639,0.651550225210031,1.195661248562328,2.822763386167307,6.030531864289,100,100
ENSMUSG00000042625,1.0905629834492079,1.5465036100342773,15.474239746094428,0.8265310335509229,2.5114731049311665,2.471648249654069,15.061245038333155,100,100
ENSMUSG00000042626,1.8611987194629085,5.024580251502764,26.757804746151578,1.302612894376511,3.3712846405324166,2.1368744997365248,9.016205984837377,100,100
ENSMUSG00000042628,0.6202785915483857,1.4081520994852526,2.8132489074165257,0.024349487162804245,1.75644615281906,0.49779623587901234,131.17689563008585,100,100
ENSMUSG00000042632,1.0790245474483635,2.597991161507861,4.101415760849152,0.48553752130765493,2.4021501643071526,0.4932216411475322,7.396550632595832,100,100
ENSMUSG00000042638,0.001,66.84427540036525,1.0,0.001,0.001,0.001479269195983087,0.15810401357792905,100,100
ENSMUSG00000042642,0.23497896676382762,0.372488806861898,2.0057430738674737,0.02994726368803989,0.9624169015044021,0.8912928922993726,70.56257423654716,100,100
ENSMUSG00000042644,0.17805005151647768,0.5763592082603937,22.99945098507643,0.055288146269885624,0.29004183611307455,26.129155935645723,157.7302171963683,100,100
ENSMUSG00000042647,0.8780990844364222,3.735596217981048,4.212389935847849,0.20760574685415162,3.194941554464474,0.26437710557929456,7.452189696789866,100,100
ENSMUSG00000042650,0.23952582691201138,0.15828285661345218,2.9761156856072017,0.012709114982430183,1.9354999129791546,1.077277550368091,544.2443178248672,100,100
ENSMUSG00000042655,0.001,62.31581250733508,1.0,0.001,0.001,0.0016364855387000173,0.140593956822473,100,100
ENSMUSG00000042659,0.001,0.0010433880645351829,1.257480573243021,0.001,0.9402884308392221,0.7196196755168958,1214.6342167284215,100,100
ENSMUSG00000042660,1.0597481331209417,2.6396401334227493,10.687581805147552,0.24628347545079202,2.289347899688356,1.3097196001858302,36.35378534746414,100,100
ENSMUSG00000042662,6.869898298908654,885.5372351545934,1.0962261354462033,0.001,17.17522490004473,0.001,0.011572939913235498,100,100
ENSMUSG00000042670,1.2664223563241346,5.552155430093535,17.653540036054647,0.7802280560044148,2.8615049843270723,1.2473023380101844,7.200057770613501,100,100
ENSMUSG00000042671,0.001,62.31581250733508,1.0,0.001,0.001,0.0018018544558797798,0.07895773132986422,100,100
ENSMUSG00000042672,0.003287900118923213,10.712309588871499,26.189860279174738,0.001,0.1016486976463692,0.0017303030823772074,13.61156243925959,100,100
ENSMUSG00000042675,1.617851101295833,235.92332088075966,404.1657802966121,1.1508841484131693,2.554888245870087,1.0781486514006402,2.6779366032435705,100,100
ENSMUSG00000042677,0.8125537319442794,203.0732206964672,308.3700654384596,0.20495514546112126,1.0567768474908243,1.1341553841500163,9.138104695849197,100,100
ENSMUSG00000042678,0.4282965282830732,103.14966607220127,1.0,0.001,8.350694072742739,0.0010000000028486157,0.05618775179385401,100,100
ENSMUSG00000042680,0.12564649418198737,17.57049065401093,41.40727869029059,0.001,0.18685791699283516,1.3931546251321896,453.4721002631674,100,100
ENSMUSG00000042682,5.851963381439865,761.7029360632313,5247.555631301066,4.18056082332258,8.107854044568809,5.047058110368816,12.126646647305105,100,100
ENSMUSG00000042684,0.23390215314756715,30.41252539616376,25.319268873633924,0.02523941002206233,0.4893113649081726,0.3014966083020878,5.876040062641898,100,100
ENSMUSG00000042686,0.08404852148655176,28.66468940898343,48.47852485384703,0.001,0.18930937065329884,0.39549136353068887,200.19768654721207,100,100
ENSMUSG00000042688,1.317070546203662,3.8319806665925253,24.097801338784336,0.7789019142846278,2.1734069753456264,2.831711590332829,14.394660730402382,100,100
ENSMUSG00000042694,0.9383127887758704,57.24357510941948,157.6446718302208,0.6428492102470658,1.186598644693841,1.9851508987950002,4.569240560452556,100,100
ENSMUSG00000042699,0.20564729512542448,0.2891949078419777,21.408609547932986,0.06902375847493283,0.4851196326134225,20.68724251720152,283.7781020966716,100,100
ENSMUSG00000042700,0.5303534484674582,0.8969767400732324,5.311787130439478,0.2555270275190471,1.1497189107892516,1.7500274215795861,16.101904794659706,100,100
ENSMUSG00000042705,1.5810923243813233,8.15155192871743,15.91764112004357,0.6461702158368196,3.7969818052950752,0.774365401582989,8.188643080749845,100,100
ENSMUSG00000042707,2.116776148182666,503.28256391819485,1.0,0.001,7.869164199809211,0.0010444484582517787,0.015665286809261814,100,100
ENSMUSG00000042708,4.294078646703922,1000.0,1.0,0.001,4.375060490577727,0.0012519469215153908,0.06487902964113856,100,100
ENSMUSG00000042709,0.6149420225816161,0.4479712429987369,5.130136545627743,0.30598670761552826,2.5535856532178105,1.2259977215096773,29.861177070045002,100,100
ENSMUSG00000042712,0.17047843063109708,0.2595859864752841,58.806924909032105,0.07558299964286166,4.3920739205207395,0.16664085323601638,301.4249841354165,100,100
ENSMUSG00000042717,0.001,62.31581250733508,1.0,0.001,0.001,0.001583036024316649,0.0720023870924845,100,100
ENSMUSG00000042719,0.6697234945887319,0.9524890643309137,7.62611168614875,0.35465455331225104,1.406510735509495,2.24833921915486,20.750141708549073,100,100
ENSMUSG00000042724,0.00632654522706443,17.527755398994415,49.831959340889235,0.001,6.885820335145532,0.001000001435709548,37.65672897663501,100,100
ENSMUSG00000042726,0.31809199069656724,1.019036216954454,4.470346807987925,0.12927399510162857,0.6713279719289282,1.41611653211391,13.809162921446003,100,100
ENSMUSG00000042729,19.633394642720905,781.2910577968271,1.0000000000002098,0.001,31.892861122480838,0.0010008496388531842,0.008964443286868,100,100
ENSMUSG00000042734,0.11776667604131713,1.0733791967237587,4.576856115464836,0.054007828271957437,0.22651670975177687,1.9873384742599347,11.223937640328437,100,100
ENSMUSG00000042737,0.1689657461115723,0.5031982407520259,18.044678354911994,0.001,0.2800894870566942,20.50535899473638,6374.934954979593,100,100
ENSMUSG00000042742,0.47540170699650164,52.8439913793664,73.26114677122834,0.001,0.634651773185382,1.012624527520067,942.1813488493009,100,100
ENSMUSG00000042743,0.3859340108987133,31.083215771150865,16.09587521446354,0.021860724179863587,1.2698468735028268,0.14635832204880445,13.462613497288249,100,100
ENSMUSG00000042744,0.6473281533984941,6.033039176466377,6.894418264166941,0.2037485518330185,1.3514630544789956,0.5230870533510839,6.178821238084504,100,100
ENSMUSG00000042745,0.8379458209076526,1.3073587198196102,38.89262191122023,0.6568864030091623,1.739560869574058,8.908126047310592,38.48474841656202,100,100
ENSMUSG00000042747,4.7200010849828224,28.304830397491752,153.0461618075129,3.23109553375886,7.200096821890703,3.0580649188170663,11.799144630444854,100,100
ENSMUSG00000042750,0.017419519863717432,20.6438182895438,36.46703294904993,0.001,2.062685128484876,0.0017492410995453382,52.87881301167167,100,100
ENSMUSG00000042751,0.43105002953246696,5.0019333066235045,20.945023778398898,0.2771219031972338,0.5723777746989946,2.611677395411137,7.277774112916606,100,100
ENSMUSG00000042757,0.001,61.88525872635182,1.0,0.001,0.001,0.0015063997293626374,0.2708622855689364,100,100
ENSMUSG00000042759,0.013681439602617498,21.380278078059902,52.84045332739367,0.001,5.674096507420591,0.0015199677886253316,35.47366090558513,100,100
ENSMUSG00000042763,0.001,60.60768216058454,1.0,0.001,0.001,0.0017422767717031498,0.1703090736807451,100,100
ENSMUSG00000042766,0.32354965088125426,0.9187956763986515,3.0274320852773466,0.001157882912981169,0.7190878508167364,1.076240266147269,1301.6047763118306,100,100
ENSMUSG00000042770,1.3639207489060599,15.359554478130493,38.76943261734593,0.9005205015707,1.9522214613561513,1.510883515934489,4.704864324892206,100,100
ENSMUSG00000042772,0.33028276345464747,1.955332306572837,4.1660758094611445,0.07706972212013435,0.6676506715107786,0.8607882467482024,12.594520125531314,100,100
ENSMUSG00000042784,0.04569051453790074,19.979484713118254,21.51171991051886,0.001,0.3311020360460599,0.09395120708930352,78.40121709237283,100,100
ENSMUSG00000042788,0.001,62.31581250733508,1.0,0.001,0.001,0.0015915475389817278,0.19276597477781837,100,100
ENSMUSG00000042790,0.40811491489090085,0.379785122543423,2.717851354972436,0.14296437758846875,1.7827561961051193,0.841923556807334,23.81887436900006,100,100
ENSMUSG00000042793,0.18512757104982666,5.234110035515854,18.835250093234137,0.12246336211356941,0.28927551803622553,1.8079840478629592,6.30892870511412,100,100
ENSMUSG00000042797,0.13455288650267289,37.981582749748114,18.35167547078798,0.001,34.929274503128724,0.0013848599964512579,3.784592034331636,100,100
ENSMUSG00000042804,0.16219665398603794,1.64847517042497,7.753007171994444,0.08997679656805779,0.2637800955741808,2.641518845649847,9.784037340970878,100,100
ENSMUSG00000042807,0.2155299599976606,4.179412174304519,2.9322557680260335,0.001,0.39046633285834986,0.4170919983056884,212.4492389287024,100,100
ENSMUSG00000042810,0.32274606286617313,29.499344210005606,32.40457684009399,0.012681015567666466,0.5592530044739992,0.6044440960419823,202.2657626792346,100,100
ENSMUSG00000042812,26.62779983313579,731.582982628719,1.0,0.001,44.895908034523465,0.0010319727600608644,0.009040745398124373,100,100
ENSMUSG00000042814,0.02007836289410633,10.667878417912565,26.060840580600065,0.001,0.15813451207618945,0.19768548129088315,85.01029789947302,100,100
ENSMUSG00000042816,0.001,62.31581250733508,1.0,0.001,0.0010000000000000009,0.0023023061398457986,0.1284135163510548,100,100
ENSMUSG00000042817,1.4264657657904025,341.6272039188167,1.0,0.001,10.72017891508293,0.0010244096241259473,0.08934489412530747,100,100
ENSMUSG00000042821,0.001,13.596412732960566,1.0,0.001,0.001,0.019776057614111983,3.0934847051093834,100,100
ENSMUSG00000042826,0.001,61.259704531272526,1.0,0.001,0.0010000000000000005,0.0016810104247716893,0.19103777763610694,100,100
ENSMUSG00000042831,0.8874961954833823,1.8057647996167039,7.877139713908577,0.5478846889449107,1.661230228697256,1.9409715411954473,9.21693532848078,100,100
ENSMUSG00000042834,0.10578238474419226,20.224480240131,44.992731581459395,0.001,0.1652383485079923,1.3078119604236846,300.65770737012355,100,100
ENSMUSG00000042842,0.5454597462604809,64.68719431871625,1.0,0.001,14.261321605595366,0.001,0.05331533165707924,100,100
ENSMUSG00000042846,0.001,66.84427540036525,1.0,0.001,0.001,0.0017984025713252262,0.17016583336485613,100,100
ENSMUSG00000042851,19.42503405473113,999.9180974805399,1.0,0.001,27.11792028733614,0.0010000452811434446,0.0089143054552244,100,100
ENSMUSG00000042854,0.34931809431627603,1.546738979858459,2.133095892905328,0.12874959589376425,0.8900780765808969,0.39549256396617116,4.83889783750437,100,100
ENSMUSG00000042857,0.5719911255000443,2.345452406468472,1.0,0.24747584162626546,50.49521505112109,0.003494514701165603,0.9417672311458142,100,100
ENSMUSG00000042870,0.2078078193044695,0.7724944053657912,5.667454260855959,0.001,0.11804507687406826,8.06612443674554,4521.2455640455655,100,100
ENSMUSG00000042873,0.013732634082352924,0.9579806212663282,4.747526425797966,0.001,0.08773723850829343,0.08234660255937266,81.28210153574807,100,100
ENSMUSG00000042874,0.001,62.31581250733508,1.0,0.001,0.001,0.0018275433715355012,0.14006036181345238,100,100
ENSMUSG00000042895,2.019629474404797,483.97752178544295,1.0030151681659596,0.001,8.41438077017272,0.0010000004818434775,0.10052193894967441,100,100
ENSMUSG00000042901,0.34609097285160684,0.8550389616369757,7.058875609006663,0.09849282689328984,0.6288276566315985,3.9159896763796556,43.16236532636269,100,100
ENSMUSG00000042903,0.17605357899700758,1.1233502228724515,5.848834419686241,0.0017324618461386655,0.3204204473315605,2.2333838976460636,725.137063695907,100,100
ENSMUSG00000042918,1.2713990456225448,306.23830823351676,1.0,0.001,8.337388335179817,0.0010000000000094504,0.03616678808425432,100,100
ENSMUSG00000042938,0.014763858357634527,13.5491653213057,15.578009654404134,0.001,18.10813444714551,0.0010002097427097077,17.901279997356752,100,100
ENSMUSG00000042942,0.04813917764284454,19.820944394183375,13.95272404930663,0.001,11.991803750298814,0.001172593395468143,34.64918196125109,100,100
ENSMUSG00000042961,0.001,62.31581250733508,1.0,0.001,0.001,0.0018909146866506478,0.2633129934569143,100,100
ENSMUSG00000042962,0.001,18.831324582240477,1.0,0.001,0.001,0.004475629226688422,0.8693762810316653,100,100
ENSMUSG00000042976,0.001,62.31581250733508,1.0,0.001,0.001,0.001875434280925294,0.057949641649511954,100,100
ENSMUSG00000042978,0.7818398886423308,20.048416694593133,4.0132313714650305,0.25071811513822684,118.15839236087272,0.0013325972834897072,0.5918573640355458,100,100
ENSMUSG00000042985,0.001,62.31581250733508,1.0,0.001,0.001,0.0013939295195513816,0.14409236260934072,100,100
ENSMUSG00000042988,0.03315499097544209,21.114009704053174,18.301680776120342,0.0011829174888941464,8.055029351440638,0.0014935164659642926,13.334229448660434,100,100
ENSMUSG00000042992,0.24906535069077562,23.836393409674354,24.393215733179346,0.001,0.45434013165370574,0.5633019581468147,282.82912134248005,100,100
ENSMUSG00000042993,2.3992539462854334,631.6350691373558,1.0917831779394422,0.001,8.30309704360386,0.0010379915381509377,0.13025921454492903,100,100
ENSMUSG00000042997,0.2262903739181443,0.16591219182981673,1.3705610792967382,0.037336764497751466,2.34344205343434,0.35904437980671,63.61233370463097,100,100
ENSMUSG00000043004,0.23102174267710518,100.60346857343141,253.29276261938708,0.06662538020080888,0.3498304610310953,1.8436986758655163,10.38865891648257,100,100
ENSMUSG00000043008,0.001,62.31581250733508,1.0,0.001,0.001,0.0016518882506742958,0.19013268576742354,100,100
ENSMUSG00000043013,0.001,62.31581250733508,1.0,0.001,0.0010000000000000005,0.0017000397026440135,0.1920564001827451,100,100
ENSMUSG00000043015,0.0819789820825288,18.89885447989586,9.514262372499182,0.0030636945708731175,16.74637963591372,0.0013009472075914221,6.851936140378929,100,100
ENSMUSG00000043017,0.09555160648226523,31.308562947538686,61.51817038999271,0.006223322060107023,0.3438252936234436,0.276613930687121,15.03153858715516,100,100
ENSMUSG00000043019,0.4980830904260963,0.3897634940155602,6.763091372439893,0.2097473069671666,2.0894634212063754,1.9888719025884471,71.04666413250708,100,100
ENSMUSG00000043020,0.039148599589122146,20.28833973878102,10.712227536483557,0.001,16.68792716374655,0.0010000000024275335,21.03580939258782,100,100
ENSMUSG00000043029,0.001,66.84427540036525,1.0,0.001,0.001,0.0015151604094770655,0.1057943624573464,100,100
ENSMUSG00000043036,1.8029215128838363,432.19960906037096,1.0,0.001,9.568823757288854,0.0010000000141753168,0.061045998689011324,100,100
ENSMUSG00000043050,0.001,62.31581250733508,1.0,0.001,0.001,0.001659053634535824,0.17610703442482448,100,100
ENSMUSG00000043051,1.6046320348181988,386.05076768576816,1.0,0.001,5.37374372531502,0.001088408817308834,0.06730251301969056,100,100
ENSMUSG00000043059,0.06605633028093848,0.25252478373438286,2.4353902697660716,0.001,0.32663884526943004,1.6925769617033084,689.9042142533003,100,100
ENSMUSG00000043061,1.4770066864420401,5.598877779598085,9.31506083994749,0.698269372497615,2.6664115441247644,0.6901337160271246,6.473761165144884,100,100
ENSMUSG00000043065,0.2298346818323575,27.703555354554233,23.72915719709041,0.0020722634105363757,0.42363182882878303,0.44402959324956404,117.98801477308126,100,100
ENSMUSG00000043067,0.6435935069444924,8.5086482941231,25.441439905666822,0.3750341855734839,0.9339669047866551,1.9562160532056407,5.693925616725563,100,100
ENSMUSG00000043068,0.002158241946308151,6.884080058683147,37.282589176260494,0.001,0.06653649640257638,0.0021246329332429144,35.12651284928263,100,100
ENSMUSG00000043079,0.31773486411115903,1.4742818865762894,12.816582681182087,0.21725639227223606,0.4104377584379345,5.852776219081589,14.26686703117299,100,100
ENSMUSG00000043085,0.0072999241477566725,1.3259155678870274,4.730236914415521,0.001,10.083171310585028,0.00128252967360381,17.99062393832592,100,100
ENSMUSG00000043088,0.001,62.31581250733508,1.0,0.001,0.001,0.0016845863332233364,0.27985683175180265,100,100
ENSMUSG00000043090,0.17602153005655202,0.20132381952900924,1.7090945342563109,0.0013993089961450227,1.2572205984496612,0.6263218892915264,1385.4960957540795,100,100
ENSMUSG00000043091,0.12263017147392488,0.5817081967158394,158.12567031105397,0.001,0.4696564869346074,0.008890876276376518,40721.78014364437,100,100
ENSMUSG00000043099,0.10882301211364893,0.3981362358449322,7.926648138115731,0.060699167186948746,0.192673086235303,9.505405529767202,40.92420706791789,100,100
ENSMUSG00000043110,0.001,61.88525872635182,1.0,0.001,0.0010000000000000005,0.001704311332476244,0.1946888745684125,100,100
ENSMUSG00000043122,6.902836801553362,870.1173214664402,1.051382502624244,0.001,19.02637705560094,0.001000000000015993,0.035848384925294824,100,100
ENSMUSG00000043126,0.001,61.88525872635182,1.0,0.001,0.001,0.001660711530154198,0.37720785800674905,100,100
ENSMUSG00000043131,2.0844698987400996,1.8042336203619123,9.972695922840805,1.2591523962903044,7.61772829389372,0.7003589944470059,12.487872276710304,100,100
ENSMUSG00000043140,0.001,0.0010035106736445635,1.1093867824363144,0.001,1.1674568349581245,0.5077583325248818,1152.5647217856754,100,100
ENSMUSG00000043145,0.001,62.31581250733508,1.0,0.001,0.0010000000000000005,0.0016022001484163229,0.2050709750456261,100,100
ENSMUSG00000043153,0.1413887523972229,1.3751662202230681,1.5451054227284542,0.001,1.057882712358962,0.004961715959046981,2.856290306899251,100,100
ENSMUSG00000043154,0.8713410169140979,2.6455962021458816,3.913586690334802,0.0037747823033414205,1.3878324396305097,0.7520426662733657,692.905339053689,100,100
ENSMUSG00000043155,0.016778322676648808,2.0820257318394804,3.119517984601743,0.0019782915790800154,16.824811770656726,0.001011438875641237,4.883875902783879,100,100
ENSMUSG00000043157,0.03328738416162853,19.110985552612906,34.65068222802942,0.001,23.940941682753902,0.0012270212452603476,6.8583074522970024,100,100
ENSMUSG00000043162,2.5630423687346253,52.13346154903483,70.5719681123624,1.0075620361806148,4.946560433900508,0.7058353283112239,7.110000969686748,100,100
ENSMUSG00000043164,3.064001335653063,740.182082544854,1.0158708812906911,0.001,7.535435736367571,0.001071602788837908,0.10529957819828645,100,100
ENSMUSG00000043165,0.001,62.31581250733508,1.0,0.001,0.0010000000000000009,0.001720182819421891,0.06484182867123152,100,100
ENSMUSG00000043183,0.8883258333856002,7.830705128676407,6.160950069693046,0.001,0.9780278057005747,0.7575300452583298,1172.6970474421805,100,100
ENSMUSG00000043207,1.7145477183096491,2.5348392598902154,15.797896866279507,1.1077606787868803,6.374840447367281,1.0250731207253545,12.852052524631956,100,100
ENSMUSG00000043219,11.766595337447962,702.5393651123504,1.0,0.001,24.60756872849465,0.001,0.008891687078589063,100,100
ENSMUSG00000043223,0.001,37.151908057274504,1.0,0.001,0.0010000000000000005,0.002408677779032848,0.31224411252535267,100,100
ENSMUSG00000043230,0.001,62.31581250733508,1.0,0.001,0.0010000000000000009,0.0018154437248616155,0.10618059568645442,100,100
ENSMUSG00000043241,0.3810037441534557,0.6033738954079204,4.396985566800256,0.09313176712918965,0.9242530009015794,1.989223272396064,43.80763982373061,100,100
ENSMUSG00000043243,0.4058696764754022,30.102454189433697,16.625565756228134,0.04222023852862472,3.0656517874405074,0.05600922086712311,132.81163650403167,100,100
ENSMUSG00000043251,0.12196839076104349,18.44536777885769,5.05151205792864,0.02248846096832193,37.37236032610719,0.0010474066571219231,1.237243489757044,100,100
ENSMUSG00000043252,0.23237403213418353,0.4214935126555777,1.003299879442182,0.019303110579606833,2.8847571111063375,0.1336011982115572,30.323177268512264,100,100
ENSMUSG00000043257,0.30249914513995035,0.6637213227107193,2.2276429735324332,0.1316754251866479,0.9520941525085362,0.6710869416238694,10.427439359709128,100,100
ENSMUSG00000043259,0.24220625944768057,28.348407502117546,33.27938656050123,0.10724964502070285,0.4616880797487233,0.5575081974831662,2.8302461113790205,100,100
ENSMUSG00000043262,0.8038443369808485,117.38015834921734,122.85303262791024,0.2181549689777511,1.2995057595980306,0.6741069179026797,4.754260011386201,100,100
ENSMUSG00000043279,0.9528789439255222,5.5008365062444575,10.201868082328467,0.5002786664111774,1.6174715182492776,0.8846221914910757,4.022128374535617,100,100
ENSMUSG00000043284,2.2301624349855036,85.16588727970907,250.8620701285835,1.1096278944606484,3.3824442278333224,1.9055314614143808,11.876017708198425,100,100
ENSMUSG00000043286,1.4275905501715376,345.13246017114864,1.0,0.001,7.005507032784541,0.0010227558724661377,0.08852636017413354,100,100
ENSMUSG00000043289,0.010770734998940608,19.679418707966327,22.4559759127387,0.001,3.6940443774818688,0.0014088066419814952,8.441077951722258,100,100
ENSMUSG00000043290,0.007863207991563844,12.922481205471861,31.325802529343992,0.001,0.12755956203863913,0.0018836544817593661,41.89103175023677,100,100
ENSMUSG00000043298,0.001,66.84427540036525,1.0,0.001,0.001,0.0016129714572565084,0.34399883200588055,100,100
ENSMUSG00000043300,1.998716376411764,206.8712301865529,290.6428375589484,1.353818299720547,2.7307206333685734,0.9736068333971838,2.2746505570747346,100,100
ENSMUSG00000043301,0.001,62.31581250733508,1.0,0.001,0.001,0.0015583478341631473,0.15517676829646163,100,100
ENSMUSG00000043311,0.2318539239485692,0.2835842907753701,2.495344921492998,0.08565631098179254,1.1018701706544571,1.0760331111844508,26.40803905275321,100,100
ENSMUSG00000043313,0.01659829359477979,22.990054640345836,40.36861706338544,0.001,0.8622532973033052,0.0015873510331146235,50.1841378221566,100,100
ENSMUSG00000043319,0.001,62.31581250733508,1.0,0.001,0.001,0.0014694176022177284,0.1315268447399912,100,100
ENSMUSG00000043323,0.227948915026894,19.236163041496614,29.486313756343844,0.001,0.3553330498598265,0.8572641669373944,464.3595606959228,100,100
ENSMUSG00000043329,0.001,60.188376913276144,1.0,0.001,0.001,0.001623724717471162,0.1929799381973853,100,100
ENSMUSG00000043333,5.205945063955672,623.0037660432878,1.0,0.001,16.81241764311643,0.001,0.0174048666959935,100,100
ENSMUSG00000043336,0.2431720462941027,0.7142315716205597,2.0131126010211355,0.0010000771475928546,0.8013636363421709,0.5582436951789662,964.0467044502033,100,100
ENSMUSG00000043340,0.001,62.31581250733508,1.0,0.001,0.001,0.001343306202329557,0.42483672411916756,100,100
ENSMUSG00000043342,7.558951328755887,596.667350555938,1.0,0.001,21.632036111729917,0.001,0.009006082838449376,100,100
ENSMUSG00000043366,0.001,62.31581250733508,1.0,0.001,0.001,0.0018167399393681344,0.13123946450917626,100,100
ENSMUSG00000043372,0.12365817592983441,32.262480843151046,28.22229076770881,0.0012403295831998123,0.45928660489113216,0.17759433074257058,57.95100788355299,100,100
ENSMUSG00000043384,0.4761935636253231,0.7319982154506748,2.473942649852992,0.0013200043779140387,0.9113996849731678,1.2267025881029396,1801.459571352821,100,100
ENSMUSG00000043385,0.001,62.31581250733508,1.0,0.001,0.0010000000000000009,0.0016623401947445933,0.09320110457169137,100,100
ENSMUSG00000043388,0.006600894052509792,17.768509097796244,43.69367945781688,0.001,0.10350511124902458,0.001835145761914654,25.321388039429177,100,100
ENSMUSG00000043391,1.3414257637230416,3.998646079937368,5.370320817399482,0.5741114962266116,3.390799515511441,0.3671654565822986,5.786391523041386,100,100
ENSMUSG00000043398,0.001,61.45463549419866,1.0,0.001,0.0010000000000000009,0.0017630920010931563,0.09101917684708408,100,100
ENSMUSG00000043410,0.001,61.88525872635182,1.0,0.001,0.001,0.0018581970166173007,0.2032793072525073,100,100
ENSMUSG00000043411,0.04202291997228039,0.05374195819827029,4.850840985202249,0.001,0.11597145358173866,31.361065357626686,4096.772090017076,100,100
ENSMUSG00000043415,0.2774069621668201,32.904696323183096,10.009332832407791,0.03748098560883413,8.037529762971879,0.0022412076236161963,1.6454066396694649,100,100
ENSMUSG00000043419,0.14401628098048844,45.983076982530044,57.774996299575555,0.05747762888345104,0.38121847452018465,0.27295821647943785,3.6241437644676378,100,100
ENSMUSG00000043421,1.170230148285471,52.68811517060676,93.00234935591529,0.43246330801338606,1.769693035969258,1.2027012663080923,11.985959442524265,100,100
ENSMUSG00000043432,0.18977791288680335,0.5859114341003833,2.1606801583966457,0.001,0.6774204944534112,0.7477756022176565,842.3565482082647,100,100
ENSMUSG00000043439,0.2751639132979097,17.564397528182514,2.946653200767552,0.04458502146327348,46.250869394204116,0.001103981350411926,0.7577133075100585,100,100
ENSMUSG00000043441,0.0033258959946113847,5.091124441192372,56.67711836331114,0.001,8.625349547972826,0.001000023355906143,50.60981830291179,100,100
ENSMUSG00000043445,0.053068746592792176,0.13775410222424242,3.455547298244162,0.0027665854212537222,0.27565037350227234,3.59099920701773,557.3681896535659,100,100
ENSMUSG00000043448,8.849768587454312,999.5405689804818,1.0,0.001,17.78874276721885,0.001,0.028470369208125484,100,100
ENSMUSG00000043456,0.001,62.31581250733508,1.0,0.001,0.001,0.0017098362822357206,0.11119085042722385,100,100
ENSMUSG00000043458,0.01340509267350974,20.421240707820324,32.16062770471501,0.001,15.541483862082075,0.0010349062589371622,40.69695748856656,100,100
ENSMUSG00000043460,0.001,66.84427540036525,1.0,0.001,0.001,0.0016663199993444695,0.562820760793274,100,100
ENSMUSG00000043467,0.0735707640114449,15.335377341283705,45.38165136007825,0.001,0.1465757528118703,1.026406981473995,333.3096580893685,100,100
ENSMUSG00000043484,2.0358908095832726,509.95623053691645,1.0510701205171693,0.001,8.442563804404136,0.0010000000000190594,0.1242593135797034,100,100
ENSMUSG00000043487,0.12288789234744328,10.845682818762727,16.34549772312528,0.04573223011854055,0.43608344545332267,0.2814863631522003,4.12251815062114,100,100
ENSMUSG00000043488,7.84979329816461,937.5141107056008,1.0,0.001,17.859021227725616,0.001000000000000121,0.08455597777624269,100,100
ENSMUSG00000043496,0.13465735949646235,66.7184957333578,284.9080442066218,0.05970408347014175,0.22945354221402692,1.7130225969649904,10.003737749320639,100,100
ENSMUSG00000043498,0.001,61.88525872635182,1.0,0.001,0.0010000000000000009,0.0016541142841976395,0.29548085947084646,100,100
ENSMUSG00000043501,3.9276406581767263,942.1623723314058,1.0,0.001,8.225332031054098,0.0010001966289941728,0.06890326510535938,100,100
ENSMUSG00000043505,0.001,62.31581250733508,1.0,0.001,0.001,0.001699609868099579,0.17979545733402916,100,100
ENSMUSG00000043510,0.47602662143683544,0.5910986164473853,4.470884004063199,0.14635740633760924,1.4371550223471963,1.4196212368496761,31.028582461691215,100,100
ENSMUSG00000043518,0.04309936779776186,1.7239400217231353,6.1118592860683245,0.0014454274285700562,0.5053709395594007,0.19325907897075326,89.46295379969112,100,100
ENSMUSG00000043522,0.001,62.31581250733508,1.0,0.001,0.001,0.0018179899376236095,0.06982710370007097,100,100
ENSMUSG00000043531,0.001,62.31581250733508,1.0,0.001,0.001,0.0017670813536594025,0.30119652063054125,100,100
ENSMUSG00000043535,0.3622066088462336,0.43374250649958185,3.6488605884087453,0.07490945535182941,0.9618603816751896,1.930728966330705,56.57158286950309,100,100
ENSMUSG00000043541,0.10148245027716392,18.32719193229976,12.403554984689151,0.008622323982539204,11.990178078578552,0.02604182480189057,9.686376245679483,100,100
ENSMUSG00000043542,0.32668511537607225,0.3739823256534187,2.376142219225925,0.018096945743356466,1.1791426023740335,1.122147534278578,145.0035236626237,100,100
ENSMUSG00000043549,0.001,66.84427540036525,1.0,0.001,0.001,0.0018738545505449034,0.19672859403181236,100,100
ENSMUSG00000043556,0.26616313279010656,33.9675426613969,16.537729684522073,0.0021419258725203336,1.0284303272105506,0.10993195215607841,81.9841379313743,100,100
ENSMUSG00000043557,0.16464894984938458,0.7918334185496854,5.084503871662226,0.05195599523638355,0.3284991558381831,2.4016233409520567,26.131356446205615,100,100
ENSMUSG00000043572,113.46559552786965,687.3862199311762,1.0,0.7746406901824686,138.00853488241165,0.0011762074787473433,0.14509095699192542,100,100
ENSMUSG00000043587,0.4753867934158168,1.1642973047780714,5.145722542878811,0.13445405031300373,1.0146924740023906,1.5407293721410573,22.73333907274391,100,100
ENSMUSG00000043592,0.001,62.31581250733508,1.0,0.001,0.0010000000000000005,0.0016030917955996335,0.08030668759462772,100,100
ENSMUSG00000043602,0.578038700663356,17.207688542121033,1.8022568231543135,0.1315587288241689,54.97992728247496,0.0011429147545394724,0.48099147206285364,100,100
ENSMUSG00000043613,0.017468015443494935,1.4423868192969918,38.490470790117364,0.001,0.13125052434234352,0.4795928920104212,205.58082536826194,100,100
ENSMUSG00000043614,0.001,55.42650537347377,1.0,0.001,0.001,0.001929798613215451,0.17461225282039466,100,100
ENSMUSG00000043618,1.668119918256059,388.17609993454187,1.0,0.001,12.52001522809707,0.0010000000035898932,0.09169757334781733,100,100
ENSMUSG00000043621,0.001,62.31581250733508,1.0,0.001,0.001,0.0015964246462888694,0.2570313707059885,100,100
ENSMUSG00000043623,0.001,62.31581250733508,1.0,0.001,0.0010000000000000009,0.001463807960580574,0.1679303558935068,100,100
ENSMUSG00000043629,0.001,62.31581250733508,1.0,0.001,0.001,0.0020061442682310325,0.4897770037682516,100,100
ENSMUSG00000043631,0.04815615408011429,10.703504408866872,8.628368682915243,0.01045001855893581,26.650508622218055,0.0010000016185988483,3.970465842014776,100,100
ENSMUSG00000043633,0.010780496696222523,20.11472134543912,22.930664783593365,0.001,4.166216681298648,0.0012214779513827537,25.71507457931527,100,100
ENSMUSG00000043635,1.4264657657904025,341.6272039188167,1.0,0.001,7.305027852746694,0.0010000000510658757,0.08251087348430483,100,100
ENSMUSG00000043639,0.009314396574352714,2.233497911844886,15.228575734744236,0.001,8.298347193719911,0.0011397298406277284,19.196521632897742,100,100
ENSMUSG00000043644,0.013625110518340193,21.785387915466302,53.84548645244075,0.001,10.042002141999507,0.0010727600707340647,13.001593615503747,100,100
ENSMUSG00000043648,6.435640053249548,512.2143252799287,1.0,0.001,21.108164940258238,0.001000000000004326,0.009957683168753952,100,100
ENSMUSG00000043661,0.001,62.31581250733508,1.0,0.001,0.0010000000000000005,0.0015607297530236025,0.1024394355373462,100,100
ENSMUSG00000043664,0.001,62.31581250733508,1.0,0.001,0.001,0.0014816879161862586,0.22761682567002203,100,100
ENSMUSG00000043668,0.001,62.31581250733508,1.0,0.001,0.001,0.002178422896360491,0.2725466702632018,100,100
ENSMUSG00000043670,0.8851908330809943,212.44662419193685,1.0,0.001,7.80954680600075,0.0010010481197006496,0.04778530206327733,100,100
ENSMUSG00000043671,1.0886932862093368,161.20208016289558,328.81722943649874,0.6527276505938189,1.3834452435562483,1.4962162126562295,4.116485733257032,100,100
ENSMUSG00000043681,0.001,61.674132606755,1.0,0.001,0.001,0.0016329310488323366,0.1776441720750265,100,100
ENSMUSG00000043683,1.71158901235133,20.269881952510485,19.37033523027072,0.006378315186122238,3.8370040743410376,0.3999000923609727,1198.9146516030514,100,100
ENSMUSG00000043687,0.001,66.84427540036525,1.0,0.001,0.0010000000000000009,0.0016121869288436876,0.11724343163458155,100,100
ENSMUSG00000043702,0.24172991840588093,0.20873935052547143,1.4365187230830887,0.00837365463646515,1.6789217201265823,0.4873792441614053,93.56876839946969,100,100
ENSMUSG00000043716,0.2155790067807306,0.7434352425930607,243.0650560519255,0.001,0.3003942411820019,0.009675940353387688,597958.2165390995,100,100
ENSMUSG00000043719,0.007554130723452522,0.4387215541018599,1.0,0.001,8.69220040249571,0.0014028683035423807,26.311509589429274,100,100
ENSMUSG00000043733,3.8929800549676994,14.039995016255023,37.49862818670172,2.2062849346318316,6.443387129423304,1.2590297609303462,6.982976956615953,100,100
ENSMUSG00000043740,0.001,62.31581250733508,1.0,0.001,0.001,0.0019492665634532535,0.17465295350450133,100,100
ENSMUSG00000043760,0.004541587195931627,14.58836400748127,17.39203348125328,0.001,0.0262300585122104,0.0020098944290322714,14.13374564224059,100,100
ENSMUSG00000043773,0.001,66.84427540036525,1.0,0.001,0.0010000000000000009,0.0016763461879339093,0.20909146263250294,100,100
ENSMUSG00000043782,0.001,66.84427540036525,1.0,0.001,0.001,0.001993921111167661,0.16616322085300794,100,100
ENSMUSG00000043789,0.05818928324959377,19.895744003485735,21.043600297706284,0.001,0.15199354264749654,0.08982461834278468,84.53136840429133,100,100
ENSMUSG00000043794,5.799307246464923,459.1737414676743,1.0,0.001,22.476825199228745,0.001,0.008899922683196736,100,100
ENSMUSG00000043795,4.1336179629762935,999.9999943156627,1.0,0.001,9.766219391772644,0.0010183431117996966,0.07035673370470587,100,100
ENSMUSG00000043800,0.001,62.31581250733508,1.0,0.001,0.0010000000000000005,0.0017811510078015705,0.2138592468492622,100,100
ENSMUSG00000043801,0.001,13.186998118948347,1.0,0.001,0.001,0.06918218273510171,4.590691471600797,100,100
ENSMUSG00000043807,7.76691981854476,607.903571323639,1.0,0.001,17.104212222913134,0.001000000000012869,0.0236855237774294,100,100
ENSMUSG00000043811,0.001,60.80878088638715,1.0,0.001,0.001,0.0017362198405880842,0.22456586906548795,100,100
ENSMUSG00000043822,0.8674245257078842,1.4192581057673024,9.59074464334976,0.5453808135343581,3.2201580595203114,1.2795596349517302,14.614849104047842,100,100
ENSMUSG00000043831,0.5308066896834331,97.16027374083146,131.2244831309153,0.09589955019347529,0.8460365049033503,0.7863087794591472,11.376478000134624,100,100
ENSMUSG00000043832,0.001,62.31581250733508,1.0,0.001,0.001,0.0018837024182973513,0.7057491461939602,100,100
ENSMUSG00000043833,0.04339205233582892,0.9717247083021046,1.0,0.001,19.661381498728645,0.0011592725930623955,32.49530501046362,100,100
ENSMUSG00000043857,0.001,62.31581250733508,1.0,0.001,0.001,0.0016074879942075387,0.1694109363270717,100,100
ENSMUSG00000043866,0.5857574944874924,0.4302051502220777,6.373379126512306,0.36604291450732085,2.3918770668710874,1.7104159440972833,28.481748999071936,100,100
ENSMUSG00000043870,0.001,53.273572226780125,1.0,0.001,0.0010000000000000009,0.00205044684025443,0.12756000379549814,100,100
ENSMUSG00000043872,0.003511479796865384,0.005820584654092202,1.0,0.001,0.8294614924105956,0.43665979917019015,517.6440075568396,100,100
ENSMUSG00000043881,0.14130256248199174,1.6604625921916283,1.0,0.0635320821741612,30.25150907244508,0.0017868576650425846,0.8257465433101013,100,100
ENSMUSG00000043885,1.2653791436750912,14.870139878597751,16.349851565829823,0.5657622016540274,2.0646153249885457,0.6266031069741791,3.732890483768175,100,100
ENSMUSG00000043889,0.001,13.186998118948347,1.0,0.001,0.001,0.09333061247857885,3.974651521517501,100,100
ENSMUSG00000043895,0.6755452627412778,1.1658656973110344,7.2047395679648245,0.36366159402950443,1.5254866972422367,2.053757069136695,18.00448897552768,100,100
ENSMUSG00000043903,0.33485746112650316,6.577168302812274,10.450215493199703,0.07848822433487346,0.6494273647031542,0.7458935687017143,10.368653163098244,100,100
ENSMUSG00000043909,0.2700519332928077,0.2615518422369568,2.619247709779962,0.026730127517206957,1.1988181661513342,1.4205812198993866,282.20575516555164,100,100
ENSMUSG00000043913,0.001,66.84427540036525,1.0,0.001,0.0010000000000000009,0.0016438130091381612,0.13356274928226672,100,100
ENSMUSG00000043923,0.8817254857189841,2.339888100591406,1.5637695307502186,0.2548183039010017,10.719318701735261,0.050431426148483914,3.0607023213944373,100,100
ENSMUSG00000043924,0.001,62.31581250733508,1.0,0.001,0.001,0.0015542898166431768,0.1975824043693426,100,100
ENSMUSG00000043929,0.031843310327392634,0.22705415891943675,1.6130370394681781,0.001,0.2238442125607123,0.704590564665762,230.10519651407645,100,100
ENSMUSG00000043940,1.0130191523709893,1.0174651135619122,4.343728177947536,0.2666147401623602,3.2183180731308267,0.7004339334817862,30.51384078992065,100,100
ENSMUSG00000043943,0.030120523772804716,0.49230012525595945,13.349154061303043,0.014601379340094537,0.06494157743292236,9.790221455965947,55.49687742864714,100,100
ENSMUSG00000043948,0.001,62.31581250733508,1.0,0.001,0.0010000000000000005,0.0015277242106882215,0.134522685003841,100,100
ENSMUSG00000043953,3.836959985871545,446.1988690982686,1.0,0.001,16.81541302721112,0.0010000000000006054,0.03506393782322649,100,100
ENSMUSG00000043962,0.2897557376694509,0.2705945434713022,7.392293347932629,0.0853816886052175,0.6412496523824922,9.383916995346716,124.6788163877518,100,100
ENSMUSG00000043964,0.18250378197450187,0.13664211210534527,3.0852296508689325,0.003142329335354075,1.610042669100113,1.052983148197002,1851.9384318392067,100,100
ENSMUSG00000043969,0.14827699427578406,1.0812510342565997,29.504803399006843,0.05102109310077335,0.21505385185701256,18.021687324943194,82.85493466122742,100,100
ENSMUSG00000043987,0.49056776840683486,1.4003622223787267,6.123442715324762,0.05087356743922818,0.9481022292405363,1.7098760399625534,73.6147656659378,100,100
ENSMUSG00000043991,0.7962321880682426,1.4978502475939244,4.069243053367653,0.24556137980423276,1.6094497990764958,0.9245444658402144,13.048436283532379,100,100
ENSMUSG00000043993,7.6266403135378225,999.99999998138,1.1194897082472315,0.001,15.175961282353072,0.001,0.05800913481155455,100,100
ENSMUSG00000043998,0.5004370789966247,1.0087492230098896,5.141790820070888,0.11747209477501916,1.0734508945243246,1.7818715241947949,41.250798414590484,100,100
ENSMUSG00000043999,1.904987380173481,512.8252263426539,1.1354335991243487,0.001,5.1687315706138115,0.0015408241248916475,0.1044759370049817,100,100
ENSMUSG00000044005,0.16173771074231394,17.976374904583533,6.046067471073725,0.014376046883204568,24.21517647999915,0.0012738063296845918,1.2221098464586868,100,100
ENSMUSG00000044006,0.001,66.84427540036525,1.0,0.001,0.001,0.0018897313064059583,0.16354764637146368,100,100
ENSMUSG00000044014,0.001,62.31581250733508,1.0,0.001,0.001,0.0016309728440833096,0.3603132267851801,100,100
ENSMUSG00000044017,0.019409884560264795,0.4136170010288589,8.602227573213163,0.006969026884818866,0.07707711658658861,2.5832408954153387,53.66745546934032,100,100
ENSMUSG00000044018,0.5459154461729068,0.7939639010030973,8.572419255390088,0.31547400901973893,1.0504614451349386,4.373570760083583,22.00238777029518,100,100
ENSMUSG00000044022,19.498939927113373,907.9483573441787,1.0,0.001,26.012292210798293,0.0010000000000014839,0.008921811681258345,100,100
ENSMUSG00000044024,4.204326719867629,999.99999999928,1.0,0.001,14.732039824236587,0.0010000000200588884,0.04134917705582129,100,100
ENSMUSG00000044026,0.08347473894153032,18.76334365337254,9.433323889730621,0.001,15.814698331153235,0.001791608717424056,23.52880086845485,100,100
ENSMUSG00000044030,0.046471667865087225,0.06705241514520344,3.3777313586027797,0.001,0.2633133682626674,7.091617260409877,2774.7442148822947,100,100
ENSMUSG00000044033,0.11005793206209194,3.4498982017023456,1.5983124022515323,0.02985137499808689,24.732508209900907,0.0012406654048519805,2.513533618903438,100,100
ENSMUSG00000044034,4.132577005576439,999.9999999828615,1.0,0.001,7.9788746557404755,0.0010001206534356317,0.05578470859694634,100,100
ENSMUSG00000044037,0.06688003299641991,17.771543918821305,28.58596485814172,0.001,0.16532646176165017,0.4892895494383779,173.75635923370623,100,100
ENSMUSG00000044041,0.01438061721179489,10.150224732770102,45.41086598737338,0.001,18.058774927779385,0.0013613997090208768,24.18609639956733,100,100
ENSMUSG00000044042,0.5726445915990014,1.0713633880230542,10.65210395198518,0.3547639856316285,0.890959529345305,5.671816038591938,18.305671191148967,100,100
ENSMUSG00000044043,0.05113302265988634,19.63996231736503,25.733584651430096,0.001,0.15397123395074264,0.0019668316681517124,99.32403158336197,100,100
ENSMUSG00000044055,2.1571940611220364,521.5346265951073,1.0,0.001,5.08489473660389,0.001157436525795457,0.05107785807729089,100,100
ENSMUSG00000044056,0.049313691118106955,0.7156344472258367,1.0745774577897333,0.0072879732059923565,20.08060350563537,0.001489214966270077,6.1463483597343105,100,100
ENSMUSG00000044062,0.0035153189958338324,11.459522831816152,22.638819099550066,0.001,0.03633169519789793,0.002064720232447823,25.262635839976944,100,100
ENSMUSG00000044065,0.001,62.31581250733508,1.0,0.001,0.001,0.0019152882440751648,0.4046432015912461,100,100
ENSMUSG00000044066,0.0784207864630265,0.13620095349953346,1.3745349397119793,0.001,0.6115272904355764,0.790548407137858,1074.1330885274936,100,100
ENSMUSG00000044067,0.001,66.84427540036525,1.0,0.001,0.001,0.001940287025583258,0.19352302812893946,100,100
ENSMUSG00000044068,0.001,52.84301763644715,1.0,0.001,0.001,0.0023894735524039737,0.23754596896576013,100,100
ENSMUSG00000044071,0.6271465480030781,154.92719237319113,1.0725811857353496,0.001,8.667398968075062,0.0010000000000256447,0.17233695759821815,100,100
ENSMUSG00000044072,0.08981780815890766,17.69601630273107,23.021241215730555,0.005997043998189119,0.47505674026456424,0.16020198656273,4.580729405093039,100,100
ENSMUSG00000044080,0.5210877272212883,2.183980833328388,62.79551082873815,0.43158480807749516,0.6399529378630462,19.349187149762038,38.30643598592593,100,100
ENSMUSG00000044081,1.6951184992399486,434.6310646958758,1.0591007154072447,0.001,8.261088919025902,0.0010013871727466378,0.04376176787019171,100,100
ENSMUSG00000044083,0.14075781628561534,31.542118470092554,25.6181112902241,0.001,0.917786789479009,0.0654384274763738,95.46470732720252,100,100
ENSMUSG00000044086,0.001,62.31581250733508,1.0,0.001,0.001,0.0018557937021283731,0.1576766203029441,100,100
ENSMUSG00000044092,0.022041719978235123,21.688070125093073,24.18083888220609,0.001,7.383562573000321,0.0013211201707076649,44.78810137275556,100,100
ENSMUSG00000044098,0.06738744306382695,26.043874237618343,23.146204297404275,0.001,5.253178464895154,0.002497964998680076,93.59615980042426,100,100
ENSMUSG00000044103,0.001,57.20236353089962,1.0,0.001,0.001,0.001667613448293874,0.509819837756177,100,100
ENSMUSG00000044117,0.001,62.31581250733508,1.0,0.001,0.001,0.0017430758656463243,0.16690041393366864,100,100
ENSMUSG00000044122,0.06511774674644247,22.793455723291437,44.85714024089348,0.0012408413289240697,0.2892008022786973,0.3638837859911564,102.94222443746439,100,100
ENSMUSG00000044125,0.001,62.31581250733508,1.0,0.001,0.001,0.0018065763642427135,0.5617621140557805,100,100
ENSMUSG00000044134,0.21056919684189443,0.5474274879283411,2.4804940596334517,0.05317677987642038,0.6996552202070853,0.9709315180867975,30.637626528070882,100,100
ENSMUSG00000044139,0.881564516204355,212.83947995384116,1.0,0.001,4.134239415505926,0.001002738238352017,0.06974994055299949,100,100
ENSMUSG00000044145,0.3130413440516672,82.38217060073809,44.54721948840872,0.130300129296544,6.848956909127569,0.022351516219729486,1.730887663816417,100,100
ENSMUSG00000044147,0.10892224549276613,0.47562978631590613,7.483587820224182,0.018583716955002376,0.20901685975515133,5.0822691669616695,104.34262066213624,100,100
ENSMUSG00000044148,0.0809513257542766,0.13710083567892836,1.3776045039122857,0.001,0.8193807798316481,0.5900946651341437,1049.6774288582408,100,100
ENSMUSG00000044150,0.1530791086390233,0.5024795629349172,2.1724050290534827,0.001,0.48983135588931515,0.9412957520392029,783.2701568583018,100,100
ENSMUSG00000044155,1.0275234150014232,2.4323841424459487,12.699236962789548,0.6441862122294573,2.549562126289211,1.6686191974101312,10.761201453683423,100,100
ENSMUSG00000044162,0.17142657518099896,2.5854898024419506,1.0,0.04046238676631807,37.84892881214101,0.0013350478968482773,1.0387445768753065,100,100
ENSMUSG00000044164,0.001,62.31581250733508,1.0,0.001,0.001,0.001936318543207577,0.11510688841050228,100,100
ENSMUSG00000044165,0.001,66.84427540036525,1.0,0.001,0.001,0.0019785790135691053,0.1301712433118447,100,100
ENSMUSG00000044167,0.42103196936365567,88.21910920363595,168.8949900446144,0.06626646410388722,0.5870217511869241,1.3613094300613091,15.99016462121771,100,100
ENSMUSG00000044176,0.001,60.37820284006485,1.0,0.001,0.001,0.0015132007073968348,0.1698503047670236,100,100
ENSMUSG00000044177,1.8145822829794953,434.3402381094074,1.0,0.001,6.326319696952837,0.001149524638098887,0.05044625696050985,100,100
ENSMUSG00000044197,0.12134002600073174,20.176769975384286,42.51795917087606,0.001,0.2163200133173985,1.059865166895241,354.11858168841707,100,100
ENSMUSG00000044199,1.4794348014843814,357.52131026778807,1.0,0.001,8.265727541721759,0.0010000000000021055,0.09996384414929424,100,100
ENSMUSG00000044201,0.03292152915594709,0.5842147686753597,6.267775688479955,0.014407650772421537,0.09220973869657524,2.6599338665240744,27.452596666920016,100,100
ENSMUSG00000044211,39.5334620906974,0.001,3.5000720403391825,5.329684788609979,733.1776888446693,0.013976672557996218,4000.6352155768263,100,100
ENSMUSG00000044216,7.220527132891669,533.8221758167017,1.0,0.001,17.69341812987369,0.001,0.009347608183412896,100,100
ENSMUSG00000044221,0.245699629763726,0.4357311402359628,2.937954463840234,0.0014188109678207233,0.8975573318041152,1.3307639950784593,1713.2440574860311,100,100
ENSMUSG00000044224,0.10153870285525499,1.573233407730803,3.5592293245527418,0.01953145133876895,0.287007573278969,0.7482550513124802,11.677823649668106,100,100
ENSMUSG00000044229,0.41882723073556577,126.41044867645752,138.38506504927517,0.011523089540321703,0.9248113774047254,0.43422623571933444,401.8110666428657,100,100
ENSMUSG00000044231,0.021265847261739256,0.12020182289198779,1.0,0.00501529833287632,0.3760965091874213,0.22909814460320443,38.13331555427422,100,100
ENSMUSG00000044243,0.001,66.84427540036525,1.0,0.001,0.001,0.0018575613305768421,0.21173448283032464,100,100
ENSMUSG00000044244,32.27233995254588,834.9499300412505,1.0,2.285922832346624,47.71429933987412,0.0010939110757897416,0.008992472332970358,100,100
ENSMUSG00000044250,4.977457557427135,596.860366494375,1.0,0.001,17.935115613454045,0.0010125518642235955,0.013859497522451275,100,100
ENSMUSG00000044252,0.4938116677494069,1.1784288252283768,2.9559567341058646,0.1436811267763786,1.3586173819300025,0.5998539441364299,13.962577407574539,100,100
ENSMUSG00000044254,0.05739978062063267,1.5458707843639856,4.723211379118493,0.014047928748837035,0.16035971762354037,0.5083744889691959,11.60397190779047,100,100
ENSMUSG00000044258,0.05607850450480554,12.524073226091225,26.11053236485536,0.015286688394040465,0.19108978154287384,0.3519483538760116,6.869173019786121,100,100
ENSMUSG00000044276,3.338165727611042,807.3831051292377,1.0,0.001,4.369545959959561,0.0011368045043681795,0.03450944133774482,100,100
ENSMUSG00000044279,0.001,62.31581250733508,1.0,0.001,0.001,0.0016330324907563492,0.23838969199486404,100,100
ENSMUSG00000044285,nan,nan,nan,nan,nan,nan,nan,0,0
ENSMUSG00000044287,0.001,61.88525872635182,1.0,0.001,0.001,0.0015708244967227976,0.5116938158128248,100,100
ENSMUSG00000044288,4.880088569323934,570.645736190997,1.0042898605610915,0.001,12.938831414974842,0.001000000000000448,0.06479339226488735,100,100
ENSMUSG00000044294,0.0032350785990328318,8.872213359695397,22.833558585980445,0.001,0.13712394272734446,0.0016140199492158452,21.718880339935737,100,100
ENSMUSG00000044296,0.001,62.31581250733508,1.0,0.001,0.001,0.0020371704197153207,0.10182839881197234,100,100
ENSMUSG00000044303,1.295610549868223,557.8099900734824,2168.8534804861833,0.7419014048140098,2.3699879401253683,2.2979146380242454,10.856731708930493,100,100
ENSMUSG00000044306,0.001,62.31581250733508,1.0,0.001,0.001,0.0020253918240390827,0.24902844357201817,100,100
ENSMUSG00000044308,1.7193678140611166,5.499712121893568,11.270585319687237,0.7487216753516541,6.848473472691055,0.4119846947934529,7.2451678949779765,100,100
ENSMUSG00000044309,0.001,62.31581250733508,1.0,0.001,0.001,0.0019528017227061442,0.265154661138868,100,100
ENSMUSG00000044313,0.0240435684669499,23.05264787590743,31.57654802482306,0.001,5.23871512946585,0.0019610738444952483,40.081271231573055,100,100
ENSMUSG00000044317,0.001,62.31581250733508,1.0,0.001,0.001,0.0015214605611535929,0.44493723795006485,100,100
ENSMUSG00000044320,0.1565014557650049,1.708346443343652,2.7182044228998388,0.001,0.37146119079070905,0.6845739388487369,280.7401888334316,100,100
ENSMUSG00000044328,0.33513703275718626,0.4993271227302894,2.700997509451086,0.01959608620891837,1.1566669731179777,0.9411736954435976,236.9928205165135,100,100
ENSMUSG00000044330,1.418612632292428,245.1299611384982,498.60443830137444,0.8753142698868124,2.022890566127021,1.4414419508105643,4.899373929002508,100,100
ENSMUSG00000044337,0.38855678425937396,3.1759117023164323,126.20809723808816,0.30828786848132983,0.4782419988424926,28.37080522934717,56.30563776225897,100,100
ENSMUSG00000044339,0.345644359344519,0.6938343472429511,2.966750289798884,0.00830170177082536,0.8182386180225357,1.2115334939107107,268.24298880652987,100,100
ENSMUSG00000044340,0.2740229756473168,11.048914258614765,11.8199846822273,0.1511539282354486,0.8149720985762021,0.29231458220519446,2.1751863736929336,100,100
ENSMUSG00000044345,1.65038271112688,5.237468111586188,13.550297414029188,0.8669979428137708,4.9915364999227165,0.7045666726093305,6.8406893792254575,100,100
ENSMUSG00000044348,0.31946731761019653,0.9424627094174316,4.739518068339484,0.11891095869217383,0.6815155017249876,1.8662154254583139,16.58086563071522,100,100
ENSMUSG00000044349,0.007550315165492724,0.25137029199448896,8.09949778880829,0.001,4.268639524510737,0.002411804385191966,96.92076969665759,100,100
ENSMUSG00000044350,0.379268088623961,1.199583168668604,2.567001001045163,0.001,1.0988918684802031,0.6406881723763374,1166.7074034575903,100,100
ENSMUSG00000044352,0.001,62.31581250733508,1.0,0.001,0.001,0.0016125112726917785,0.2776906984765838,100,100
ENSMUSG00000044362,0.40269944626833715,59.42379847994836,11.663305966284609,0.10047839015227256,70.67319267123787,0.0010616931467648054,0.6853127585745753,100,100
ENSMUSG00000044364,0.001,61.88525872635182,1.0,0.001,0.001,0.001782152913362466,0.07989661178777638,100,100
ENSMUSG00000044367,0.023451065228108935,1.3914790130760533,9.6710463323298,0.001,0.09066379503332983,0.3656130946304824,159.28575407717966,100,100
ENSMUSG00000044377,0.014935158379482928,0.4049566859282273,3.381455812788942,0.001,1.8717937075748976,0.004755912970411181,150.98124812577876,100,100
ENSMUSG00000044390,0.0032222999488793987,9.242822517890364,24.54084500051924,0.001,0.0489184671282861,0.0032769785300856393,26.18722459390422,100,100
ENSMUSG00000044393,0.001,62.31581250733508,1.0,0.001,0.001,0.0017521157850436363,0.3621200697601527,100,100
ENSMUSG00000044408,2.7421861772920333,970.2892774050539,1763.860622480326,2.030299325683353,3.7745194346415536,1.3076007355713455,3.0338001168245277,100,100
ENSMUSG00000044433,0.001,66.84427540036525,1.0,0.001,0.0010000000000000009,0.001957205555417737,0.40937413772284487,100,100
ENSMUSG00000044442,0.9959464804034003,2.6289204791572955,4.380634465369464,0.3793463669408792,2.8795657845838374,0.42279766961443216,6.853432963734735,100,100
ENSMUSG00000044447,0.34354506188162814,0.527070468728756,2.458547795544072,0.014067279785994468,0.9861674057125391,1.3149790917940964,440.75506124907065,100,100
ENSMUSG00000044452,0.3044809104085538,0.841592289721553,2.5961931161356935,0.003658016643065304,0.8362935749977707,0.8929794739314266,365.5717403211123,100,100
ENSMUSG00000044456,0.14769855147549613,27.172073401681324,32.15350945537895,0.001,0.3040370192744166,0.5478535660954558,223.26170753326699,100,100
ENSMUSG00000044461,0.001,62.31581250733508,1.0,0.001,0.001,0.0015364444498695323,0.18071566698080965,100,100
ENSMUSG00000044465,0.51197305969033,1.272299583184213,5.735543919249701,0.18651196174213147,3.312407273505684,0.847859240333517,18.042012700427136,100,100
ENSMUSG00000044468,0.04454711174880197,23.368553777913423,17.357124242881856,0.001,26.88435498970399,0.001,8.933797516346715,100,100
ENSMUSG00000044469,7.392493542801711,890.2469956219006,1.0,0.001,16.460624108793354,0.0010000918774649122,0.01637875090968022,100,100
ENSMUSG00000044471,0.03975287036113485,19.333606272924168,10.223923573126816,0.001,16.44144404233145,0.0012908822021856252,11.75693021529671,100,100
ENSMUSG00000044475,0.0030250409976170945,0.006859891839749082,1.0049646646433052,0.001,0.5068070588127047,0.6152844972392535,510.4585093114615,100,100
ENSMUSG00000044477,4.571997143276066,131.06508388810153,344.5686424578964,2.938767390444346,8.697789755333964,1.3672374460261985,5.98482526474921,100,100
ENSMUSG00000044496,0.06421938986887678,0.056803071451547324,4.6618358756240355,0.0013375708981160504,0.3008053451379604,12.09503442414485,4118.98884088626,100,100
ENSMUSG00000044499,0.003366345032855473,9.92303674326363,23.582913446013148,0.001,0.04041652122261808,0.0027376709713659323,17.016412901290465,100,100
ENSMUSG00000044501,0.11461171395648911,18.131248985441587,9.632383918050063,0.001,1.4798110978420174,0.0017835055207918553,69.8865928907646,100,100
ENSMUSG00000044502,0.54992708941627,0.3337044069468032,2.5035243117646138,0.005087879473077261,3.116811835755434,0.4553559360459959,1861.462406493308,100,100
ENSMUSG00000044522,0.04667279726007378,0.7746307643415908,8.416103979339626,0.026775861340107968,0.09557483608072123,4.405710961876168,18.033177269064463,100,100
ENSMUSG00000044528,0.001,0.011194438935083807,1.3142759773129473,0.001,0.18630904651746485,0.31690532206499566,156.14615872834375,100,100
ENSMUSG00000044533,0.2788285202617038,6.752894551892637,174.496524161358,0.22351873748576334,0.36083372794876656,18.546710473950547,34.78900179894378,100,100
ENSMUSG00000044548,0.05962883127198349,0.9996625390576792,4.053870021027756,0.02010304632564903,0.15650506610712278,1.2671678487879356,15.937666158474585,100,100
ENSMUSG00000044550,0.005756639688935117,0.20554260926802273,4.415557629352977,0.001,0.28812449074786406,0.006210033170765374,75.62504516735615,100,100
ENSMUSG00000044551,0.19945727252765053,1.7311741464144172,4.132857832226512,0.001,0.27735327273151256,1.773313298700388,784.4723326976832,100,100
ENSMUSG00000044556,1.962277371549482,468.48058284406227,1.0,0.001,6.013583187317299,0.0010000000304632973,0.09197044067926918,100,100
ENSMUSG00000044562,0.001,62.31581250733508,1.0,0.001,0.001,0.001839827552675928,0.10382627614195455,100,100
ENSMUSG00000044566,0.3408342745853235,30.32481386405157,17.29232620105538,0.009748409237712067,0.8551974754495559,0.19892783101323275,41.837313703633434,100,100
ENSMUSG00000044573,0.047372194543111264,0.054260083717947154,14.489010502404271,0.001,0.3065983353421066,32.78938887474301,14211.827781332817,100,100
ENSMUSG00000044574,0.001,66.84427540036525,1.0,0.001,0.001,0.0015685107369523984,0.11534883910281307,100,100
ENSMUSG00000044576,0.0497477820457005,5.956639257727528,6.931499535240177,0.0070948168253275575,24.40149739343277,0.0011656617517830873,3.596100744826262,100,100
ENSMUSG00000044581,0.001,66.84427540036525,1.0,0.001,0.001,0.0020056015820316157,0.5321839818926735,100,100
ENSMUSG00000044583,0.001,62.31581250733508,1.0,0.001,0.001,0.0017419515057026233,0.14102263869357579,100,100
ENSMUSG00000044595,0.05398215636231346,18.87270898311368,26.474577098944856,0.001,0.3873218558941948,0.18647389838752448,71.9049016881795,100,100
ENSMUSG00000044600,0.08522940573078017,0.2776811438865661,11.956913876446865,0.001,0.13706862199762082,15.116604458555209,12046.611447508709,100,100
ENSMUSG00000044609,0.001,35.619679008188236,1.0,0.001,0.001,0.0024461369204695728,0.573386269072168,100,100
ENSMUSG00000044617,0.7393100555024492,29.61777510847584,14.61042428090715,0.014795533502669145,1.2737931189646226,0.28891842940664736,145.34829640691726,100,100
ENSMUSG00000044626,0.03684119911203659,19.736490095999798,25.21420695649425,0.001,11.134714380124139,0.0014209171347169534,64.04741171472048,100,100
ENSMUSG00000044628,0.1656588662673191,39.53920567850924,1.0,0.001,5.617528481609943,0.001107450038913329,0.039981061027307,100,100
ENSMUSG00000044629,0.5918519681243004,2.914029823783977,6.924190297779331,0.34893877680784513,1.037894226783856,1.1089004155522026,4.929333297423867,100,100
ENSMUSG00000044633,0.02346695840426162,20.09828862957804,14.619743443390366,0.001,8.310144829717776,0.001129516634030299,5.872505341332278,100,100
ENSMUSG00000044636,0.3025719871098551,7.278618389351614,4.15766063151402,0.06101940853675679,15.172421980196011,0.021735754017593017,3.289829343732487,100,100
ENSMUSG00000044641,1.6970461333486553,459.9652449219765,1.1753705144512985,0.001,5.026469156026013,0.001016817313027768,0.049744187477472314,100,100
ENSMUSG00000044646,0.15202329834950198,2.2632963756636557,6.021464816429907,0.05394353262842211,0.30110733389477706,1.0797106886481074,7.062126213617333,100,100
ENSMUSG00000044647,0.001,62.31581250733508,1.0,0.001,0.001,0.0017605211156298051,0.24522598542106933,100,100
ENSMUSG00000044664,0.001,62.31581250733508,1.0,0.001,0.001,0.0017683836138824845,0.10393314040036858,100,100
ENSMUSG00000044667,0.005451745595235379,1.4936537050384142,20.9962452846211,0.001,21.108016829107132,0.001,0.03327966170454113,100,100
ENSMUSG00000044674,1.1111099229385875,114.27106960345726,699.9338228576917,0.7008445414356446,1.4831935388848159,4.587527496102035,12.92749639823773,100,100
ENSMUSG00000044676,0.02588847088115811,0.721811307656845,2.6327792792044793,0.001,0.25389876935800804,0.03174018596129349,98.20356401363688,100,100
ENSMUSG00000044678,0.001,60.80878088638715,1.0,0.001,0.001,0.0019193677063227518,0.1604471018294308,100,100
ENSMUSG00000044694,0.040706291247878466,19.76639210936361,10.426170715070555,0.001,10.63953395728879,0.0013717656481390364,15.142653979803821,100,100
ENSMUSG00000044700,0.9310344496430745,23.00608948757616,25.478889189327248,0.13025452850795669,1.2580313562759318,0.769695920245941,16.339351020049495,100,100
ENSMUSG00000044702,0.05763606318796039,18.199650816268637,14.351790169950158,0.001,0.46439552504584264,0.0026149675828144054,67.4314385190709,100,100
ENSMUSG00000044707,0.001,66.84427540036525,1.0,0.001,0.001,0.0019217286292311868,0.2245681327491009,100,100
ENSMUSG00000044708,0.001,62.31581250733508,1.0,0.001,0.0010000000000000009,0.0017534406412753898,0.31002501612048644,100,100
ENSMUSG00000044709,1.118683775716125,3.2818131494545093,11.026830837007061,0.8305571294519325,3.1188683208460155,1.024717541678183,5.154350393665843,100,100
ENSMUSG00000044712,0.5247322972062032,1.16205781446747,8.351888473595068,0.2739724051399236,1.4715717619673179,2.290592345326563,18.22539014426146,100,100
ENSMUSG00000044715,1.0280297705569001,0.918896712672908,7.2893379141499,0.5370935116877256,2.9451342046444196,1.329382806992765,24.40053715816459,100,100
ENSMUSG00000044716,0.001,62.31581250733508,1.0,0.001,0.001,0.00182681866282558,0.22489237578661686,100,100
ENSMUSG00000044719,1.934364854771269,463.7482684073294,1.0,0.001,6.32419653157041,0.0012299323932690276,0.06305105473594204,100,100
ENSMUSG00000044726,0.001,62.31581250733508,1.0,0.001,0.001,0.0018729658643224937,0.23297269306000387,100,100
ENSMUSG00000044730,0.5048779452697598,0.909820157987698,3.078287238932016,0.07065979778878,1.4143309363134613,0.7379499171749531,41.76097207558852,100,100
ENSMUSG00000044734,0.23679205927284502,70.81871326934728,478.77892275313275,0.1664117384290823,0.34922110588862276,4.209106159927648,10.276886528189737,100,100
ENSMUSG00000044737,0.001,66.84427540036525,1.0,0.001,0.0010000000000000005,0.00215993347767166,0.6046303429554039,100,100
ENSMUSG00000044749,5.321375212435887,644.9428022946706,1.0186079530837777,0.001,14.027715448140816,0.0010003785906084407,0.014337672529213058,100,100
ENSMUSG00000044751,1.1375455780060626,32.16514535697701,2.229110988088239,0.10544319122683227,72.0530049401859,0.0011042908337264867,0.4200123544942648,100,100
ENSMUSG00000044763,1.295619136225944,12.139726472762618,25.823507162041174,0.8602468228938458,1.986706804005096,1.1956502974203023,4.463310815710006,100,100
ENSMUSG00000044768,0.22518688247044166,0.38373640364111894,4.206204792989131,0.12292967254482148,0.44731179782961084,4.030000476169284,23.93306223265692,100,100
ENSMUSG00000044770,0.02269394709521456,20.72312281623008,15.070508682827503,0.001,12.566120066865285,0.001024850194605381,26.42512118419781,100,100
ENSMUSG00000044783,1.9981336277346644,412.876246509543,1760.359524139903,1.654958532217408,3.796710999082568,2.271463322574383,5.741621251866359,100,100
ENSMUSG00000044786,0.6721996453997011,66.59623960332335,212.61977715807774,0.39546700481023134,0.8624348319508642,2.3491326409661926,6.492310194564713,100,100
ENSMUSG00000044788,0.04769798202790298,3.612171072382917,4.1421810297082535,0.001,28.45826521265621,0.0010842865448401193,8.415323258287852,100,100
ENSMUSG00000044791,0.11045790407461739,0.04579952737418273,2.0672956674665106,0.004576609817336162,2.4761571531100928,0.6558131290214051,1659.319724545818,100,100
ENSMUSG00000044792,0.14315622038774584,0.3395070989128296,6.614259929516402,0.06572114213630127,0.23226521480932305,10.492937977334819,40.77932858795876,100,100
ENSMUSG00000044795,0.2662135209089556,0.7472276063752095,9.269824031402992,0.07885225649485217,0.4243463572287843,6.023347669130537,46.38455695950232,100,100
ENSMUSG00000044807,0.20502747599462634,1.0473757494616909,2.9617189239171315,0.013186383047762887,0.5254287544209855,0.9203405100912277,65.20193507717389,100,100
ENSMUSG00000044811,0.001,62.31581250733508,1.0,0.001,0.001,0.0018779875566024551,0.06906174508656138,100,100
ENSMUSG00000044813,0.1425481250051191,1.1217703746985137,4.251512049591607,0.001,0.24346127674531237,2.3269422576804826,793.0291286650374,100,100
ENSMUSG00000044814,0.001,62.31581250733508,1.0,0.001,0.001,0.0018362587236099375,0.4110928351981213,100,100
ENSMUSG00000044816,2.961200185399535,721.6290393901162,1.0064427689282454,0.001,8.31561820990208,0.0010000000000874914,0.07649454175397119,100,100
ENSMUSG00000044819,0.001,62.31581250733508,1.0,0.001,0.001,0.0016894280367507485,0.07283232207103002,100,100
ENSMUSG00000044820,0.001,61.674132606755,1.0,0.001,0.0010000000000000005,0.0019069134568968041,0.14741284258324408,100,100
ENSMUSG00000044827,0.017394061512043073,0.44584864190377427,1.0,0.001,13.22402725987733,0.0016423789686541776,41.543741526253825,100,100
ENSMUSG00000044847,0.166270958404679,1.1282996758062793,2.411083795835596,0.020806551260132023,0.5261050403121479,0.5812083427316679,18.918636352562686,100,100
ENSMUSG00000044854,22.648058247803434,1000.0,1.1288485585475352,0.001,32.91954130321046,0.0010000000000591038,0.009396080162445175,100,100
ENSMUSG00000044857,1.7931961231031595,2.9960612500807624,9.571342187520205,0.8379710070613605,5.7126915158933,0.6461003910240524,12.179190501972055,100,100
ENSMUSG00000044864,1.0354680620984504,4.919607699203051,28.74853778691145,0.37112895858990186,1.7088986419209211,2.9694950685037482,33.2160661073619,100,100
ENSMUSG00000044876,1.4287774619044404,63.839550956844626,65.03918772481164,0.4066907772684074,2.1586104208992327,0.6586814258794285,6.787859350239547,100,100
ENSMUSG00000044881,0.7242614787729216,1.4364109204388158,4.966159846082803,0.24116319997876107,1.5044312066117569,1.2986556277736132,12.219977220939786,100,100
ENSMUSG00000044894,0.031180915796167538,0.028130814575638603,69.59380554791095,0.001,0.001,0.01768339687894696,1.8038120073914663,100,100
ENSMUSG00000044906,0.42586344676695387,1.8163033287406598,3.349828103758989,0.06213428700818431,0.6999515413751688,0.9637569229322505,19.186813843226105,100,100
ENSMUSG00000044912,0.001,66.84427540036525,1.0,0.001,0.001,0.001996267359514367,0.11827563040621511,100,100
ENSMUSG00000044916,0.11774354799146312,17.751261688590123,7.650425715871502,0.0039785139947787,25.186034808842535,0.0011663137633196941,6.311145240225493,100,100
ENSMUSG00000044927,0.005189822411709276,15.763826141940314,61.574389696431275,0.001,0.10207520455122934,0.002191403442476364,26.106523709814386,100,100
ENSMUSG00000044933,0.001,62.31581250733508,1.0,0.001,0.001,0.0016913147244068095,0.07751497352862911,100,100
ENSMUSG00000044934,0.13020054799572153,27.47798803410963,24.269081651285717,0.001,0.5976350331155582,0.006227293594289299,24.239949327995873,100,100
ENSMUSG00000044937,0.024829449170812715,0.5313014586726748,1.8593816331778477,0.001,0.3131155877192744,0.04294001342409444,63.79920476515918,100,100
ENSMUSG00000044938,0.001,62.31581250733508,1.0,0.001,0.001,0.0017048340571070532,0.3939764507106541,100,100
ENSMUSG00000044948,0.5373026182832268,1.1319533337147254,2.9283899385530034,0.2172606908655009,1.2688196193849581,0.7727128598232345,8.003572074930599,100,100
ENSMUSG00000044949,0.0019481266614264025,0.0055545039670187105,1.0047340187611509,0.001,0.3338744151456009,0.7962051237762005,450.2386548769256,100,100
ENSMUSG00000044950,0.013374697102814545,0.10563984445288647,1.8744564531865904,0.001,0.16409309858272514,1.1938711746462016,276.85253679311813,100,100
ENSMUSG00000044952,0.6227356358888805,10.81373877245576,9.86543883727212,0.03936433731342039,1.2454969354309637,0.40038976680069105,158.3874724392526,100,100
ENSMUSG00000044957,0.060855119664514436,18.743362628234387,7.684505025258765,0.001,16.393784557286068,0.0010799916093583552,2.578751944579492,100,100
ENSMUSG00000044966,0.005160854607334062,19.066057462659614,76.21972488301871,0.001,4.082971871326131,0.0013579110219784677,22.50583301722886,100,100
ENSMUSG00000044968,0.19650909689348323,17.607302494227753,5.2611449699827055,0.001,33.593641487105195,0.0011637695919768619,1.1605147211573568,100,100
ENSMUSG00000044976,0.001,62.31581250733508,1.0,0.001,0.001,0.0020640708038461453,0.2434342021352262,100,100
ENSMUSG00000044982,0.06427691874632077,3.872851564561348,2.665289907821728,0.001,15.76669087328643,0.0013977183987118503,45.590900073226294,100,100
ENSMUSG00000044986,0.40307528275252635,30.499020677024998,23.27313129639881,0.21813590929147902,0.9963831381989908,0.25427068507620476,1.6322528018219424,100,100
ENSMUSG00000044991,1.906690569436447,35.13784594492745,9.348920091847171,0.6977141171272225,279.61569365422343,0.002552787334521408,1.1219179348946082,100,100
ENSMUSG00000044997,0.001,61.88525872635182,1.0,0.001,0.001,0.0015598234380261437,0.2895292702029376,100,100
ENSMUSG00000045004,0.001,61.024058264401226,1.0,0.001,0.0010000000000000005,0.0015339787977048224,0.10781888953227416,100,100
ENSMUSG00000045005,0.20220690985427536,28.695489055087968,25.167210961586186,0.07420713801191875,1.0292217069407759,0.07125531438148283,2.358351883656925,100,100
ENSMUSG00000045007,0.07036834388320297,0.2420603371947174,1.3147776746922644,0.0014762748946589017,0.44736665191458325,0.5786585591586868,270.8623617334391,100,100
ENSMUSG00000045009,0.6437621963837976,154.64850262092747,1.0,0.001,12.910946227016716,0.00100605073187578,0.10943343072580886,100,100
ENSMUSG00000045019,0.001,62.31581250733508,1.0,0.001,0.001,0.0016080436619090059,0.10713738566571042,100,100
ENSMUSG00000045027,17.276485592713257,1000.0,1.002254402817815,0.001,24.23991921875723,0.001,0.011274021773031313,100,100
ENSMUSG00000045031,0.6707162638367795,16.295533795847476,20.896849734231584,0.36565870393258254,0.9802448905573431,0.834615467301409,2.83574154393422,100,100
ENSMUSG00000045034,1.4275905501715376,345.13246017114864,1.0,0.001,7.986257782794077,0.001000011451094768,0.12733353598953473,100,100
ENSMUSG00000045036,0.001,62.31581250733508,1.0,0.001,0.001,0.0019685623412517106,0.17341172497769253,100,100
ENSMUSG00000045038,0.3726349273604005,1.857692889476038,3.1097073114785347,0.014982862662059353,1.2275758166165618,0.42900202199002935,441.51988020552085,100,100
ENSMUSG00000045039,3.61218474129975,234.08935979716765,394.5684851550509,2.107100319978107,5.196460033541326,1.2143265432153658,4.309704401723204,100,100
ENSMUSG00000045045,0.17164982035080806,0.2810591897473567,3.1394631346094894,0.009221282901122747,0.4613651451812142,2.9717783706950343,843.1955555505351,100,100
ENSMUSG00000045055,nan,nan,nan,nan,nan,nan,nan,0,0
ENSMUSG00000045062,0.02407088568755843,16.32316266032453,77.56918869205442,0.001,0.22359060831065536,0.2939403259963539,130.28728079022318,100,100
ENSMUSG00000045064,39.64230311624252,650.6161242413558,1.0031735132161534,5.5856903500622455,72.89541169238808,0.0010570549161297458,0.00879844060129675,100,100
ENSMUSG00000045065,0.001,62.31581250733508,1.0,0.001,0.0010000000000000009,0.0015894176273481369,0.08980833890060388,100,100
ENSMUSG00000045071,0.15600858733287093,3.198694633482544,5.2139836420796755,0.010447392642940437,0.3683203365723353,0.5017526083054553,13.06539778338888,100,100
ENSMUSG00000045078,1.4821656865121522,4.410578106621429,10.299112326646954,0.4467603949800278,2.708444263034698,1.024427757606968,18.595993292609887,100,100
ENSMUSG00000045083,0.001,61.88525872635182,1.0,0.001,0.001,0.0018989983663805932,0.18300510558124358,100,100
ENSMUSG00000045087,0.001,66.84427540036525,1.0,0.001,0.0010000000000000005,0.0018747157051696812,0.18223990122200948,100,100
ENSMUSG00000045092,0.24726399262514512,15.154888851661457,63.25376535564652,0.1658662381937535,0.3405820513009477,2.6625556543341045,6.753393910600025,100,100
ENSMUSG00000045094,1.457749481852015,407.6017385509011,1.170393506276041,0.001,8.188155635374233,0.001000000000005977,0.06621382215765506,100,100
ENSMUSG00000045095,0.24759300254723068,21.999215431595232,34.57925335449686,0.0093733700160562,0.38523050577594564,0.9800845037934701,112.21584172490041,100,100
ENSMUSG00000045098,0.8926839473291149,3.0842725969354814,5.6488871576073585,0.0017102488987853998,1.2383022920575943,1.2867359528786515,2112.283181009734,100,100
ENSMUSG00000045100,0.10186697217708783,0.16626303450903837,1.5090041443229956,0.001,0.8062527928922458,0.7659536169526217,1031.4070147805044,100,100
ENSMUSG00000045102,23.745142744890178,688.0748764842621,1.0,1.4327382277314413,37.89060968725764,0.0010040105530010346,0.009035656298741743,100,100
ENSMUSG00000045103,0.12347725934633215,4.951219426127466,7.235251062244536,0.001,0.35743281884549777,0.37506792582976656,234.4360608552172,100,100
ENSMUSG00000045104,0.001,55.211205258015816,1.0,0.001,0.001,0.002329483594155767,0.1650707637739101,100,100
ENSMUSG00000045106,0.001,56.71823759891341,1.0,0.001,0.001,0.001881801520876214,0.07439009894242407,100,100
ENSMUSG00000045107,0.09355505116868974,0.18065411153030686,1.8462737916103744,0.001,0.6357747167616847,0.9767390534739924,1203.5240808450062,100,100
ENSMUSG00000045114,0.001,62.31581250733508,1.0,0.001,0.001,0.002033055942797766,0.4105819252358712,100,100
ENSMUSG00000045128,0.1329457585248072,0.3966154869418941,551.1528906798771,0.001,0.001,0.008326261254325977,1034.2149023311795,100,100
ENSMUSG00000045136,0.25498891925106654,2.0570815966894416,31.103797996045397,0.17516438108729177,0.34601362287011395,10.667890314961298,22.297843690619505,100,100
ENSMUSG00000045140,0.38060695678620926,22.48396325993297,36.2794498572127,0.002882078722070172,0.5640283392081364,1.0220709914996697,438.1960165686208,100,100
ENSMUSG00000045160,2.4022338379332693,147.87774431730966,189.4648430330993,0.604897806562843,3.460958921554429,0.8863903007704153,17.36901511273678,100,100
ENSMUSG00000045165,0.001,62.31581250733508,1.0,0.001,0.001,0.0017790873361628852,0.17711272441561463,100,100
ENSMUSG00000045176,0.6920086337514595,2.062740930865497,5.88070711508044,0.31847261351088935,1.3033796017750925,1.1513763906697432,8.723893650812652,100,100
ENSMUSG00000045180,0.1910933344455577,29.817622054667204,22.605889689547634,0.0023879095254582257,0.4640832779537165,0.3361247952609713,106.26510556830726,100,100
ENSMUSG00000045193,0.31895929943294643,0.47797756582879186,3.1202967903748924,0.08749532529734064,0.793629953277206,1.9090373744307985,32.53171709348889,100,100
ENSMUSG00000045205,0.2900045916108946,0.7046578155974643,4.85723652435154,0.1400222901328341,0.44179258362966484,3.969858694435601,18.782407166591383,100,100
ENSMUSG00000045210,0.3125635655071322,3.2118249632224947,11.59200223872605,0.009455920555160115,0.569427664755733,1.9073677623274115,175.35122333721066,100,100
ENSMUSG00000045211,0.10750108635501969,0.1399291952249848,4.897607731074186,0.00355971035228824,0.41679282275653884,5.791660476631469,1933.0685057570997,100,100
ENSMUSG00000045215,0.001,62.31581250733508,1.0,0.001,0.0010000000000000005,0.0019144401785617668,0.4355319425462387,100,100
ENSMUSG00000045216,0.2678831123882754,0.45768258464396816,3.054834264708499,0.042264050460224745,0.7596352069908756,1.5088835817875008,60.00504936787785,100,100
ENSMUSG00000045231,0.001,62.31581250733508,1.0,0.001,0.001,0.0019344696437819378,0.22938789744106633,100,100
ENSMUSG00000045232,0.001,62.31581250733508,1.0,0.001,0.001,0.0018487007540448856,0.5538798406165154,100,100
ENSMUSG00000045237,0.3774558991311039,1.7808813950523896,24.116598691495938,0.2266537278896507,0.49690418998707653,10.660593020414069,25.24122097961039,100,100
ENSMUSG00000045246,0.001,62.31581250733508,1.0,0.001,0.001,0.0015170464995000247,0.3945712411748431,100,100
ENSMUSG00000045248,0.001,23.993938845402674,1.0,0.001,0.0010000000000000005,0.0036835998695656184,0.5909719969432772,100,100
ENSMUSG00000045251,0.001,22.056311928193416,1.0,0.001,0.001,0.005426460012526402,0.6697359643606272,100,100
ENSMUSG00000045252,0.001152016548921734,0.0010048016950315727,1.0000001404961596,0.001,1.4925934168835617,0.36041350983566733,1068.4624059146602,100,100
ENSMUSG00000045257,0.15749602313971803,0.25012723396353864,3.945077411530624,0.016548336385235958,0.36029087318829534,5.891834878920312,220.03502017989854,100,100
ENSMUSG00000045259,0.02345766268581356,19.90643088530835,14.486026595643668,0.001,9.493905705066092,0.0010064180755703315,16.945057147821665,100,100
ENSMUSG00000045268,0.5979017659931033,14.810056979585259,11.792886316793522,0.06336722132403808,1.4351086087194505,0.29687202191775935,153.55661938405103,100,100
ENSMUSG00000045273,0.05793957898873509,0.6520359516380121,2.2527532754697344,0.001,0.21469055975110524,0.5454870045652473,259.35483270786693,100,100
ENSMUSG00000045275,0.03447040509641607,20.653042605291695,17.88165522853743,0.001,6.949251492780538,0.0014264684216878263,41.831709213871434,100,100
ENSMUSG00000045281,0.001,62.31581250733508,1.0,0.001,0.0010000000000000005,0.0018330678874380973,0.1557768381514088,100,100
ENSMUSG00000045282,0.08787561527634018,2.09774136805872,3.8005256519565846,0.026813186584695493,0.7493562068178157,0.04217307862572188,4.087750772318209,100,100
ENSMUSG00000045284,0.001,61.674132606755,1.0,0.001,0.001,0.0019909602388064065,0.08952552772682043,100,100
ENSMUSG00000045287,0.11538666863713017,0.7505078845673243,3.1244047354614652,0.03344027068229603,0.31799390971349417,1.2105441005326527,18.957678990302036,100,100
ENSMUSG00000045291,0.001,62.31581250733508,1.0,0.001,0.001,0.0015560521308917194,0.3596111489260842,100,100
ENSMUSG00000045294,0.738617623882423,8.189577489689501,38.17252325289435,0.5383670314105291,0.9897248510366345,2.9563069507362068,8.174207967085984,100,100
ENSMUSG00000045302,1.7848610332231998,4.650241923766509,11.59464624026473,1.1047758841650137,3.535547937792713,0.9177447805748231,5.383292659182363,100,100
ENSMUSG00000045312,1.8671309674482008,25.839578167105714,255.71943084927415,1.3695716349609293,7.333937841534304,2.9058244098485053,16.544118501365222,100,100
ENSMUSG00000045314,0.001,66.84427540036525,1.0,0.001,0.001,0.0015963708025904743,0.24390972699126168,100,100
ENSMUSG00000045316,0.3968457654999216,18.75265110029075,31.37503352352517,0.001,0.5577153667752124,1.1524374273345845,814.9293933270269,100,100
ENSMUSG00000045319,21.019029717918162,999.9991836217308,1.0,0.9182262804332959,32.17219677625742,0.0010000000000744604,0.0063717687502404105,100,100
ENSMUSG00000045322,2.2386239439353877,560.8732842949564,1.0391422282568814,0.001,7.871836170704661,0.0013848935334055588,0.09034364441332804,100,100
ENSMUSG00000045326,0.0018168589554528793,6.76829626502163,56.67532425057308,0.001,0.041336324531619506,0.0020476588382559663,88.34534427020446,100,100
ENSMUSG00000045327,1.668119918256059,388.17609993454187,1.0,0.001,5.1422662273844555,0.0010758162543880413,0.09958636974635678,100,100
ENSMUSG00000045328,0.03309242635463515,1.1922353705211033,6.879666778511405,0.0014517079177837969,0.16051592103815396,0.4320487167646453,23.956317032752317,100,100
ENSMUSG00000045330,0.001,62.31581250733508,1.0,0.001,0.001,0.00158293832287301,0.13403760176531473,100,100
ENSMUSG00000045333,0.044041925626229564,18.09892784363723,27.18038638656913,0.001,0.20456027333213517,0.22867778093955388,111.3995196791388,100,100
ENSMUSG00000045345,0.001,60.60768216058454,1.0,0.001,0.001,0.0017561458423896192,0.23304052435979028,100,100
ENSMUSG00000045348,0.012226475410947908,15.159542922385334,37.313245337481305,0.001,2.040858218130481,0.0019360320148767314,47.20859301338564,100,100
ENSMUSG00000045349,21.929133253080852,999.9999999955087,1.1620781148595103,0.05963659673255223,33.00614721233154,0.0010000000000015645,0.009019414857270423,100,100
ENSMUSG00000045350,0.001,62.31581250733508,1.0,0.001,0.001,0.0017944546602655848,0.5143816719227269,100,100
ENSMUSG00000045362,0.020246026924286162,1.7017206751792553,22.342460944995075,0.0044176343525093266,0.08455134747072394,1.0602320177546547,34.85150561180129,100,100
ENSMUSG00000045374,0.9456282440917331,2.2929003295386856,5.478745706539904,0.21830847370922554,2.409739933771653,0.7206349309023192,20.998980952480803,100,100
ENSMUSG00000045377,4.319151784725701,1000.0,1.0288124922648778,0.001,5.7133898264622385,0.001000002722428742,0.23804298991473735,100,100
ENSMUSG00000045378,0.001,62.31581250733508,1.0,0.001,0.001,0.001436966640038732,0.09668379717695842,100,100
ENSMUSG00000045382,0.001,62.31581250733508,1.0,0.001,0.001,0.0017212192064757184,0.18282368942205665,100,100
ENSMUSG00000045391,0.001,62.31581250733508,1.0,0.001,0.001,0.0018156134012568483,0.7251565236996511,100,100
ENSMUSG00000045394,8.302982963932156,1000.0,1.0,0.001,18.949700956170325,0.001000000001698872,0.022732707424833305,100,100
ENSMUSG00000045404,0.001,0.05063019930391,4.44470953063566,0.001,0.05183496595799082,0.0035293793531361046,124.9158451056255,100,100
ENSMUSG00000045409,0.02707951478692727,0.06496650839027988,3.223643713314482,0.001,0.2966372828481014,2.7347727797575816,1718.4179319952473,100,100
ENSMUSG00000045410,0.05533044331337062,0.03520167628314074,2.140430499335122,0.0017440386052145543,1.2990731692914521,1.0510927136497306,1985.9954976155273,100,100
ENSMUSG00000045411,0.8499717858288757,2.3895208525865352,12.494768390638871,0.5122204411264925,1.63883965979583,2.0230029871566684,10.3297262124616,100,100
ENSMUSG00000045414,0.6221645844987393,151.7969228919316,287.1319402826229,0.28351876076161525,0.7872596818223501,1.4543127318657123,5.804545233806156,100,100
ENSMUSG00000045427,0.001,0.001,8.000041929975822,0.001,94.71106562292718,0.3471790798832882,8000.727039201065,100,100
ENSMUSG00000045435,0.282992441520869,0.7079276715863909,3.979671887459922,0.02844363519727739,0.6025074069765559,1.9926641791056472,79.09457996493381,100,100
ENSMUSG00000045438,1.6953128552421695,5.000140651411641,12.597592203012457,0.7634481643053427,3.434521242491014,0.9751812030976357,10.74451092827285,100,100
ENSMUSG00000045440,0.001,62.31581250733508,1.0,0.001,0.001,0.001814876079352783,0.2705127829700616,100,100
ENSMUSG00000045441,0.01090221267453676,19.37151636609081,22.107894413862695,0.001,4.12482609959123,0.0014078339999541085,17.015566883936543,100,100
ENSMUSG00000045464,0.46591284151547385,27.403366079521085,26.03441816014183,0.001,0.8027512786555171,0.5362818560125311,940.1733515577212,100,100
ENSMUSG00000045466,0.5005764972414465,13.960765792520812,3.8690032514118875,0.10284524802724945,7.6952309824515,0.006131975864763639,1.0545482704571003,100,100
ENSMUSG00000045467,10.438924042679353,599.7230242075227,1.0,0.001,27.902587991468963,0.0010000000000107384,0.011203505750093263,100,100
ENSMUSG00000045471,0.001,66.84427540036525,1.0,0.001,0.001,0.001719791649951951,0.1505834704804587,100,100
ENSMUSG00000045482,1.5292031809021729,4.506535736405604,12.039367417619061,0.9439518712954321,3.1471656485034103,0.9551995340165487,6.298645519036669,100,100
ENSMUSG00000045493,0.001,62.31581250733508,1.0,0.001,0.001,0.0015135182758988718,0.44173697487209546,100,100
ENSMUSG00000045498,8.588093848069228,1000.0,1.0,0.001,15.586494679906297,0.0010000000000000065,0.032809183974269844,100,100
ENSMUSG00000045503,2.4455417592790267,103.2853137652407,112.08310593466132,0.7083300351418393,4.14784090599342,0.6718323468403415,12.053698181621032,100,100
ENSMUSG00000045506,20.20888068349304,675.02432612926,1.0,0.001,39.46897155429144,0.0010000000000149438,0.009049232528800914,100,100
ENSMUSG00000045519,0.9916678835610345,8.691941426953,9.122598962758719,0.46761447200332384,1.7535501125704753,0.5330622384431873,3.031037817728758,100,100
ENSMUSG00000045521,0.001,62.31581250733508,1.0,0.001,0.001,0.0016903337936772385,0.31393549690971584,100,100
ENSMUSG00000045532,0.001,62.31581250733508,1.0,0.001,0.0010000000000000009,0.0018924728748851058,0.43091141660429155,100,100
ENSMUSG00000045538,0.19543975179458747,19.54384300761147,29.933225336589583,0.001,0.28332787931029424,0.8822662995823549,429.21471865885053,100,100
ENSMUSG00000045545,0.001,62.31581250733508,1.0,0.001,0.001,0.0022454759358650576,0.09686062603556063,100,100
ENSMUSG00000045551,0.001,62.31581250733508,1.0,0.001,0.0010000000000000005,0.0016312214752302284,0.1465611361200378,100,100
ENSMUSG00000045555,0.18506366862451945,17.680344505679887,6.861054521657878,0.011297057902215076,27.29432728324248,0.002146748368714768,2.1527512649604654,100,100
ENSMUSG00000045573,0.05090248358691848,28.37833962147669,883.2991985358354,0.03052116318195198,0.12239088874339393,3.8624969464248453,74.73677903794382,100,100
ENSMUSG00000045576,0.48679620205361085,1.1298381888716533,4.455979177103996,0.18526060711481962,0.8533931308597502,1.9830814486475807,18.12104707486023,100,100
ENSMUSG00000045589,1.827408594187776,433.33200259696997,1.0,0.001,5.308893241704441,0.0013810552021666935,0.15655032867399987,100,100
ENSMUSG00000045594,2.5932547813024063,10.52416370165413,92.47350425892881,1.8705581908543174,6.965535528465544,2.547801288576089,16.001990792405152,100,100
ENSMUSG00000045598,0.3165394233783356,0.4470419023343136,2.440845435948693,0.0022422112794683864,1.1707813173505404,0.9087920765212674,1417.5829073000245,100,100
ENSMUSG00000045608,0.001,62.31581250733508,1.0,0.001,0.001,0.001603200767598722,0.2144701015576008,100,100
ENSMUSG00000045613,0.001,62.31581250733508,1.0,0.001,0.001,0.0017602837050901695,0.845486392186882,100,100
ENSMUSG00000045620,0.001,62.31581250733508,1.0,0.001,0.001,0.001597284223933483,0.1959747567081544,100,100
ENSMUSG00000045624,0.8374739917862791,3.8866878847792257,9.024977689711303,0.36115313798439447,1.4440300061282265,1.103666201393559,7.648230211162701,100,100
ENSMUSG00000045625,0.001,62.31581250733508,1.0,0.001,0.001,0.002081548509005624,0.15687309487717005,100,100
ENSMUSG00000045629,0.042174749565224344,3.903821130840566,7.4766274381928834,0.001593960491603551,16.022056952836977,0.0013279188182208157,11.261485973059816,100,100
ENSMUSG00000045631,1.4794348014843814,357.52131026778807,1.0,0.001,4.677685568072215,0.0010672261811360472,0.03594125607539153,100,100
ENSMUSG00000045636,1.100263631092581,6.8007095144355025,15.020800206221343,0.7523727286862811,1.8035335623641036,1.2182545959653504,4.082221680474218,100,100
ENSMUSG00000045639,0.05994044118477031,0.17733762391317326,2.949294646147565,0.001,0.2736386502077108,2.3693164134697096,1084.0089235227867,100,100
ENSMUSG00000045657,0.001,61.45463549419866,1.0,0.001,0.0010000000000000009,0.0017095611232369775,0.20948367445543553,100,100
ENSMUSG00000045658,0.6294952290736754,4.493513067860642,16.68767283048663,0.3982103628370297,0.9632739723095827,2.092722349609975,7.696811166482113,100,100
ENSMUSG00000045659,0.02269330753953926,20.706433825368446,15.059546969725057,0.001,9.372952483673515,0.0011363662118889922,22.348150219680818,100,100
ENSMUSG00000045662,0.001,66.84427540036525,1.0,0.001,0.0010000000000000005,0.001616877921731694,0.2036715757961473,100,100
ENSMUSG00000045664,0.34655993729971574,8.845305446375807,36.25885017641258,0.23521131212022134,0.4792598721022258,2.5360849899029,7.126154493959295,100,100
ENSMUSG00000045665,2.513041746365307,50.22153722152768,67.40787228294198,0.800353631451117,3.896744896929637,0.8071863432444041,10.896459015427336,100,100
ENSMUSG00000045667,0.001,66.84427540036525,1.0,0.001,0.001,0.0013702750025364526,0.11526231221469622,100,100
ENSMUSG00000045671,1.3348110024173163,1.2458362008375006,5.66202710336196,0.6133137264674549,3.4417574495307717,1.1053890161384028,17.86236453324316,100,100
ENSMUSG00000045672,0.1618634943383469,2.921145247950136,12.767311590155423,0.08392575340116906,0.2542709295705679,2.4307725420336412,10.11950815633965,100,100
ENSMUSG00000045679,0.4923355111548161,100.86888400307564,196.67651360009978,0.2615467240058885,0.6285743116080169,1.3903934561182871,4.303984705679527,100,100
ENSMUSG00000045690,0.031913208011093104,0.04878856052673125,7.848616248744694,0.001,0.0996473195024487,39.017701003003914,6284.461068791864,100,100
ENSMUSG00000045691,0.3191015083571692,26.989378877527674,22.825467827750014,0.011499361432734416,0.7065972738856122,0.3477999089102297,41.34883229290767,100,100
ENSMUSG00000045694,0.25196882036947055,17.651064416030128,3.351122228448613,0.001,47.01601852474804,0.0010785557687263895,0.9007767806909377,100,100
ENSMUSG00000045709,0.001,62.31581250733508,1.0,0.001,0.001,0.0016821117500994,0.2012398459328966,100,100
ENSMUSG00000045725,0.006674900858813358,18.48966789864792,44.630442751709474,0.001,0.23502034982199427,0.0016935335861438063,29.793096264570174,100,100
ENSMUSG00000045730,0.18079490808431395,11.26724361611607,4.504348735697292,0.01768638523350112,17.422175167083253,0.0018589087763045795,3.196088519574112,100,100
ENSMUSG00000045733,0.003198908387085948,9.479116397141851,24.04844202957141,0.001,0.0668300387089311,0.002031413059649748,16.39240285268394,100,100
ENSMUSG00000045744,0.001,61.45463549419866,1.0,0.001,0.001,0.0020119017926534585,0.09005384325012158,100,100
ENSMUSG00000045746,2.684773051267332,649.196933434762,1.0,0.001,6.679999870856982,0.0010442001962101374,0.03057778368886019,100,100
ENSMUSG00000045751,0.11054469692107144,18.0106574658092,12.90290743437642,0.001,3.545075945498658,0.0038959815724508295,17.84702768491104,100,100
ENSMUSG00000045752,1.5369859073169723,257.43134169400435,640.8963679431599,1.105040706823049,2.0404860663694935,1.8376904983074969,3.7489418311662597,100,100
ENSMUSG00000045757,0.001,24.20923298180179,1.0,0.001,0.0010000000000000005,0.004770040174289194,0.666562955087873,100,100
ENSMUSG00000045763,1.2309540909659906,1.5546221068865185,29.724499397508353,0.9126772662382467,3.041871089687,4.424012174710358,28.775297634948345,100,100
ENSMUSG00000045767,0.021866420576587865,0.014610424854208442,4.333476159926503,0.001362971521552835,0.32669605306796135,16.422365492163273,4617.262909133016,100,100
ENSMUSG00000045775,0.001,62.31581250733508,1.0,0.001,0.001,0.0016845541275073248,0.28536004221324324,100,100
ENSMUSG00000045776,0.001,66.84427540036525,1.0,0.001,0.001,0.001929282128652662,0.08104036358563668,100,100
ENSMUSG00000045777,0.22577692413196762,9.202714861806621,16.821762198083952,0.1294487681681195,0.39038365820799614,0.9071038213514688,4.1365167053802985,100,100
ENSMUSG00000045790,0.3004810748968534,33.11992774169144,20.127767696467163,0.03558088413974647,0.7650262660474072,0.21968346839020647,7.984642314309356,100,100
ENSMUSG00000045795,0.2747428303097889,22.020884551029187,28.62500626777572,0.001,0.4553618031332435,0.7305386677224563,529.0690683896776,100,100
ENSMUSG00000045799,3.273062613255498,290.9918283431416,2233.2329129338345,2.556857914889693,5.055369516845065,4.9414565122728495,11.483789521523828,100,100
ENSMUSG00000045802,0.001,62.31581250733508,1.0,0.001,0.001,0.0016878328452654581,0.2169440304992529,100,100
ENSMUSG00000045813,0.001,61.259704531272526,1.0,0.001,0.001,0.0020393966760595553,0.23204685784483253,100,100
ENSMUSG00000045817,0.044066308363120005,0.15166506583560113,9.022908194617369,0.0044085431643068225,0.1399941160933845,15.376271507441452,1094.5017672049805,100,100
ENSMUSG00000045822,0.13556531046120576,0.8454659368537231,3.517245513859884,0.019087032873472513,0.34698136760342424,1.387065066329271,46.56328383150967,100,100
ENSMUSG00000045826,0.03967711250966594,20.41968467951282,10.771859142610593,0.001,21.363668457199765,0.0010175959988371565,3.8326087561341966,100,100
ENSMUSG00000045827,0.135823797267609,0.4986751436381876,5.023949445025755,0.001,0.26498578773395387,4.0251686801977415,1608.989763945775,100,100
ENSMUSG00000045838,0.25611953122609327,0.3946696365539152,9.071198739261646,0.13954746423290607,0.3764404904369678,11.588655366908961,47.822318611366924,100,100
ENSMUSG00000045854,0.9972826114479081,1.3977940516188074,6.445678841202939,0.5086485814791477,2.226035700100154,1.3813852688321555,12.88951675572952,100,100
ENSMUSG00000045867,0.6201784419685823,21.548499526965,27.80320604543502,0.08248272779755643,0.9336849248138621,0.7377798682607395,23.647412801945574,100,100
ENSMUSG00000045871,0.013982888797512595,0.2813069587124139,1.0,0.001,1.7110901093809452,0.0024991366082252955,62.01406400343974,100,100
ENSMUSG00000045875,0.27213439610239265,65.36421030425801,1.0,0.001,6.563215071465658,0.0012657776663579923,0.03587682784212952,100,100
ENSMUSG00000045876,1.8919350210788073,445.1132588648499,1.0,0.001,10.597858683349717,0.0010000000000137644,0.06683903612087196,100,100
ENSMUSG00000045896,0.0931110271988073,0.0730523446562992,4.136911628258538,0.0016969694253153593,0.528564565479715,7.148148900474375,3512.0188553426287,100,100
ENSMUSG00000045903,0.016769646531855427,22.41712525014155,39.55257602618875,0.001,4.199569110040173,0.0018672069862304735,37.144909447228,100,100
ENSMUSG00000045915,0.001,62.31581250733508,1.0,0.001,0.0010000000000000005,0.0013805665963215758,0.18910067999447785,100,100
ENSMUSG00000045917,0.31076064878891474,0.42621173933637446,3.024364880517781,0.06395203203347932,1.113363948394466,1.3542968865276421,46.97777169793726,100,100
ENSMUSG00000045928,0.001,62.31581250733508,1.0,0.001,0.001,0.002052376471972315,0.15366733437037328,100,100
ENSMUSG00000045930,0.33427396873059656,83.2760470085865,145.2094297609808,0.1786428421884284,0.5817184694903769,0.9085759461219804,3.4431921627528643,100,100
ENSMUSG00000045932,0.07487577442672032,18.235428337540544,12.455510787134566,0.001,24.61900556311416,0.0011721264210671023,65.7340745576668,100,100
ENSMUSG00000045934,0.18830707970503333,0.5568001809656354,6.775423753435567,0.02464948131590399,0.3077242007944727,5.804580499457055,91.67008436530134,100,100
ENSMUSG00000045942,0.001,61.674132606755,1.0,0.001,0.0010000000000000005,0.0017149071461388104,0.5117932669336466,100,100
ENSMUSG00000045948,2.1849013750806603,41.988909448832594,61.5777193716877,0.9581572792238714,4.956330880620964,0.6727617200280173,6.5043382857819765,100,100
ENSMUSG00000045952,0.001,57.620632314225304,1.0,0.001,0.001,0.0017247249315174614,0.18222176766833914,100,100
ENSMUSG00000045954,0.07212924623314519,1.7857408029384716,19.067862476247072,0.026042660737754988,0.10440433323660864,6.380468600859164,28.595328311159754,100,100
ENSMUSG00000045962,2.848904745777497,65.17622111130956,226.9395569872233,1.6506264505670605,4.914982188337653,1.9202222534149735,9.581362119625895,100,100
ENSMUSG00000045967,0.001,62.31581250733508,1.0,0.001,0.0010000000000000005,0.001677323732654841,0.5457116363028178,100,100
ENSMUSG00000045968,10.468155998625145,645.9086099566947,1.0342857396519536,0.001,21.01846687994472,0.001000000000016143,0.021108129087362124,100,100
ENSMUSG00000045969,1.2261058600795691,1.2190824806008276,6.150974916301052,0.5080461973279988,4.042144063779846,0.881483365457317,18.931151771864926,100,100
ENSMUSG00000045973,1.551051948674924,153.36347283734906,266.88751944339094,0.9839934167323925,2.3439804336855294,1.1247224041588848,3.5743737094653145,100,100
ENSMUSG00000045975,0.08426586030268367,0.26089522342152355,2.291056840473191,0.001,0.4304020525709945,1.3857697258638648,786.8830424425523,100,100
ENSMUSG00000045980,0.6900394291717445,1.345901663009552,4.647027274448878,0.2559237772080852,1.5098111220373942,1.1398087567923114,13.0465349154921,100,100
ENSMUSG00000045983,1.2358040106806252,1.9791172407133895,48.71438378313926,0.9030378733878932,2.5801533310748432,7.592857652631619,35.38860017983386,100,100
ENSMUSG00000045989,0.001,62.31581250733508,1.0,0.001,0.0010000000000000005,0.0018432400824306115,0.06153490238642,100,100
ENSMUSG00000045991,0.001,59.94762576822368,1.0,0.001,0.0010000000000000005,0.0019789747464714407,0.10943608081902895,100,100
ENSMUSG00000045996,2.7412802614021667,4.975690462064604,22.26537755757033,1.6252923745084482,5.430145268296782,1.4595725958535377,11.161779095332516,100,100
ENSMUSG00000046005,0.001,66.84427540036525,1.0,0.001,0.001,0.0018475342369691232,0.07252352223196089,100,100
ENSMUSG00000046006,0.001,62.31581250733508,1.0,0.001,0.001,0.0014702348768666264,0.08686812804265709,100,100
ENSMUSG00000046010,0.9532726655449462,22.22879216818106,24.115250505687005,0.08724379883208778,1.4636873601922402,0.7493714701757085,26.16986419487051,100,100
ENSMUSG00000046020,1.3388028850705043,106.22295674980354,125.91852811795174,0.33361562196551164,1.63696839026893,0.9635429841438872,11.643825988382648,100,100
ENSMUSG00000046027,1.0188494591668884,92.04808141460275,209.67284485663893,0.3054322623338468,1.456050925504167,1.6494776299617504,12.972337206204767,100,100
ENSMUSG00000046031,8.863534295794784,524.6511689582896,1.0,0.001,25.923514628987554,0.0010000000000146103,0.01524041960693221,100,100
ENSMUSG00000046032,0.07495656919031017,0.05804130228534569,14.385992551487089,0.030312429077192324,0.5008736770507285,19.93467581934833,811.9589946185188,100,100
ENSMUSG00000046034,0.19054813363350293,0.33203727226600604,2.7782444041751875,0.0011699799448084362,0.7502571609727375,1.7184336377355318,1717.868742908563,100,100
ENSMUSG00000046056,0.904285773076299,22.818839750212007,366.785873481297,0.7655064502338413,1.2412292475156996,9.864470545011716,20.580477660869448,100,100
ENSMUSG00000046058,0.36581108804494666,0.43046782869005334,2.95143723975433,0.09696536711120929,0.9297344500939057,1.935600757693588,36.458409183769184,100,100
ENSMUSG00000046062,0.4062057454225415,2.414069357416628,6.207442591071952,0.05987038701330448,0.8200196124272334,1.219835512218787,35.62542337461387,100,100
ENSMUSG00000046070,0.007052209690252319,1.3238795530715914,4.726765251497435,0.001,12.574171607434813,0.001011806101192051,30.685923195002296,100,100
ENSMUSG00000046079,0.4199779965737941,0.7240761837493378,9.492155921511776,0.27984219094692486,0.6526193974261292,7.920533919813737,21.35672832512341,100,100
ENSMUSG00000046080,1.4275905501715376,345.13246017114864,1.0,0.001,9.565728426236618,0.0010000000000535388,0.17029560667182414,100,100
ENSMUSG00000046085,0.001,62.31581250733508,1.0,0.001,0.0010000000000000005,0.0017564455558114745,0.18372924243068453,100,100
ENSMUSG00000046088,0.001,62.31581250733508,1.0,0.001,0.001,0.0015404988546502537,0.17630874160005686,100,100
ENSMUSG00000046093,0.001,62.31581250733508,1.0,0.001,0.001,0.0016594174281686748,0.10740704035809906,100,100
ENSMUSG00000046096,0.431687950915135,1.1555762182734555,2.6981986927951653,0.001,0.8736391199752802,1.0721096678401163,1610.2305835738407,100,100
ENSMUSG00000046101,0.05172770272143045,15.78868418754997,23.48288629726446,0.001,24.814936828157578,0.001319158705564631,8.778965808342805,100,100
ENSMUSG00000046108,0.001,62.31581250733508,1.0,0.001,0.001,0.0018795826849551912,0.18116164560835493,100,100
ENSMUSG00000046110,2.470709759413573,592.9845901044847,1.0,0.001,9.419931421321058,0.0010199787245523738,0.056415996767944294,100,100
ENSMUSG00000046111,0.41052278320881325,32.179295830696276,14.362464811852005,0.06523206410587962,1.065501272868333,0.17620573071829904,3.4885241245541927,100,100
ENSMUSG00000046138,0.6594084433070918,4.743533549630023,6.9362231857162735,0.001186158512258417,1.2132675191655478,0.7477357259993613,1432.705150036993,100,100
ENSMUSG00000046139,0.42488461605523065,0.7701841572328211,2.8018501264899487,0.06830187336106804,1.0528838667951654,1.0379288826321402,48.849265511152915,100,100
ENSMUSG00000046145,0.001,62.31581250733508,1.0,0.001,0.0010000000000000005,0.001795028857474411,0.1601876268217462,100,100
ENSMUSG00000046152,0.19596322028463264,0.3408151001559178,4.024403466282213,0.06325087963251735,0.38801665199048774,5.404765918594539,46.55238052654992,100,100
ENSMUSG00000046157,0.040543345156789604,4.819353902441302,8.601900861027447,0.001,0.23061780593590925,0.06795607346221649,67.73698159535536,100,100
ENSMUSG00000046159,0.001,62.31581250733508,1.0,0.001,0.001,0.0017249067249733888,0.09631056724112777,100,100
ENSMUSG00000046160,0.001,62.31581250733508,1.0,0.001,0.001,0.001692350028455067,0.2677988228920478,100,100
ENSMUSG00000046167,0.001,61.88525872635182,1.0,0.001,0.001,0.0016450663216342133,0.11240503665559826,100,100
ENSMUSG00000046168,1.9084349789585087,457.80829610882074,1.0,0.001,8.397069076748613,0.0011738013465213465,0.07873386234077698,100,100
ENSMUSG00000046169,0.49790269071813315,9.954219314647068,24.708889406442978,0.22111351482732833,0.7236197381091778,1.6321074594044376,7.289225221619114,100,100
ENSMUSG00000046173,0.001,62.31581250733508,1.0,0.001,0.001,0.0016938329837411466,0.11922354768550462,100,100
ENSMUSG00000046179,0.02215152945460561,22.108315065333557,24.6280042572657,0.001,12.80505568766992,0.0011781880191412248,10.78388680700326,100,100
ENSMUSG00000046185,0.4997665310621677,0.9213031773643677,1.0,0.05943081263138516,54.8551421738871,0.007451507282982921,83.4048728167856,100,100
ENSMUSG00000046186,1.172942108376342,7.23274923104549,14.7135380598101,0.593150098103219,2.1168312994040583,0.9901326350573894,6.84942189762749,100,100
ENSMUSG00000046191,0.007690223215919048,1.2504228729286229,12.337358629034,0.001,5.359521643241012,0.0017438607929391673,47.87165487244823,100,100
ENSMUSG00000046192,0.001,62.31581250733508,1.0,0.001,0.0010000000000000005,0.0015577820521078746,0.6660808584198292,100,100
ENSMUSG00000046196,1.904987380173481,512.8252263426539,1.1354335991243487,0.001,8.209916478084667,0.0010000051368314325,0.018593025074090976,100,100
ENSMUSG00000046201,0.6962291715989093,1.642701582057027,5.409844104635961,0.0018356813810118749,1.27392190750027,1.3447497058009596,2382.0451030329277,100,100
ENSMUSG00000046204,7.096482011838268,564.8470339760057,1.0,0.001,19.838152474212585,0.0010000000045632625,0.011496739516009538,100,100
ENSMUSG00000046207,0.001,62.31581250733508,1.0,0.001,0.0010000000000000009,0.0019156590868882268,0.16868960595011906,100,100
ENSMUSG00000046215,0.4282965282830732,103.14966607220127,1.0,0.001,6.858159057099624,0.0010686268667699753,0.0350005230443553,100,100
ENSMUSG00000046223,0.4328731137672988,1.3052258207938234,12.681119339741757,0.24097407620856726,0.6549777552175646,5.158772170614032,18.409775813238703,100,100
ENSMUSG00000046229,0.06826565730585482,26.147207534931006,68.7972376289363,0.001,0.13216559700385938,1.0212540798085166,295.9345219627173,100,100
ENSMUSG00000046230,0.3496092483764537,0.6654301672208358,2.550480452398783,0.1232459427226333,1.0158227155775696,0.8239788860350052,12.187579547595991,100,100
ENSMUSG00000046240,0.001,66.84427540036525,1.0,0.001,0.001,0.0019782030082717084,0.1883977971351079,100,100
ENSMUSG00000046245,0.016232834495801835,24.48306002954366,43.163455794198846,0.001,6.008946283228662,0.0012857281099017616,25.754622745563644,100,100
ENSMUSG00000046269,0.019304641967967894,0.2308017077844133,4.7083113233979255,0.001,0.11152663664650042,3.0792460882579054,430.8575892596066,100,100
ENSMUSG00000046275,0.001,62.31581250733508,1.0,0.001,0.001,0.0017086018083308555,0.18655220915302229,100,100
ENSMUSG00000046280,0.001,62.31581250733508,1.0,0.001,0.001,0.0017055988050608656,0.06429178043547336,100,100
ENSMUSG00000046295,0.010104873685251892,1.3437450808183924,16.189281729533793,0.001,21.03187650466512,0.0010058335604252009,42.58095766288882,100,100
ENSMUSG00000046311,0.6014964533407567,1.5390711265535504,4.445863450201807,0.3133170935064849,1.1017578656643796,1.2291424126297668,6.1647842463106635,100,100
ENSMUSG00000046312,0.13222270640915626,3.1916863793649934,11.226031836544461,0.06610442349283926,0.27379585343800494,1.3886026582257207,8.147956669422305,100,100
ENSMUSG00000046314,0.010818763316199463,19.891078870460536,22.689587758847203,0.001,2.9818709679825144,0.001969546338686436,11.210159004084687,100,100
ENSMUSG00000046318,0.001,0.0031030794291413938,2.458427459566093,0.001,0.2205263485925062,2.8244014623952958,880.0628891049661,100,100
ENSMUSG00000046323,2.0813166845897446,503.1765750646759,1.0,0.001,10.616864714125104,0.0010346221030487104,0.043786189382626094,100,100
ENSMUSG00000046324,0.15461692085971696,27.30429937133834,26.969048047307073,0.001,0.2782230421245916,0.5170751459958454,183.5881767496554,100,100
ENSMUSG00000046329,0.037882413104194955,1.4723861985486213,1.0,0.001,22.88366279636411,0.001,3.7403102646928916,100,100
ENSMUSG00000046330,61.73327894577257,20.378379833504447,1.330030813700312,0.047165327685061834,158.27711786973532,0.01133742022744166,1000.4078030590524,100,100
ENSMUSG00000046334,0.001,60.37820284006485,1.0,0.001,0.001,0.0017874545671464344,0.2340795938875861,100,100
ENSMUSG00000046337,0.03328909200548789,20.795193456643066,18.026296647092128,0.001,6.899868567060859,0.002423860758712242,29.679372265206695,100,100
ENSMUSG00000046338,3.605362360419091,868.4115063134839,1.0,0.001,6.138259225438985,0.0011971962774605838,0.20398704138867932,100,100
ENSMUSG00000046345,0.001,62.31581250733508,1.0,0.001,0.001,0.002043420631360908,0.3681109383803515,100,100
ENSMUSG00000046352,0.001,61.826274269421425,1.0,0.001,0.001,0.0019377526126378186,0.1839006521515144,100,100
ENSMUSG00000046364,1.5242674748183065,3.7212926547266005,191.99264247466598,1.119250484072444,2.673125070441359,22.278141129338728,87.40648709776994,100,100
ENSMUSG00000046367,0.001,66.84427540036525,1.0,0.001,0.001,0.0016916064490439201,0.2945407293680852,100,100
ENSMUSG00000046372,0.001,62.31581250733508,1.0,0.001,0.001,0.001908286591404538,0.10682787557597956,100,100
ENSMUSG00000046378,0.001,62.31581250733508,1.0,0.001,0.001,0.0016325551227423984,0.2223664567247962,100,100
ENSMUSG00000046380,0.0013389772539107374,0.001,1.0000718639015103,0.001,1.3986525473722908,0.4485063368749942,1139.6336611442985,100,100
ENSMUSG00000046387,0.011896602459160204,0.06329216741985684,2.355557475093497,0.001,0.16305379028147532,1.9365377373217885,526.9201725846548,100,100
ENSMUSG00000046388,0.001,62.31581250733508,1.0,0.001,0.0010000000000000005,0.0018388773967588528,0.152271204380633,100,100
ENSMUSG00000046402,0.026514441014871867,26.237816540132197,55.302035697883404,0.001,17.335380746312662,0.001253945866968207,9.256623710509544,100,100
ENSMUSG00000046404,0.34556821331771953,32.62899145989158,14.489550842210345,0.06395075912617298,1.8481579685573897,0.07947415222958706,3.6219030722523273,100,100
ENSMUSG00000046408,0.08114521384024638,0.8095376624884523,1.0,0.001,2.2498110488101215,0.0048639796128269195,24.029811451611216,100,100
ENSMUSG00000046410,0.015714138245224454,0.5156875794381064,2.980032466715801,0.001,0.0885006835054569,0.4023808932579092,103.26067642499186,100,100
ENSMUSG00000046413,0.05156975901000624,18.418032211005837,22.033354585307485,0.001,0.16336730826625218,0.0888567234142957,73.40857248982095,100,100
ENSMUSG00000046415,0.001,62.31581250733508,1.0,0.001,0.001,0.0018383521517524484,0.19922492821034615,100,100
ENSMUSG00000046417,0.11424245555166013,23.45261852258321,38.3262469552525,0.001,0.22398887804873768,0.7282434149531618,201.14078467790245,100,100
ENSMUSG00000046432,0.14711866204491528,0.7989409765327588,65.43628973073346,0.001,0.26479448917869136,22.489628043548294,14124.666542374842,100,100
ENSMUSG00000046434,0.24445106292637234,0.45105837041632524,28.977705504562195,0.1564999039133401,0.5653161299380068,20.42747280671034,98.39922606417008,100,100
ENSMUSG00000046441,0.002108019456738052,0.009960796594497858,1.714386006291805,0.001,0.2120794100134461,1.5492128307182673,432.8082818764636,100,100
ENSMUSG00000046442,0.02193998810616138,21.982478995046673,24.671243285682547,0.001,7.029304211051005,0.0012168893916036012,28.011737845901408,100,100
ENSMUSG00000046449,1.0556296423355358,259.59151821374047,1.016088680804458,0.001,8.386344670144666,0.0010000006541782082,0.05688561901470789,100,100
ENSMUSG00000046450,2.0826313051015224,503.49146876914733,1.0,0.001,8.967085905206467,0.0010000791812011143,0.08031418643053387,100,100
ENSMUSG00000046456,0.001,66.84427540036525,1.0,0.001,0.001,0.0016753528714297207,0.17788423139954987,100,100
ENSMUSG00000046460,0.001,62.31581250733508,1.0,0.001,0.0010000000000000009,0.0018791363625182272,0.18898333235187698,100,100
ENSMUSG00000046463,0.011231840699418634,18.47040855739723,21.065577023989366,0.001,3.646497399597169,0.0012388326825301505,11.19762590790806,100,100
ENSMUSG00000046480,0.001,62.31581250733508,1.0,0.001,0.001,0.0017789004814155573,0.10606753496940377,100,100
ENSMUSG00000046487,5.054449334591114,603.6694253811643,1.0049795392346266,0.001,11.119267340712764,0.0010965027077897284,0.09208899488150446,100,100
ENSMUSG00000046490,0.001,62.31581250733508,1.0,0.001,0.001,0.0019141430295856732,0.08179535936619825,100,100
ENSMUSG00000046491,0.2661164972836226,1.7377316611418447,7.310121830550183,0.15605961164706306,0.41765010571021854,2.3711388188075793,8.13226759313649,100,100
ENSMUSG00000046500,0.001,66.84427540036525,1.0,0.001,0.001,0.0021559730298701518,0.1458484720802769,100,100
ENSMUSG00000046516,0.0020083574020884755,0.015142304040765714,2.694295867179738,0.001,0.14064029605334102,1.3413384426228676,649.7557342356918,100,100
ENSMUSG00000046519,0.13553183436204735,0.3352932878524072,2.9059301562204416,0.001814657061209464,0.4502105503973399,1.8395906491017024,762.5804285375492,100,100
ENSMUSG00000046523,16.590322629925698,782.5780098135838,1.0,0.001,25.019530792175402,0.0010000000000002663,0.008872466387003092,100,100
ENSMUSG00000046532,0.00937550883648985,0.06819645645820394,1.5278701987085719,0.001,0.23905263839993945,0.3572150067360551,232.3972523214106,100,100
ENSMUSG00000046541,0.0539359858287577,0.663508934385689,1.7143582173959673,0.0018118324333051684,0.3572184380874983,0.30941104657643315,67.1770860654063,100,100
ENSMUSG00000046546,0.18976659490947517,1.7391125724977903,29.36585882316863,0.130463587261477,0.2515905377355856,12.227823419783284,27.762453740818287,100,100
ENSMUSG00000046550,0.3018055448855006,33.396316874242956,15.134753617372244,0.024348300688490906,19.4397592893132,0.008516535210990103,12.739460416867452,100,100
ENSMUSG00000046561,0.9994005147225834,6.558151960265517,37.587581042447574,0.7119478875359964,1.4451742179918776,3.6157653950079904,8.644665977103486,100,100
ENSMUSG00000046562,0.5504262630713265,1.630352572159553,3.8126794003392313,0.06421980937660449,1.1679887808907077,0.852676653264411,46.63427882497597,100,100
ENSMUSG00000046567,0.18262254791870014,0.7516396945087142,1.9738731534508096,0.040740389121708416,0.7720012006258681,0.4737468186330717,11.963717052699245,100,100
ENSMUSG00000046572,0.19320540159489286,0.45234725232147466,2.171097747902304,0.0010097604852730055,0.6869507064402873,0.9738014152606235,1036.5228580458672,100,100
ENSMUSG00000046573,0.5638713264668737,2.590564264353965,2.694475936823147,0.001,1.4219073050892368,0.34329262701676433,964.8664209205726,100,100
ENSMUSG00000046574,1.287240717616876,3.9076024140120262,3.5143201635607824,0.002157401843984709,2.019903123240557,0.6265217939323222,1224.4592163876791,100,100
ENSMUSG00000046580,0.14025655583334942,4.32111830949947,7.251600435509883,0.018629708696117166,0.4609896385278036,0.2650894198437693,11.254953437858394,100,100
ENSMUSG00000046585,0.001,66.84427540036525,1.0,0.001,0.001,0.001683691578673718,0.26857191758380455,100,100
ENSMUSG00000046589,0.08820365780192167,1.7544793020672753,4.003013359947804,0.0015002465926086798,0.24225001275376618,0.5612278193489573,15.076209340419233,100,100
ENSMUSG00000046591,0.0029457514630144748,8.662423809607457,25.918166096092364,0.001,0.05365462319947756,0.0022963180305096763,22.148846123640585,100,100
ENSMUSG00000046598,0.09289401168332463,1.89430093613205,10.211126531203853,0.05344837877813323,0.1919925992432192,1.662467874021499,10.260550321664711,100,100
ENSMUSG00000046603,0.6134509418171463,131.8266465149447,88.07023430464659,0.30749561271445996,1.888747365196468,0.2173553619174672,1.6886111529496102,100,100
ENSMUSG00000046605,0.38640121212915896,1.755279545521855,2.741369341643703,0.001058192124069113,1.0141719550598804,0.4965465825630625,971.6668089414476,100,100
ENSMUSG00000046607,0.001,62.31581250733508,1.0,0.001,0.001,0.001516716692970471,0.06715939512438293,100,100
ENSMUSG00000046610,0.001,62.31581250733508,1.0,0.001,0.0010000000000000005,0.0017917654033599466,0.14566521028758606,100,100
ENSMUSG00000046613,0.001,62.31581250733508,1.0,0.001,0.001,0.001817248152965072,0.3210185251113655,100,100
ENSMUSG00000046618,0.008092576626833816,1.0402573492081528,22.51283429231519,0.001,1.073677739099976,0.0018649173489223123,72.97154669331613,100,100
ENSMUSG00000046620,1.1490332016824134,269.5226324367668,1.0,0.001,4.340961961615987,0.001137844454593071,0.059443429195793984,100,100
ENSMUSG00000046623,0.15420836567044727,0.4022694600643225,3.656264209923562,0.06246785555469013,0.3444404623807631,3.0077079942877374,28.94612890062968,100,100
ENSMUSG00000046634,0.010783602713013575,19.78331783261412,22.537909269215223,0.001,2.9941894650136183,0.0015045337646731848,14.935749687748245,100,100
ENSMUSG00000046637,0.001,61.88525872635182,1.0,0.001,0.0010000000000000009,0.001759139674960386,0.16874522635150122,100,100
ENSMUSG00000046658,0.489965141524055,28.887655854776376,19.88310938181088,0.0011434148819830948,0.7604891768473796,0.43343101308971055,531.950549802538,100,100
ENSMUSG00000046667,0.16480272765144835,5.703219947257931,3.9456600055278046,0.012103939822061479,2.125553925665143,0.038517609349568424,6.202244111795961,100,100
ENSMUSG00000046668,0.7588835811193481,1.2499209763432813,9.898923311635258,0.3325698629417664,1.8599355818833656,1.9513425313738353,24.79261090403792,100,100
ENSMUSG00000046671,4.329174713690284,9.685192400827109,28.895921526168834,2.3159087929445947,9.907471921827945,0.8908358762855277,8.246715656510831,100,100
ENSMUSG00000046675,0.41124060480371205,0.3393164336216796,2.864732241709106,0.0378707443893921,1.7411776753214747,0.9288759550642546,193.05277511405185,100,100
ENSMUSG00000046676,0.001,62.31581250733508,1.0,0.001,0.001,0.0017360066257940511,0.1804154765825821,100,100
ENSMUSG00000046679,0.20930365992292402,0.672221692280242,1.5948866249708404,0.001,0.7812402303877187,0.47684718838271717,914.0034739717369,100,100
ENSMUSG00000046688,0.22481470597693884,1.506414496540199,3.7593520676390115,0.10737533256637122,0.447622102726537,0.9845742156550039,5.5168683769867295,100,100
ENSMUSG00000046691,0.6407144608115837,2.2826962435018285,8.732788765534568,0.37087759973530954,1.1517272805170213,1.7595839674617921,8.299784199905606,100,100
ENSMUSG00000046694,0.15763516036442746,9.278205807023234,28.3636964969981,0.09236796737933792,0.2724555041196032,1.6371503754446788,5.515505127130634,100,100
ENSMUSG00000046707,0.8445525236334696,1.7736185041003714,8.989641397220428,0.2656668903577063,1.8217710947290688,1.5772546345342295,27.54869482639429,100,100
ENSMUSG00000046709,0.045373773458261234,19.326447183172412,18.134748228969496,0.00362689697232224,17.513370366777906,0.0014539219913201821,7.174567051595243,100,100
ENSMUSG00000046711,0.14423321586142135,0.8187867029776509,175.72670655148548,0.001,0.16936080344997695,0.014318426269057178,609.2543138823833,100,100
ENSMUSG00000046714,0.10977755944701438,0.9165600387546844,5.140247080447199,0.04414447064501544,0.26309986193177365,1.7582982719861415,15.098679972276042,100,100
ENSMUSG00000046718,0.29345492186148997,6.292929791305084,62.653355395228104,0.2483493022043362,0.43097331968251096,5.71843517538975,13.820174784958411,100,100
ENSMUSG00000046719,0.08487956797014165,18.25769448781732,19.1675413007236,0.001,0.39671137491460406,0.1487342970355639,93.0220828055554,100,100
ENSMUSG00000046721,10.0,10.0,10.0,0.018251364601498524,0.9541097816838936,1.290175333466383,445.09025228717235,100,100
ENSMUSG00000046722,0.6015600310263569,0.7340950756868352,7.616992959581338,0.2680945496971979,1.7707133718833235,2.063829761024413,27.803102086638877,100,100
ENSMUSG00000046727,0.10064364733246746,2.92691360247513,12.580629381375843,0.053485275784505154,0.17924351814259232,1.7675044883056925,9.53283744408179,100,100
ENSMUSG00000046731,0.197997011293208,1.1950896417321981,4.334794326710987,0.058605277732462095,0.4821204595085487,1.2350664255980632,12.565623406994668,100,100
ENSMUSG00000046733,0.2511838692035792,3.607779281517984,32.48057378290114,0.18226206183118895,0.34724290345659103,5.542970306654681,13.849998151163707,100,100
ENSMUSG00000046743,0.3691689743089172,3.4351396418484628,7.478458466918612,0.19316796622778093,0.6195475592452575,1.0446402324570903,5.014562109066819,100,100
ENSMUSG00000046747,0.001,62.31581250733508,1.0,0.001,0.001,0.0015801351462928043,0.5792532095343141,100,100
ENSMUSG00000046748,0.001,62.31581250733508,1.0,0.001,0.001,0.002135133559031782,0.1446022988543123,100,100
ENSMUSG00000046753,0.05915201822895517,0.055313429162583645,2.1571269249673217,0.001244817495663977,0.7673326431829932,1.486837077912445,2192.1532159416697,100,100
ENSMUSG00000046756,0.7254933304905652,1.756537187397499,18.204795744888585,0.39877644318920785,1.828040436757755,3.0836762234686033,24.64712097512969,100,100
ENSMUSG00000046761,0.41299926372271617,2.4545294877793173,5.0003442292826925,0.10216999546823241,0.8114214060729668,0.8372188614433577,11.580351791437362,100,100
ENSMUSG00000046768,1.0475872325376578,8.804912279092566,42.41319821480608,0.7617580136390558,1.4901452330451814,3.07227398990284,8.227358682090022,100,100
ENSMUSG00000046782,0.001,62.31581250733508,1.0,0.001,0.001,0.0014537044702413204,0.19929256033496467,100,100
ENSMUSG00000046785,0.4764919883339809,0.5601677181787131,2.405914868175005,0.008570238907292745,1.6906038403312649,0.7097450172036127,914.4378103231106,100,100
ENSMUSG00000046791,0.001,0.0013492029298970095,1.0000078332910172,0.001,0.7767242123646962,0.5850963331588355,958.5151819988403,100,100
ENSMUSG00000046792,1.123927124375358,3.1800899075545033,7.349675310131602,0.1042140169805269,2.733496055629354,0.7709556062231812,68.24038595577937,100,100
ENSMUSG00000046794,0.10012331995952792,1.9459931147193728,3.6325094600406858,0.030045841655527466,0.3580352887371562,0.3930064940400484,7.639256564639112,100,100
ENSMUSG00000046798,0.7889365257083853,1.7537767283894297,3.9077794451450103,0.002358201910964329,2.234693147722096,0.6450451353963921,1672.6736609588236,100,100
ENSMUSG00000046805,0.0034751546806747746,8.85280145821783,19.347223046418133,0.001,0.12019466403377185,0.0020496876782782327,15.255361862665865,100,100
ENSMUSG00000046806,0.8065727509010425,15.60330953941224,21.348970660406444,0.14895519762677778,1.1765574512516754,0.8602998873738928,9.490972316918677,100,100
ENSMUSG00000046807,0.03737776013229213,0.5371359685230787,2.1777529704873424,0.001,0.16616310016823804,0.6243536006278725,190.6599658900894,100,100
ENSMUSG00000046808,0.26485905599586423,32.58099080348867,19.623261333745813,0.0014357639682134504,0.983789805245479,0.0683398926486635,104.72139043544891,100,100
ENSMUSG00000046811,0.001,66.84427540036525,1.0,0.001,0.001,0.0018861279507052988,0.17097814971926817,100,100
ENSMUSG00000046814,0.3070012437448404,63.58336666115072,227.9068324398184,0.23003130518152348,0.42060200782443846,2.2882591001246446,5.390082202826065,100,100
ENSMUSG00000046818,0.18246835309774287,122.39151769524938,942.3853219095414,0.09952823909285913,0.294994352065605,3.426031087767492,13.685036013180369,100,100
ENSMUSG00000046822,1.2092610026028436,4.2423538856225065,10.000539516596708,0.5724643021875977,2.0672430695809867,1.0212974694252697,7.795262315159935,100,100
ENSMUSG00000046826,3.338165727611042,807.3831051292377,1.0,0.001,9.490117860955374,0.0010896888307972941,0.0710022992486054,100,100
ENSMUSG00000046836,1.4098977375628576,2.882628602155432,9.826284858055825,0.6231205504858016,3.1389983964275148,1.0900691527457655,12.486010952005795,100,100
ENSMUSG00000046841,4.538641195788371,46.96284882044756,205.9346762673096,3.100911259624471,6.122332656951331,2.9718085194417734,9.022388648665235,100,100
ENSMUSG00000046844,0.1448235686386409,1.5647838701040018,11.69765962793338,0.08221554765553904,0.2987229171370456,2.417889752691534,14.72546484299585,100,100
ENSMUSG00000046846,0.001,62.31581250733508,1.0,0.001,0.0010000000000000005,0.001797742167519679,0.19765696555492934,100,100
ENSMUSG00000046856,0.001,62.31581250733508,1.0,0.001,0.0010000000000000005,0.0018602396118706154,0.1208364331824997,100,100
ENSMUSG00000046861,0.27057387805083316,0.16212241697430915,1.8749450628803426,0.006979060977577954,3.0352373388102016,0.4708655924142886,618.2040538057815,100,100
ENSMUSG00000046862,0.23873823319867224,0.3238842523674059,2.001096914732073,0.008898935536385731,0.89886615714426,1.0530167104049377,74.88600669551118,100,100
ENSMUSG00000046865,1.2971007278977993,12.345611926001386,72.02194352114094,0.9233879845434803,1.867394467491235,3.613617264430771,10.51487056149216,100,100
ENSMUSG00000046873,0.24288080745525437,0.49475251518693386,3.643701255213369,0.09939248468169026,0.43352300785464837,3.307128130253541,19.913943274110565,100,100
ENSMUSG00000046876,1.7697222101988543,335.05233227335384,361.6578291278699,0.9891560328480762,2.6130600283871352,0.7284808565567988,3.0551977454344224,100,100
ENSMUSG00000046879,0.40152432262974724,1.8780192887224112,4.441139310287208,0.1222604967558327,0.803109521297445,0.9592169513168891,9.119503750474728,100,100
ENSMUSG00000046881,0.001,66.84427540036525,1.0,0.001,0.001,0.001613156137314084,0.10860442260331957,100,100
ENSMUSG00000046886,0.0064570237263369655,1.359299059039314,6.622999148419662,0.001,6.528027194282439,0.0012033339787162881,12.464343053889259,100,100
ENSMUSG00000046897,1.3972231558458543,1.7431877080990548,4.827825892234745,0.26947124376260967,4.559894219918058,0.48897110017562373,33.181236361413504,100,100
ENSMUSG00000046899,3.064001335653063,740.182082544854,1.0158708812906911,0.001,4.31492376930999,0.0014682829093076379,0.04947030123348242,100,100
ENSMUSG00000046908,0.011945434837880395,19.298276973318696,34.07338866037507,0.001,6.694390840767866,0.0010926471702212685,18.03315895056486,100,100
ENSMUSG00000046909,0.26179921290424024,0.8657811885789471,4.052130185933709,0.001,0.3119294283177917,4.184772259946312,2186.55645096213,100,100
ENSMUSG00000046947,0.8461587627162249,6.059464957604063,4.488930834730784,0.1677210535606204,2.2942781487805783,0.28207029679411877,6.672406914086158,100,100
ENSMUSG00000046949,0.5129135008460523,1.3065093244645052,5.508405950533458,0.18979919811992269,1.244245398693463,1.4906484438229177,15.997598338085654,100,100
ENSMUSG00000046959,0.27213439610239265,65.36421030425801,1.0,0.001,8.892632770416588,0.001000005902231644,0.1926326783619393,100,100
ENSMUSG00000046961,0.27213439610239265,65.36421030425801,1.0,0.001,8.302977058584764,0.0010000030696291295,0.04546312241203955,100,100
ENSMUSG00000046962,0.3604988717946592,0.9403962366947176,2.8496919956228064,0.09589244355304802,0.9199036029716312,0.8900812226466797,13.391612103092216,100,100
ENSMUSG00000046971,2.1571940611220364,521.5346265951073,1.0,0.001,8.149156880452242,0.001,0.03022720982128023,100,100
ENSMUSG00000046982,0.3500991136476756,1.0382582961881432,7.050802717868482,0.19959577174157905,0.5521276147848557,3.608270605267819,13.13959720900737,100,100
ENSMUSG00000046985,0.6494114571339277,28.77409005223419,14.76227151866331,0.0010513395186899886,1.0443216924795733,0.318536795156233,678.4076110058157,100,100
ENSMUSG00000046991,0.10659884254495922,1.281134655771595,3.91597134765982,0.028015207322832227,0.28844531345005764,0.8709249201333849,11.199901735412764,100,100
ENSMUSG00000046993,2.343068106062417,30.305246485108015,1.2886116661935494,0.09827511977938397,109.63125293207739,0.0011746698096413075,0.6436084078285687,100,100
ENSMUSG00000046994,0.29403075125281225,67.02575486960946,78.26147046755585,0.13196757880608212,0.6313633178518817,0.4660616861637641,3.0090328261360284,100,100
ENSMUSG00000046997,15.06421415683669,898.5789257517347,1.0030203544837573,0.001,24.618467243609583,0.001,0.018460306188425687,100,100
ENSMUSG00000046999,0.001,62.31581250733508,1.0,0.001,0.0010000000000000009,0.0019899168192191877,0.11658859965517954,100,100
ENSMUSG00000047003,0.18837632100174967,22.5728362191995,32.12695491505049,0.001,0.27812663624215245,0.9531767546888035,410.29729830205724,100,100
ENSMUSG00000047013,0.001,61.88525872635182,1.0,0.001,0.001,0.0016846840842828616,0.25216749193747584,100,100
ENSMUSG00000047022,0.22496303161748185,1.4990350706103375,2.6337226068947217,0.0750603575827346,0.5793945786870851,0.5788383264857264,5.535036560978,100,100
ENSMUSG00000047030,0.09853931498416538,0.1320088440768051,5.196451396723391,0.0010475410908781131,0.37953848955315794,7.494273543598963,3674.134674406082,100,100
ENSMUSG00000047033,0.06501504598005045,4.257134286692349,7.392699012899007,0.003944996071943868,0.3422137813341901,0.04243940573317621,11.166093097257182,100,100
ENSMUSG00000047034,0.001,62.31581250733508,1.0,0.001,0.001,0.0017122791432047585,0.22836455846305548,100,100
ENSMUSG00000047036,0.6589372921641208,0.2737750383376581,3.9639570936692565,0.12828716084454744,7.733931535518552,0.4050437838509021,133.92507453652706,100,100
ENSMUSG00000047037,0.3855231810495994,0.608276467658528,3.736728770469804,0.14953957561639583,0.8931867392284674,2.0475155189991203,18.815326155986366,100,100
ENSMUSG00000047040,0.001,62.31581250733508,1.0,0.001,0.001,0.002188279438888314,0.14161307270688495,100,100
ENSMUSG00000047044,0.11220769646050474,0.7339644085123218,1.7458470052988975,0.027361749848258007,0.4367797248009512,0.47991256866621057,10.859543585753796,100,100
ENSMUSG00000047045,0.1482562278524603,0.14385462152628645,8.943405038840089,0.06779438477140604,0.240016228507907,30.041110802524933,150.2816112286087,100,100
ENSMUSG00000047067,0.001,66.84427540036525,1.0,0.001,0.001,0.0013696915562553254,0.21059532829411015,100,100
ENSMUSG00000047084,1.0786144249101755,1.0148694255950172,6.194803745843586,0.4679237299571879,4.029114959001696,0.7792522222955229,20.623045023817042,100,100
ENSMUSG00000047090,0.9898014094873947,2.936816315700515,11.424851336836786,0.5001200632679003,1.8071885798079927,1.5281768924935408,10.932813777092928,100,100
ENSMUSG00000047098,0.16420359062764647,1.2162249934439147,9.13766906324817,0.048805615014336154,0.27490097735294405,3.558875556380463,19.270128991939462,100,100
ENSMUSG00000047104,0.08733936893523128,18.928736429348202,6.26853027535295,0.001,26.772060957237432,0.0010001805409719931,23.500321920216656,100,100
ENSMUSG00000047108,23.721919047931756,698.7250918404907,1.0067479052950679,1.106239369712303,41.619783263797004,0.0010000005504526652,0.009011409011590494,100,100
ENSMUSG00000047109,0.001,62.31581250733508,1.0,0.001,0.0010000000000000009,0.0015923193644573432,0.22191720564034154,100,100
ENSMUSG00000047115,0.022595615132579912,20.45243367143794,15.035296369838498,0.001,8.266683566134152,0.0012746741685420622,24.090724602191106,100,100
ENSMUSG00000047117,0.001,62.31581250733508,1.0,0.001,0.001,0.0016622204599039078,0.31536646851919414,100,100
ENSMUSG00000047123,0.8356518959809668,3.0668651131534594,3.133570252904227,0.0013581439816780024,1.7433913560568919,0.40563808795804424,1024.861119040283,100,100
ENSMUSG00000047126,1.9615752039290515,7.384973544277691,30.43764329483428,1.3178284066897468,3.5244096656147503,1.8227507546504373,8.34237864282724,100,100
ENSMUSG00000047139,0.20190682426560413,1.682130726133388,14.986686512371266,0.13362903420024452,0.2764333540782028,6.149644157810988,14.08143583328209,100,100
ENSMUSG00000047141,0.2152106156242345,0.39283096270505574,1.5478564177702916,0.001,1.0578976142748853,0.4879810559776059,1042.5451454200058,100,100
ENSMUSG00000047143,0.01078071382484116,20.17212497723212,22.99489914216709,0.001,5.960578842488008,0.0013400080303750373,23.552022756233377,100,100
ENSMUSG00000047146,0.06195610680032974,19.321379363964624,7.913693045090426,0.001,24.771802015661365,0.0010240166564815848,10.480213603094494,100,100
ENSMUSG00000047150,0.001,62.31581250733508,1.0,0.001,0.001,0.0016519566874996761,0.1752379759887522,100,100
ENSMUSG00000047153,0.09466434436140286,0.07450811928542563,1.4668729852499893,0.0014349483686229311,1.675899178901872,0.5290694775057937,1347.5293976811724,100,100
ENSMUSG00000047155,0.001,56.28768294784985,1.0,0.001,0.0010000000000000005,0.0016265668858021247,0.08451159554632898,100,100
ENSMUSG00000047180,0.05955744070633577,19.426383069264187,22.770658066762316,0.001,0.23864741835101366,0.0019748115707837006,117.76975413320051,100,100
ENSMUSG00000047181,0.2478819568124551,1.046129173073578,2.9945581416843563,0.09932609970302331,0.6094161941142924,0.8801066174252067,8.804703633337652,100,100
ENSMUSG00000047182,0.010775268650947741,19.917994544779035,22.71644630168833,0.001,3.8542067985200728,0.0013762600587324493,24.263594389207626,100,100
ENSMUSG00000047187,5.750241060450232,405.44959567611033,1026.1642248461483,3.670902031148159,15.932039734621815,0.8523123282382674,6.236581601975827,100,100
ENSMUSG00000047193,0.3737492164541343,1.7359554810028521,3.546515528129444,0.010474667386856682,0.9878903121578304,0.672792578768625,550.6504750447621,100,100
ENSMUSG00000047197,0.001,62.31581250733508,1.0,0.001,0.001,0.0015906969134318932,0.18086284873419145,100,100
ENSMUSG00000047205,1.2746103633720711,10.788306884488692,7.755049016873749,0.015740684377236875,2.101260039743913,0.43353514465683385,170.34590730599984,100,100
ENSMUSG00000047213,0.4144276618313826,0.40095405675654083,4.593342747571123,0.004442763893354788,1.2832996195866466,2.036205885270636,1883.2213607501803,100,100
ENSMUSG00000047215,5.52234346487126,32.35321272293033,797.7094612977907,0.001,6.857979902847588,0.3260720091572993,134208.4885647843,100,100
ENSMUSG00000047220,0.001,62.31581250733508,1.0,0.001,0.001,0.0015619804351623935,0.12926531308048164,100,100
ENSMUSG00000047221,0.35368711647278883,9.049626393090596,6.1354742154936215,0.0022942801087113343,0.7965954292173956,0.2904005077665446,154.6997846017628,100,100
ENSMUSG00000047227,0.0033845727012895444,9.791545926198404,23.889691360488516,0.001,0.10564192527163555,0.002553601286729862,12.337145172636513,100,100
ENSMUSG00000047230,0.001,62.31581250733508,1.0,0.001,0.001,0.002314960344301044,0.1505888358218352,100,100
ENSMUSG00000047238,0.31577829268834057,1.1282207018590211,11.206962696362615,0.18048890157683578,0.4770789405989059,5.644456920810583,20.260410626531517,100,100
ENSMUSG00000047242,0.4546625972104931,4.298222990450409,13.013624500108122,0.16437800559357163,0.684082721792457,1.7937849849860692,10.656748648112341,100,100
ENSMUSG00000047246,0.13130968782475405,0.39503897216027883,3.412373356270474,0.012457663790325191,0.4002191836828157,2.213517509433876,205.76604948626243,100,100
ENSMUSG00000047248,0.25512436814422657,33.8549985685274,13.977674556195756,0.04011727845545471,2.0678595882571584,0.022021370627023036,2.1174191018028297,100,100
ENSMUSG00000047250,0.6520053420296094,10.313383855202778,100.69674010312524,0.47069401948627004,0.8544734342623934,6.8992937252027975,15.2561923614993,100,100
ENSMUSG00000047253,0.001,62.31581250733508,1.0,0.001,0.001,0.0019352866749807237,0.08196975088807437,100,100
ENSMUSG00000047257,0.001,62.31581250733508,1.0,0.001,0.001,0.0016266580886594268,0.09950955324564037,100,100
ENSMUSG00000047260,0.15335283866675425,0.552098287809027,33.37976840041932,0.06926269131276339,0.23236425193246668,40.10413520256486,149.9576228251363,100,100
ENSMUSG00000047261,0.016564547891802846,23.553105819670268,41.55288012002324,0.001,12.77119605705034,0.0011344508265024417,52.275280616069836,100,100
ENSMUSG00000047264,0.15419534109388547,0.3601593898036988,1.3092731577230756,0.001,0.8651053540742515,0.4338871325901924,765.0943092972427,100,100
ENSMUSG00000047281,0.038963225616714274,17.354863893442563,22.21515947307453,0.001,1.7385519000126757,0.006024363826651771,62.51629945026244,100,100
ENSMUSG00000047284,0.002859112416698429,0.007829884856290662,3.655548645726664,0.001,0.17450282260354202,4.898586587315545,1998.1335926816605,100,100
ENSMUSG00000047293,0.001,62.31581250733508,1.0,0.001,0.0010000000000000005,0.0015062223260521844,0.07369584008638028,100,100
ENSMUSG00000047298,0.001,66.84427540036525,1.0,0.001,0.001,0.001676433696446896,0.236677139499667,100,100
ENSMUSG00000047307,0.063715173816477,19.25191269563837,11.346298000041166,0.001,23.90437522397273,0.0013146888798727253,4.308241891360916,100,100
ENSMUSG00000047330,0.07365215749740393,8.33292896738874,67.13298080912367,0.04642148315491087,0.1383607955305818,2.4442803812843126,17.449150502851758,100,100
ENSMUSG00000047342,0.2918808458620269,29.410069078241325,32.40706365300087,0.001,0.4733602739295143,0.6901413441510786,354.83469637454493,100,100
ENSMUSG00000047343,0.001,0.009173650541861337,1.1689575374456866,0.001,0.16377889316445998,0.5527661993920623,140.7345118681012,100,100
ENSMUSG00000047344,12.558706968271455,1000.0,1.0,0.001,21.105516603100277,0.001,0.09332356922293937,100,100
ENSMUSG00000047361,0.001,66.84427540036525,1.0,0.001,0.001,0.001472860309088904,0.11658661539229591,100,100
ENSMUSG00000047363,0.09181168839172799,1.518389217375238,1.349263520881702,0.016928825596670853,2.0613609161835353,0.017533584689442848,4.964485280762201,100,100
ENSMUSG00000047368,0.28398453316902156,24.824884689249973,20.57588079446198,0.001,0.5992174560334779,0.3627464825691621,290.8040942176075,100,100
ENSMUSG00000047369,0.001,61.88525872635182,1.0,0.001,0.0010000000000000005,0.00171302557918131,0.7743686199575328,100,100
ENSMUSG00000047371,0.1713270588306108,0.32394154534578296,2.7862172306084307,0.014905654546576429,0.5436928071749231,1.8270072573944751,863.7706292458976,100,100
ENSMUSG00000047379,0.9857188791072466,4.574751613486823,19.004542709112012,0.6627095839204156,1.5247334676830673,2.4325056217574987,7.587310658164736,100,100
ENSMUSG00000047388,0.3390081918617869,0.3019487732789373,2.4006742884772514,0.006748353513832918,1.6669553437441875,0.917325522632779,671.0431199369538,100,100
ENSMUSG00000047407,1.0329234711392508,209.95712537443123,1084.8532956373265,0.7907792988930582,1.2844235972185347,4.005789969844544,7.455815854392211,100,100
ENSMUSG00000047409,0.5052131369376388,6.840454537037865,7.302700954663467,0.10538932132666141,1.1456712370855955,0.43928631138635454,6.705584140957962,100,100
ENSMUSG00000047412,0.7204057648435267,2.5975940272253095,3.429491196276109,0.0011593033398812314,1.119104163225586,0.7086452205860041,1296.0414969574085,100,100
ENSMUSG00000047414,1.0306887738024388,4.681167186895496,22.129442012359593,0.7451348102944262,1.6561424103253115,2.5218642656836465,7.393969054428942,100,100
ENSMUSG00000047415,0.030141901142215082,1.316156229066717,3.676418673538379,0.001,0.20464460349127533,0.19529804842867032,95.44800254960475,100,100
ENSMUSG00000047417,0.352347605529283,0.3365214291965379,2.403556394045862,0.10084143779514557,1.286821061910664,1.214224020599238,32.89160742172939,100,100
ENSMUSG00000047419,0.02492349983096916,20.6420479578185,28.337132553274785,0.001,15.140640874644681,0.0010000000003465722,36.021577422297305,100,100
ENSMUSG00000047423,0.970179716365155,3.928907541850349,13.327237412445596,0.27671043393814937,1.6184902124534863,1.713865267775616,21.238691546000005,100,100
ENSMUSG00000047428,32.95916480410466,848.8271564411725,1.0000000000000113,0.001,46.74207881903325,0.001034080828879932,0.010560236146667644,100,100
ENSMUSG00000047434,0.09794634818884929,0.15575321405060977,4.144701208239352,0.001066637837495328,0.22103993962041646,10.559274985590783,2817.470953975523,100,100
ENSMUSG00000047441,0.001,61.674132606755,1.0,0.001,0.001,0.001801935489219661,0.2543716114119815,100,100
ENSMUSG00000047443,0.09492331398835277,55.178554082307,253.11315900697159,0.05485272119735485,0.2009341962912981,1.359270235217136,8.389618314974687,100,100
ENSMUSG00000047446,0.47253199189518036,12.685924661846725,23.70250686275729,0.2607965244310546,0.739884450678642,1.1022612256958069,4.188301831099467,100,100
ENSMUSG00000047454,0.300039330130221,2.898898390406122,6.531639607546598,0.12653194433592996,0.5136094836075732,1.2329568747711321,7.712841274807115,100,100
ENSMUSG00000047459,6.310251680544065,77.18369163972385,328.71236612695304,4.2974391225334285,12.42486734471693,2.0575016874252503,9.240561823996572,100,100
ENSMUSG00000047466,0.26754121317170604,28.290585624000432,20.553118929353072,0.12700422387020865,5.244598697090393,0.04091072927391143,1.728347106640752,100,100
ENSMUSG00000047473,0.24260601400390053,2.778105666416002,3.6717956160463854,0.08458778679595422,0.6940328388176971,0.41257807267241253,4.699643876355214,100,100
ENSMUSG00000047495,0.005168053972005263,9.740700884911139,39.22589892041257,0.001,6.739047291624954,0.0013193922199851162,23.874943024872515,100,100
ENSMUSG00000047496,0.4282965282830732,103.14966607220127,1.0,0.001,8.302866732872797,0.0010000004174194875,0.05151596313158335,100,100
ENSMUSG00000047497,0.2671652104732552,1.23030343975068,6.533596642868802,0.16400136494146467,0.4297199836876675,2.856448459538483,10.52400163859138,100,100
ENSMUSG00000047501,0.001,62.31581250733508,1.0,0.001,0.001,0.002044432258499374,0.15209555753330262,100,100
ENSMUSG00000047502,0.001,66.84427540036525,1.0,0.001,0.001,0.001735305348758358,0.2717906509636458,100,100
ENSMUSG00000047507,2.684773051267332,649.196933434762,1.0,0.001,8.302436974645136,0.0010000000000109364,0.18108946338348886,100,100
ENSMUSG00000047508,0.001,62.31581250733508,1.0,0.001,0.001,0.0015778878729630222,0.1437710357764924,100,100
ENSMUSG00000047509,0.001,59.94762576822368,1.0,0.001,0.0010000000000000005,0.0019191827863710227,0.08053205682723846,100,100
ENSMUSG00000047514,7.705978040717936,997.5536912521223,272.7358478568377,0.9011037559390886,171.37346093477896,0.04271407329917187,826.2112692843281,100,100
ENSMUSG00000047515,7.992738106472498,999.9999899058986,1.0465931781218474,0.001,12.519513697168737,0.001,0.03011330599361845,100,100
ENSMUSG00000047528,2.8298042984623497,664.4962769667507,1.0,0.001,7.900846931732928,0.0010253825127697104,0.14809447942909926,100,100
ENSMUSG00000047534,0.02448883730992985,1.4754704398676473,4.363227173643309,0.001,4.6637561039082325,0.0015036100913224594,15.350841218336328,100,100
ENSMUSG00000047539,0.7146740744891004,1.5190659966767122,5.047014781428591,0.26867134265616655,1.4549960839112077,1.1691507531663188,12.885774285072642,100,100
ENSMUSG00000047547,0.934850701882522,3.4885557594383783,42.015488472441504,0.7565267991779936,1.584864810435851,5.554297115633409,16.144812714534865,100,100
ENSMUSG00000047554,2.210741164239562,10.45132579657794,25.758641964272705,1.3129427896504713,4.068625548941076,1.117182093531273,6.567055699791627,100,100
ENSMUSG00000047557,1.3886468372833203,173.6634055095787,1197.0544080589473,1.1703961380068693,7.221305498306547,1.1249185466269194,8.676896660311801,100,100
ENSMUSG00000047562,0.001,0.058412318580932904,6.425030245778466,0.001,0.013032492778906814,0.001816381780941764,202.52377415213184,100,100
ENSMUSG00000047583,0.11152344049772048,1.252208514949582,3.61348339792864,0.005463484223667908,0.3057665397231506,0.9130572220641324,122.48689546327847,100,100
ENSMUSG00000047586,0.001,62.31581250733508,1.0,0.001,0.001,0.0016906827564410257,0.11121454987468724,100,100
ENSMUSG00000047592,0.001,62.31581250733508,1.0,0.001,0.001,0.0017869322560844253,0.14018157002611936,100,100
ENSMUSG00000047603,0.44387374124460266,31.88093297507801,8.58595580511315,0.020569240863213906,12.09893793777896,0.004151891924156925,1.6593390620869113,100,100
ENSMUSG00000047604,0.16346449595122756,18.011427373940496,4.15123424829952,0.004144397999007302,34.00577255070479,0.0010484102089819655,1.8730796229283107,100,100
ENSMUSG00000047613,0.8272854926615502,2.139302055422161,7.114884659637167,0.4599157386270195,1.4481006359453792,1.4478921655155674,7.885646099586994,100,100
ENSMUSG00000047617,0.5093778324184586,1.1670729629247052,2.9482060046430294,0.001336547222592363,1.1280867952515474,0.9330553240563302,1654.030246810978,100,100
ENSMUSG00000047619,19.16570727739786,896.45200547705,1.0,0.001,27.42765401746779,0.001,0.008998284664710018,100,100
ENSMUSG00000047631,0.001,62.31581250733508,1.0,0.001,0.001,0.0019378600416354095,0.1967897203228978,100,100
ENSMUSG00000047632,0.044277884261830734,83.22189475825259,236.3647513411152,0.019881080062072967,12.047760266753004,0.02646505950258911,10.56204074169454,100,100
ENSMUSG00000047635,0.05611906663760639,0.10634685090418931,2.7306366897018983,0.001,0.4000261404643622,2.4671747531284316,1518.848956404317,100,100
ENSMUSG00000047638,0.610901319112346,146.1179810336442,1.0,0.001,10.119435599175857,0.0010047076649815894,0.14839975960602086,100,100
ENSMUSG00000047642,0.001,62.31581250733508,1.0,0.001,0.001,0.001538679014905348,0.23702699360447282,100,100
ENSMUSG00000047648,0.5401975321529146,1.2623381689637563,4.8045056398081485,0.1767940431595457,1.0174276974117562,1.4634774690693417,18.275402197858845,100,100
ENSMUSG00000047649,1.1847767622097982,3.272812525453822,11.847334811721982,0.7147247026975738,2.0401845453251393,1.574309646639481,7.151453655360088,100,100
ENSMUSG00000047654,17.271754007574128,661.5629718188071,1.0,0.001,36.597304724079784,0.001000017311559954,0.008992334932829669,100,100
ENSMUSG00000047656,0.05730491028722009,0.305008839950467,1.1889859250115413,0.001,0.6101519438350956,0.33336310375427247,265.3411317896734,100,100
ENSMUSG00000047658,0.001,62.31581250733508,1.0,0.001,0.001,0.0015556665505529368,0.07154183499119858,100,100
ENSMUSG00000047669,0.5295820303450515,2.3398959048712658,2.889079190438763,0.11241799607578956,1.5511818731727867,0.3330379535921173,8.206890836191494,100,100
ENSMUSG00000047671,0.010902086544210163,19.49352599304644,22.252457035492593,0.001,2.513243961123396,0.0016117923275959206,12.983564997210461,100,100
ENSMUSG00000047675,5.554811783289638,73.6519881093431,1141.8661005630654,0.6427039740727293,7.11755593242939,2.3388364686976786,2001.4217283686485,100,100
ENSMUSG00000047678,0.001,62.31581250733508,1.0,0.001,0.0010000000000000005,0.001478970996159669,0.38489846134242595,100,100
ENSMUSG00000047686,0.03331700906763827,1.3133113167947221,37.79105432980959,0.016802411199082656,0.053360493420323354,7.120665158810683,156.05264004617615,100,100
ENSMUSG00000047692,1.421002959611816,340.4393560865186,1.0,0.001,10.837131661904381,0.0010000020798342218,0.14476289444636725,100,100
ENSMUSG00000047694,0.25837450925700245,0.5416126420250099,4.453759500887817,0.04413170120781025,0.48957724456440255,3.320263663134585,63.835628760187234,100,100
ENSMUSG00000047710,0.6763972635238363,1.3638612678141613,4.6144856493327575,0.25307584322383525,1.416591436374671,1.1422082813893328,14.33803349573126,100,100
ENSMUSG00000047712,0.23413754926946853,1.4163895356227072,2.0138988529034845,0.017012396321377903,0.7620447941703848,0.32400179163426013,27.777534653701352,100,100
ENSMUSG00000047714,0.37411240705860327,2.188519128368201,5.109113054876569,0.1746748095310246,0.5999954318726453,1.1981559816667255,6.7701313565098875,100,100
ENSMUSG00000047719,0.10245615557750183,0.1129153224699411,1.8386471962365105,0.0010874295511994507,0.8127696650230023,1.1644817940153902,1752.8224258428809,100,100
ENSMUSG00000047721,5.374437469037012,80.97770781121397,248.21017442501392,3.3639865994123985,9.471923351816866,1.6103759824492854,7.517201151853889,100,100
ENSMUSG00000047728,0.001,58.655869952050985,1.0,0.001,0.001,0.0019979042339501197,0.1043284809515307,100,100
ENSMUSG00000047730,0.001,62.31581250733508,1.0,0.001,0.001,0.0016331064098536103,0.14857827354602665,100,100
ENSMUSG00000047731,3.183222501468463,8.281164849091946,31.32171625508327,2.4086314898354644,7.4832770703849345,1.1950188846861183,6.883018305003111,100,100
ENSMUSG00000047733,0.0032801894036665062,8.680153989218681,21.139517402723143,0.001,0.05843405926121503,0.0015394725844446937,25.375957834775154,100,100
ENSMUSG00000047735,0.2211358318950828,0.23286318222714536,5.719618007399571,0.10378535653226845,0.4946312464525494,8.327309627121995,60.92928595024473,100,100
ENSMUSG00000047747,0.001,0.001443760025381867,1.680784296503484,0.001,0.556937300889532,1.3059634052033378,1308.2681551550127,100,100
ENSMUSG00000047749,0.15223129585169815,18.12577125634607,6.48188765339831,0.017556852756827834,42.21138864522145,0.0010864130507460194,3.0283061282982473,100,100
ENSMUSG00000047757,0.018632141306322444,0.6570769681573532,4.5391745754846164,0.002921874660062938,0.08528167904252468,0.7853743230465721,32.90552042465913,100,100
ENSMUSG00000047759,8.282308208138195,999.7890219010623,1.006051583753308,0.001,19.05188779400911,0.0010000000000054577,0.018447001419297934,100,100
ENSMUSG00000047766,1.1429182679799348,17.809175362494667,18.465770956455714,0.3208677495663693,1.8712588850094414,0.6336252831275127,6.329920151694244,100,100
ENSMUSG00000047767,0.3631351851166353,37.632785122902845,56.85207739368366,0.16976140515592236,0.5810128982716107,0.8525432083063067,4.388071107402572,100,100
ENSMUSG00000047773,0.001,66.84427540036525,1.0,0.001,0.001,0.001742270751716445,0.13612913511646985,100,100
ENSMUSG00000047777,0.5081949810212355,1.2134418273803613,2.8953765088989725,0.001,0.9457708628497549,1.2006141939070594,1802.0248960621484,100,100
ENSMUSG00000047786,0.008679759398460907,18.91991116770171,64.77605120916324,0.001,11.515176932496278,0.0011514510368644138,42.26324970783716,100,100
ENSMUSG00000047787,0.003449314923793821,15.519447502975224,38.40526626431652,0.001,0.05978034076962711,0.0016986267852831661,16.00010388903596,100,100
ENSMUSG00000047789,0.6665354476400327,16.676425339620888,13.054866738771066,0.001,1.0711488266403197,0.44235290310960423,972.5581919261344,100,100
ENSMUSG00000047793,0.1788402836768168,45.56862617761532,956.1717845032007,0.1023232377535492,0.20017193782106701,17.828786090586576,40.952838631227095,100,100
ENSMUSG00000047798,0.001,62.31581250733508,1.0,0.001,0.001,0.0016494657500241454,0.20004506087790613,100,100
ENSMUSG00000047804,0.6056428774231842,1.6355045803290233,2.162741596052897,0.0010025610182080333,1.8017774067808228,0.33012940016692915,1078.2518634000264,100,100
ENSMUSG00000047810,0.013446631813833038,21.080175859823466,32.523409728374865,0.001,4.235849170484681,0.0016999480058082655,34.83913639054727,100,100
ENSMUSG00000047821,0.7831253747636945,6.0025183349813,11.229141875806956,0.44136458844328685,1.2628620481170696,0.9933027645493226,3.947499687158033,100,100
ENSMUSG00000047822,0.001,62.31581250733508,1.0,0.001,0.0010000000000000005,0.0015431251170049548,0.1839609228843267,100,100
ENSMUSG00000047824,0.8720776382349982,1.0007968026488008,4.607819229687905,0.19732017389433157,2.1211178848285295,1.0551878598380515,53.92352732154208,100,100
ENSMUSG00000047832,0.4959979473719938,0.6438445140673362,4.743708513379641,0.2342667353213535,1.1832990533212282,2.049930688720903,16.980160897887867,100,100
ENSMUSG00000047842,0.0166486803666633,2.087338646238365,3.125457317873933,0.001,18.05256131453164,0.0010000000688551664,21.570283042256424,100,100
ENSMUSG00000047843,0.24440350963969804,2.305397564657398,9.375299295237578,0.001,0.4031690430338992,2.2719088632842004,1581.8741887030405,100,100
ENSMUSG00000047844,0.001,61.024058264401226,1.0,0.001,0.001,0.0016276354222847446,0.48412677299539764,100,100
ENSMUSG00000047854,0.001,62.31581250733508,1.0,0.001,0.0010000000000000005,0.0015924868177162642,0.3304938379713174,100,100
ENSMUSG00000047866,2.0830697194900467,7.412448417764013,18.686226141340654,1.2577270684972541,4.349745155882728,0.9778371401060013,5.675056548544349,100,100
ENSMUSG00000047867,0.013366975384506711,27.054395272901587,69.37497339545418,0.001,2.6507586737664504,0.0015388454165445663,51.13007513107918,100,100
ENSMUSG00000047875,0.36259315315064133,17.381387967518197,3.718520527418699,0.0665877070463483,63.10875469173179,0.0011108349878860405,0.8459080477291481,100,100
ENSMUSG00000047878,0.014040342556664987,0.6319900007130898,10.095450186926398,0.001,0.05531375682286381,0.8574452300803889,178.74631649762838,100,100
ENSMUSG00000047879,1.9388250247127004,3.8904350029920494,12.766817243690445,1.1806382176942862,7.4856497255429115,0.5680029528931042,8.076787967867828,100,100
ENSMUSG00000047880,0.001,66.84427540036525,1.0,0.001,0.001,0.0018189611377666497,0.14983126485971632,100,100
ENSMUSG00000047881,0.3288963168051511,0.4349291961353314,3.8395463980289786,0.09434766520162056,0.8505745931956317,2.262752286267414,41.069140364177684,100,100
ENSMUSG00000047884,0.001,60.188376913276144,1.0,0.001,0.0010000000000000005,0.001872918499034394,0.2067817907747313,100,100
ENSMUSG00000047888,0.3803111993959827,2.2748608950597324,6.961956993350099,0.03301835837412669,0.6330591433970437,1.8147614657083933,46.37434408640581,100,100
ENSMUSG00000047889,0.001,62.31581250733508,1.0,0.001,0.0010000000000000005,0.0016515638321912421,0.392064900432464,100,100
ENSMUSG00000047894,0.1089067157026239,26.915522553406145,40.45992991054881,0.05189906959215687,0.3144252716332605,0.2658060392062632,3.727833434586057,100,100
ENSMUSG00000047898,0.001,66.84427540036525,1.0,0.001,0.001,0.0018872806018695699,0.24945640675986433,100,100
ENSMUSG00000047904,0.007785915412950625,1.4169386779239863,7.637852437728076,0.001,6.34348751631414,0.0015192008579334349,21.25385847300477,100,100
ENSMUSG00000047905,0.017753465924192326,0.02066948023623157,3.1797112623812516,0.001,0.436073134189798,3.8631722108596516,3170.3688380237368,100,100
ENSMUSG00000047907,0.15140146993301812,0.30110877236977845,4.614516857670554,0.04808877455912222,0.3632312257292248,4.875298367111974,52.69166572721272,100,100
ENSMUSG00000047909,2.899122656927362,178.02461981618103,173.5965326743929,0.9279439708285193,4.411970443035979,0.6206875523697368,8.37101189016926,100,100
ENSMUSG00000047910,0.09244132249245676,21.361512080393986,49.06050392288069,0.0017681419449595858,0.14289984784210896,1.3077678963253323,159.47634454001337,100,100
ENSMUSG00000047911,7.899330718867067,631.442957738843,1.0,0.001,17.935079644184178,0.001,0.009087701315233888,100,100
ENSMUSG00000047921,0.28705240024247497,0.36125751801361183,1.6647112970147666,0.011284783116341667,1.4600955802566744,0.5026976584227107,233.54853935753493,100,100
ENSMUSG00000047938,2.398468794745146,577.0230940414881,1.0,0.001,7.890367237872464,0.001205514261371852,0.04254748785384185,100,100
ENSMUSG00000047945,0.7430230547921323,136.70219452245306,737.2334857766737,0.3495044058263832,0.9055669870494736,4.386371159891471,17.604485161580598,100,100
ENSMUSG00000047953,0.001,62.31581250733508,1.0,0.001,0.0010000000000000005,0.001799647941225127,0.48890170539041655,100,100
ENSMUSG00000047959,0.001,66.84427540036525,1.0,0.001,0.001,0.0014800615965295135,0.1953318333712462,100,100
ENSMUSG00000047963,0.3566953935137728,2.239014772219047,5.7965710539688144,0.11096940489205712,0.6071201845623373,1.2534566609429048,12.099610491327486,100,100
ENSMUSG00000047965,nan,nan,nan,nan,nan,nan,nan,0,0
ENSMUSG00000047986,0.014150421376965242,2.4860909916791254,7.492103021797893,0.001,9.379500334519667,0.0015347068315977389,26.358448489766204,100,100
ENSMUSG00000047988,14.338609113480802,844.5721207559186,1.003993478331716,0.4336952540489575,26.485072629982803,0.0010000000000075114,0.008969449238262126,100,100
ENSMUSG00000047989,0.8731670438728995,3.9927150476902584,5.689149112619116,0.20311693596398467,1.8011921572335705,0.6061007944860624,10.419330907146334,100,100
ENSMUSG00000047990,1.4794348014843814,357.52131026778807,1.0,0.001,12.50630389785361,0.001,0.0662653550840814,100,100
ENSMUSG00000047996,0.5820693600596476,17.22618500257436,1.7996423067027383,0.05031220653688097,51.28826948968795,0.001121023839223701,0.5068143476065284,100,100
ENSMUSG00000048000,2.6248756304252994,7.310817062497486,21.088345640315993,1.5161869899668747,6.028200696525345,0.9187691705534751,7.820607411770968,100,100
ENSMUSG00000048012,0.02278290637143352,20.57620237815118,14.967803634899372,0.001,9.529345843923627,0.0013653340388698454,5.522981949534864,100,100
ENSMUSG00000048027,0.1893151524948133,4.400492247237636,10.068462063359547,0.09363950102303056,0.4111750589415043,0.943890683762713,5.115353101363416,100,100
ENSMUSG00000048039,0.21978431302172277,0.49018640918293543,2.167768910785315,0.001109311671591252,0.8383387541295382,0.7925488607031781,999.0705052278546,100,100
ENSMUSG00000048040,0.10648972310832634,0.320474356785454,1.5871848362879717,0.001,0.6116864220926297,0.6207299042027145,543.3217311856849,100,100
ENSMUSG00000048047,0.21199363681548342,2.8892391425746085,5.270925375091356,0.09779811595161607,0.420892738623886,0.6941428403703439,3.9737205110447302,100,100
ENSMUSG00000048058,0.6906433986577253,347.31831090457234,342.8440352119517,0.006806587592180063,1.0927234825578054,0.6008275559312319,284.0358358274834,100,100
ENSMUSG00000048065,0.08732129307633814,18.91015623658804,6.263743460390605,0.001,20.75765160517038,0.001041475319057036,6.8530970588957105,100,100
ENSMUSG00000048070,0.001,62.31581250733508,1.0,0.001,0.0010000000000000002,0.0021393735145310696,0.1578149306550779,100,100
ENSMUSG00000048076,0.059755772808642096,0.12579031788432865,90.12592310371079,0.001,0.001,0.02041023412757473,3.36797917082888,100,100
ENSMUSG00000048078,0.0243013706753646,2.799788936474438,11.316012830735916,0.001,8.080672053461367,0.0013937225232470867,12.941293253859374,100,100
ENSMUSG00000048096,0.05167097273935884,15.310269700600257,82.53602800006591,0.016827387464615824,0.08102528202493457,2.1296730212489754,27.410110089631072,100,100
ENSMUSG00000048100,2.0117543124563215,13.00236782489632,35.25042891458445,1.1917593630395866,3.8080191406105803,1.2941680065795749,6.239679044818004,100,100
ENSMUSG00000048106,1.5790449818768564,140.67975251676853,29.445759053201538,0.36037942031484427,52.955195124994376,0.0054160673419241315,1.4260026177352771,100,100
ENSMUSG00000048109,0.22977810289247194,3.762535482321685,3.685789046025066,0.08013496060288688,1.0278579656829971,0.1731332358791141,2.8283714431079305,100,100
ENSMUSG00000048118,0.33735869684562175,1.6431520164329982,3.5631696334529694,0.001,0.44904602854957876,1.5280951309580213,1031.282252443888,100,100
ENSMUSG00000048120,0.0645078106120702,1.255739157301407,1.5737953064835781,0.0016718179587428402,1.7412382399480955,0.015502693969622514,43.85386785904254,100,100
ENSMUSG00000048126,0.5369777683958988,2.7857276933554247,81.14200629529498,0.42959219323877573,0.8163392589916415,13.324322789809251,39.95934550702353,100,100
ENSMUSG00000048138,0.1036426805958909,12.649170222446527,10.677867996089647,0.01728665168696175,0.9938990817519064,0.034532242431507744,3.2049586087462476,100,100
ENSMUSG00000048142,0.006213617663493578,1.359939347218868,6.62359186708047,0.001,9.177467929733616,0.0011207041188429773,24.455128361863622,100,100
ENSMUSG00000048148,0.001,62.31581250733508,1.0,0.001,0.0010000000000000009,0.0014767674056577642,0.2201467996280957,100,100
ENSMUSG00000048153,0.001,62.31581250733508,1.0,0.001,0.001,0.001487668265573814,0.5352055941290585,100,100
ENSMUSG00000048154,1.8867664431304543,18.036819654518066,9.90596638799682,0.4945369499244662,5.015321119942985,0.17860003885216885,3.0688113336958525,100,100
ENSMUSG00000048163,0.001,62.31581250733508,1.0,0.001,0.001,0.0017608940235847022,0.3896872970612616,100,100
ENSMUSG00000048164,0.001,13.27963821034474,1.0,0.001,0.001,0.03388871611890802,3.830551547510766,100,100
ENSMUSG00000048170,0.2902605587856767,0.684519375649558,2.362623495891418,0.04184235247678945,0.8363932705266983,0.8878726400205981,27.647655857634117,100,100
ENSMUSG00000048174,0.37283643065544503,4.531032949152997,3.6765195939487025,0.005892439440884,0.8666455645776547,0.2878862823516568,114.72092627699539,100,100
ENSMUSG00000048175,2.1156798811464292,26.432147946068763,53.3083937803161,1.161031992597037,4.264224835626454,0.9935718595735056,5.693196080985584,100,100
ENSMUSG00000048186,0.001,62.31581250733508,1.0,0.001,0.001,0.0015869888377182122,0.21595644608133086,100,100
ENSMUSG00000048191,1.1828411335966456,247.49953819011205,1.0,0.001,6.464853638027533,0.001196140240766867,0.09933592351183346,100,100
ENSMUSG00000048200,0.0897557871946427,18.766631291764824,6.201658710031638,0.001,27.318920443540627,0.0010113184602938822,10.93926207349773,100,100
ENSMUSG00000048216,0.05185357727528293,23.313035895504974,188.05951360569543,0.03157511450678378,0.16225471215315684,1.1007795669751368,23.20117210300336,100,100
ENSMUSG00000048217,0.001,62.31581250733508,1.0,0.001,0.001,0.001775291722680083,0.20763819625058738,100,100
ENSMUSG00000048218,12.507096055003418,1000.0,1.0,0.21836059341035163,17.26027591632353,0.001,0.009014408560486527,100,100
ENSMUSG00000048222,1.1307478342138284,1.5091352304043806,6.613205303445401,0.00427957970175665,3.459629759677596,0.855384942530212,3302.3252583396843,100,100
ENSMUSG00000048230,0.001,66.84427540036525,1.0,0.001,0.001,0.0018790835359319285,0.16958077542887512,100,100
ENSMUSG00000048232,0.24407635513323922,9.23235326182546,12.471604465444937,0.001,0.45394728174106647,0.6816683741050102,490.667750436758,100,100
ENSMUSG00000048234,0.590017351390257,0.6194350768186501,8.124611297380113,0.36447560392529277,1.6314810253060155,2.4985772180175783,26.78748137799885,100,100
ENSMUSG00000048240,0.025930795260050297,0.962192644690901,3.381386913016715,0.001,0.1846614668390793,0.2574761385194628,67.24483623958534,100,100
ENSMUSG00000048249,0.16231549805400683,1.692369868932882,4.019764319246209,0.001,0.2794505155256522,1.3068025886878485,679.2831479941837,100,100
ENSMUSG00000048251,0.004073384651961597,11.149609488685988,22.34353119129369,0.001,0.05504584793804081,0.0019077175086960898,16.888531270796317,100,100
ENSMUSG00000048261,0.001,61.45463549419866,1.0,0.001,0.001,0.0016565070666730952,0.19387568393024823,100,100
ENSMUSG00000048264,0.03900965046188964,0.11760392740356732,2.2119564427791065,0.001,0.32885670743723605,1.4771201713776687,860.1382497860096,100,100
ENSMUSG00000048271,0.48553684424763155,0.536575812118318,4.199485404818447,0.2238226919323446,1.6214357181292502,1.2885595531526537,22.7244075196404,100,100
ENSMUSG00000048277,2.8202183948886344,160.4859474337793,435.5962630438948,1.6173169995545018,3.8492783958885317,1.8798585907775758,8.475865929965279,100,100
ENSMUSG00000048279,0.15279559591056366,0.8959749657621072,3.113981644472747,0.001,0.4068393916324051,1.0389256743386506,811.124794116196,100,100
ENSMUSG00000048280,0.5862170943579575,31.761670037236975,16.99032245274938,0.13569563391884173,1.6382333523486166,0.17795807769932503,3.6695355982087428,100,100
ENSMUSG00000048281,0.001,62.31581250733508,1.0,0.001,0.001,0.0016136860847416447,0.13092327464090997,100,100
ENSMUSG00000048285,1.0285620293550317,119.00970398279475,613.1761067316679,0.737193758853945,1.2873051042241244,4.133548294523795,8.366276038227111,100,100
ENSMUSG00000048292,0.001,62.31581250733508,1.0,0.001,0.001,0.0018262408969399548,0.3947923566708116,100,100
ENSMUSG00000048307,2.4200729021555194,165.521620287313,244.4441463958426,1.343676073962682,7.107986958389377,0.5319441802373706,3.7142901288202346,100,100
ENSMUSG00000048310,0.7520235712122932,0.8348843817081292,3.2428000804826915,0.1385815371726523,2.6186411147700666,0.6306571848747962,46.888247985801186,100,100
ENSMUSG00000048316,0.001,62.31581250733508,1.0,0.001,0.001,0.0015003585254573376,0.19622245154285597,100,100
ENSMUSG00000048327,0.02215551576425872,2.4368580274805605,28.2637351004564,0.001,0.05402063713280121,3.0450753629063385,212.27230317335722,100,100
ENSMUSG00000048330,0.13572222096755285,30.95446284285006,31.541353162723894,0.05491319205000922,1.6865827688816468,0.03805628160080489,2.453550049893043,100,100
ENSMUSG00000048332,3.376666441394291,320.78108452445736,1639.0390835043772,2.7756092187485137,5.840177747563597,2.987158856390524,6.368692707672109,100,100
ENSMUSG00000048347,0.0059844672661800175,0.7512902734067572,5.863643756166441,0.001,13.578261148893748,0.0013635554858114122,33.07459399000581,100,100
ENSMUSG00000048349,0.001,61.88525872635182,1.0,0.001,0.001,0.0018211821507712089,0.13210437099559016,100,100
ENSMUSG00000048351,0.5954833356740431,2.0403832642556985,4.599226241753488,0.22100124186550635,1.2831011455315473,0.8573387462082702,7.3566180950480105,100,100
ENSMUSG00000048355,0.016135841375322153,6.05380936493651,38.10339084103055,0.001,6.187030318721026,0.0018303477049840965,155.81788323982,100,100
ENSMUSG00000048368,0.02289633628815058,20.900268814152703,23.29655896512915,0.001,8.828813559160505,0.0010666291921471649,37.33479146461936,100,100
ENSMUSG00000048371,0.49868812995559625,18.815859529722502,11.180597820578216,0.07411407622163814,1.0377849818815226,0.27973867316561424,6.109524925251107,100,100
ENSMUSG00000048373,0.001,62.31581250733508,1.0,0.001,0.001,0.00206238897608625,0.1811532337177023,100,100
ENSMUSG00000048376,1.1617501352159556,7.404189417324607,24.87059313234268,0.7143852517818869,1.8400729947476175,1.9625928779360096,7.269634457879235,100,100
ENSMUSG00000048379,0.06409624755014057,7.8453272562392415,27.70630810911278,0.001,0.10186423455445992,2.7830356310169737,391.1443924679794,100,100
ENSMUSG00000048387,0.1875668059423609,4.611161423459502,39.89952281174142,0.1261341782092095,0.2734253465278128,5.700661952514191,14.554294281028687,100,100
ENSMUSG00000048388,0.09017322358840489,0.21028500507472286,2.2772296930704727,0.001486134843261759,0.48220453466256163,1.353196078467111,720.5510160142742,100,100
ENSMUSG00000048399,2.961200185399535,721.6290393901162,1.0064427689282454,0.001,10.834781206740054,0.0010000088839812404,0.037100756171085485,100,100
ENSMUSG00000048402,0.005027999620599226,0.07452015998679602,1.0,0.001,0.2423362336564808,0.005240431484231046,102.31773684229925,100,100
ENSMUSG00000048406,2.1461883628863268,516.8437340473623,1.0,0.001,12.55613943593,0.0011254393346624377,0.14297975063697993,100,100
ENSMUSG00000048410,0.06881872552801284,0.08508627623262045,1.824049425217594,0.0010051144857671074,0.8512513890899898,0.9181611975389548,1524.0157963529887,100,100
ENSMUSG00000048416,0.010432578727387945,1.0157430714341964,7.5312535303392,0.001,18.43261335434743,0.0011439705410739142,26.96881186213063,100,100
ENSMUSG00000048429,1.0206881677674509,1.6413103125286317,7.477434264658273,0.6569801370278434,2.3532766814800494,1.2787206947191976,8.754400910432782,100,100
ENSMUSG00000048439,0.7495018970181473,142.3993863988996,168.5288651565291,0.3990163525539687,1.1635471984028074,0.7683157704879633,2.8909441240593043,100,100
ENSMUSG00000048440,0.40984265136128556,0.4898171536761407,3.2520526208879623,0.04366211361789657,1.445453921629435,1.1116090053377476,126.38954868418224,100,100
ENSMUSG00000048442,0.001,62.31581250733508,1.0,0.001,0.001,0.001724583291297457,0.462711520286507,100,100
ENSMUSG00000048445,0.1936515236131457,27.927295390177033,21.454520358320007,0.011322154630106676,0.6669817686375212,0.08188021966766856,7.109660343541681,100,100
ENSMUSG00000048450,0.48781445856090516,16.212079693552603,14.49968697437461,0.22816913290841795,1.0340200090446625,0.4160616563101246,2.3259449909137997,100,100
ENSMUSG00000048458,0.349518623005725,3.3081813688128223,12.488517578516168,0.11360935323985535,0.47964746904769956,2.553389812144028,15.716647659872743,100,100
ENSMUSG00000048478,0.21026097240647473,32.17322867530268,21.5209946868556,0.07322316955294672,0.935835082060786,0.14476007599008167,2.7379944131460983,100,100
ENSMUSG00000048481,0.008640220136881831,5.097435023825174,28.341227994913783,0.001,0.037155369883100406,0.004926836070687223,86.88762766426288,100,100
ENSMUSG00000048482,0.41399378061834463,2.5453309933356314,50.820593848751024,0.30662896425898,0.5599410723883274,13.253466942372334,28.303514797413225,100,100
ENSMUSG00000048484,0.010773748241889359,19.7570858224666,22.537010784332196,0.001,5.881773845916465,0.0011388250738245112,16.56216153370473,100,100
ENSMUSG00000048485,0.001,66.84427540036525,1.0,0.001,0.001,0.0015037784136372348,0.16774791072270068,100,100
ENSMUSG00000048486,3.0577868535280928,563.1193793321672,308.4783617183119,1.4008683840893363,5.707055120359482,0.2932885161395671,1.7704845763432744,100,100
ENSMUSG00000048489,2.3992539462854334,631.6350691373558,1.0917831779394422,0.001,9.258835518102474,0.0010000000278466996,0.12223178450977595,100,100
ENSMUSG00000048490,0.20372035196092933,1.2200800982428144,3.8630483089745624,0.07653889507244294,0.4342967652085099,1.2890666467951613,14.030557890579594,100,100
ENSMUSG00000048495,0.1311683305474409,0.17423215377434811,2.920631251540319,0.001121680993577009,0.5795051817783952,2.3390374465053867,2233.8608820393883,100,100
ENSMUSG00000048497,0.40904482118960084,0.5180139262871645,2.6774742824149995,0.16508309294416276,1.257631013779019,1.0894561369001254,20.302215205901824,100,100
ENSMUSG00000048498,0.001,62.31581250733508,1.0,0.001,0.001,0.0014730267126210031,0.3013160361354482,100,100
ENSMUSG00000048502,0.001,60.60768216058454,1.0,0.001,0.0010000000000000005,0.0018033457007874598,0.6057988885956778,100,100
ENSMUSG00000048503,0.001,0.012900522763378875,1.0975077910709736,0.001,0.14420857853871694,0.20997513266151244,120.92949872052647,100,100
ENSMUSG00000048520,0.07145817413485017,10.257988046893013,13.368371951280874,0.026115275837745998,0.49104114029807944,0.10650315497838102,2.8792050821789736,100,100
ENSMUSG00000048521,0.001,61.024058264401226,1.0,0.001,0.001,0.001735394094055378,0.21515968617144834,100,100
ENSMUSG00000048534,2.961200185399535,721.6290393901162,1.0064427689282454,0.001,7.635947317340552,0.0010000016639806495,0.1655985109917405,100,100
ENSMUSG00000048537,1.8545254329456136,12.4301241547693,64.90450785138582,1.3743792529300074,3.7003135376133747,2.241671320770657,8.077078003334,100,100
ENSMUSG00000048546,0.13795714536764495,0.1540302163982641,1.9089686591682227,0.0013210360931220386,0.9954188488913354,0.975595260871594,1619.4432865103352,100,100
ENSMUSG00000048550,0.15090564924611058,3.9207487628310873,2.8470568650427897,0.043728912731427594,0.9296333904638943,0.0900348380698704,2.4736939858934166,100,100
ENSMUSG00000048562,0.003207854322711785,10.353985893480228,26.27662992682541,0.001,0.04294885474851538,0.002127403654644868,21.76753375499823,100,100
ENSMUSG00000048572,0.001,62.31581250733508,1.0,0.001,0.001,0.0015014970913761901,0.08948141009193332,100,100
ENSMUSG00000048578,1.6564396278471358,4.542567615950579,24.487290571170934,1.218088799848987,2.8427127104881973,2.355128056204574,9.009991347571814,100,100
ENSMUSG00000048581,0.8310701267304463,15.428031863399255,33.58347193623374,0.27027904239547607,1.1118621169158776,1.672355056349495,11.435548615698012,100,100
ENSMUSG00000048582,0.0041432441978944716,10.400986569097782,58.53706121122239,0.001,0.05274752933658593,0.003292145599873504,39.21976830293401,100,100
ENSMUSG00000048592,0.001,61.674132606755,1.0,0.001,0.001,0.0015641813021647622,0.10996880594493799,100,100
ENSMUSG00000048600,0.001,53.96529354175793,1.0,0.001,0.001,0.0016568030881839433,0.6073451731850164,100,100
ENSMUSG00000048603,0.001,0.005910260496621142,1.1954541354729267,0.001,0.22161208970658988,0.5814600044258578,206.02513920886986,100,100
ENSMUSG00000048612,3.4723239715876306,8.392534336771373,31.687128993535158,2.017194274034317,6.8038052961339215,1.4246952025868462,10.648018452670492,100,100
ENSMUSG00000048616,0.014875218010938112,19.47771722046573,47.244728205738916,0.001,1.4685849835242601,0.001604918572482546,62.24809001488238,100,100
ENSMUSG00000048617,0.001,62.31581250733508,1.0,0.001,0.0010000000000000005,0.0014947335759367903,0.07256596285944605,100,100
ENSMUSG00000048621,6.498420690310642,779.2714448536312,1.0,0.001,21.619108661524976,0.001,0.05142437890488069,100,100
ENSMUSG00000048636,27.051614466166814,796.1465397239998,1.0019032835244333,2.1745228759443362,45.68548492953381,0.0010214243056525072,0.00990379719942484,100,100
ENSMUSG00000048644,0.3288231115146153,18.36112209170997,64.36578909142791,0.004168747620611054,0.3805139720739071,2.8476873431916356,451.7407610510407,100,100
ENSMUSG00000048647,0.304062049801366,1.7873532029653805,1.0,0.10528559313021113,38.85283570708202,0.0029703484617225225,1.0307678308276613,100,100
ENSMUSG00000048652,0.0897469543749232,18.737791486509362,6.192845804212054,0.001,20.654475534020882,0.0010825290202265874,3.725454798671202,100,100
ENSMUSG00000048655,0.001,61.88525872635182,1.0,0.001,0.001,0.001548863847282137,0.10062086406717982,100,100
ENSMUSG00000048661,5.023924919817572,632.64069153041,1.0,0.001,15.72492131914382,0.0010000000006486882,0.12063473289866662,100,100
ENSMUSG00000048668,0.41773823106338176,0.4678497447700038,2.861137478532645,0.11644873574374422,1.3498294913929754,1.1939695371200842,31.437006853665387,100,100
ENSMUSG00000048677,0.33396765256129995,0.7590313765593815,5.1358477361892385,0.09067051220727451,0.5521697221746871,3.284772648357486,30.673416270599827,100,100
ENSMUSG00000048696,0.409031217244084,0.5246228685290243,5.192997262380054,0.14254095689904625,3.8479578351897423,0.599089838063154,36.92982615274185,100,100
ENSMUSG00000048701,0.17575282256159824,0.6663182350173946,2.5027345245769155,0.04805609360496915,0.48630994901760605,1.0895592250162145,16.185918278829625,100,100
ENSMUSG00000048706,0.3659864245246444,2.467756557909165,44.769533975493424,0.2810291466085234,0.44603854604005705,12.972725585342616,28.64407684476918,100,100
ENSMUSG00000048707,0.22166447435260178,32.262527014958465,21.215510702973624,0.05102186962398429,2.1403976417003356,0.03350794249810395,2.0202954405784816,100,100
ENSMUSG00000048709,0.012152161237095086,17.13990018747153,19.589755699897164,0.001,5.981014400033933,0.0014683652809507862,13.528269235507036,100,100
ENSMUSG00000048720,0.2231858526052091,0.4774492641551432,1.2126140868648136,0.013403649406968081,1.4189889359482697,0.2762342044167045,48.2883944380913,100,100
ENSMUSG00000048721,0.001,62.31581250733508,1.0,0.001,0.0010000000000000009,0.001746999523330807,0.22508640683095077,100,100
ENSMUSG00000048728,0.1483784911677385,17.546649677683618,15.094423852197147,0.001,1.126627390931333,0.005619096539643784,2.543304406663319,100,100
ENSMUSG00000048731,0.47193443118005896,5.03412930277172,3.8556428382050023,0.18739205358170857,1.3910759298280624,0.2071263613270805,2.5065878350684505,100,100
ENSMUSG00000048732,32.175034418409865,900.3396077075861,1.0,1.0681964645451596,44.35126573148533,0.001000151905392661,0.008915476789788884,100,100
ENSMUSG00000048747,0.001,62.31581250733508,1.0,0.001,0.001,0.0016758688850896722,0.18917780841027643,100,100
ENSMUSG00000048752,0.001,62.31581250733508,1.0,0.001,0.001,0.0016699244475770851,0.3050262128285214,100,100
ENSMUSG00000048755,0.08797405488158895,0.08370086609663219,1.7940792457978108,0.0012055218007903138,0.9100556914990542,1.134055746954346,1618.5961264174853,100,100
ENSMUSG00000048756,0.4800861082789146,6.813968263091229,10.235190018687627,0.024680153187737527,0.7467522772823678,0.8375039930100749,505.76863690507804,100,100
ENSMUSG00000048758,1.1583030725228296,3.731337806398239,201.73417171748156,0.8420080426664358,11.012804538345744,6.397782580235325,72.76648079963049,100,100
ENSMUSG00000048763,0.1274419405106622,25.076840228909155,16.93644712387387,0.03639494732113993,55.01810217027605,0.0011364649893302317,2.40731750388616,100,100
ENSMUSG00000048764,0.013270965055332032,1.7737401098701397,7.971775510990992,0.001,20.17324772618644,0.0011552895979458058,29.12614370615941,100,100
ENSMUSG00000048772,0.5385637460639239,2.1829481929705454,6.3936464655175484,0.26942128112022856,0.8305089846683175,1.7486689061281728,9.689219164091057,100,100
ENSMUSG00000048776,1.6046320348181988,386.05076768576816,1.0,0.001,12.313860733578647,0.001000000000013359,0.062256080001309416,100,100
ENSMUSG00000048779,0.001,66.84427540036525,1.0,0.001,0.0010000000000000005,0.0018871961159504054,0.13971287047175113,100,100
ENSMUSG00000048782,21.01887124546626,1000.0,1.0,0.001,28.245265446021225,0.001000000000000291,0.008908811241074063,100,100
ENSMUSG00000048787,0.4511498377610357,0.655381086564843,4.604019487387515,0.22559068013394787,5.484188479079415,0.3637033362382119,16.638722400588886,100,100
ENSMUSG00000048794,0.014142978212297585,19.193754061911495,29.646289362144355,0.001,1.9039666763365641,0.0016283407833885526,46.939748956939766,100,100
ENSMUSG00000048796,0.4934641378500037,2.116645738510297,2.5497743875333447,0.03075950689052191,1.1649791233119497,0.46385686888990113,53.71193654459876,100,100
ENSMUSG00000048799,0.3503205080202407,4.993292877304686,6.208032031504133,0.019450246560271403,0.743201253321248,0.44315976834550086,16.09245312867383,100,100
ENSMUSG00000048807,0.6604108665700192,1.269198802692211,6.430988098372526,0.3170304543720984,1.2981134458394492,1.6988697525478544,16.242743159303092,100,100
ENSMUSG00000048814,0.013781219641445814,2.478306825055508,7.477990008462041,0.001,9.556261871792401,0.00123747081049741,19.687966602587622,100,100
ENSMUSG00000048824,0.001,62.31581250733508,1.0,0.001,0.001,0.0017051661587765066,0.16323936359331953,100,100
ENSMUSG00000048826,0.004073384651961597,11.149609488685988,22.34353119129369,0.001,0.11878435109579022,0.0023822990658448843,21.34304041274416,100,100
ENSMUSG00000048827,0.02076132848467454,15.43441645556988,27.366901768826843,0.001,6.8943365787635695,0.0013803952677688516,54.336737085141934,100,100
ENSMUSG00000048832,0.6975282499390857,0.6941200122793559,2.7373882427317255,0.2014845305260895,1.910506579488797,0.9995129153262465,21.2315358264796,100,100
ENSMUSG00000048833,0.5015298799878334,0.3984730184091116,3.833252817082684,0.0391074506364177,4.866654181340138,0.48551943240413326,805.3228887780086,100,100
ENSMUSG00000048834,0.013321548527765317,21.472419366879272,33.18487550648502,0.001,2.172566701155484,0.0020365640896555107,50.304393936397915,100,100
ENSMUSG00000048852,0.001,62.31581250733508,1.0,0.001,0.001,0.0017496059998708248,0.2240074897930119,100,100
ENSMUSG00000048856,0.3287795483602044,34.14291968383004,10.569926856607475,0.08231043600678709,19.10809597367119,0.002486931164481513,1.0755727221073939,100,100
ENSMUSG00000048865,0.001,61.88525872635182,1.0,0.001,0.001,0.0016452392439386741,0.11896650306109596,100,100
ENSMUSG00000048874,0.09883246545955585,0.06740825781097538,5.461637493590847,0.001777528576566074,1.8153685997366802,1.5781762426708714,4893.080389355143,100,100
ENSMUSG00000048878,0.4434357308091409,0.48830639594783337,7.74427045950716,0.1892184644016905,0.7865419294336672,7.372509445792822,52.43969348068525,100,100
ENSMUSG00000048897,0.1979216347151896,0.4569690273770973,2.794388995455825,0.014471372632393991,0.61683847152662,1.3246522470518982,193.15355386016836,100,100
ENSMUSG00000048899,0.001,62.31581250733508,1.0,0.001,0.001,0.0018510711114595524,0.26640252281877413,100,100
ENSMUSG00000048905,0.0030828501744771864,0.6268116777750238,13.87063947159173,0.001,2.8566071307172436,0.001660976989424572,101.61469460682251,100,100
ENSMUSG00000048911,1.1856698372424035,1.944443483970095,6.369744617820307,0.7219247235490622,2.6896626823938554,1.0192331698207018,8.301486732194864,100,100
ENSMUSG00000048915,0.33501954902642006,1.5436781606423642,2.755350471457706,0.1117194419281799,0.870952104775572,0.5443329233378482,5.9251186838932615,100,100
ENSMUSG00000048916,0.02511689742909671,18.00301587343084,20.104638571188694,0.001,3.8992718718691783,0.0016995987071046655,36.53041883617688,100,100
ENSMUSG00000048920,0.9919489335527069,1.4822296151477319,4.623103733112853,0.41651217057998813,3.363297720602116,0.6074087172125292,10.91349678106674,100,100
ENSMUSG00000048921,0.6522276128847971,127.5447695176525,1.0600843664389779,0.001,14.810958349748358,0.001,0.06423560640657591,100,100
ENSMUSG00000048922,0.025250530057773675,0.7835163391414308,7.148112458880507,0.011552107809913826,0.0821659573833792,1.179873167174167,22.35667669727942,100,100
ENSMUSG00000048924,0.20932409706103233,2.5953257821812157,4.284173392343057,0.06453595440561738,0.4603781879496009,0.724014915687398,6.3307849486958565,100,100
ENSMUSG00000048930,0.9522584311023516,1.608238134820001,4.47529936351416,0.4941082227009308,5.409722769752916,0.3218552018397022,8.410236619233054,100,100
ENSMUSG00000048960,0.05784074134552983,19.723399590848796,15.492800915613103,0.001,1.4788863493137319,0.00391191505565942,58.62068955267141,100,100
ENSMUSG00000048965,0.6253424938813568,32.36033880268046,16.190243058257696,0.10371115703442377,1.2323607305954356,0.23560062982272148,3.8571020968432306,100,100
ENSMUSG00000048967,0.06571159778988762,18.75362714153876,11.04155055714861,0.003941066604827131,20.968065390532125,0.001383345466620019,3.3234686479077142,100,100
ENSMUSG00000048978,2.2386239439353877,560.8732842949564,1.0391422282568814,0.001,8.475238744820308,0.0010000000000056778,0.049845266395176176,100,100
ENSMUSG00000048988,0.06725452753002359,0.6495001618123867,3.080203931235168,0.001,0.20187507060475401,1.064857813713624,288.89860920760134,100,100
ENSMUSG00000048992,0.001,66.84427540036525,1.0,0.001,0.0010000000000000005,0.0016565544508675895,0.19847329063084213,100,100
ENSMUSG00000048996,0.001,62.31581250733508,1.0,0.001,0.001,0.001583701620924206,0.0858497812334559,100,100
ENSMUSG00000048997,0.10184016840832433,16.095436676484702,44.59833894391823,0.001,0.15506025136421872,1.6646054227077007,409.99607716758044,100,100
ENSMUSG00000049001,0.00879206701085873,0.5824998690102967,4.222950450610906,0.001,1.9433304941484388,0.0016994302977460917,50.90401268939254,100,100
ENSMUSG00000049013,23.69478497330272,1000.0,1.0800764521893003,0.001,34.456674857640266,0.0010011698732788272,0.008709271856159152,100,100
ENSMUSG00000049036,0.001,59.32355257794531,1.0,0.001,0.0010000000000000005,0.0020304288405955497,0.1212389001527317,100,100
ENSMUSG00000049037,0.001,62.31581250733508,1.0,0.001,0.0010000000000000005,0.0018247885951983463,0.18250031364980734,100,100
ENSMUSG00000049038,0.032077497223068484,0.6600839836498421,1.3335529853269674,0.001,12.151445254100391,0.0017172212001945347,64.92624115737786,100,100
ENSMUSG00000049044,0.13484062113774872,17.94242321155995,8.546418270953895,0.0042577026817880986,29.10877212942694,0.0014451453060606101,9.075772252012072,100,100
ENSMUSG00000049047,0.0013565680539495747,0.001,8.08119972976079,0.001,0.38646956207866345,11.226855837312357,9459.790146942247,100,100
ENSMUSG00000049076,0.2713768673704951,0.777660310219664,5.330559542784886,0.11288123128794775,0.4839905423455243,3.0812463120544136,20.518884298621693,100,100
ENSMUSG00000049086,0.12762111718605787,1.0330745630348521,13.882343328243804,0.038672857486214005,0.1860330258135449,8.768867531468747,43.19918015081336,100,100
ENSMUSG00000049090,0.6010280581535408,0.921309389361166,23.93003910852982,0.43856724306308564,1.1634504559465682,8.748337548216169,40.02715319017693,100,100
ENSMUSG00000049091,0.5967381858909879,1.0642810832471261,3.129191503276616,0.03529745415406498,1.8141601256868771,0.6181279807019051,91.96010805177383,100,100
ENSMUSG00000049092,3.573965933788812,426.5850839695306,1.0,0.001,19.102255502099048,0.001,0.014501966446638665,100,100
ENSMUSG00000049093,0.001,62.31581250733508,1.0,0.001,0.001,0.001968763565021118,0.2023778580356197,100,100
ENSMUSG00000049097,4.506486071439831,999.9298471705823,1.0,0.001,8.989898175794641,0.001032155696250507,0.05330305884486236,100,100
ENSMUSG00000049100,0.02327216020098181,20.339522862995803,14.792045429843508,0.001,8.524443638832697,0.0010137459225123089,12.110045890847172,100,100
ENSMUSG00000049106,0.7563211420958071,1.232208680510803,9.3701008185013,0.4468751834127441,1.344844540871465,3.5188761487291917,17.461262502395734,100,100
ENSMUSG00000049107,0.001,62.31581250733508,1.0,0.001,0.001,0.0016942293088900026,0.14171150060383378,100,100
ENSMUSG00000049112,0.001,62.31581250733508,1.0,0.001,0.001,0.001513313010474328,0.20094716544584423,100,100
ENSMUSG00000049115,0.10299254783297009,1.4350233492695874,38.35170008522486,0.0379352270588613,0.1708347793825975,8.43257765455027,207.9253733585807,100,100
ENSMUSG00000049119,0.1415144883102695,0.22319988489540607,2.7634415815234017,0.0010677761462722607,0.689248974160626,1.678818646517494,1845.0519140368665,100,100
ENSMUSG00000049122,0.001,62.31581250733508,1.0,0.001,0.001,0.0017281659326017227,0.3795683146025006,100,100
ENSMUSG00000049123,0.001,62.31581250733508,1.0,0.001,0.0010000000000000002,0.0016938950393135216,0.38918287413588754,100,100
ENSMUSG00000049130,0.09264567702753972,35.6195338116363,49.341901231294045,0.03183976708849599,0.587362873278706,0.08249355731288036,3.6513156943013723,100,100
ENSMUSG00000049134,0.0030998268690124544,10.352855946328352,25.95215770679995,0.001,0.027712624482882944,0.002789191578022936,17.408173391458465,100,100
ENSMUSG00000049148,0.013132327488228424,21.157120828578844,33.30755020321007,0.001,12.279936339056714,0.0011595109721985815,5.1603123957317365,100,100
ENSMUSG00000049164,0.25535654178815353,29.36449219223072,18.567095009587433,0.015150078945654268,0.6541704760706748,0.19008477022143921,14.78059614504234,100,100
ENSMUSG00000049176,0.001,62.31581250733508,1.0,0.001,0.001,0.0018589942722368538,0.1293283839554526,100,100
ENSMUSG00000049184,0.16070709772674996,2.6360032006677128,9.02618584645222,0.08342444384039471,0.315149806286981,1.4456078123852993,7.792945263101105,100,100
ENSMUSG00000049191,0.19031788627433271,2.662666220144614,9.72097590250588,0.020700866521286942,0.3127889959762443,1.8574186054981918,39.643960742862724,100,100
ENSMUSG00000049225,0.23480550680600873,1.0097661879639754,3.191381935269265,0.006043530572877046,0.5879892101381785,0.9875829712644957,511.2846700304593,100,100
ENSMUSG00000049231,0.6979967031401664,34.09486459587303,8.483052921031092,0.24511641744816032,48.14685610429739,0.00371841055396471,0.7638124259314034,100,100
ENSMUSG00000049232,0.06515252749455909,0.46951935512843207,2.877014628005854,0.001,0.21507634178369447,1.3643378100531054,410.59315448082646,100,100
ENSMUSG00000049241,0.001,66.84427540036525,1.0,0.001,0.0010000000000000009,0.001836437159913933,0.1363517796897522,100,100
ENSMUSG00000049249,0.001,62.31581250733508,1.0,0.001,0.001,0.0015496368692194107,0.7922613442596296,100,100
ENSMUSG00000049281,0.001,0.24347422238938135,4.290334240804836,0.001,0.013355355878210299,0.001799728303781914,50.16062811083303,100,100
ENSMUSG00000049285,0.23587653117495375,4.932994280042711,10.40746048804737,0.10966038902546632,0.42405987342679813,1.174292499500184,4.780697721461786,100,100
ENSMUSG00000049287,0.18258703371265983,0.6703274276548428,1.2879687070335426,0.09604825018935176,1.4320334686621012,0.18778122178736978,3.974731520242539,100,100
ENSMUSG00000049288,0.12181502720626053,0.09999611392924806,19.36476039086904,0.0017127649618609696,0.5670486334990199,21.366996241160315,16887.216577116036,100,100
ENSMUSG00000049291,0.001,66.84427540036525,1.0,0.001,0.001,0.001693983060880437,0.1527569078076637,100,100
ENSMUSG00000049295,0.001,20.55157350998307,1.0,0.001,0.001,0.004495124310265801,0.34170528476829237,100,100
ENSMUSG00000049299,0.0017041958609639106,0.002737137699034831,15.17482186461271,0.001,0.11146106698431779,49.30414134655191,14878.144323242803,100,100
ENSMUSG00000049300,0.408887858943312,0.7983473836333018,3.3688533599043815,0.1630698272908172,1.0238455893539662,1.1298634531238214,13.784782257823581,100,100
ENSMUSG00000049303,0.0674924750541135,0.9233381482779339,2.509636225280924,0.02848652285615933,0.30414164999435916,0.5544453894754016,5.47788367037268,100,100
ENSMUSG00000049305,0.5189838944627603,0.7666018043102653,3.8951478785517266,0.1421943587534663,3.521545269136911,0.4912603470388389,21.254451428853365,100,100
ENSMUSG00000049307,12.611840984176105,999.9706483157183,1.0,0.001,16.88570536664341,0.001,0.013133680936849369,100,100
ENSMUSG00000049313,0.011510488164764606,18.085911555633988,20.67512524272707,0.001,3.2507854938175607,0.0016322027147757296,19.027767022611663,100,100
ENSMUSG00000049321,0.5528218645857672,22.163080687049113,9.228044020980727,0.209882758819014,1.6030398155180112,0.12698288320070936,1.3155378158170898,100,100
ENSMUSG00000049323,0.7735035175758344,18.13152927363708,21.921611368300656,0.19499143598416613,1.0744299765877452,0.879271244419244,7.7570273793109425,100,100
ENSMUSG00000049327,0.7387211802826141,2.2720492623736614,8.515060522274783,0.2244845944325294,1.2629460873738716,1.6431163844113292,15.747154327604832,100,100
ENSMUSG00000049336,0.001,66.84427540036525,1.0,0.001,0.0010000000000000005,0.0019065352954011914,0.16807603393911497,100,100
ENSMUSG00000049339,0.6038724504473713,0.8488416815032966,4.197269738462937,0.33855719892595515,1.3326422287497743,1.2671710033849015,11.324846184560334,100,100
ENSMUSG00000049349,0.001,61.88525872635182,1.0,0.001,0.0010000000000000005,0.001817446903528713,0.1463037948956864,100,100
ENSMUSG00000049354,1.030055265505128,1.3659988193142256,5.7060324699711575,0.35217597527774713,5.697396921650882,0.42494913149704433,22.64378962674845,100,100
ENSMUSG00000049357,14.260464092200472,474.15574274378696,1.0,0.9143438016597032,49.97063608166006,0.0010067150954657434,0.008252767920254783,100,100
ENSMUSG00000049382,0.001,66.84427540036525,1.0,0.001,0.001,0.0017717125865444848,0.10610002733856683,100,100
ENSMUSG00000049396,0.01981612643495651,2.5225128106251895,7.538751246155453,0.001,17.866171535848867,0.0010000000000145298,20.413542886413374,100,100
ENSMUSG00000049401,2.4349571173499074,15.262010486988729,36.6079128272695,1.2992652683623709,4.859257205383992,1.0502561290493082,8.08006180604236,100,100
ENSMUSG00000049404,0.34429276703860073,104.02512165388531,356.21351183055015,0.25173666220664637,0.47858733474269,2.248185972538609,5.734202196399094,100,100
ENSMUSG00000049409,0.0036298547363128398,10.102109422502199,24.26294258798837,0.001,0.06372426581440771,0.00164865490433125,16.866856834120455,100,100
ENSMUSG00000049411,0.5258716171844323,5.540001848353519,3.5899344129604773,0.14634096360985402,1.1769611265821982,0.2401128326322366,3.6038749156426393,100,100
ENSMUSG00000049420,0.089281898117806,6.876996147708914,7.306549581672959,0.0033167829871612884,0.5691932152796031,0.04165931506037929,9.016741781592739,100,100
ENSMUSG00000049421,1.8682571714444658,13.091102459859162,13.929145296650237,0.41124590856947574,3.4028929571981736,0.5140121091568766,10.409828165241375,100,100
ENSMUSG00000049422,0.023440971035795226,0.9357459346403776,1.3763257137119382,0.001,17.182551601522526,0.0010712127941831968,38.841384353140526,100,100
ENSMUSG00000049427,0.001,62.31581250733508,1.0,0.001,0.001,0.0019206611044236582,0.09102599604896036,100,100
ENSMUSG00000049439,0.9659837288978985,3.5548731068756636,7.474402121992238,0.3036616616359912,1.7455811147825404,0.8732812365951097,12.718835079599732,100,100
ENSMUSG00000049460,0.001,61.88525872635182,1.0,0.001,0.001,0.0014285903956510646,0.15462629498818675,100,100
ENSMUSG00000049470,1.2109965545428603,1.416645487351188,7.08483413171818,0.5627895018591472,3.8426945040661655,0.9003979366212909,17.168073948031097,100,100
ENSMUSG00000049477,0.001,66.84427540036525,1.0,0.001,0.001,0.00194026046653492,0.19214303079682465,100,100
ENSMUSG00000049482,0.41146464533109994,0.32499982205157163,3.080277086143019,0.08046207627774904,2.2559915978501692,0.9325325716476635,74.22865755887355,100,100
ENSMUSG00000049488,0.45720590147718854,0.9136117445665931,2.658712814433877,0.04309702805965597,1.2515807054603338,0.7141223340406468,41.261262466434616,100,100
ENSMUSG00000049489,0.311049297974276,0.513306591343874,5.105039990279951,0.02998912237926398,0.8068101011873552,2.31405808273178,654.8585623230412,100,100
ENSMUSG00000049493,0.08187009119664161,1.3554440005536021,1.0655636933770711,0.001,9.42509089925315,0.0036117423828855005,41.864780363832125,100,100
ENSMUSG00000049502,0.004339596772029662,0.01855841859530346,1.496717413810312,0.001,0.24274707249202404,1.1363754072329015,397.6973010981751,100,100
ENSMUSG00000049504,0.048411323710349494,0.14401992962247817,2.9275830320533927,0.001,0.2629409464432443,2.8147583886022454,1115.2565506052988,100,100
ENSMUSG00000049511,0.001,0.003005424671649819,1.5348409697623717,0.001,0.2992338048019143,1.0925505763699355,598.0017791691631,100,100
ENSMUSG00000049516,0.34859585663147463,23.573406900172447,23.922127001368843,0.001,0.6448181577526286,0.49002261232499356,503.9193268277296,100,100
ENSMUSG00000049517,0.4186867698851631,0.7975450150427825,338.173909933994,0.001,0.5876927652910464,0.015269158699317966,9217656.385622831,100,100
ENSMUSG00000049521,0.6091349635398672,10.23698945695334,21.357148725065866,0.2720229430465756,1.0521371026113187,1.1669375080590436,6.402627592626256,100,100
ENSMUSG00000049526,0.2035319750918252,1.0696694715659656,2.0555993100945713,0.014880078722300159,0.7196772921186547,0.46619222596279986,42.143686996622,100,100
ENSMUSG00000049532,0.12056593517780885,0.25902821241678486,2.5682253461172215,0.008835596957980321,0.49374322950941485,1.594638557550183,321.73385984561315,100,100
ENSMUSG00000049536,0.12893691750713196,0.23922043359704895,2.0967265356363307,0.009315135632514779,0.7148733626552275,1.0806162953616227,378.75163367517325,100,100
ENSMUSG00000049538,0.029836860185030387,21.861396872521226,36.00396017656082,0.001,2.2875948957808183,0.0016723895783875425,69.55273177508596,100,100
ENSMUSG00000049539,3.784588798723692,463.3309195065628,1.0286588256936713,0.001,15.7540340975577,0.001000000121374281,0.03819892906473761,100,100
ENSMUSG00000049550,1.292814522457347,27.57622316302969,48.191600141658846,0.30125896499938754,2.287638452539385,0.9764370767390249,17.597133380159637,100,100
ENSMUSG00000049551,0.001,61.45463549419866,1.0,0.001,0.001,0.001564679848360668,0.3351372705611345,100,100
ENSMUSG00000049553,1.2296825603945083,2.122750160245237,7.63027226422031,0.8097161508796057,3.278420077124507,0.9570138005080755,7.265574186412069,100,100
ENSMUSG00000049555,0.001,61.88525872635182,1.0,0.001,0.001,0.0014222463708738688,0.11663938653849637,100,100
ENSMUSG00000049556,0.059276647052457714,0.10302070623351083,3.1082954750573766,0.001,0.3254213856350632,3.19219064939519,1959.1219407739995,100,100
ENSMUSG00000049562,0.28132722788814835,30.54214764712425,23.358374743863557,0.0018281495595995722,0.5455095583140652,0.31853081204035316,109.03337813956543,100,100
ENSMUSG00000049565,1.4264657657904025,341.6272039188167,1.0,0.001,4.11434248743475,0.0011738529081983355,0.14844930190362426,100,100
ENSMUSG00000049571,0.001,62.31581250733508,1.0,0.001,0.0010000000000000005,0.0020176422313853224,0.1983486899526616,100,100
ENSMUSG00000049576,0.001,62.31581250733508,1.0,0.001,0.001,0.0014546228342896751,0.08822195734107863,100,100
ENSMUSG00000049577,6.208940950317408,499.05207660978436,1.0153573321107794,0.001,21.28820410555991,0.001,0.011553429116251512,100,100
ENSMUSG00000049580,0.9962586456121126,12.786204186451666,136.43070163722513,0.7970731996714444,1.3390875638377933,6.998776820654294,14.572410080100369,100,100
ENSMUSG00000049588,11.438313847630113,680.0771886224392,1.0,0.453500892733985,23.654352585453353,0.001,0.009018791651535803,100,100
ENSMUSG00000049593,0.001,66.84427540036525,1.0,0.001,0.001,0.0016090627066202962,0.19474894784390767,100,100
ENSMUSG00000049598,0.001,66.84427540036525,1.0,0.001,0.001,0.0018884803603780205,0.1990345085423328,100,100
ENSMUSG00000049600,0.2761711656080954,0.31811631370340177,1.5079725449033368,0.03270738748298843,2.1339831638597264,0.3695622630464137,64.78350511759083,100,100
ENSMUSG00000049604,0.6393956221332969,108.80456962013572,1226.8519684376188,0.5192034807507429,0.874454996832069,7.540290472644244,14.546018871598758,100,100
ENSMUSG00000049606,0.3217412017342498,0.8515676371000885,4.078203076665762,0.13890308992367847,0.6308882560873061,1.40698929331507,12.02368844451697,100,100
ENSMUSG00000049612,0.001,66.84427540036525,1.0,0.001,0.001,0.0017075642249188804,0.2662366123623052,100,100
ENSMUSG00000049624,0.7032008330718659,1.0777442248364844,6.702511612550564,0.32556925810269816,1.4293862275379206,2.046786479345932,24.367633531816708,100,100
ENSMUSG00000049625,0.001,62.31581250733508,1.0,0.001,0.001,0.0019142849904190849,0.5737461514341158,100,100
ENSMUSG00000049630,0.04574172954120331,14.068323653667472,24.373800908211837,0.005294067678054565,12.204849450492787,0.001832419909332126,9.63900250955461,100,100
ENSMUSG00000049643,0.8926642302382756,14.5368296162161,18.63422687278108,0.07860078419635196,1.6090674884551768,0.6827110290053593,32.85515725773048,100,100
ENSMUSG00000049649,0.013226908411316662,21.69506980650935,33.4766461115526,0.001,1.1764358830745987,0.0017480444722861742,41.38736888790701,100,100
ENSMUSG00000049657,0.3074192968278566,0.9615107946577879,2.572691177348015,0.0010010819601355145,0.7419340269777234,0.8683309589684325,1018.5382036639016,100,100
ENSMUSG00000049658,0.3995316207796319,28.929214181440482,23.38597027992649,0.001,0.7145526660179197,0.4627398711285773,504.33945497714075,100,100
ENSMUSG00000049659,0.3714317352955585,1.2384745087098485,4.771166095495771,0.0010500512659779942,0.7248085449156199,1.8441113331747139,2139.238219791007,100,100
ENSMUSG00000049670,0.47632225588718313,0.4075878626850928,3.6152453371785738,0.1737526308743731,2.317300756852661,0.9892721809660118,31.7165513145699,100,100
ENSMUSG00000049672,0.0575560127346218,0.6784088864667882,2.762876239186683,0.022153458398326636,0.19885315874374512,0.8912440821532739,16.78497940677571,100,100
ENSMUSG00000049676,0.001,61.88525872635182,1.0,0.001,0.001,0.0017089147258835453,0.118756036235527,100,100
ENSMUSG00000049680,0.6922648065272988,0.8125582734031834,5.287213477980989,0.35015764733112065,1.5834225197588538,2.2561309479814007,16.963249658348538,100,100
ENSMUSG00000049686,0.2135859814556661,0.7436442086779651,2.2132978231048273,0.001,0.497631114089114,0.9593930898281344,995.5502964506761,100,100
ENSMUSG00000049687,0.16209928123867423,19.5920686445396,14.616086487066388,0.022512831905178436,0.5255208141802739,0.17375411148563139,3.268007534181875,100,100
ENSMUSG00000049690,0.007079407950700702,15.26506534401443,83.03642928343024,0.001,0.03265308805797985,0.00258084579973769,56.93422250651937,100,100
ENSMUSG00000049699,1.77889767106868,435.05565630393556,1.0337441480290168,0.001,10.916763148733356,0.0010024374363380667,0.054429506721867985,100,100
ENSMUSG00000049709,0.03898346365909067,20.431797076873025,10.78925774608047,0.001,8.709084107192933,0.0013251611561886042,4.575526232136839,100,100
ENSMUSG00000049717,0.3610005392975978,12.227550739770804,12.447333128660567,0.15489787188120702,0.8064222616977663,0.3403777456181096,2.765251225057526,100,100
ENSMUSG00000049719,0.001,66.84427540036525,1.0,0.001,0.0010000000000000009,0.0017297016559201799,0.11600795884796936,100,100
ENSMUSG00000049721,0.001,62.31581250733508,1.0,0.001,0.001,0.0016207461466667635,0.1503009394449072,100,100
ENSMUSG00000049723,0.002752196649157968,31.28644541761702,101.49415442938067,0.001,0.015321561402866574,0.0016927220370409764,52.82016440761109,100,100
ENSMUSG00000049728,0.22002138704841712,0.40866171214461683,3.081190711288731,0.007458751116780319,0.6362829043651164,1.821542168477287,310.7363285308927,100,100
ENSMUSG00000049739,0.11387189969925184,0.08686955261023153,1.1676090831809902,0.0012299566243958583,1.8664476412065172,0.3270702348040389,1070.4578871502872,100,100
ENSMUSG00000049744,0.001,62.31581250733508,1.0,0.001,0.001,0.001355173213095794,0.10811823932920125,100,100
ENSMUSG00000049751,0.015736260749654566,0.017057168537618357,8.499652703718507,0.001,0.22192462452813605,21.131961489284315,8587.017026159207,100,100
ENSMUSG00000049758,0.001,62.31581250733508,1.0,0.001,0.001,0.0014635907270063165,0.055470952602587054,100,100
ENSMUSG00000049760,5.600730988773219,679.2773147484272,1730.3779341672032,4.0715027665313475,10.022264942953164,1.4270373093222315,3.6895528967606044,100,100
ENSMUSG00000049761,0.001,62.31581250733508,1.0,0.001,0.001,0.0016605728553887767,0.2567096933409582,100,100
ENSMUSG00000049764,0.28450563259693656,0.8139660420374061,1.0,0.08005203077632789,2.6162749840530184,0.08637028492782134,5.11422664631127,100,100
ENSMUSG00000049775,0.36020908745242725,1.268663745372408,882.33825613056,0.001,0.001,0.015052530294800687,1.5667104560233347,100,100
ENSMUSG00000049791,0.14222442880810462,31.66363497793907,25.667877351028423,0.0036238955220984502,0.4849247420896683,0.18393980085922698,55.830692597669405,100,100
ENSMUSG00000049792,0.8403283346395842,3.772298201944265,8.91541627983088,0.225416442442191,1.5723053236238003,1.0274376723246046,16.592710356986704,100,100
ENSMUSG00000049799,0.001,61.88525872635182,1.0,0.001,0.001,0.0020918651964641475,0.16261529046487988,100,100
ENSMUSG00000049800,2.8835137933454846,427.82575453245244,582.5446206260525,1.7424168973058292,7.2403954427422335,0.5299794679173193,2.9604277895485906,100,100
ENSMUSG00000049804,0.04002050562873448,0.21853680841163592,3.0497380749696332,0.001,0.17999639113044222,2.276374990126703,510.7640574393627,100,100
ENSMUSG00000049807,1.8390800361161002,47.023625378250394,89.80627560842824,0.9622018513206112,2.727963273911868,1.242846345036429,7.497773981602075,100,100
ENSMUSG00000049811,0.2427621830013876,56.01614470978574,85.2322012125042,0.10985106819423995,0.5186960908021351,0.6269412450966498,3.5051385050045605,100,100
ENSMUSG00000049823,10.57240607862916,618.4861304528606,1.0000242015220895,0.05398789740496178,24.41721163719687,0.001,0.009338040055862083,100,100
ENSMUSG00000049848,0.001,62.31581250733508,1.0,0.001,0.001,0.0014759342816608458,0.27345270334798977,100,100
ENSMUSG00000049858,0.14846232013092645,1.664554599164227,4.816489891452474,0.001,0.26210185419597026,1.7913897837526083,670.772132903305,100,100
ENSMUSG00000049866,0.9478466842902522,9.034397758807707,108.43295841182791,0.7305207717794071,1.325379834075364,7.1407974099546285,17.967410920613087,100,100
ENSMUSG00000049871,0.13820264147478908,26.147803605822148,40.99529018215177,0.001,0.22432744651459965,0.7583869992718384,268.7959017875232,100,100
ENSMUSG00000049872,0.49301218458142054,1.5273368998127796,8.176764859929015,0.2643384519348605,0.7618149392156789,2.759946298698347,12.134063091783272,100,100
ENSMUSG00000049878,0.4215872017740612,0.975961893922735,4.58867606778001,0.19509319357111715,0.862465869536537,1.4922974218793104,13.158917027037148,100,100
ENSMUSG00000049881,1.6638185918699253,68.7070608551394,230.58834032497478,1.0876298681015704,2.278681866391717,2.441424501534307,7.262238385758047,100,100
ENSMUSG00000049882,0.4813797100083186,0.7043897189460799,6.600643849976213,0.21850034804345564,1.685103119872124,1.7623065383544232,27.147855864855305,100,100
ENSMUSG00000049892,0.001,61.259704531272526,1.0,0.001,0.001,0.0018706550423017645,0.31873002388565436,100,100
ENSMUSG00000049897,0.001,61.674132606755,1.0,0.001,0.001,0.0016878166046207983,0.1215774997467009,100,100
ENSMUSG00000049904,0.34063852675049866,27.65069243789024,18.79378519995833,0.04818067370978363,0.7274601575549074,0.34901917939313604,6.76330614414527,100,100
ENSMUSG00000049907,0.03898802911151633,20.394131911774316,10.767799238381727,0.001,11.39749623016789,0.0010000001115238362,2.265039535987542,100,100
ENSMUSG00000049916,0.05632316417412077,1.4535793883533097,10.298423184088414,0.02493980767528748,0.14467469946694658,2.018774015470508,16.951204898022493,100,100
ENSMUSG00000049922,0.1306707769518784,0.08650733630844704,1.3989352133382464,0.08955423640143217,2.2285090043659945,0.4039310690234188,36.55999457564454,100,100
ENSMUSG00000049929,0.13991300384700942,2.063943111245924,13.735283655968924,0.07222291960907201,0.19807943753981444,3.7646989105820756,15.663801144679491,100,100
ENSMUSG00000049932,1.1529281268435316,10.845645041070535,25.89150612204708,0.7836793700701887,1.7189868735879452,1.3224824502199661,4.02538984219585,100,100
ENSMUSG00000049939,2.791456749149905,649.7876290257227,1.0,0.001,10.741380817617557,0.001011675455502934,0.14468295145783505,100,100
ENSMUSG00000049940,1.2732948346841972,2.827418655308481,14.265861732252338,0.77776832582487,2.738490536893799,1.7279212601668146,11.171130405375742,100,100
ENSMUSG00000049946,0.001,62.31581250733508,1.0,0.001,0.001,0.0016394908204841083,0.11636138358024124,100,100
ENSMUSG00000049950,0.031852591044719804,0.041167159091505146,2.2828045358450386,0.001,0.4830782699274106,2.3215381282909573,2117.755763363931,100,100
ENSMUSG00000049957,0.5211716514115232,1.3596994684955472,3.865453453149429,0.107032900780397,1.1942768811254107,0.9147636850202548,20.7655844548449,100,100
ENSMUSG00000049960,3.1154868261234347,277.2613179132284,531.1116885201923,2.0339636874034346,6.033687368579253,1.0017364870707557,3.892266065710868,100,100
ENSMUSG00000049969,0.6051213296270573,33.498093957145045,12.111142784735973,0.2107417119687464,4.272953206600533,0.05136822290058107,1.1180285609940364,100,100
ENSMUSG00000049971,0.002158241946308151,6.884080058683147,37.282589176260494,0.001,0.14482521597834425,0.002748194072429969,25.665787433073017,100,100
ENSMUSG00000049985,0.1555829255259681,17.55810731360948,48.95075139970338,0.07188971681189224,0.3345981627570126,1.0438589885121663,6.285213402301837,100,100
ENSMUSG00000049988,0.001,62.31581250733508,1.0,0.001,0.0010000000000000009,0.0017582594154502166,0.6037193881394817,100,100
ENSMUSG00000049999,0.0202210159300468,2.0342345829078115,7.262597163593233,0.0022060973301453184,2.23371430688466,0.0024136295189407784,20.043980987174336,100,100
ENSMUSG00000050002,1.992611528505916,26.186258490477773,44.286664427603206,0.7000475294325399,2.810099940984659,1.1813100751932983,10.587834313260977,100,100
ENSMUSG00000050014,0.2010399102067422,71.85518196884576,150.415305226457,0.13188511170111922,0.4291764719241296,0.8499199908563349,3.696962075559118,100,100
ENSMUSG00000050017,3.0003270369207224,14.894560138823596,42.562578034256795,1.9817607381788045,7.834342503336164,0.8768929569631743,6.2266338227932465,100,100
ENSMUSG00000050022,0.10757289697880883,22.892517214723487,45.727405432012226,0.05454019425708971,0.2406924627188654,0.6516700792316052,5.237718937122274,100,100
ENSMUSG00000050035,10.024986183043707,595.9845033569103,1.0,0.001,27.291324640392418,0.001,0.008273037950601577,100,100
ENSMUSG00000050043,0.09541073144066325,0.11313353841839062,7.9232729310373555,0.02455032327630168,0.6194518316790351,6.603334454750999,383.3659891991003,100,100
ENSMUSG00000050050,0.001,66.84427540036525,1.0,0.001,0.001,0.0016854148849917785,0.23943247466267195,100,100
ENSMUSG00000050052,0.10696393667094148,13.050700734409418,9.826378955419795,0.02420823193054212,39.13856543554142,0.0015583692220584038,2.531131719426269,100,100
ENSMUSG00000050064,0.05067377290601651,0.25968844428673354,2.849102879614228,0.001,0.21937842468819352,1.768162806516724,599.7497082893256,100,100
ENSMUSG00000050066,0.001,61.024058264401226,1.0,0.001,0.001,0.0016010324857038806,0.23969802678181107,100,100
ENSMUSG00000050069,1.195105233192234,3.336878376258124,82.03811522127896,0.9701613409835437,1.7684171260158679,12.604031006356223,31.261332411444275,100,100
ENSMUSG00000050071,5.648786722528389,648.713987468758,1.0,0.001,16.845076981968933,0.001003537870466479,0.014710638472796845,100,100
ENSMUSG00000050079,0.5325657955367963,0.6631879169465186,2.9311715578362914,0.00486542470515412,2.25626466192056,0.6269615899526724,845.7956211363845,100,100
ENSMUSG00000050087,0.001,62.31581250733508,1.0,0.001,0.001,0.0020363263495633663,0.5759231091422858,100,100
ENSMUSG00000050088,0.23779509420114636,0.18137504141787847,6.289847185738275,0.1003321647058086,1.0257095412509292,3.368789982885007,103.45398666366796,100,100
ENSMUSG00000050097,0.001,62.31581250733508,1.0,0.001,0.0010000000000000009,0.0019272070855285367,0.07038982451587528,100,100
ENSMUSG00000050100,0.0035153189958338324,11.459522831816152,22.638819099550066,0.001,0.06610548492308366,0.0016861147303946782,12.32518455500071,100,100
ENSMUSG00000050103,0.03575284784016861,20.404360289957555,26.07262423471286,0.001,3.0452540214915786,0.0017667604083948752,61.81198414673172,100,100
ENSMUSG00000050105,0.001,62.31581250733508,1.0,0.001,0.001,0.0018439201982668094,0.3099347335978467,100,100
ENSMUSG00000050106,0.023145196699212965,9.771929884690827,14.07763459241376,0.001,22.26368637931553,0.001000701881598186,5.807364915958828,100,100
ENSMUSG00000050107,0.052484170135864754,4.9842916904579475,6.136320407140227,0.009658418716041268,8.785931603367096,0.004923405395126165,7.439133403502847,100,100
ENSMUSG00000050108,0.004746298006025853,12.486247436793537,20.894282076894115,0.001,0.07043731654021901,0.0017446969152486937,21.622003311066955,100,100
ENSMUSG00000050121,0.001,62.31581250733508,1.0,0.001,0.0010000000000000005,0.0016574370824400137,0.273838232621078,100,100
ENSMUSG00000050122,0.0035153189958338324,11.459522831816152,22.638819099550066,0.001,0.03793521821449541,0.002005101738520287,13.680611493456567,100,100
ENSMUSG00000050132,0.03412381535377857,21.250441510032783,23.251295363891106,0.001,4.050508769205117,0.0025070529032009867,49.982260588825454,100,100
ENSMUSG00000050138,0.02358282101156386,19.476903610965646,14.112899917037632,0.001,5.565427519636248,0.001347899160277583,7.928326586141386,100,100
ENSMUSG00000050144,0.8244594905317361,18.483434399183515,21.48162303256436,0.2625239850072151,1.2507999741841263,0.6490462834614708,6.6576317446444655,100,100
ENSMUSG00000050147,0.001,62.31581250733508,1.0,0.001,0.001,0.002638947610404685,0.3718006362327647,100,100
ENSMUSG00000050148,0.12799428332144894,0.33510504407258396,2.9207665151626068,0.036311457246794104,0.38226036676537956,1.965673994014181,32.32175948086558,100,100
ENSMUSG00000050150,0.03875319890686606,19.520053431396125,27.107250510366967,0.001,0.1478083871166378,0.21938799425637717,58.81379133225019,100,100
ENSMUSG00000050157,0.01254948139327254,6.714813994990253,28.476350824958676,0.001,24.77739229597769,0.00100000005500464,10.286403813419295,100,100
ENSMUSG00000050164,0.001,62.31581250733508,1.0,0.001,0.0010000000000000005,0.0019220097468746766,0.13219301200598899,100,100
ENSMUSG00000050174,0.5576473529288377,32.247223941132184,13.513363308377052,0.0701524625951265,2.2601650454088222,0.09650089542075097,4.724850205469926,100,100
ENSMUSG00000050188,1.8301483021204168,45.50313947430556,64.44126645141169,0.6433301353870786,2.548703707462922,0.9583657775359535,9.293947460369004,100,100
ENSMUSG00000050189,0.6271465480030781,154.92719237319113,1.0725811857353496,0.001,7.625310692785404,0.0012675652967367966,0.07680739934149719,100,100
ENSMUSG00000050192,0.24106592167918883,30.146962272195672,21.464714506245087,0.03184283654391623,0.7557265207215002,0.23439810095614516,6.690503791633841,100,100
ENSMUSG00000050195,0.16423806081207232,17.96469040210138,4.138429904713901,0.02339225685148824,31.853318519702785,0.001177447295346081,1.187484075871006,100,100
ENSMUSG00000050199,0.25205417095028654,0.9640792424510045,18.624570199598786,0.1347671807330944,0.37715514552043183,12.541867711451195,33.20094573571423,100,100
ENSMUSG00000050211,0.001,62.31581250733508,1.0,0.001,0.001,0.0018209308806629923,0.1570560977040497,100,100
ENSMUSG00000050212,0.13310607183671028,0.26945680145397755,3.1581675288336744,0.001,0.4826785011700183,2.0821973048507676,1931.1895153669273,100,100
ENSMUSG00000050213,0.85460677918163,144.43688617886252,130.86023240460625,0.3959634586284988,1.3807799867350181,0.5632573503612055,2.5099641093998226,100,100
ENSMUSG00000050222,0.01685432749643859,2.0842071929356143,3.1216465310673156,0.001,19.000856742225274,0.0010405473589780285,6.329135596062331,100,100
ENSMUSG00000050229,0.3903979423149892,1.3571277345621042,4.44741944901994,0.001,0.4264705933409175,2.637349907833945,2305.5129584894403,100,100
ENSMUSG00000050232,2.3992539462854334,631.6350691373558,1.0917831779394422,0.001,5.679211027237104,0.0014042416408347014,0.09256603644034575,100,100
ENSMUSG00000050234,0.016721447500368417,2.088797053767364,3.1260523793787107,0.001,20.288822853748478,0.0010042400490297308,5.093914328050502,100,100
ENSMUSG00000050240,0.033399402476618614,6.9290965305863725,6.60463650747576,0.0031799456828108543,23.161849672306186,0.001,2.893291845540407,100,100
ENSMUSG00000050243,0.001,59.75744064589286,1.0,0.001,0.0010000000000000009,0.001643891658327064,0.20556925909144458,100,100
ENSMUSG00000050244,0.004060227516282755,0.003288893865710332,1.6277901790522233,0.0010050334249910062,1.1628445808036836,0.9089473112879047,1734.0788570973127,100,100
ENSMUSG00000050248,0.49272999502477477,0.3251114790271989,3.3187445474098762,0.10864598133796052,2.5061086883815906,0.8782598925780885,87.56999578039805,100,100
ENSMUSG00000050270,0.2174782846530164,0.3051085828883757,1.3598467507012175,0.001,1.5385662562425297,0.3933608212054653,1122.4197371358764,100,100
ENSMUSG00000050271,0.36196688558705875,5.381777489830709,18.67644222328164,0.19812947813791026,0.5840501368222113,1.8180872977302396,7.965721703158145,100,100
ENSMUSG00000050272,0.001,66.84427540036525,1.0,0.001,0.001,0.001611171543198737,0.3045625269872038,100,100
ENSMUSG00000050288,0.8101690334269092,203.78956793746042,192.88801062892796,0.0985809729249145,1.5068282370582882,0.5048710674417525,13.13649025996437,100,100
ENSMUSG00000050295,0.022765012175275857,12.176200115418624,35.452377159589304,0.001,0.12627432217944895,0.2790422008652657,90.23980873971516,100,100
ENSMUSG00000050296,0.4282965282830732,103.14966607220127,1.0,0.001,8.302981610277419,0.001,0.18234118642067002,100,100
ENSMUSG00000050304,0.001,62.31581250733508,1.0,0.001,0.001,0.0015144434868943923,0.042781952453903815,100,100
ENSMUSG00000050310,0.5734176379206883,1.3792171781904248,5.723500523070398,0.22453302873333036,1.2125349287585063,1.568215036035702,13.844447193935455,100,100
ENSMUSG00000050312,0.24212160449945364,3.8766732024988446,2.952520063217252,0.06369421685572593,0.79350518551122,0.21333717963968088,3.3312788528631927,100,100
ENSMUSG00000050315,0.06825005866823973,4.2443025278048685,9.820688198295286,0.03300150573274361,0.2098334446590057,0.509912981924348,6.210694187530926,100,100
ENSMUSG00000050323,0.29636101414804483,1.59660525966871,1.7135911025516848,0.025763504290327886,1.2781603545800824,0.19373950038346294,13.217594671106822,100,100
ENSMUSG00000050328,0.13398368954266146,0.7167802230942478,2.6404766360117633,0.0017986157050935065,0.381000739062068,1.0184788058326628,389.85099927633325,100,100
ENSMUSG00000050332,0.07700323311171552,0.7263916587944534,2.039075671348611,0.005392182694552278,0.33735405069617624,0.6060805803451562,68.85994813147846,100,100
ENSMUSG00000050335,0.9131963861435344,40.39614013184556,2448.6353836298263,0.6969278796150281,3.064336074875592,24.430065086324916,86.10007965037974,100,100
ENSMUSG00000050345,0.001,61.674132606755,1.0,0.001,0.001,0.0015786129361417473,0.15003925333600415,100,100
ENSMUSG00000050350,0.6271465480030781,154.92719237319113,1.0725811857353496,0.001,11.290297300801887,0.0012069739749202898,0.12255528986068501,100,100
ENSMUSG00000050357,0.0211998874590911,6.675940375026147,10.780528857333053,0.001,23.692239313251306,0.001006980444635769,9.528663327547058,100,100
ENSMUSG00000050359,0.001,66.84427540036525,1.0,0.001,0.001,0.0015089843947206404,0.3430383583483231,100,100
ENSMUSG00000050370,0.08766823420187975,11.059609527018251,304.366354625653,0.008707210801560412,0.1139041700850929,19.66028938663108,1925.268452373345,100,100
ENSMUSG00000050373,0.6393024094447161,2.646319605198022,5.20541427032765,0.32150590589957856,1.1272810018730186,0.8964119387183519,4.552120054524005,100,100
ENSMUSG00000050377,0.001,66.84427540036525,1.0,0.001,0.001,0.0017934989857676003,0.1508330331381294,100,100
ENSMUSG00000050382,0.07193082577691255,18.287547010511325,7.428067785692251,0.004877273554343594,24.908686381225436,0.001,2.7229137946216158,100,100
ENSMUSG00000050383,0.001,66.84427540036525,1.0,0.001,0.001,0.0016846474000879236,0.1430057869735287,100,100
ENSMUSG00000050390,0.20052285276959292,0.6713554150919525,6.801736113129754,0.12966063041601775,0.3060777478656942,6.040073318317818,17.995035725959372,100,100
ENSMUSG00000050394,0.1952876009107385,3.7965267846034423,12.31968246755814,0.0047646828418506796,0.32957178249591884,1.715192459777016,209.3705499062637,100,100
ENSMUSG00000050395,0.001,61.88525872635182,1.0,0.001,0.0010000000000000009,0.001657549802413344,0.17140138042887632,100,100
ENSMUSG00000050410,0.29843114982986163,94.6020303983353,302.46053832221247,0.1829359357725775,0.4344714906452799,1.9610552038904379,5.429757543949666,100,100
ENSMUSG00000050423,0.005184883210228139,15.550145582385014,60.474335847313554,0.001,0.1520586374261578,0.0018909620006245325,46.91938976834888,100,100
ENSMUSG00000050424,0.001,62.31581250733508,1.0,0.001,0.001,0.0015165623469587076,0.19541924446210224,100,100
ENSMUSG00000050428,0.5739546347552696,0.9653541358958811,1.0,0.21426637121824138,3.936419082162388,0.09830759638846917,2.691468127942966,100,100
ENSMUSG00000050439,0.001,62.31581250733508,1.0,0.001,0.001,0.0016064340913207065,0.14637196152889498,100,100
ENSMUSG00000050440,0.001,62.31581250733508,1.0,0.001,0.0010000000000000005,0.002051625381613605,0.1658540824177302,100,100
ENSMUSG00000050447,0.010468023205912873,2.076421872127016,25.06382858417832,0.001,0.17931231650555302,0.06379614123032692,93.81594291748664,100,100
ENSMUSG00000050468,0.001,62.31581250733508,1.0,0.001,0.001,0.0017579906123884543,0.21349850630581738,100,100
ENSMUSG00000050471,0.5637083370026935,0.9742101570335107,5.1535610096713365,0.21040270110479503,1.0942491886494121,2.0201138762237107,16.616616540387923,100,100
ENSMUSG00000050473,0.001,66.84427540036525,1.0,0.001,0.001,0.0014949538280259913,0.12340809561567223,100,100
ENSMUSG00000050493,0.001,62.31581250733508,1.0,0.001,0.001,0.0021838765040026525,0.11753247947923616,100,100
ENSMUSG00000050503,3.720559925439039,442.65415102736813,1.0,0.001,16.886430811970452,0.001,0.1107456180794702,100,100
ENSMUSG00000050504,0.001,62.31581250733508,1.0,0.001,0.0010000000000000009,0.001988791889336293,0.14270118585512304,100,100
ENSMUSG00000050505,0.001,62.31581250733508,1.0,0.001,0.001,0.0014698476306820132,0.11595945109227213,100,100
ENSMUSG00000050511,0.001,62.31581250733508,1.0,0.001,0.001,0.0016729272165647907,0.1265353488256957,100,100
ENSMUSG00000050526,0.001,62.31581250733508,1.0,0.001,0.001,0.0017541987037259523,0.13354325587814864,100,100
ENSMUSG00000050530,1.4397218267674894,3.3446678151438527,5.288780718504524,0.5045586112983772,4.0423493329141955,0.3920952286146555,6.338997810572499,100,100
ENSMUSG00000050534,0.001,62.31581250733508,1.0,0.001,0.001,0.0015515549378543863,0.29989856735767395,100,100
ENSMUSG00000050538,0.14145686035497887,1.595237764972101,2.275856889790296,0.0022960411366837984,0.4623120964533366,0.31394921272963694,105.23681192335144,100,100
ENSMUSG00000050541,0.22752571994610962,2.92746244073435,3.826192535532384,0.08133584333732619,0.48030364042064766,0.5628041162825121,4.350876710100265,100,100
ENSMUSG00000050545,0.13667257826435103,31.33280420984129,30.573702673658588,0.02394951841334485,0.5972274237726364,0.011228281721381484,2.521830038940928,100,100
ENSMUSG00000050549,0.12137094784739896,18.39477324650404,5.0416071233989666,0.022982329098088145,28.746249192005685,0.0010030642423938456,1.2374136487931369,100,100
ENSMUSG00000050552,2.0761530579512586,5.255776787211618,22.467788046313693,1.4040097480252878,5.708144801158047,1.1070048941827835,8.231036503837222,100,100
ENSMUSG00000050553,0.001,62.31581250733508,1.0,0.001,0.0010000000000000005,0.0020756710595376325,0.208493465712977,100,100
ENSMUSG00000050555,0.1805731890546532,8.056145108560017,8.540621732364439,0.027668180585247115,0.4630833006560794,0.27963439182419303,8.694678561349953,100,100
ENSMUSG00000050556,0.01681458593441008,24.64454332346599,57.89633189657794,0.001,0.13231935512512893,0.010713905616076453,67.67189053923143,100,100
ENSMUSG00000050558,1.503103188885066,363.25008257950475,1.0,0.001,9.687771607840663,0.001000213718291725,0.09132592037759234,100,100
ENSMUSG00000050565,1.7778401908911179,3.7282843487158503,19.49943381324456,1.2119209867315233,3.5450093543053454,1.7853490250034625,10.461446867854576,100,100
ENSMUSG00000050567,0.285663672428749,1.5804936608734632,2.9431817307675563,0.04677473085280429,0.7839451377558924,0.5688410760176242,27.62451994946526,100,100
ENSMUSG00000050578,0.012856372232710673,0.9785214423847678,161.37902603968695,0.001,0.8236071633411638,0.0018372930962613629,388.40009213659084,100,100
ENSMUSG00000050587,0.035106299574004254,10.286407458108092,43.036698132209025,0.001,0.11863438671393153,0.70085416133602,170.0491142108985,100,100
ENSMUSG00000050592,0.001,62.31581250733508,1.0,0.001,0.001,0.002038638380327356,0.0906481253628027,100,100
ENSMUSG00000050605,0.25045978407474506,0.6893186726164915,1.8040663403657267,0.0010192544894707355,0.8415372204241112,0.5385489280576752,948.5743427846127,100,100
ENSMUSG00000050608,1.3498684135546746,179.79098652962395,767.1239451831916,0.9722665999437048,1.94482457175596,2.647685080316767,6.257764823293138,100,100
ENSMUSG00000050612,0.013170521641976537,18.873460259660806,29.27278264663919,0.001,3.0253036582408943,0.001454314425128851,26.797489424657368,100,100
ENSMUSG00000050619,0.2973516822767595,1.4730888460652494,3.2494286593014703,0.001,0.5311113101849703,1.1330963322080718,1037.5056944962707,100,100
ENSMUSG00000050621,0.001,13.596412732960566,1.0,0.001,0.001,0.024494409058302767,3.1858949400497103,100,100
ENSMUSG00000050623,1.9436899174801565,467.0695388708544,1.0,0.001,7.984502638430051,0.0010464757843423676,0.07923161178535922,100,100
ENSMUSG00000050627,0.727695242934542,34.97382671909549,5.359321601258295,0.07276964167220026,44.04721742152425,0.002021068576932437,1.212010147215854,100,100
ENSMUSG00000050628,0.001,24.424527850717574,1.0,0.001,0.001,0.003026398164884091,1.313195317068403,100,100
ENSMUSG00000050640,0.001,62.31581250733508,1.0,0.001,0.001,0.0016420823881908193,0.43079634235256403,100,100
ENSMUSG00000050666,0.10995666076733086,17.815928347507224,12.779433202159057,0.0012104162352934394,0.5262959884210453,0.05463887384397944,73.09618176546714,100,100
ENSMUSG00000050668,1.0544334383039033,3.778672578134445,13.814873847791752,0.48115691417375783,1.828883794022091,1.6139759238339508,13.45924172417015,100,100
ENSMUSG00000050671,2.2386239439353877,560.8732842949564,1.0391422282568814,0.001,7.982701573310046,0.0010000358435849378,0.04878706293052287,100,100
ENSMUSG00000050675,0.001,62.31581250733508,1.0,0.001,0.001,0.001799796975101106,0.10370935153625685,100,100
ENSMUSG00000050677,7.970088240279719,459.7583286757274,1.0,0.001,25.837690213222864,0.0010000000000000677,0.058664613934457044,100,100
ENSMUSG00000050697,0.9649660934617824,0.6724084664625697,4.572289007002327,0.4509840433374503,3.944810863737632,0.7026669865585524,26.814952992178856,100,100
ENSMUSG00000050700,0.001,62.31581250733508,1.0,0.001,0.001,0.001692240937588337,0.2027949534208221,100,100
ENSMUSG00000050702,0.001,62.31581250733508,1.0,0.001,0.001,0.00171875250732249,0.4456934416864803,100,100
ENSMUSG00000050705,0.5177117243472821,4.356417935322644,3.3839699699078514,0.1529015086875631,2.237298310994018,0.1866652586575268,3.3561050317752694,100,100
ENSMUSG00000050708,3.752170308504734,17.522452631342148,4755.666912746995,0.04258419930691315,0.9547206110670874,1.6431014119846723,278.55516855197766,100,100
ENSMUSG00000050711,0.001,66.84427540036525,1.0,0.001,0.001,0.00207460898287947,0.10803431176454434,100,100
ENSMUSG00000050714,0.15868045124808064,3.1990450004884985,1.8979307039301099,0.03619183474254986,60.671061170168784,0.0011927736692263413,1.698668869780921,100,100
ENSMUSG00000050721,1.6482784834780249,67.92411606938046,121.76390331896727,1.0715098915925387,6.6510861870084845,0.4483086683148676,4.11227239439248,100,100
ENSMUSG00000050730,0.8166541067466894,9.428204994449663,13.239678975281198,0.33076607228344346,1.2864991867904036,0.7780912664736432,4.988024949577436,100,100
ENSMUSG00000050732,4.945493455539898,629.7847816184349,1562.2104978117827,3.344038615287661,8.957378065147928,1.3619915558687221,5.245299084603494,100,100
ENSMUSG00000050737,1.1078027340030228,224.66422687698739,1483.6921293269395,0.9320632929319723,1.803409826330249,3.9960850360511744,8.310737268799564,100,100
ENSMUSG00000050751,0.07471564177110206,1.7522628330239416,6.287446615123849,0.028180978983611972,0.1880603703286856,1.1075345281203304,10.991694979402027,100,100
ENSMUSG00000050761,16.80663088262904,999.9999999896222,1.0,0.001,29.99012090947707,0.0010000000000025167,0.009018735571460653,100,100
ENSMUSG00000050762,0.04338395947237073,19.117585449097284,10.069314982469683,0.001,21.967141936239653,0.001,37.47763032065208,100,100
ENSMUSG00000050777,0.5469643100989561,46.775493687599756,117.72177298905972,0.0016123237693839556,0.713720181619343,1.8342071840646952,1908.6163436603815,100,100
ENSMUSG00000050783,0.001,66.84427540036525,1.0,0.001,0.0010000000000000009,0.0017107544318931522,0.3349501369288175,100,100
ENSMUSG00000050786,0.3719230151785629,0.17187844583272124,1.794718633475832,0.042207902924621836,4.582369854596189,0.2766813747109941,146.34954311223032,100,100
ENSMUSG00000050796,8.322390121993026,36.28037344099086,1.5438529538675616,0.8424368180392681,247.7683865354859,0.0015040614673788488,0.5168785285140798,100,100
ENSMUSG00000050808,0.001,62.31581250733508,1.0,0.001,0.0010000000000000005,0.001493936006099136,0.438495084085138,100,100
ENSMUSG00000050812,0.30508506350434855,0.2947871555665269,2.809805108677056,0.03979300392852838,1.2990537481905184,1.397624871786519,90.30109577596797,100,100
ENSMUSG00000050821,0.04013891830007987,0.6746039453788001,1.4403928713010803,0.00858250201613699,0.3861408479300528,0.1481218906135096,13.163515296165194,100,100
ENSMUSG00000050822,0.881564516204355,212.83947995384116,1.0,0.001,7.9525111755869204,0.0010442379244141923,0.13806089878520617,100,100
ENSMUSG00000050824,0.001,62.31581250733508,1.0,0.001,0.001,0.0016967809734310647,0.1494735147105061,100,100
ENSMUSG00000050830,0.001,62.31581250733508,1.0,0.001,0.0010000000000000005,0.0017263079039089458,0.17028952527265945,100,100
ENSMUSG00000050844,0.001,62.31581250733508,1.0,0.001,0.001,0.001754485080892275,0.07402523902514987,100,100
ENSMUSG00000050846,0.6450778454914471,29.070164273929382,30.059476121106325,0.2822863317153498,1.0019441153157842,0.6203427161918262,2.945800695899778,100,100
ENSMUSG00000050854,0.001,62.31581250733508,1.0,0.001,0.0010000000000000005,0.0019914789672720876,0.6067496778199086,100,100
ENSMUSG00000050855,0.04823515351757295,19.695955231612363,23.958217069256506,0.001,0.34238291553699074,0.203414213507396,79.41220406016822,100,100
ENSMUSG00000050856,2.0607330960682555,2.9161515981046615,41.34947546352461,1.355692086154265,7.048566608346828,2.414654103031072,25.955771124824686,100,100
ENSMUSG00000050860,0.16582808761321466,22.888078278087022,27.31536375412719,0.001,0.2996667445617084,0.6840236362645684,296.06317987544696,100,100
ENSMUSG00000050866,0.001,62.31581250733508,1.0,0.001,0.001,0.0015766427921502365,0.10218103947923216,100,100
ENSMUSG00000050875,4.132577005576439,999.9999999828615,1.0,0.001,7.714987990042992,0.0010000019544919047,0.34656885023959283,100,100
ENSMUSG00000050876,0.001,61.45463549419866,1.0,0.001,0.001,0.0014372225078807307,0.1489171542123932,100,100
ENSMUSG00000050890,0.2228090355920686,27.373004739055954,24.95742980676245,0.001,0.3291180391525031,0.5491078308986287,288.58461085259125,100,100
ENSMUSG00000050891,0.11153517269056036,0.096599591718992,2.4432393632625593,0.017116617302026,0.9666684593601971,1.6658185544542197,186.48848238560828,100,100
ENSMUSG00000050896,0.001,61.88525872635182,1.0,0.001,0.0010000000000000005,0.0017094500127370228,0.3517663926677116,100,100
ENSMUSG00000050908,0.09866566555874286,1.059560782480398,2.3892274728566085,0.015217764093528173,0.3124778439100676,0.48027274767341865,16.039633034236804,100,100
ENSMUSG00000050910,1.4223451152632445,6.211233198858459,26.070243493745554,0.9896348180969868,2.177798248603989,2.2988835253728643,7.40270106281676,100,100
ENSMUSG00000050912,1.6913460651147665,4.077230051617582,11.729714077619011,0.9314747269021775,5.174026949046436,0.6478470994729172,9.080427904239631,100,100
ENSMUSG00000050914,0.13659818193556142,1.7048079891767431,6.14515097204449,0.06587643678032369,0.28272583289580533,1.549929248604983,8.64788333388532,100,100
ENSMUSG00000050930,0.1404185794780369,32.77092852100732,26.215270642132175,0.001,0.42123617981864825,0.1136082257105254,145.8057866639394,100,100
ENSMUSG00000050931,0.4173211027966072,36.409755324890995,72.09864129857765,0.27918305760459405,0.5925582609628741,1.3429674831930183,3.3739319341635436,100,100
ENSMUSG00000050936,0.027992289736332682,11.238043376195725,27.95299097107658,0.0014696175347347178,16.977815242666146,0.001087509497912319,33.87520391758018,100,100
ENSMUSG00000050944,0.001,66.84427540036525,1.0,0.001,0.001,0.0013039278772640896,0.25571738452197534,100,100
ENSMUSG00000050945,0.17327305878842567,30.973601052500346,23.190367583813792,0.001,0.4692207001264016,0.20084597851917463,179.73079123922093,100,100
ENSMUSG00000050947,0.04472598641251887,1.2309617847093077,4.056501358940154,0.008396602830339658,0.13894128244208448,0.689949579846311,10.249457794797252,100,100
ENSMUSG00000050953,1.6321920354653496,7.217281312762481,282.6879492040222,1.287640498927848,2.496920629633416,21.219503609909886,53.34760212678269,100,100
ENSMUSG00000050954,1.0660845673835257,35.18898138204444,3.6027858887780067,0.2828317591137418,101.90878969256036,0.0011500180145748995,0.32323449423297396,100,100
ENSMUSG00000050957,0.10052507063588942,2.2829267724904785,5.90097815452997,0.023340880806442442,0.26775446391826113,0.683137793181603,14.00586235173745,100,100
ENSMUSG00000050965,1.5010119268753495,1.872244982062124,8.156015969213408,0.8883444418965072,3.970905935433485,0.9577606090632445,9.698668398307152,100,100
ENSMUSG00000050967,0.001,66.84427540036525,1.0,0.001,0.001,0.001901014361495092,0.18999812282137188,100,100
ENSMUSG00000050973,1.0435635281143487,33.58954793348606,14.670247038593802,0.0013471567551381182,1.9789907722039155,0.25043222932099884,740.4069640195341,100,100
ENSMUSG00000050982,0.001,61.674132606755,1.0,0.001,0.001,0.0014662056301987213,0.11004420211687335,100,100
ENSMUSG00000050989,1.497330261631815,3.6344479626369974,17.566108404992423,0.819436233722282,2.959684955826574,1.7823338054947215,13.155533664809727,100,100
ENSMUSG00000050994,0.16347505212124722,18.031877742655578,4.155622720984556,0.02076706357858412,38.12332187954392,0.0010138628659364661,1.061138618423058,100,100
ENSMUSG00000051000,0.26211172328561116,1.0087583157574693,1.6369042640917872,0.12187872723562068,1.1023384675652745,0.2715044190755152,4.2960878684427115,100,100
ENSMUSG00000051007,0.9116857742327059,0.9561152501741781,2.558594192886185,0.2809446392813352,5.170176200890989,0.24714903969066754,14.37438894925397,100,100
ENSMUSG00000051008,0.001,61.674132606755,1.0,0.001,0.001,0.001913432333109179,0.19411761426649582,100,100
ENSMUSG00000051022,0.04266829049732913,1.5714417676534072,10.130277265693175,0.024639317729090407,0.11096737444245997,2.0891135340622613,14.290382102893627,100,100
ENSMUSG00000051029,0.06861657926068424,19.694632969746692,18.900857048805708,0.001,0.6332578156511324,0.00249571798719617,92.37871739574928,100,100
ENSMUSG00000051034,0.15252874601347485,17.536665610740172,9.3879350289779,0.0018818011665602675,2.095726239079981,0.01881867329588177,16.676953963272908,100,100
ENSMUSG00000051037,0.25937092740674994,17.400361415614846,5.526071542486113,0.04568029602120032,1.8000278362856097,0.04911433324669458,1.0020017705123094,100,100
ENSMUSG00000051041,1.77889767106868,435.05565630393556,1.0337441480290168,0.001,5.872553284451982,0.0010000000000533553,0.07648321731524935,100,100
ENSMUSG00000051043,0.11384618112645052,26.95183298160442,1.0,0.001,4.720123251721546,0.0011651870451541702,0.06374968147074314,100,100
ENSMUSG00000051048,0.10988200885864542,0.46751571653769997,3.321798396787121,0.03481035834932885,0.33669980850531434,1.9457865300234505,23.596849888632637,100,100
ENSMUSG00000051054,0.001,62.31581250733508,1.0,0.001,0.001,0.0016870706913698665,0.3476119443666393,100,100
ENSMUSG00000051056,0.001,62.31581250733508,1.0,0.001,0.0010000000000000009,0.0021951624207575326,0.42131013228925934,100,100
ENSMUSG00000051065,0.12778538169170772,0.2386755554653168,2.4369307297116882,0.0164839152087076,0.5825029072775985,1.6276914629530537,84.43590962975367,100,100
ENSMUSG00000051067,0.001,62.31581250733508,1.0,0.001,0.001,0.001521860108647844,0.10963889839130331,100,100
ENSMUSG00000051074,0.055802161875937714,2.5337106124809528,2.30177648130532,0.001,27.868446929568805,0.0011074970220433732,69.20867222982922,100,100
ENSMUSG00000051076,1.4275905501715376,345.13246017114864,1.0,0.001,7.905516559270751,0.00117071979928268,0.14909958707681675,100,100
ENSMUSG00000051079,0.001,62.31581250733508,1.0,0.001,0.0010000000000000005,0.0016392178539815039,0.17680733558087924,100,100
ENSMUSG00000051095,0.001,62.31581250733508,1.0,0.001,0.001,0.002186838243024475,0.09384743259012776,100,100
ENSMUSG00000051098,0.23008510996529766,1.6072833093119592,2.2331736202816317,0.023220021381138222,0.7270737818621746,0.3814204628099714,26.39150084046559,100,100
ENSMUSG00000051107,0.001,66.84427540036525,1.0,0.001,0.001,0.0017419984761025034,0.28238121459966165,100,100
ENSMUSG00000051111,0.001,61.88525872635182,1.0,0.001,0.001,0.0020379975010564612,0.1536513945146048,100,100
ENSMUSG00000051113,0.23958831151460674,3.2141349678953484,2.1082162326017273,0.03677738306851047,1.4641794296090835,0.06920957913496394,2.853425073046117,100,100
ENSMUSG00000051124,0.008282386818276435,14.539817326443051,94.32974159407269,0.001,5.7458737774860875,0.001600680230797671,40.50579311204019,100,100
ENSMUSG00000051133,0.001,59.75744064589286,1.0,0.001,0.0010000000000000005,0.001834878980085209,0.09434391734395255,100,100
ENSMUSG00000051146,0.004838746702926601,4.858713854689693,36.456141100572786,0.001,6.095345589366923,0.0016019151142303962,25.510851269004945,100,100
ENSMUSG00000051147,0.3249484050063652,27.589753008718212,24.24343189975689,0.001,0.5729470204747122,0.4584722527156533,417.4386518399052,100,100
ENSMUSG00000051149,1.4128770543681246,356.62825466702924,1.0812061690635208,0.001,7.931105903226148,0.0010094536105729776,0.045542359460478236,100,100
ENSMUSG00000051154,5.062929740403228,498.83805172109965,1058.9689746353868,3.226635099923844,7.819321272378515,1.3245669166814704,5.008072569523729,100,100
ENSMUSG00000051159,0.007026260163162794,1.3256649511116403,4.73047936282275,0.001,6.098437635579032,0.0017566157441963404,21.38344635924829,100,100
ENSMUSG00000051166,0.07690015096798997,0.45621852589336626,1.268671674260416,0.020615298944963868,0.6657148505002091,0.2572450731867116,11.58738751496437,100,100
ENSMUSG00000051169,0.5582070297540337,7.83910145630239,8.454248414606829,0.2600674943465634,1.212566435347823,0.4528206000399725,3.0152598595334785,100,100
ENSMUSG00000051177,0.4060596027444984,17.72395835982077,11.688478586544521,0.07297528236457668,0.8537192819132585,0.2645386953222501,5.104822228770473,100,100
ENSMUSG00000051184,0.16892384524203927,17.578389801913275,8.629514133838468,0.002310917893431645,1.238320795820412,0.020202649892983243,3.758978115930777,100,100
ENSMUSG00000051185,1.4867217141071352,168.37386288402305,137.75366463243597,0.677890211274897,2.633872840576621,0.4848429386016909,2.5900322516165515,100,100
ENSMUSG00000051209,0.001,62.31581250733508,1.0,0.001,0.0010000000000000009,0.001733700397122721,0.4168512682356631,100,100
ENSMUSG00000051212,3.07783631307003,741.2598198343227,1.0,0.001,7.987620861674533,0.0010039379895265426,0.06809009910194863,100,100
ENSMUSG00000051220,0.018994909343762325,1.3072458291014342,12.06662629177244,0.001,0.1332556324219683,0.05688635355731706,112.3838336093628,100,100
ENSMUSG00000051223,1.779594666088649,4.020160946673111,66.78630587274498,1.1729820081480147,2.9968069668227093,6.820904668257073,35.86467900134149,100,100
ENSMUSG00000051224,0.8851908330809943,212.44662419193685,1.0,0.001,6.768386267524165,0.0010800060776685891,0.19915499891823205,100,100
ENSMUSG00000051225,0.038483305435468566,2.8141211137252733,11.036005910740728,0.005240892298023254,0.16510090786338533,0.3939897807550443,28.128423695546854,100,100
ENSMUSG00000051228,8.337159311495844,1000.0,1.0,0.001,16.812488038911734,0.001,0.016573139924156235,100,100
ENSMUSG00000051232,0.3280643969452528,0.26095382495484976,4.728714054142788,0.1326938148450002,2.8284028944580233,3.0584384195907726,59.551289991782554,100,100
ENSMUSG00000051234,1.8106699713758392,3.398947981711131,15.057070622687858,1.0096475690188487,5.255475259787239,1.031815016034693,11.958339212491392,100,100
ENSMUSG00000051235,21.111161752991755,999.9999999996194,1.0252844841658133,0.001,30.18616571225941,0.001,0.009008153673036368,100,100
ENSMUSG00000051236,1.2130062354276823,130.33600812392936,265.3382079101089,0.6705921886080075,1.5969578201593895,1.4844122771471964,5.50401313682894,100,100
ENSMUSG00000051238,0.04492949994246565,0.09475576350330804,1.218904268976778,0.0010073314200923936,0.6025426988488591,0.6253343623256147,660.6672639144379,100,100
ENSMUSG00000051242,0.016345684012776595,23.92079364238082,42.231931810072886,0.001,4.080442067031573,0.0019207962822955478,51.578309264772315,100,100
ENSMUSG00000051246,0.06448813887157369,2.5859325616449538,3.889283368725206,0.001,0.1903219338548183,0.4449213469232174,154.3142627818805,100,100
ENSMUSG00000051256,1.635704416088413,2.966744683876107,12.819269684782261,0.8309365353699307,3.513542701216222,1.3745757260989488,14.410711584452603,100,100
ENSMUSG00000051262,0.001,61.88525872635182,1.0,0.001,0.001,0.0014438132271254315,0.3489843163713293,100,100
ENSMUSG00000051278,0.06495052490615931,2.470499547999151,4.840085991863078,0.009118684624100284,0.19527732813984444,0.3589041925920995,8.3371462903947,100,100
ENSMUSG00000051279,2.2386239439353877,560.8732842949564,1.0391422282568814,0.001,10.427544523113163,0.0011890374258336262,0.07887587973022396,100,100
ENSMUSG00000051285,0.9069389638581181,2.0362162671876107,7.531357122858435,0.4101762004299032,1.8080143016866588,1.3847462763153078,10.558527075414014,100,100
ENSMUSG00000051295,2.0826313051015224,503.49146876914733,1.0,0.001,10.82812085260531,0.0010139068630669,0.02836165813696309,100,100
ENSMUSG00000051306,0.47879084629526575,1.6778607211229073,4.109479685225488,0.001,0.4941495407218537,2.2183295608784066,2230.3357204408144,100,100
ENSMUSG00000051316,0.6155495996358932,33.41349905237402,12.842360099947587,0.10857113342762242,1.919877452773405,0.10685021334717702,2.7012222597702253,100,100
ENSMUSG00000051319,0.001,13.990984787371328,1.0,0.001,0.001,0.013746031822460213,2.953928378128681,100,100
ENSMUSG00000051323,0.016578467715074784,0.11017963460319796,19.036498548296866,0.001,0.06345323695894058,0.06710090727362447,3098.359714735363,100,100
ENSMUSG00000051331,0.1351903362343272,1.9749208193841734,7.430285777879074,0.07751777947962862,0.2533657360006818,1.531634834241018,7.838767918134376,100,100
ENSMUSG00000051335,0.02498099557781175,0.2011561578460718,1.4251937092441431,0.001,0.20553408421500707,0.6266262039806216,208.12042208356945,100,100
ENSMUSG00000051339,0.4316934701626282,18.636554575423354,51.118224415598604,0.044166337329663484,0.5917728916348346,1.8578275860814455,41.740747175792634,100,100
ENSMUSG00000051341,0.46753399439258175,1.4198013242928613,4.2497637038395775,0.056911892794029945,0.9002529779025847,1.1874909104758613,46.78364521359592,100,100
ENSMUSG00000051343,0.16514275806650167,0.34535461802728595,11.626274562701632,0.0011292878988357893,0.3807934518962124,12.769970859195748,6023.534853925805,100,100
ENSMUSG00000051344,0.2484243791988403,0.49407210828990467,1.527184144074388,0.001,1.2579066930839076,0.399745122002127,1086.875959897539,100,100
ENSMUSG00000051346,1.5043196179592628,13.168537092186444,12.12049001113149,0.24817803682679346,3.132421805429238,0.37741058153090207,13.51547032815876,100,100
ENSMUSG00000051351,0.6781535882518912,3.6786082087242695,5.614247848164435,0.08545863970123795,1.1547900185840096,0.7447987567670553,25.765474322487265,100,100
ENSMUSG00000051355,0.6100827657126395,0.4351081255483537,13.04695451918382,0.36946020129559765,2.1435650057636453,3.5318463399870508,56.48203270896106,100,100
ENSMUSG00000051359,0.07672562606258769,17.82851919156851,41.22961348010802,0.026275423421825272,0.2440692203016466,0.5019540613528448,5.638432137033417,100,100
ENSMUSG00000051367,0.46336203052838965,1.3724222957418173,8.853837900524557,0.22294220933458114,0.6859479496874898,3.764184706355064,14.672316542402822,100,100
ENSMUSG00000051373,0.0010278669408434731,0.008981707619682783,2.6398875144366283,0.001,0.10685524655004995,2.03491010207789,370.76866265322576,100,100
ENSMUSG00000051375,0.029345393427929467,18.39127394113621,43.97314593577386,0.001,0.5819596426514924,0.0022124017054875778,128.69029446739222,100,100
ENSMUSG00000051378,3.6811857914963153,441.35089428044415,1.0,0.001,13.17548339004779,0.0010000000000003032,0.018710796531549067,100,100
ENSMUSG00000051379,0.31832058114517486,73.76662359786498,289.36269728399907,0.2113602307886906,0.4366674229518285,2.3925988393103594,6.850579716538393,100,100
ENSMUSG00000051390,0.1280336969712888,0.10963264824822658,3.9886047599776497,0.009364788073507536,0.3726380463876756,9.61964780860734,498.6165330487819,100,100
ENSMUSG00000051391,3.732152610917072,14.448318028835553,102.03180138205319,2.5908895446322324,5.652976301437133,3.8260628342959144,12.885582738469264,100,100
ENSMUSG00000051396,0.17171766181178838,30.66415952748442,26.044601956856226,0.001,0.4739129981786304,0.26233971991510174,185.58748874987435,100,100
ENSMUSG00000051397,0.001,62.31581250733508,1.0,0.001,0.001,0.0017184699124853987,0.09976784630156374,100,100
ENSMUSG00000051401,0.001,62.31581250733508,1.0,0.001,0.0010000000000000009,0.0016134117775605098,0.18835442032617794,100,100
ENSMUSG00000051403,0.1003818065434284,0.22412805486061993,3.015271366511548,0.015820947111149012,0.3666776088617677,2.815777585447374,94.45336599004864,100,100
ENSMUSG00000051413,0.27370739371426,1.1995156244962872,1.9106412355945857,0.07783227114697097,1.0541565511217201,0.3156430921733231,7.7607103584257775,100,100
ENSMUSG00000051427,0.14169476817128618,0.37583438425610965,1.5266504366303726,0.001,0.6198345291180412,0.580179093834407,851.0865224317479,100,100
ENSMUSG00000051431,0.001,62.31581250733508,1.0,0.001,0.001,0.0020543456879617023,0.139510731628493,100,100
ENSMUSG00000051435,0.001,61.674132606755,1.0,0.001,0.001,0.0016222262825283497,0.13067568561496848,100,100
ENSMUSG00000051439,0.148004134100136,9.211993660201884,43.152685082573335,0.11100574206412527,0.2727075100589105,1.6851991698016224,7.817119710376252,100,100
ENSMUSG00000051444,0.4498023992585795,18.88352850313121,5.024239695713374,0.17994923812264832,64.00942604322839,0.0018525052070296033,0.7340857524213589,100,100
ENSMUSG00000051451,0.16610528902149352,0.41004758796452906,2.727086352190791,0.05622609487806225,0.5013328973402678,1.4523285495076066,25.65712403848886,100,100
ENSMUSG00000051452,0.001,62.31581250733508,1.0,0.001,0.001,0.001841608625801496,0.27079159872875214,100,100
ENSMUSG00000051455,0.001,62.31581250733508,1.0,0.001,0.001,0.0018779635798898218,0.050347802890087015,100,100
ENSMUSG00000051456,24.868393490961413,1000.0,1.017708799868845,0.8584445458644212,35.8909240935315,0.001,0.009004744404495054,100,100
ENSMUSG00000051457,0.4282965282830732,103.14966607220127,1.0,0.001,4.78864141485534,0.0010348200375946857,0.12249854070238805,100,100
ENSMUSG00000051469,0.0012028108873825603,0.001,1.4991445472634268,0.0011304263420499525,1.0428061427912894,0.8158028006757476,1384.6290400935004,100,100
ENSMUSG00000051483,0.9385451536010477,0.9029524169945669,7.744291297034475,0.42359216627370155,3.530922131689788,1.2119795935525832,35.63025470374619,100,100
ENSMUSG00000051486,0.001,60.188376913276144,1.0,0.001,0.001,0.0018369199320124939,0.1914794099206434,100,100
ENSMUSG00000051495,0.6754833650128945,5.952772811987365,21.23484910795789,0.1739350944778974,0.9756711809731939,2.373199715558813,23.99710590026189,100,100
ENSMUSG00000051498,0.29605600313011365,1.615893599574903,3.813458676604171,0.049280804088946056,0.6118807466530223,0.8152796235497106,24.05266673971568,100,100
ENSMUSG00000051499,0.021126679986102095,0.5394509882623909,1.138775208381726,0.001,8.919608988923518,0.0015369458322552795,67.4130277623934,100,100
ENSMUSG00000051502,0.002213856949585927,0.0034882254493026725,1.0018150010399516,0.001,0.7631841960880106,0.5959877802114395,918.7506034784218,100,100
ENSMUSG00000051504,0.001,62.31581250733508,1.0,0.001,0.001,0.0021024751183112284,0.11565801282939323,100,100
ENSMUSG00000051506,0.001,62.31581250733508,1.0,0.001,0.001,0.0019387530437105609,0.192680557614214,100,100
ENSMUSG00000051510,1.1976610979152473,1.7578087808309886,7.589845493138521,0.7228255520804404,3.6944243901118234,0.872826249474367,9.274759654357563,100,100
ENSMUSG00000051515,12.145201899783642,999.9999999900845,1.029257521919416,0.001,22.499370215399317,0.001000000000001104,0.035580270107571345,100,100
ENSMUSG00000051517,0.010858140780594445,19.38551136397996,22.12277859338927,0.001,3.9634220519959964,0.0016188861883088316,16.938016242655237,100,100
ENSMUSG00000051518,1.399876150728886,1.9418913574292165,13.965824803162075,1.0451135950950698,3.4097647659251216,1.759066664284824,12.102990251043446,100,100
ENSMUSG00000051527,0.001,62.31581250733508,1.0,0.001,0.001,0.0015636295459982865,0.23552413641666314,100,100
ENSMUSG00000051537,0.001,66.84427540036525,1.0,0.001,0.001,0.0019747786355173704,0.15899505022497598,100,100
ENSMUSG00000051548,0.001,56.71823759891341,1.0,0.001,0.001,0.002067488407727921,0.2787088982725133,100,100
ENSMUSG00000051550,0.11397026194989093,0.5354365572502148,2.5205271714652864,0.005884108969808046,0.37928365033174255,1.0847327277397003,187.92779752289337,100,100
ENSMUSG00000051557,1.1427868496013422,2.7066763687186257,7.630894529448493,0.4892155662204767,2.293796028725057,1.0176650287430526,11.231650162462735,100,100
ENSMUSG00000051579,0.17129694290058514,0.2207434628326645,29.62535754735425,0.11927513798685391,0.46035351899146487,32.80491960108559,196.6190282873635,100,100
ENSMUSG00000051582,0.001,62.31581250733508,1.0,0.001,0.001,0.001583650621254103,0.1859396780864927,100,100
ENSMUSG00000051586,1.0668279993733043,372.3380791411739,490.7607867387532,0.3843229709836321,1.5784059551563319,0.8515619840291184,6.4745311649183925,100,100
ENSMUSG00000051592,0.001,62.31581250733508,1.0,0.001,0.0010000000000000005,0.0015651445708692114,0.30387449031000546,100,100
ENSMUSG00000051596,0.001,66.84427540036525,1.0,0.001,0.001,0.0016623903254821075,0.24185284607829155,100,100
ENSMUSG00000051599,0.0030759525965025486,9.479427714505475,26.36337171415412,0.001,0.04780185184976439,0.0020472229829829667,21.85520377972128,100,100
ENSMUSG00000051606,0.001,62.31581250733508,1.0,0.001,0.001,0.0016382233308466561,0.17942656135035345,100,100
ENSMUSG00000051615,0.2836160564323172,0.622559085532843,3.452247280811398,0.0010944239377027008,0.7238118918541565,1.5213694053411986,1921.5160830164468,100,100
ENSMUSG00000051627,0.06730763460877151,20.980297277401213,40.48827348772554,0.001,0.15957135792958843,0.7406651538973278,150.6092100220622,100,100
ENSMUSG00000051639,0.8799023785816762,1.716924259231771,21.04957752066023,0.5831703167967206,3.5989694142596163,2.382042342625998,22.09710764061346,100,100
ENSMUSG00000051650,0.09015518459913402,18.68813301309066,6.174766132329766,0.001,25.539246153555847,0.0010510819972069554,5.062763835095687,100,100
ENSMUSG00000051652,0.02412643001561299,22.643421804794233,31.042255342571117,0.001,6.678338193888303,0.0013491934178106984,49.70821426022851,100,100
ENSMUSG00000051669,0.001,62.31581250733508,1.0,0.001,0.001,0.0014535355539296892,0.12938844964888147,100,100
ENSMUSG00000051671,1.865210071069432,17.96133123014485,27.97677567634533,0.37021135718383485,3.1482593127470446,0.8959159948819685,22.488739432754308,100,100
ENSMUSG00000051674,0.4451704541638577,0.7103330898370654,3.090819497259852,0.0015716828366116244,0.9156685462237835,1.9162008509585968,2046.1123900169878,100,100
ENSMUSG00000051675,1.3375425926255071,2.839371005183816,6.921244843153473,0.7798463265185817,3.947021346175302,0.5679787941194614,5.833569731983692,100,100
ENSMUSG00000051678,2.7968977494920817,670.7392088866607,1.0,0.001,5.276874218579273,0.0010000000016465167,0.11276822554202559,100,100
ENSMUSG00000051682,0.001,62.31581250733508,1.0,0.001,0.0010000000000000005,0.0016598627840542102,0.20968511324846706,100,100
ENSMUSG00000051695,14.388563730879957,0.001,24.501573655939364,0.04934177835076263,50.254378862023486,1.38993986037002,25003.350179801935,100,100
ENSMUSG00000051703,0.05340621837648739,19.320665731574756,24.92621511987094,0.001,0.19351135073922393,0.2558062191755702,116.23301818126158,100,100
ENSMUSG00000051705,0.41349902154904433,199.38978767564635,109.91147615073955,0.17192798867185916,1.7913805504273759,0.0984610503844234,1.6526642490047219,100,100
ENSMUSG00000051716,0.27213439610239265,65.36421030425801,1.0,0.001,5.122562473486486,0.0010153423633344546,0.052785337741821106,100,100
ENSMUSG00000051721,0.19949739420045498,0.5434180528126024,3.3214890862032553,0.06977120363689354,0.44152857899485576,1.9480373647765126,21.38152397359511,100,100
ENSMUSG00000051726,0.027997305976062953,1.6287684710243837,21.56277251556854,0.001,0.08038698430226185,2.429079240234757,384.94559130579444,100,100
ENSMUSG00000051727,0.08367938237643821,5.1980486758112825,10.959874992047485,0.001,0.20952167846089637,0.7291893639298758,154.20150040787735,100,100
ENSMUSG00000051728,0.001,62.31581250733508,1.0,0.001,0.001,0.0018011955701695706,0.14957608250235405,100,100
ENSMUSG00000051730,0.001978398092367133,0.002447514487284398,1.7635989326048525,0.001,0.6145026290357747,1.2117677173460755,1393.9407557454008,100,100
ENSMUSG00000051735,0.09068281052155475,22.688441844431093,49.78539533536599,0.001,0.14447944445078104,1.0438943488710928,251.57450940302155,100,100
ENSMUSG00000051736,0.19128244707410044,6.460105221704102,9.483630977552863,0.09215006509418469,0.40088460550875205,0.6085488153803645,3.57900935435476,100,100
ENSMUSG00000051747,0.001,62.31581250733508,1.0,0.001,0.0010000000000000009,0.0018017272660780415,0.1925328354688447,100,100
ENSMUSG00000051748,0.0017583080303624663,612.1509713661402,5789.4640073097435,0.001,0.0230079009480778,0.0017542648691608999,16.495468198659943,100,100
ENSMUSG00000051758,0.001,61.88525872635182,1.0,0.001,0.0010000000000000005,0.001838255750422636,0.22745660672857804,100,100
ENSMUSG00000051768,0.9105505548980448,6.876270891349227,19.91095141685,0.24632028048661592,1.5162330856063377,1.5068549457249922,23.89319109318826,100,100
ENSMUSG00000051786,0.0025029324339945094,0.004498025474270558,2.978345750219962,0.001,0.23487504487070882,4.091670762001925,2025.8126914815884,100,100
ENSMUSG00000051788,0.001,62.31581250733508,1.0,0.001,0.0010000000000000009,0.0016237156840636152,0.20399372841624372,100,100
ENSMUSG00000051790,0.7080673511976157,3.7288523337555937,19.787297371307915,0.4922009678774991,1.01256630878657,2.845287471205779,8.701554176046287,100,100
ENSMUSG00000051805,0.010810912595651983,19.252804303394942,21.975782568704393,0.001,4.229655664878566,0.001611961304885579,28.131852307621834,100,100
ENSMUSG00000051811,0.023716444413033708,6.382318489425252,109.57333155780162,0.001,0.06843417987011548,1.919140336276957,72.2291595569297,100,100
ENSMUSG00000051817,13.210757547817739,999.999999967888,1.000832117045386,0.001,23.324448231903553,0.001,0.01240558129586812,100,100
ENSMUSG00000051832,0.001,61.024058264401226,1.0,0.001,0.001,0.0015585954017091825,0.2717065967197354,100,100
ENSMUSG00000051839,0.001,62.31581250733508,1.0,0.001,0.001,0.0015055715966423066,0.46932886875604024,100,100
ENSMUSG00000051844,0.04512181890851252,20.168069488466546,18.50613014604507,0.001,0.6157113542569691,0.003050928929940522,57.46508269298541,100,100
ENSMUSG00000051851,0.2967806931683613,0.7448059073855405,9.729591288594396,0.19551584159101365,0.43924239724738895,8.391981175660984,24.623660978063903,100,100
ENSMUSG00000051853,4.4770172661982635,17.300948468016145,37.55046850843785,1.7974258541748869,8.004854597144982,0.980145723579124,11.129981155063343,100,100
ENSMUSG00000051855,0.001,61.45463549419866,1.0,0.001,0.0010000000000000005,0.0017956147021778155,0.0690032341251266,100,100
ENSMUSG00000051860,0.001,62.31581250733508,1.0,0.001,0.001,0.0014547627735660537,0.22560447875923678,100,100
ENSMUSG00000051864,0.7664515752439365,2.3880314148431756,3.731362434558486,0.0010712833614935184,1.2700446663948481,0.9095471690751864,1611.2979900729952,100,100
ENSMUSG00000051879,0.001,62.31581250733508,1.0,0.001,0.001,0.0016434561656548704,0.32696504895113354,100,100
ENSMUSG00000051890,0.5183773000964267,2.8586369151961395,1.0672439079004117,0.173604131758528,62.29405834325077,0.0032890873349435746,1.0574881752144971,100,100
ENSMUSG00000051906,0.001,62.31581250733508,1.0,0.001,0.001,0.001762125161730572,0.10365041086298207,100,100
ENSMUSG00000051910,0.04213104923857063,0.34580934971001953,3.8138411568491626,0.0014417226628622355,0.16352933999029773,2.593003491172815,343.42457407972597,100,100
ENSMUSG00000051920,0.16396545144139724,8.01625269794892,33.37562707993142,0.0888876802605886,0.23842390933954627,2.287745913345627,8.67342975471837,100,100
ENSMUSG00000051934,2.1114844880791193,288.56047060563327,330.31006879445033,0.5273385535874798,2.6591473942966486,0.9381784026066633,10.206521618724015,100,100
ENSMUSG00000051950,2.3373655961500477,12.084986523813937,25.273091627241435,1.6330669905680422,4.742892226022122,0.8870153468416647,3.827551022983778,100,100
ENSMUSG00000051951,0.001,66.84427540036525,1.0,0.001,0.001,0.001934640782668695,0.3222847611915762,100,100
ENSMUSG00000051965,0.001,62.31581250733508,1.0,0.001,0.001,0.001779569587185865,0.29212110047298023,100,100
ENSMUSG00000051977,13.33928405442383,1000.0,1.0,0.001,24.45880093323556,0.001,0.009010900493907313,100,100
ENSMUSG00000051978,0.2442668314191248,0.3008290202214995,3.0082241627421,0.0056493021971745295,1.0397302157963033,1.5150552827986536,1278.7387518099486,100,100
ENSMUSG00000051984,0.022689797927146902,20.724337265521967,15.075651288017763,0.001,12.555822461423507,0.001000000000020272,22.020276326693036,100,100
ENSMUSG00000051989,1.1612502446913013,3.0429882027736976,10.695810344883341,0.687285782556747,1.9563211952664377,1.6163807192778257,8.566353352414701,100,100
ENSMUSG00000051998,0.001,66.84427540036525,1.0,0.001,0.0010000000000000005,0.0019567699457014283,0.06450833426372565,100,100
ENSMUSG00000052013,0.001,62.31581250733508,1.0,0.001,0.001,0.001842093224034138,0.2369021574553501,100,100
ENSMUSG00000052026,0.023865733667498796,0.3681714388556529,2.239922473077368,0.001,0.15430716402814787,0.46556989595400466,169.86307493437363,100,100
ENSMUSG00000052031,0.001,41.43254350188758,1.0,0.001,0.001,0.0019453070031387114,0.28238706424003834,100,100
ENSMUSG00000052033,1.3293843102081064,2.706057785551044,10.357625850732006,0.8728468967297494,2.49552921563275,1.4374385018552815,6.598684469475968,100,100
ENSMUSG00000052040,0.2739173777418626,0.30894543862810275,8.16464864210868,0.09225223541512857,0.9528387664145883,4.200762457554824,87.60315205289893,100,100
ENSMUSG00000052056,0.19932784973404,2.5603398972537317,5.2723243662998796,0.06399629338547547,0.4974855059611645,0.774960978074851,8.270540747244581,100,100
ENSMUSG00000052062,0.0635545474182554,22.680451305071838,14.455388562060724,0.004815155462916624,29.136914794594425,0.0011076350823000889,2.61421159929267,100,100
ENSMUSG00000052085,0.10338530180275735,16.295334537072836,15.011534796357758,0.001,14.507922981727157,0.0027191492053158847,5.113547325253395,100,100
ENSMUSG00000052087,0.001,62.31581250733508,1.0,0.001,0.0010000000000000005,0.002335166832051376,0.4027306137307348,100,100
ENSMUSG00000052102,0.6452895310703141,1.7627077995596738,8.440372045270728,0.37005587080331526,0.9964443875796934,2.331873127606009,11.556153839190237,100,100
ENSMUSG00000052105,0.19060693778992907,27.881889418605905,28.494789252047575,0.07719851884349885,0.5911417022748984,0.2467324014437347,2.71263361498542,100,100
ENSMUSG00000052117,0.001,62.31581250733508,1.0,0.001,0.001,0.0016379591255885353,0.2197724898994026,100,100
ENSMUSG00000052125,0.014552015013307907,1.0043269290859467,5.935247069238269,0.001,3.1728966093688786,0.0027394536462991637,39.4962148657156,100,100
ENSMUSG00000052131,0.001,62.31581250733508,1.0,0.001,0.001,0.0019345347478907197,0.38441466657342355,100,100
ENSMUSG00000052133,0.001,62.31581250733508,1.0,0.001,0.0010000000000000009,0.0014496715487660908,0.19158501826931099,100,100
ENSMUSG00000052135,0.01011029144664099,20.606483778021307,50.59078516446459,0.001,2.2440518197191928,0.0016072852011644757,43.00755616247345,100,100
ENSMUSG00000052137,0.002045599630765766,0.019235059342685153,1.108769026425185,0.001,0.2032605229670575,0.3036855225458035,159.33263386644552,100,100
ENSMUSG00000052139,0.9112568835697396,1.8575106348813597,5.719635595639389,0.1639222241628918,1.883367739687657,0.9698523431537055,44.82623758741853,100,100
ENSMUSG00000052142,0.001,62.31581250733508,1.0,0.001,0.001,0.0016123111948417204,0.24311202750079033,100,100
ENSMUSG00000052143,0.003198908387085948,9.479116397141851,24.04844202957141,0.001,0.07576431516225587,0.0016043576670685769,16.42239563547208,100,100
ENSMUSG00000052144,0.0070969906866877215,0.02322152149715212,3.346892618160077,0.001,0.17766421551679945,3.781871063054223,1835.083100066795,100,100
ENSMUSG00000052146,0.09420306473254325,0.3502511253161885,166.10721858499423,0.001,0.1446566577288183,0.006221560956372935,101158.2684562167,100,100
ENSMUSG00000052151,1.6095602733455483,24.133999283815587,116.53896955658152,1.0521044974057259,2.167546215523526,3.458760955937447,9.430397887639684,100,100
ENSMUSG00000052154,0.001,62.31581250733508,1.0,0.001,0.0010000000000000005,0.0017235981712692091,0.1898864026216041,100,100
ENSMUSG00000052155,0.06398339432784332,0.40772376662588794,2.09502969367,0.004631040929414486,0.2728802856132483,1.0350655911570978,58.23539942266824,100,100
ENSMUSG00000052160,0.001,66.84427540036525,1.0,0.001,0.001,0.001550352544559981,0.18574521350718357,100,100
ENSMUSG00000052180,0.010867543673369194,19.799188071981277,22.57640937992042,0.001,5.450155490519704,0.0016333963085815198,29.64585359119868,100,100
ENSMUSG00000052187,0.001,62.31581250733508,1.0,0.001,0.0010000000000000009,0.0018501193339068233,0.1650993666094156,100,100
ENSMUSG00000052188,0.001,62.31581250733508,1.0,0.001,0.001,0.0018994089057683978,0.09692081650805359,100,100
ENSMUSG00000052212,2.1571940611220364,521.5346265951073,1.0,0.001,12.14514994436576,0.001,0.058971010052171244,100,100
ENSMUSG00000052214,0.957888759969312,2.079756253902693,5.74240922652283,0.34515065914319687,3.182038106720076,0.5857866272972431,11.348240658725713,100,100
ENSMUSG00000052217,0.001,62.31581250733508,1.0,0.001,0.001,0.001818964727820418,0.3931285238207057,100,100
ENSMUSG00000052221,0.008709157384706024,0.36715850101295644,2.011500501200998,0.001,5.112639324147324,0.0016333425020544298,70.72424726017026,100,100
ENSMUSG00000052234,0.001,62.31581250733508,1.0,0.001,0.0010000000000000005,0.0014419729086269997,0.31885918360766086,100,100
ENSMUSG00000052241,31.70842889395338,923.0403136944572,1.0,0.001,48.36108516960586,0.001000948373086943,0.010121734333723601,100,100
ENSMUSG00000052248,0.05946383789893333,2.3113829250087448,5.526845253486037,0.018188925270134958,0.40505455128719503,0.2617405688954194,9.505336876234571,100,100
ENSMUSG00000052253,0.19956700920259351,0.25086200111153045,9.301037905375722,0.0928573867262815,0.36883513250156985,16.126260044306502,104.3812216294294,100,100
ENSMUSG00000052270,0.001,62.31581250733508,1.0,0.001,0.0010000000000000009,0.0020083433641430812,0.12691438493494359,100,100
ENSMUSG00000052271,0.006553443487577048,17.147380313705355,42.856013252624386,0.001,6.135690401850206,0.0010452429068083624,11.175022005523065,100,100
ENSMUSG00000052273,0.13402344902764995,32.28438078646165,1.0,0.001,8.373203046655068,0.0010000000000090084,0.027930022962888542,100,100
ENSMUSG00000052276,2.0813166845897446,503.1765750646759,1.0,0.001,11.394966302407411,0.0010000000000207165,0.059015961655731586,100,100
ENSMUSG00000052291,18.33396413351791,607.1227891669982,1.0,0.001,39.49875466776557,0.001,0.029519657010533756,100,100
ENSMUSG00000052293,3.056214351663582,736.0513408990713,1.0,0.001,10.324832600643454,0.001,0.016673204321685953,100,100
ENSMUSG00000052296,0.6721576966855212,1.3802690250893341,3.822539104512481,0.001338780699191177,0.8682034071782077,2.0144704961706372,2357.6799596863293,100,100
ENSMUSG00000052298,1.572355767025227,8.527906418728714,18.92132860579462,0.8820046228498839,2.4946480149773915,1.2422827697787264,5.679179252940334,100,100
ENSMUSG00000052299,0.8077651731379982,1.2441671797511198,2.819786873848293,0.010193026474461273,2.256884188121828,0.48588310399723156,572.269810060022,100,100
ENSMUSG00000052301,0.001,61.88525872635182,1.0,0.001,0.0010000000000000005,0.0018962418403016238,0.3741142995343126,100,100
ENSMUSG00000052302,0.02260848997265053,20.949345555196544,15.228991372303696,0.001,12.441433653877354,0.0011531754725916128,3.375135585481101,100,100
ENSMUSG00000052305,0.001,62.31581250733508,1.0,0.001,0.001,0.0019200304083126407,0.3830309163168189,100,100
ENSMUSG00000052310,2.2404288654274094,2.263847353793843,15.145257614739961,1.38142723064579,7.185538183845107,1.0400313978946565,14.779552811737087,100,100
ENSMUSG00000052316,0.1718807501686126,35.69849136063361,85.24817453751112,0.11891988636898772,0.2814636023525089,1.173067148659639,3.9176659872564885,100,100
ENSMUSG00000052331,0.9193036011506658,11.739977927239789,2.4335780548011097,0.24965733371859183,90.09057826793631,0.0018007658187854157,0.819636773680879,100,100
ENSMUSG00000052336,0.001,0.018788826565975688,2.116913387767307,0.001,0.09865146316833467,0.0057033085849384855,133.50587755511967,100,100
ENSMUSG00000052337,1.515099639481122,2.872286959246099,20.94562409440955,1.0096665432858083,4.263629783819682,2.0105700679586045,14.078004922919575,100,100
ENSMUSG00000052353,0.53222975860213,16.410586954976743,512.915321744627,0.43170864963283384,0.6239853621060532,23.08391690755576,41.337699125375984,100,100
ENSMUSG00000052364,1.243158169298452,16.94231726538924,1.040468377260746,0.13685049064335966,71.861301979401,0.0011741313835829383,0.3504657050312905,100,100
ENSMUSG00000052369,1.296571560302682,4.402821682771754,13.916365718823235,0.6044665956111981,2.1554827326167265,1.4938612157533075,10.788741252992825,100,100
ENSMUSG00000052371,0.001,66.84427540036525,1.0,0.001,0.001,0.0020739746345364656,0.2786043247697137,100,100
ENSMUSG00000052373,0.001,62.31581250733508,1.0,0.001,0.001,0.0017825196164378615,0.14401515598332054,100,100
ENSMUSG00000052374,2.337569118418018,573.9891342931422,1.0176277045143687,0.001,8.215074692883592,0.0010109649773456133,0.13215065724686087,100,100
ENSMUSG00000052384,0.001,61.88525872635182,1.0,0.001,0.001,0.0015971421887548366,0.15954093575629952,100,100
ENSMUSG00000052387,0.01115086638020928,17.236229542618243,42.48559584747606,0.001,2.161793530552607,0.001592435540561698,60.423656238191754,100,100
ENSMUSG00000052392,0.11989565958581337,1.5055644153659204,2.7019120994029038,0.052138839525207564,0.36808829241440577,0.44211213364541213,3.531147304594348,100,100
ENSMUSG00000052395,0.6285561005252722,1.2745767293187256,4.306926047271304,0.2803710562714621,1.191735541929086,1.483482079532751,10.99899389298842,100,100
ENSMUSG00000052396,0.10656811220896005,0.5687145105385493,4.793860903586546,0.04335081962895748,0.2286528728095434,2.7044316414260465,21.70560857410474,100,100
ENSMUSG00000052397,0.2813357721277766,11.253128053450538,105.73504030163323,0.2105744042081783,0.3724995348136195,6.034900180633555,13.098009121917787,100,100
ENSMUSG00000052403,12.826067360066691,999.9951195272754,1.0,0.001,26.57380294808491,0.001,0.015124089659286463,100,100
ENSMUSG00000052406,1.9725983795546878,214.29012864451758,253.21365252017145,0.941270985539904,2.7242447682257076,0.8585848054136812,4.291036099311745,100,100
ENSMUSG00000052407,0.0914388484064624,18.653168508442107,6.155539976339638,0.001,21.94309924061869,0.0010144423218648789,5.060778530815588,100,100
ENSMUSG00000052414,0.001,62.31581250733508,1.0,0.001,0.001,0.001856267339674161,0.07575488399383226,100,100
ENSMUSG00000052415,20.632721185997195,797.2675135601354,1.0,0.001,33.7199961234796,0.001,0.008984098269606078,100,100
ENSMUSG00000052419,3.9230302235916854,313.2829470769093,903.9729932969016,2.8008397546436496,6.2201543380502216,1.8572248206299038,5.5557110398059155,100,100
ENSMUSG00000052423,0.08722086590027191,511.9889871344537,4642.897331861172,0.001,0.06504073594499207,11.357561241379699,3207.251255987656,100,100
ENSMUSG00000052428,0.001,0.0017629746999853113,15.301848661482618,0.001,0.23686104444032535,0.24603700831384168,17102.570460259027,100,100
ENSMUSG00000052430,0.5995584034000984,4.429159857227058,9.88370598550576,0.3573181719760105,0.9720029692200692,1.1529731491382893,4.523287869216137,100,100
ENSMUSG00000052435,0.001,62.31581250733508,1.0,0.001,0.001,0.0016027322170597913,0.12160073832487268,100,100
ENSMUSG00000052446,0.589474797237312,28.08696882862049,19.759122998661034,0.3128949550078911,1.5066793336782034,0.22814522724117925,1.6027702711636262,100,100
ENSMUSG00000052456,2.949457370691785,12.975510378349865,49.218683664075854,1.5110902554505854,4.832165481909275,1.8915456355708629,13.358874809382591,100,100
ENSMUSG00000052459,3.2287330950429416,4.617311044150569,84.31716908036637,2.487896334235958,7.636983300826744,4.62619340296475,26.64092306216409,100,100
ENSMUSG00000052468,0.007317374453123175,21.762507405595702,96.51415036870495,0.001,0.1917967387813584,0.004939757339794438,32.45854526760153,100,100
ENSMUSG00000052477,0.001,61.88525872635182,1.0,0.001,0.001,0.0016824704050898052,0.16001402800875428,100,100
ENSMUSG00000052482,1.8911842085200636,447.68487264308834,1.0,0.001,8.67631934389808,0.0011041496595612624,0.1361350780762468,100,100
ENSMUSG00000052485,0.039150093441366926,20.287043634692825,10.711125581672851,0.001,16.48462456733609,0.001,2.537947135830744,100,100
ENSMUSG00000052488,0.15157324820002055,0.1732264440057992,6.815460223042245,0.04877904137985686,0.35935265496417956,13.339027562401691,144.846957260835,100,100
ENSMUSG00000052504,0.05935363368531468,5.414683371031648,20.05346096104033,0.001,0.1218393007463691,1.0013428820365524,128.76413398426783,100,100
ENSMUSG00000052512,1.6529609741115345,195.26722884911817,466.38820578612507,1.13346689944193,2.456719554849313,1.6146382367705403,4.578892392212834,100,100
ENSMUSG00000052516,0.07288038324866263,0.8471840801008061,2.5804721452639563,0.001,0.27088381600129796,0.5343399148422934,182.69193537283985,100,100
ENSMUSG00000052525,28.19396149657725,949.2323907749812,1.0027947546705338,0.001,47.39674942657146,0.0010000000000036507,0.009801079776383266,100,100
ENSMUSG00000052533,0.0027030657252615346,0.0012989138426234372,1.2743130094230617,0.002052092416319778,2.4389036328789238,0.3922181655015614,1078.071562933786,100,100
ENSMUSG00000052534,1.215431412425813,10.510133166434866,47.19101032010582,0.8243038271211856,1.9382119017008785,2.5701141444622704,7.179791783883176,100,100
ENSMUSG00000052539,0.03121684473076357,0.22303479547457247,4.542817192216652,0.001,0.14466284316879272,3.440970785576668,595.1276039246851,100,100
ENSMUSG00000052544,0.001,66.84427540036525,1.0,0.001,0.001,0.0015140352638346201,0.18043749497919853,100,100
ENSMUSG00000052551,0.001,62.31581250733508,1.0,0.001,0.001,0.0015897562744839194,0.21993936647341306,100,100
ENSMUSG00000052557,0.4832784213733585,148.70640742705748,123.42843685875799,0.23911700997368512,1.0714891493357674,0.35823740146337835,2.4208964427478734,100,100
ENSMUSG00000052560,0.001101674884159555,0.001,1.8660992418716709,0.001,0.798081222824758,1.3666868841416426,2050.8115144767708,100,100
ENSMUSG00000052563,12.302481241325971,999.9999982886359,1.0158775682650376,0.001,22.90735505172904,0.0010000116482054176,0.011546846236373084,100,100
ENSMUSG00000052566,0.45390055198456225,25.4627686409534,51.550433794590276,0.24387361203825697,0.6831818303180208,1.2440816561427224,4.319945120385913,100,100
ENSMUSG00000052572,0.001,61.674132606755,1.0,0.001,0.001,0.0015097875503129216,0.0727543173472526,100,100
ENSMUSG00000052581,0.001,61.88525872635182,1.0,0.001,0.001,0.0016456899314099519,0.16214140827845328,100,100
ENSMUSG00000052584,0.1304232150266874,30.505799879377268,24.59754252770256,0.001,0.48710918603052883,0.01365528453213899,130.78576503557227,100,100
ENSMUSG00000052593,3.9900662170730725,5.972087343569744,14.786452067344088,2.2602930658887415,9.570998769847826,0.6335552476271402,8.343907636894754,100,100
ENSMUSG00000052605,0.011518460130254225,18.25361424918405,20.84900765112274,0.001,6.358858276283186,0.0015180373344156096,16.633733014048204,100,100
ENSMUSG00000052609,0.8740016625981144,2.6858244634266812,11.605883275759494,0.4787002816053889,1.4954156126366542,2.0067447096555027,11.507034713485297,100,100
ENSMUSG00000052613,0.001,62.31581250733508,1.0,0.001,0.001,0.0017839793857997957,0.2055922301616721,100,100
ENSMUSG00000052616,0.001,61.674132606755,1.0,0.001,0.001,0.0015032300704566196,0.11923688750531446,100,100
ENSMUSG00000052631,0.19845639010701202,9.634712640213971,3.764613656067063,0.02174781581695491,51.47389243756232,0.0012124446564119166,2.9396285859679128,100,100
ENSMUSG00000052632,0.18753589812966334,0.2527985087332501,1.8119528495494945,0.001,0.9001800206457827,1.053533306148066,1651.437449911495,100,100
ENSMUSG00000052656,0.07113001261437057,0.3364652488268875,5.047712747842352,0.019001803168145977,0.20512761483886344,4.005404037600327,71.4377437517645,100,100
ENSMUSG00000052658,0.006530829489849757,17.50325077108944,43.708358029203254,0.001,3.570301078444677,0.0016092743576721846,19.61717213988956,100,100
ENSMUSG00000052673,0.27213439610239265,65.36421030425801,1.0,0.001,6.696587175183385,0.0010000000000002535,0.10014032846430401,100,100
ENSMUSG00000052675,0.05141727807952291,5.134534250549562,6.279765832689277,0.007631189567108044,1.32749850675082,0.015097541569573788,6.605056916452813,100,100
ENSMUSG00000052676,0.35297447183373426,6.988668513627906,2.2918930655252985,0.10374354637859179,62.58535001019497,0.001369150611956233,0.9994790169580008,100,100
ENSMUSG00000052684,0.6920546835698139,14.798406258196952,224.47495949787168,0.5162891408851272,0.9113634707701965,12.199644003266009,21.85946151882641,100,100
ENSMUSG00000052688,1.1014256639676048,5.850521706537728,26.621139375548854,0.7608280868676363,1.6041430884683239,2.6237090194248376,8.123414327360562,100,100
ENSMUSG00000052698,0.3678864018550353,1.5593166906336742,7.315979049135341,0.1481278052106704,0.5866362944232204,2.6609449699231558,13.447818733393055,100,100
ENSMUSG00000052707,0.272893800787302,0.4095682477882362,14.219588652875691,0.10552227275410546,0.6892145602618334,11.041199604344875,111.31118631714871,100,100
ENSMUSG00000052712,1.9782212729467372,3.883260343649858,20.132917504768955,1.139771799659835,5.252399349076236,1.3653741967995008,13.498204502453941,100,100
ENSMUSG00000052713,0.029372782836913126,17.594068485913358,23.693209500517835,0.001,5.375897794414339,0.0015838910115848264,60.54203425197296,100,100
ENSMUSG00000052724,1.7178725469336784,403.20531279498044,1.0,0.001,6.044331836478587,0.0011011689894366624,0.036073530647512404,100,100
ENSMUSG00000052726,0.001,61.259704531272526,1.0,0.001,0.0010000000000000009,0.0015281123430085802,0.2025529817278748,100,100
ENSMUSG00000052727,0.5587909930015772,6.116669033124925,17.904728993955946,0.3624263718201325,0.8244825548112316,1.7893988992797651,5.067528039444834,100,100
ENSMUSG00000052738,3.7956812931936756,128.13851534138195,274.64674782771357,2.750987834800182,7.3122160142912715,1.1362207466985967,3.8450406578358343,100,100
ENSMUSG00000052748,0.6898694695768887,6.33789271698982,8.864514206935707,0.3350450092742882,1.065633867843329,0.8032922795413118,3.786157671926914,100,100
ENSMUSG00000052749,0.001,62.31581250733508,1.0,0.001,0.001,0.0016480650788487658,0.2984687266292574,100,100
ENSMUSG00000052751,0.44183390061711403,30.40041502702978,22.176971187892047,0.2018444663397933,0.9405773717602905,0.355065542872825,2.0892680666116608,100,100
ENSMUSG00000052752,1.4770670042949055,3.5019656622912687,16.799467369730774,0.9355903037570678,2.813115924712437,1.8883732663793031,11.039914373089335,100,100
ENSMUSG00000052760,0.001,61.674132606755,1.0,0.001,0.001,0.001751713773623767,0.09376298746017814,100,100
ENSMUSG00000052763,0.11107223065141585,0.07356701661246998,2.1173291777109067,0.0031454901467732697,1.1975459463298728,1.3462863651736514,1503.9768090363027,100,100
ENSMUSG00000052769,8.371807664430143,999.9999999871993,1.0,0.001,13.700496979761954,0.001000000000022299,0.06081094830685735,100,100
ENSMUSG00000052776,0.0322399747744536,18.751518686818255,30.12976021642602,0.001,0.7857026229668034,0.0015195583733279016,82.31048586156871,100,100
ENSMUSG00000052783,0.03621705998038392,6.629815619112512,5.969245695067403,0.001,15.526826772893738,0.0013322909511148655,4.340963349803194,100,100
ENSMUSG00000052794,0.2624931338285811,1.7493722522424136,4.045739454295879,0.001,0.32655995381329794,1.9691333123400083,1027.0694616343676,100,100
ENSMUSG00000052798,0.001,23.348072830583654,1.0,0.001,0.001,0.004518921017782115,0.5870995121257325,100,100
ENSMUSG00000052812,0.7296130559567313,2.4062048996383023,6.1951909757726025,0.0014113275237990796,1.1153711190669664,1.8374495559663495,2522.457626591384,100,100
ENSMUSG00000052819,0.001,62.31581250733508,1.0,0.001,0.001,0.0022505244561889627,0.11134695524535565,100,100
ENSMUSG00000052821,0.003317196374986253,11.289858506307034,27.640011708429277,0.001,0.06853993350934329,0.0020371495252324246,17.029754630363986,100,100
ENSMUSG00000052825,0.24411355554398478,0.14394219656442822,5.947971911721323,0.0024618938614058873,1.9317792106705796,2.1376231316369205,5375.434021597273,100,100
ENSMUSG00000052833,2.4093980438824003,113.96344851130921,451.725428079935,1.6445407970905306,3.4050779593130542,2.7655843619234237,8.291342166902929,100,100
ENSMUSG00000052837,0.8209927647491596,4.8047263402199345,39.9859628713569,0.6604286502710737,1.122284861195824,5.477636832633148,11.227515359612426,100,100
ENSMUSG00000052848,0.001,61.674132606755,1.0,0.001,0.001,0.001638198014068676,0.15729177647987105,100,100
ENSMUSG00000052852,0.19363430887110317,31.170269718696666,26.719184626301793,0.001,0.3717095132585565,0.37104005908881993,219.55819375026,100,100
ENSMUSG00000052854,0.010769096241487091,19.77058421472195,22.566769902268657,0.001,4.567601887478008,0.0013943729444985775,23.119196915002256,100,100
ENSMUSG00000052861,0.011102763881014091,18.86199972327996,21.35296749139166,0.001,8.150302806751297,0.0010469266851741003,16.282960435520437,100,100
ENSMUSG00000052889,0.011665459938865856,18.158447482021646,88.84078268626652,0.001,1.0195095336324351,0.0015286336323348153,61.76839014342387,100,100
ENSMUSG00000052906,0.6108645006354353,0.6180794372202024,3.745590626552888,0.21194799342197418,2.023091812653653,0.9511525080051033,25.66722709574541,100,100
ENSMUSG00000052909,0.001,60.60768216058454,1.0,0.001,0.001,0.0016565809946282317,0.24408843396843366,100,100
ENSMUSG00000052911,1.5458568438245435,10.549166526071382,92.59439238972182,1.1415652602356898,6.0572758520740155,3.0693248609311943,13.675375387465149,100,100
ENSMUSG00000052912,0.001,60.80878088638715,1.0,0.001,0.001,0.00150906303158467,0.0945916040955769,100,100
ENSMUSG00000052914,0.23840582024964865,0.363836892685313,2.0795813519530912,0.001,0.9892743744125996,1.0138210611374678,1651.5361301813589,100,100
ENSMUSG00000052915,1.6783184002999973,6.0122757161775375,28.281672277196368,0.8777164870413993,4.652356403785477,1.358922505842535,14.605463653086563,100,100
ENSMUSG00000052917,0.851085101517478,19.062489326864927,10.637362374831705,0.26417719720179855,3.3703837050733245,0.13559003411005843,2.8684655191106514,100,100
ENSMUSG00000052920,0.2359974021628839,3.8417458605857457,6.58476636172492,0.09124384691593522,0.5139799721007079,0.7148135302944515,4.682270895625759,100,100
ENSMUSG00000052921,0.001,61.88525872635182,1.0,0.001,0.001,0.0018463943959928233,0.1282080883173483,100,100
ENSMUSG00000052926,0.47909917020648835,5.4288691580175366,14.199251845871782,0.2856796309713479,0.6511729207365685,1.6467674976638504,5.242814896108461,100,100
ENSMUSG00000052928,0.3109847042175069,0.24619682949511568,2.6568764594954914,0.02180354289869499,1.2599902764182818,1.3690221801988354,274.36181488948205,100,100
ENSMUSG00000052934,0.2648293784988813,0.6989764961339394,2.1570682362903457,0.0010219547012501433,0.9840359026533887,0.6073146279851915,1058.7132974878564,100,100
ENSMUSG00000052942,0.7719329759606542,1.2654807997268638,8.017895568871975,0.38428169312706456,1.7739450065379418,1.7222948955492114,15.96461083774361,100,100
ENSMUSG00000052949,26.498277680667616,611.5704145558335,1.0,2.8132005971885006,58.61624971925629,0.00104608392554381,0.00898893545195868,100,100
ENSMUSG00000052955,0.001,62.31581250733508,1.0,0.001,0.001,0.0015511599109633866,0.1592393079930782,100,100
ENSMUSG00000052957,0.13275116479237697,3.9024933702009816,112.86229373408915,0.011194738792666421,0.17817288133313874,23.019999669929334,4645.064067520877,100,100
ENSMUSG00000052962,0.054317032396282945,0.07018875301220008,7.080568897596851,0.006223454256217235,0.15352748797001636,32.04388912989455,948.3135725393407,100,100
ENSMUSG00000052974,10.058271627491942,804.1805167578378,1.0,0.001,22.24479211239201,0.0010000000515065946,0.008425606131120414,100,100
ENSMUSG00000052981,0.001,62.31581250733508,1.0,0.001,0.001,0.0019793278220570946,0.08031950703885075,100,100
ENSMUSG00000052997,2.7210057257219855,77.96707908603707,228.70566814707283,2.1383397486608113,4.710172040993038,1.6793239556859394,4.169771435820618,100,100
ENSMUSG00000053004,1.67061604863853,398.5402109334709,1.0,0.001,9.449056707863255,0.0013223945029340245,0.235301634124729,100,100
ENSMUSG00000053007,0.13881146367616098,1.0849638315213483,4.52161361423646,0.02768862887031458,0.3041548386038878,1.4483161619607774,25.5694805980841,100,100
ENSMUSG00000053012,0.049185078406651345,0.053819089762255724,1.9947444877412848,0.001,0.7575764859031191,1.4350435345778523,1829.7528281083755,100,100
ENSMUSG00000053024,0.001,61.88525872635182,1.0,0.001,0.001,0.0015172833624391053,1.9259602907552529,100,100
ENSMUSG00000053025,12.772668079577192,1000.0,1.0,0.001,21.038248501467045,0.001,0.04669606865054507,100,100
ENSMUSG00000053030,2.995620744758609,686.7459694838177,1.0025828690687926,0.001,8.79019908247262,0.001000003488454221,0.3568575770699609,100,100
ENSMUSG00000053040,0.09048193029677251,17.9763830040632,13.473434010132616,0.001,14.646843844659001,0.0025057678069260727,62.92219909777771,100,100
ENSMUSG00000053046,0.001,62.31581250733508,1.0,0.001,0.001,0.0016749567776105354,0.17922521928451335,100,100
ENSMUSG00000053049,0.008496009347280772,19.305521292684986,66.58949605816566,0.001,1.3815713173336572,0.0018276265011845322,56.37416591205546,100,100
ENSMUSG00000053062,0.09387984376362785,0.7379837823668419,4.340506523757601,0.04972309571028061,0.21044962601756118,2.2802869231148586,12.992789801873139,100,100
ENSMUSG00000053063,0.001,62.31581250733508,1.0,0.001,0.0010000000000000009,0.0017068871248314913,0.6479882750180677,100,100
ENSMUSG00000053070,0.225971710730067,1.6076466074739486,3.06048130516914,0.10561637031040294,0.5519287459271636,0.617245803969774,5.224625736566717,100,100
ENSMUSG00000053080,0.5335673256434786,0.5993496291154279,5.591307009907574,0.24012696590207666,1.0967003036756398,3.074462249261578,31.38835042140103,100,100
ENSMUSG00000053091,0.49317919625093326,1.0960556504032175,2.724231110573188,0.12781794847548456,1.5248663552676947,0.5451931728227584,13.431566064337598,100,100
ENSMUSG00000053094,0.2981603217262981,0.5179403335758769,6.701809142505966,0.17170201937230334,0.5175481549895815,5.344061857176996,25.07594911625487,100,100
ENSMUSG00000053101,0.001,62.31581250733508,1.0,0.001,0.001,0.001706501306746724,0.19412102358830624,100,100
ENSMUSG00000053110,6.71056591398273,810.8276211437002,1160.1008597850978,5.056322759012062,10.02684130855224,0.9361408800311306,2.2223324205390966,100,100
ENSMUSG00000053111,0.001,61.674132606755,1.0,0.001,0.001,0.0018055526288025152,0.14676997533027492,100,100
ENSMUSG00000053113,0.32539977056850816,3.4829006914748772,25.75456067751626,0.22333105809516374,0.4270900351781728,4.468858817465167,11.291487523437901,100,100
ENSMUSG00000053117,0.06088956695009733,2.0533887524743535,8.632202834409227,0.018487222291425243,0.1493587720270695,1.480464078322112,15.309694428161528,100,100
ENSMUSG00000053119,3.6440242273746026,67.24476638660357,105.5135406956283,1.9703460241647743,6.502438810701225,0.8228492596506711,4.815040102813994,100,100
ENSMUSG00000053121,0.03898690160979865,20.3537706924604,10.74746425776367,0.001,18.98330004725097,0.0010366145587076222,4.39893797863641,100,100
ENSMUSG00000053128,0.4186921315670886,4.955787383114285,4.4063968694651,0.001,0.7176121693739212,0.48946449258933,759.4255103881737,100,100
ENSMUSG00000053134,0.2972259687489239,0.3046132066563082,2.325633282683531,0.058020378547422674,1.0447680786319358,1.2399260499235307,58.898310929737306,100,100
ENSMUSG00000053137,0.0471569088789322,0.11121792779137583,2.3569816519698232,0.001,0.35590299254374036,1.8267108121200686,1114.2205296171978,100,100
ENSMUSG00000053141,0.010774111135908445,19.949768105911783,22.757267173839693,0.001,3.903298075577377,0.0016981121447688739,16.810334167479013,100,100
ENSMUSG00000053153,0.001,62.31581250733508,1.0,0.001,0.001,0.0016203286236182496,0.1968090008155213,100,100
ENSMUSG00000053158,0.21993749137111795,0.7410186982149414,4.425039821347799,0.12070032600123051,0.46074640363988084,2.4544993299037765,12.860091786891868,100,100
ENSMUSG00000053161,8.194092240774824,999.9999923616716,1.0254619521435517,0.001,16.95784015014034,0.001,0.02507340344984679,100,100
ENSMUSG00000053164,0.022660904657130037,18.04360183430439,13.218683154649186,0.001,11.598296881768304,0.0011675213479827623,12.39871920180482,100,100
ENSMUSG00000053166,0.001,62.31581250733508,1.0,0.001,0.001,0.0016448153263590773,0.12348258451891572,100,100
ENSMUSG00000053173,0.001,13.596412732960566,1.0,0.001,0.001,0.037296899911476264,3.442371672146588,100,100
ENSMUSG00000053175,0.2000441923377868,1.1171289769077528,3.4706433047053333,0.0022157181323564827,0.4826804485990749,1.0726555273544633,312.80809200403723,100,100
ENSMUSG00000053178,0.013304060169433172,7.4783362914380165,25.6018171369734,0.001,0.4846929955065961,0.006323311040466377,73.18580580335492,100,100
ENSMUSG00000053181,0.0915538441392832,28.040407815528383,40.73142455622795,0.001,0.20031934950850583,0.4000571524029489,121.5879169624985,100,100
ENSMUSG00000053192,0.16223439717716903,0.3956031207490026,2.928355983203706,0.034028805001315124,0.4806873287713867,1.7837677600115203,64.538952582106,100,100
ENSMUSG00000053198,0.12077688349178577,27.41268321577817,17.95805856073208,0.001,15.910452224201434,0.0023784412454648583,95.68006958409487,100,100
ENSMUSG00000053199,0.31877901464258873,20.3486059088612,56.65042509414245,0.18787161905898273,0.457877074874415,1.6172861490584658,6.158412261139352,100,100
ENSMUSG00000053205,0.10491854970022416,0.6939689175228578,3.8207110693449566,0.001978556838445303,0.27028928917903583,1.477877037521774,267.54198519334705,100,100
ENSMUSG00000053208,0.001,62.31581250733508,1.0,0.001,0.001,0.001793624674366471,0.34983658023067016,100,100
ENSMUSG00000053219,0.3982610365960778,1.1281764034523432,11.317700254136875,0.27739454268984326,0.5774812302907066,6.164849539078729,16.71389695149303,100,100
ENSMUSG00000053226,0.26451936287600347,2.7330616432278516,3.2464612803138513,0.09063264945642377,0.8006564460818824,0.35266646987577405,3.556163409836208,100,100
ENSMUSG00000053253,0.001,0.002747728907262591,1.4076330915850617,0.001,0.36264879214214546,0.9347264593165983,551.0087368889822,100,100
ENSMUSG00000053263,7.997005898597753,657.687743743942,1.0275217279828122,0.001,23.247274302236626,0.001,0.014449544768527943,100,100
ENSMUSG00000053279,0.27245503184175557,3.2614505520009383,20.089717414852053,0.19775169195410358,0.3708483977174852,3.9137840643744433,10.311240933931838,100,100
ENSMUSG00000053286,0.8687379556969506,1.8893489704620126,5.229969708115839,0.4678373414558218,1.8275677690485308,0.8999153030546032,7.209421405724193,100,100
ENSMUSG00000053289,0.22283375232097383,0.21949917857495116,1.495298005925759,0.01087194997080274,1.4881945393381582,0.5581280571768226,200.21235287428146,100,100
ENSMUSG00000053291,0.17712324882057337,0.13853777916881982,11.154514115329691,0.08017259376920732,0.7800794262197559,8.636095094365793,200.3469839383736,100,100
ENSMUSG00000053293,0.16313518041822622,0.26360406209647547,8.23372602041222,0.060210610946770604,0.318395502179032,11.519469471231572,105.9372786414128,100,100
ENSMUSG00000053297,0.03406639878008529,7.868063701838807,10.862705721365476,0.001,11.338104667290327,0.001140690776011274,6.850388902723488,100,100
ENSMUSG00000053310,1.503103188885066,363.25008257950475,1.0,0.001,8.718524605578134,0.0010012964070204107,0.0795016541991443,100,100
ENSMUSG00000053317,3.2565469263387516,12.895760272937194,169.0310018768679,2.089904953033085,4.955879314968666,7.320503502559038,27.18641734385148,100,100
ENSMUSG00000053329,2.7996282414166216,39.119157912382065,58.5961139115622,1.4760481472440405,4.592939616397049,0.8102711068773536,4.868197793377952,100,100
ENSMUSG00000053332,3.004177782813107,50.98271473296397,702.802911294655,2.299285192430631,3.838744707592025,10.193804264790492,22.62377760571549,100,100
ENSMUSG00000053333,0.06321833817970321,0.3341997270211658,1.0,0.0410042332163182,0.4993811991052163,0.22253347271975532,4.614667492921615,100,100
ENSMUSG00000053334,0.22858659793087568,0.6784374865770808,1.7897564496897946,0.0010085730980345443,0.8502952041493554,0.5361737778678163,792.130174372452,100,100
ENSMUSG00000053338,0.01077495309408931,19.84004208392464,22.633039688005564,0.001,3.030962687823041,0.0015523382981262675,14.91202760388846,100,100
ENSMUSG00000053347,0.6161471476544433,18.709123874200298,20.810938357292628,0.016806862233670682,1.0183089515939703,0.6702876638858934,622.7390607987052,100,100
ENSMUSG00000053353,0.34399240094574585,27.81876605880108,18.64996934876978,0.11092889306263237,0.7022959280681496,0.29479727074937473,2.330767087060265,100,100
ENSMUSG00000053358,4.146906333238779,999.9999999237627,1.0,0.001,8.111954961584985,0.0010001238087012977,0.06551422841290126,100,100
ENSMUSG00000053360,0.001,62.31581250733508,1.0,0.001,0.001,0.001829901228939188,0.21042825971419424,100,100
ENSMUSG00000053367,0.001,62.31581250733508,1.0,0.001,0.001,0.0015255285058585837,0.0959212008042126,100,100
ENSMUSG00000053375,0.001,66.84427540036525,1.0,0.001,0.001,0.0020415861031737497,0.12038220948971626,100,100
ENSMUSG00000053388,0.001,62.31581250733508,1.0,0.001,0.001,0.001766865694164893,0.49883368293429736,100,100
ENSMUSG00000053390,1.2197420999901958,31.518159140377826,6.390137954540244,0.18262141007343394,79.74313216336941,0.003130256733739797,1.8595051402155587,100,100
ENSMUSG00000053395,0.03612703342291708,1.1674150635334761,1.1949421421808257,0.0010941328863490613,21.025957002000958,0.0011137077652126418,27.371739416787996,100,100
ENSMUSG00000053398,0.5556466298310013,14.577287775960572,165.1008595464336,0.4277459814705673,0.6833119175360952,8.865479310109588,16.820602052923245,100,100
ENSMUSG00000053399,0.001,66.84427540036525,1.0,0.001,0.0010000000000000005,0.0016767456431298635,0.28790516023956997,100,100
ENSMUSG00000053411,0.12195113700545229,18.45188082928986,5.054040047772463,0.001,31.43971823665838,0.0010000000000010465,1.4592990449540855,100,100
ENSMUSG00000053414,0.0438975757506592,20.579070121808083,19.297113600552315,0.001,20.648986481386082,0.0012939300962057604,9.219598793617825,100,100
ENSMUSG00000053436,1.8147183469795063,4.706852266345078,14.794724898364544,1.1608617372459284,3.145101604459284,1.2811853919605503,6.693453968592552,100,100
ENSMUSG00000053442,16.782532881894724,997.8088749562297,1.0,0.001,26.2207136529809,0.001,0.012262354768081837,100,100
ENSMUSG00000053453,1.4725121742003822,2.1824891547536067,12.964600399822537,0.9795901640747058,3.909495285482234,1.313331793135354,11.737648670154186,100,100
ENSMUSG00000053460,0.1647290502525706,0.4439791564574037,3.205533089790457,0.036506346839411,0.4947945327634767,1.7489773180992327,39.02592987849612,100,100
ENSMUSG00000053461,0.001,61.88525872635182,1.0,0.001,0.001,0.0015853646787064401,0.3994498004946079,100,100
ENSMUSG00000053469,1.3892629384271182,330.1642493105614,1.0,0.001,6.65724763054253,0.0016700277025543725,0.04990181897298131,100,100
ENSMUSG00000053470,0.453405507708833,0.9384201857825747,4.231210971645494,0.16827741932030468,0.9686110572564834,1.594423121492683,13.511941028257981,100,100
ENSMUSG00000053472,0.001,62.31581250733508,1.0,0.001,0.001,0.0019033224159664252,0.2242645851165602,100,100
ENSMUSG00000053475,0.14482295800021192,28.281119841748144,49.75537205800755,0.002896265743269802,0.23547928979960303,0.931395070107679,131.35906098525572,100,100
ENSMUSG00000053477,1.1245482592734266,4.693253856179222,24.539577913762177,0.7119552664291187,1.561284810277313,3.0866577818895435,11.397364967929414,100,100
ENSMUSG00000053483,0.0855830734489981,0.0578213426218057,2.2394798434877226,0.0019949332028549004,1.5451420822433684,0.9900486387164946,2098.2119227331095,100,100
ENSMUSG00000053490,0.001,62.31581250733508,1.0,0.001,0.001,0.0016907344434478975,0.2310069554902117,100,100
ENSMUSG00000053510,1.5768186916583513,3.1297476188846036,17.219351925064394,0.9214529610518503,3.3656689421554598,1.7025579681821648,12.426161437295914,100,100
ENSMUSG00000053519,0.001,62.31581250733508,1.0,0.001,0.001,0.0017944868376082099,0.17921704639908873,100,100
ENSMUSG00000053522,0.001,60.80878088638715,1.0,0.001,0.001,0.0018443478014060803,0.07614998257765451,100,100
ENSMUSG00000053528,0.001,62.31581250733508,1.0,0.001,0.001,0.0017249718147168119,0.2754099541730384,100,100
ENSMUSG00000053536,1.2822974054913827,8.085281337421597,11.500532806088584,0.10435170273191084,2.1678236531207924,0.703065553433035,39.2136715391226,100,100
ENSMUSG00000053550,0.001,62.31581250733508,1.0,0.001,0.001,0.002232182476671973,0.22205809641026994,100,100
ENSMUSG00000053552,0.11913560002201587,18.1249856149374,10.824545967417507,0.0019967815694848256,0.4182364318160699,0.10745802521490036,27.198763998922356,100,100
ENSMUSG00000053553,1.2832682084105094,3.9459122728398612,11.58341647722264,0.7395756832578099,2.4429045725244407,1.1523574409239894,6.750717775628502,100,100
ENSMUSG00000053559,1.4275905501715376,345.13246017114864,1.0,0.001,6.714986357398305,0.0010042151491894205,0.07930279141635344,100,100
ENSMUSG00000053560,0.12847106513898274,0.2863818500085111,4.50294323331661,0.0135109548184872,0.2509831748005359,7.299819379903187,198.1715737262989,100,100
ENSMUSG00000053565,6.085938025524296,17.696066907647552,71.97939306034299,3.8675685627725374,10.989565521789409,1.6882616001421367,8.832552787811432,100,100
ENSMUSG00000053574,0.04562367458744304,0.7683586476417704,1.6428804931696288,0.001,0.3936467499411155,0.07956082973662945,116.2906007981853,100,100
ENSMUSG00000053580,0.001,0.001526983937022185,3.3408051780942025,0.001,0.3366030285996643,4.277105170054704,2552.362871370581,100,100
ENSMUSG00000053581,2.48801112289526,542.3127114484302,2361.1631700932767,1.8060545773697614,3.3173288191329338,3.2202338251008893,7.264419424093498,100,100
ENSMUSG00000053588,0.0011685787871257845,6.804255026266434,43.263567680648734,0.001,0.07978901702556862,0.0021920995468670992,17.41820859352564,100,100
ENSMUSG00000053600,0.16412057571105595,2.2243458151630855,3.4026991786842844,0.001,0.389099194643373,0.537259218315612,380.4013458657382,100,100
ENSMUSG00000053604,0.4865992183910375,1.189321493978992,2.75730069191618,0.009355568836073743,1.495108178875172,0.5951593331147944,310.9105720259806,100,100
ENSMUSG00000053613,0.001,62.31581250733508,1.0,0.001,0.001,0.001623649658107028,0.4869329056938101,100,100
ENSMUSG00000053615,0.003513266650331683,8.465028752824011,21.37852117890942,0.001,0.12088528101692123,0.001994479959248776,10.913169637729538,100,100
ENSMUSG00000053617,3.300860357243461,541.8923958516967,2958.3574020077094,2.695029882696318,4.668661862236714,3.7034123237913645,7.820213669147598,100,100
ENSMUSG00000053624,0.001,66.84427540036525,1.0,0.001,0.001,0.0016626290278560635,0.21771145122218447,100,100
ENSMUSG00000053626,0.06885676348083425,18.426512841497544,71.5725884276237,0.02726387927266758,0.14947157357968377,0.8285215795076097,10.034358596091478,100,100
ENSMUSG00000053641,0.6498379187330822,169.90689940287615,221.29965422141348,0.2382582000508291,0.999970611648209,0.8382950945938994,5.213454285679389,100,100
ENSMUSG00000053644,2.404843364889414,612.2651295569125,1969.9380119416944,1.619631820652979,3.475033506107779,2.0840246603589145,6.306087670422115,100,100
ENSMUSG00000053646,0.07717395620467958,1.9813975089899034,5.369184265953664,0.005785371344899602,0.1791823477475059,0.9051523816311888,26.5244806036738,100,100
ENSMUSG00000053647,16.433894210071628,999.9990202673308,1.0222992111436833,0.001,24.8092929008926,0.001,0.008727515597094037,100,100
ENSMUSG00000053654,0.001,62.31581250733508,1.0,0.001,0.001,0.0019061758594873454,0.2089977979148971,100,100
ENSMUSG00000053675,0.0060808518330742025,1.3582945715468422,6.620061458308512,0.001,11.352985795904887,0.0010000004481712662,20.80026746068156,100,100
ENSMUSG00000053684,1.0231898520628206,32.45165623561011,11.720589269161554,0.033068100533607446,10.057192538727708,0.04133685953966393,29.935688763130337,100,100
ENSMUSG00000053687,0.001,61.674132606755,1.0,0.001,0.0010000000000000009,0.0014560290123037563,0.19692405584522996,100,100
ENSMUSG00000053693,0.001,61.88525872635182,1.0,0.001,0.001,0.0017575289079883138,0.10158853833053434,100,100
ENSMUSG00000053702,0.0034165322090604017,0.13340452488237925,2.1391537696057554,0.001,0.11506152038609836,0.0017059826629688226,77.56644047677415,100,100
ENSMUSG00000053706,0.001,61.674132606755,1.0,0.001,0.0010000000000000009,0.0016204699780603448,0.23971219433832142,100,100
ENSMUSG00000053714,0.02430120249716172,22.076002885056806,53.220508778779376,0.001,0.1438790579615956,0.0017055102952585914,93.0915364073186,100,100
ENSMUSG00000053716,0.0015282812898809398,0.0034883136006379272,2.785064667489975,0.001,0.27109778376994986,2.9787605512689006,1596.9796037287456,100,100
ENSMUSG00000053730,0.001,0.0012311411470879853,1.2072831405051043,0.001,0.7836236832998764,0.665643999467229,1091.7279255086892,100,100
ENSMUSG00000053740,0.12947253495621505,0.1022557125450024,3.170437028637114,0.0014185509937852975,0.8535018260608571,2.5536861421146773,2817.714262153164,100,100
ENSMUSG00000053746,2.86200576786755,29.383831699397398,132.44393638451044,1.7181291768540548,4.494337696292118,2.628974524177978,11.25499240419327,100,100
ENSMUSG00000053749,0.001,62.31581250733508,1.0,0.001,0.001,0.001888234009130571,0.1882353875020013,100,100
ENSMUSG00000053754,0.9851377025366255,1.4056678508477651,8.842170043855367,0.5016606338200379,1.971208328326325,2.187772455308852,15.520114451587437,100,100
ENSMUSG00000053765,0.001,62.31581250733508,1.0,0.001,0.0010000000000000005,0.0015753614238826314,0.5928155130154101,100,100
ENSMUSG00000053768,3.2285788833559668,23.743061850163645,55.437699157726904,1.7911979292883315,5.563571937815963,1.2411230077853395,6.512373061109261,100,100
ENSMUSG00000053769,0.06383690960101794,0.3652015599283315,1.9577841705509484,0.001,0.3145965984356186,0.8050215772796222,318.4640542775145,100,100
ENSMUSG00000053774,0.001,0.0032393357017203137,4.861664292510109,0.001,0.11361041302489056,5.676303586042204,2803.824265584858,100,100
ENSMUSG00000053783,0.001,62.31581250733508,1.0,0.001,0.001,0.0016891070111098696,0.1286275588810682,100,100
ENSMUSG00000053797,0.001,62.31581250733508,1.0,0.001,0.001,0.0014039461384004782,0.0743046281411759,100,100
ENSMUSG00000053799,0.07138039695348805,2.710478618385791,2.5248323075267116,0.0030723695130852424,15.148163623408212,0.0018807624516843074,9.167879459967732,100,100
ENSMUSG00000053801,1.0875926520705785,5.470871678104199,18.778352777129186,0.7157300243901887,1.748946966288184,1.8013802360039262,6.884779345578519,100,100
ENSMUSG00000053819,4.195095983739173,61.687021273219436,79.62587873995327,1.5350345874975195,7.193104997307127,0.7038045462220852,8.480647873456583,100,100
ENSMUSG00000053821,0.01122469883901141,18.568643825159313,21.203148169157934,0.001,5.152463131990338,0.0012584155533973936,13.387151602718413,100,100
ENSMUSG00000053825,0.001,62.31581250733508,1.0,0.001,0.0010000000000000005,0.0016277437625321302,0.18333926250106655,100,100
ENSMUSG00000053835,0.10127537875429411,20.654194116161673,9.358941494060945,0.027022640630808392,30.388246659486455,0.0010070891628607222,1.376085730905021,100,100
ENSMUSG00000053838,1.2207253943121328,1.4568612341915643,14.655412395103475,0.8543558469292255,3.4501518833703493,2.0511303550995343,18.882948338982793,100,100
ENSMUSG00000053841,1.2391814593291997,1.0972477043151776,4.864812723237427,0.16167851061295935,5.702888187074048,0.46052108173805145,72.2951062006398,100,100
ENSMUSG00000053846,0.10218423165660337,2.9829520356930486,7.014686735067434,0.03804774856629649,0.23461681162837705,0.8134135343386668,5.44376509677347,100,100
ENSMUSG00000053852,0.001,62.31581250733508,1.0,0.001,0.001,0.0023986822074845483,0.3150504522679125,100,100
ENSMUSG00000053862,0.001,62.31581250733508,1.0,0.001,0.001,0.0019801240991668724,0.3236325802243534,100,100
ENSMUSG00000053870,1.2873228524989069,5.047764587140615,3.9981771451637766,0.0033436474144068985,1.8148362104511726,0.4737995596359015,850.72850585584,100,100
ENSMUSG00000053877,0.014670917539164378,13.226914183111512,15.076570944445125,0.001,8.133922211065867,0.0010830805790457338,14.539616358672054,100,100
ENSMUSG00000053886,6.389628730508233,747.0498204798371,1.0,0.001,15.283668270661549,0.0010269084533105987,0.021085142843462173,100,100
ENSMUSG00000053889,0.001,61.88525872635182,1.0,0.001,0.001,0.0017922620712936183,0.23347523593138608,100,100
ENSMUSG00000053897,0.03016727262024703,0.06670242012353024,2.0432326825937173,0.001,0.3539801226344399,1.6426914566123085,1063.0267336387315,100,100
ENSMUSG00000053898,1.137478766497679,2.2402070111625787,12.822251402905367,0.7232983653267973,4.419117992479162,0.9577584409222458,11.898897657254786,100,100
ENSMUSG00000053907,1.0243290059795698,2.539102467063438,43.88446350022122,0.7339211133015228,1.7066877361105832,7.653335513532703,28.559034676085766,100,100
ENSMUSG00000053914,0.001,61.674132606755,1.0,0.001,0.001,0.0015015505979547607,0.10326739820328809,100,100
ENSMUSG00000053916,0.009956003265309588,49.95765773912423,297.0931082534359,0.001,0.020690047637762575,0.0040385032013725555,176.19914211937305,100,100
ENSMUSG00000053925,4.131519129298434,1000.0,1.000247281024765,0.001,7.06318402158374,0.0010048326039856655,0.057046870252850074,100,100
ENSMUSG00000053929,0.11747230381074472,0.09504792129014744,7.346497637623366,0.0035650586947904577,0.4015860374966368,18.200663539050637,3285.9706289835094,100,100
ENSMUSG00000053930,0.005510590713643442,0.10290038235714365,1.0,0.001,0.3758348742945877,0.003970714562752313,55.84639650209284,100,100
ENSMUSG00000053931,4.483887821553987,169.1229190273,946.2816963790597,3.4929891266000794,7.052950476594788,3.619728493866387,8.698119836432793,100,100
ENSMUSG00000053950,0.09335323677122771,0.15036217794194612,2.2351164002453636,0.001,0.6343088764739435,1.300474997187962,1674.4139298226573,100,100
ENSMUSG00000053957,0.0033695483249891883,9.512282601442651,23.542736586352017,0.001,0.09036650553951184,0.0018106787627363045,16.949634302558017,100,100
ENSMUSG00000053963,0.001,62.31581250733508,1.0,0.001,0.0010000000000000005,0.0020286188045456222,0.13753961410102566,100,100
ENSMUSG00000053964,0.061770899727037296,17.96677331316129,17.122650098073805,0.001,5.125178885649238,0.0020669242949722315,92.83296103928475,100,100
ENSMUSG00000053965,0.383736193213074,31.110349341746552,17.648640311032988,0.014292431538607828,1.0549522633293913,0.2007664046192268,21.247303453020265,100,100
ENSMUSG00000053985,0.1435169213782021,7.5368131299221295,5.846039635789719,0.001,0.7807933106051639,0.0018793364700103567,4.2180563547803125,100,100
ENSMUSG00000054000,0.4154048248310245,7.360917790278445,2.4079408012568906,0.15434488528585716,38.27985631484268,0.0032069472131919853,0.80670697738519,100,100
ENSMUSG00000054003,0.001,66.84427540036525,1.0,0.001,0.001,0.00231878793368875,0.2503509412900713,100,100
ENSMUSG00000054006,0.001,62.31581250733508,1.0,0.001,0.0010000000000000009,0.0020084036464163503,0.09044928217254444,100,100
ENSMUSG00000054008,0.5100618385152702,1.3309241478512046,7.464303486624328,0.2709842752686307,0.8647836900449428,2.513225228802108,12.510476155262545,100,100
ENSMUSG00000054013,0.006186749662708282,0.3738791801886171,4.9161161248444785,0.001,0.32174170210878916,0.2122785656558886,103.64750598201859,100,100
ENSMUSG00000054021,0.36828494714571475,0.5502835362424867,1.967979558677235,0.07346324304465982,1.612053991175086,0.5179862430355967,23.750648691791042,100,100
ENSMUSG00000054027,0.6733915117260808,1.8858054696450446,2.6463712648637077,0.001000927727653727,1.114977765867985,0.6947090858024296,1420.3001120609943,100,100
ENSMUSG00000054034,0.001,66.84427540036525,1.0,0.001,0.0010000000000000009,0.002124899973242422,0.10358452037239141,100,100
ENSMUSG00000054036,0.001,61.88525872635182,1.0,0.001,0.001,0.001589817445130992,0.22130226698546732,100,100
ENSMUSG00000054046,0.001,62.31581250733508,1.0,0.001,0.001,0.0017857049157162345,0.3182948131192051,100,100
ENSMUSG00000054051,0.22063693089557,19.682133606174567,35.317273172060204,0.001,0.3072184252091613,1.2639518330427202,516.4202268547301,100,100
ENSMUSG00000054057,0.16203790246907132,3.2616624566349044,4.646502803893242,0.04822115460628183,0.3969522806015412,0.464134043270957,6.384771980905584,100,100
ENSMUSG00000054061,0.001,62.31581250733508,1.0,0.001,0.001,0.001581716463858436,0.6074614629303451,100,100
ENSMUSG00000054065,2.961200185399535,721.6290393901162,1.0064427689282454,0.001,8.30310791625824,0.0010000000011837137,0.06659966217684932,100,100
ENSMUSG00000054072,0.001,61.45463549419866,1.0,0.001,0.001,0.0019459553862486395,0.15828354253767893,100,100
ENSMUSG00000054074,0.059124386602063185,19.293985719766923,15.140829600476101,0.001,5.412731604471203,0.0019827355973986087,44.17861378524208,100,100
ENSMUSG00000054079,1.2054228553026571,31.442701661418287,15.865238000597136,0.0010899633506025262,2.016463559621847,0.26196091096029517,1024.1533142620679,100,100
ENSMUSG00000054083,1.6262619868264967,395.3519615968364,1.004113302142248,0.001,4.596714705799231,0.0010573770825453208,0.04490296176325022,100,100
ENSMUSG00000054091,2.7386703461700206,10.658498710986024,34.481559654684716,1.80369250029903,5.998355587228023,1.2062042180686299,6.777929792506887,100,100
ENSMUSG00000054099,0.0010303830070786308,0.0013418091293295406,1.2712929476059165,0.001,0.7311934601978587,0.7290371520817207,1176.1551455060635,100,100
ENSMUSG00000054115,0.18263517397684667,29.465084697014095,29.409712430881967,0.001,0.4087235915866896,0.403827749306401,222.2955869329831,100,100
ENSMUSG00000054128,0.001,66.84427540036525,1.0,0.001,0.001,0.0015088526528414636,0.2601372046887364,100,100
ENSMUSG00000054134,0.001,62.31581250733508,1.0,0.001,0.0010000000000000005,0.0018235995648148394,0.08884446872193164,100,100
ENSMUSG00000054135,0.16355259583038537,33.31496443800572,20.194078523372948,0.001,0.9937092726974568,0.0921507255209201,103.99307468649798,100,100
ENSMUSG00000054136,0.02471537712836798,0.5311036121173578,1.8591985006535665,0.002104508886242749,0.23565406215253734,0.3460585401865761,57.77988355407861,100,100
ENSMUSG00000054150,0.0705814162582057,1.0496630358491938,2.173177959012404,0.0019415132330654413,0.24871930886061677,0.38029202377592586,104.47355328203244,100,100
ENSMUSG00000054161,5.2462172654339785,607.5006327929867,1.0,0.001,15.638189969706637,0.001,0.01717648344335522,100,100
ENSMUSG00000054162,0.001,62.31581250733508,1.0,0.001,0.001,0.0021126834496314195,0.12373851202768532,100,100
ENSMUSG00000054169,0.001,66.84427540036525,1.0,0.001,0.001,0.0017079950938584504,0.21313059450923907,100,100
ENSMUSG00000054181,0.1595310372702023,1.32527811091065,1.0,0.05448027642439089,2.8545369923232116,0.020345670069480595,1.4309055736159986,100,100
ENSMUSG00000054191,0.001,66.84427540036525,1.0,0.001,0.001,0.001882823132045255,0.11167991647532981,100,100
ENSMUSG00000054196,0.104086204588022,15.724607901324807,89.43933054751845,0.07527931567838028,0.1796902827729277,2.5026571704980762,10.65104950852238,100,100
ENSMUSG00000054199,0.6206413527147355,13.618132931843855,56.70915875065382,0.17230944424066227,0.7343897693558097,3.5774727221353446,26.485153526249313,100,100
ENSMUSG00000054200,0.001,62.31581250733508,1.0,0.001,0.0010000000000000005,0.001795169066167974,0.1438454015216488,100,100
ENSMUSG00000054206,26.402019995610868,761.8590998784284,1.0,1.3748180687922282,47.94187771870543,0.0010103976389589254,0.009582959618859103,100,100
ENSMUSG00000054215,0.001,66.84427540036525,1.0,0.001,0.001,0.0018758836455406496,0.2841816730536382,100,100
ENSMUSG00000054226,0.5037482954180246,0.4114127762560039,3.4488433319741003,0.24921601047017006,1.57195195913572,1.6671498281964525,23.468635772262388,100,100
ENSMUSG00000054237,1.2202174271515056,24.362569911586487,16.510131379584152,0.03256562485660907,2.0339667028431925,0.3952900290432978,57.252061943654724,100,100
ENSMUSG00000054247,4.168661867290639,999.99992240305,1.0,0.001,6.947381357683548,0.0010043922846047215,0.05207452981732805,100,100
ENSMUSG00000054252,0.04465209892367888,17.766945244727424,26.6726399802674,0.001,3.3967773138907202,0.0033686656332098134,83.46829973156252,100,100
ENSMUSG00000054256,0.07556850897244143,18.15793304147836,12.395008876157338,0.0010146781022421312,5.512584636818166,0.002984115638138345,31.334009156398032,100,100
ENSMUSG00000054263,0.24489179309728754,11.226920673428088,13.051457468675244,0.07116033986086712,0.49183860221026576,0.468421422226346,5.053397025213557,100,100
ENSMUSG00000054277,0.25791675135563846,0.2926425739549218,8.768527839075288,0.096938709623313,0.9035913527674269,4.825202147858945,96.85133176635813,100,100
ENSMUSG00000054280,0.29661434055447344,0.48350255309033996,6.104539189851297,0.14596044218077908,0.5410625265348783,4.883228236420056,30.78979435587896,100,100
ENSMUSG00000054293,0.06452062773602849,0.5132148801335364,4.299396635095951,0.001,0.1696647505172145,2.573306347777055,517.20327684756,100,100
ENSMUSG00000054302,0.8136682135952014,0.9083668212168928,9.026018538188396,0.5464101717097682,6.921832721753146,0.6066528614192503,20.74975345050352,100,100
ENSMUSG00000054304,0.06176562376656996,3.200015233874655,2.648626045065339,0.001,21.837423658177016,0.0012615421841740341,44.1612752937342,100,100
ENSMUSG00000054309,1.254770393278609,2.4944960076319096,8.984641526720038,0.699641470628478,2.490826987510312,1.218480724798155,9.40018516254398,100,100
ENSMUSG00000054312,0.08529982980378281,0.032365061425921285,34.341461636441736,0.001,1.6696082412047089,0.08546219524289585,28956.51110518612,100,100
ENSMUSG00000054320,0.001,61.674132606755,1.0,0.001,0.001,0.001841283721274298,0.10361436248989302,100,100
ENSMUSG00000054321,0.19881848921104212,16.37758064151646,12.525024756908518,0.05325049335510345,1.0728710100815626,0.10900637119071482,2.9480838983447817,100,100
ENSMUSG00000054342,0.12971548726884694,0.7707961540836313,6.828224217772782,0.07452754146042556,0.20750262449905746,4.272983957474715,17.075692219739867,100,100
ENSMUSG00000054364,1.2474759943673954,3.260220583207728,28.275791035598495,0.9220396468273253,1.9467822293426393,3.8197503672010695,12.986632368241608,100,100
ENSMUSG00000054381,0.19714948080002642,2.0881573956183677,5.522632549050905,0.001,0.3470645521848785,1.4693186671020393,609.1963104455903,100,100
ENSMUSG00000054383,0.022690621828322956,20.71921741418349,15.070466089870402,0.001,8.49230891282075,0.0012709860910111769,3.0646372633350167,100,100
ENSMUSG00000054385,2.9054273164315245,691.0128784415205,1.0,0.001,5.058548337765476,0.0011973236400175963,0.0886488986019856,100,100
ENSMUSG00000054387,1.2803889741096088,17.88325982143584,28.277408104399573,0.12484253053554481,1.8466815004336354,1.0595037774079343,47.19739040703352,100,100
ENSMUSG00000054400,0.9692044833259877,2.5779036591677764,4.940683336417631,0.21291905553637422,2.077831900296068,0.6282963601690226,17.88050957097454,100,100
ENSMUSG00000054404,0.06457317076386927,17.427823592469906,33.959679751752596,0.001,0.14146544412600176,0.5669537369048444,160.6143392771595,100,100
ENSMUSG00000054405,0.9825397251247787,1.3773288401865413,18.13761558907178,0.6559242048577492,2.1817955680040257,3.618170128877507,22.24029980567733,100,100
ENSMUSG00000054408,1.198943719945636,91.14709376168008,151.37239701599427,0.7419365985189531,1.8183949368322616,1.0933958258322698,3.46184328036503,100,100
ENSMUSG00000054409,0.001,61.88525872635182,1.0,0.001,0.001,0.0016475314703800056,0.27328308210579666,100,100
ENSMUSG00000054412,0.001,62.31581250733508,1.0,0.001,0.001,0.001963362214021167,0.16330777353127718,100,100
ENSMUSG00000054414,0.6792684132952844,0.5373986113813315,5.947918915740022,0.25645190294617165,2.4003212228344624,1.4197886653467595,47.35191478982264,100,100
ENSMUSG00000054418,0.17970059276806669,4.722648826411763,2.3971715396860094,0.03415660307733756,31.813902865945614,0.0027471330174775694,1.940717969176932,100,100
ENSMUSG00000054423,0.001,62.31581250733508,1.0,0.001,0.001,0.0017291597407418846,0.33860483309772393,100,100
ENSMUSG00000054426,0.1842949893630381,2.9447780917024358,2.9133482005639295,0.0759017613679564,0.6228081122523561,0.19222097361553545,2.9696518991009553,100,100
ENSMUSG00000054428,5.139290502204029,23.367731675703915,143.0754658157664,2.668574005747298,11.649453251743747,2.3209135010517,22.170316052398192,100,100
ENSMUSG00000054434,0.25520776268969003,30.43001042237221,37.244865657973975,0.001,0.5059278342131622,0.6383713193632854,346.19655994902166,100,100
ENSMUSG00000054435,8.208525796460657,999.9999999930625,1.0121920107587352,0.001,16.843507632871486,0.0010000003161078038,0.020130447453369393,100,100
ENSMUSG00000054446,0.001,62.31581250733508,1.0,0.001,0.001,0.0014751211131697139,0.21441027646404692,100,100
ENSMUSG00000054452,3.288476249160105,30.28988056116123,73.57536504862878,2.0446633389425504,9.927580330665087,0.7485427198093917,4.886122757724436,100,100
ENSMUSG00000054453,0.01682915585970454,23.316695511909607,57.366472705982446,0.001,8.57702807091995,0.001379241893034641,15.87699924431374,100,100
ENSMUSG00000054455,2.8272706961770093,35.64681389582092,88.11232585781212,1.6069295961337455,10.529440654445844,0.6473960473550006,6.858182126359285,100,100
ENSMUSG00000054459,0.001,62.31581250733508,1.0,0.001,0.001,0.0014280539212311015,0.04713530930777946,100,100
ENSMUSG00000054469,0.48237200230757127,27.03673399589128,19.603586868648794,0.0031653549819885686,1.0605841583774018,0.3196946110292027,241.86695174084193,100,100
ENSMUSG00000054474,0.34685090491241505,1.0177096212131649,2.7123568368791435,0.18895094862435127,0.9736119298017045,0.702225934007962,6.652291229469683,100,100
ENSMUSG00000054477,0.001,62.31581250733508,1.0,0.001,0.001,0.0019613465004550685,0.2346672453986059,100,100
ENSMUSG00000054484,0.1730655296809826,26.31463141513364,30.83770484407939,0.0144731026939312,0.30401753927168773,0.5586304010784512,17.597600263937565,100,100
ENSMUSG00000054499,0.4672280060534541,33.09171805613532,12.071251216819336,0.022386991714215494,3.79214000976531,0.05052682069237881,13.246542041125192,100,100
ENSMUSG00000054509,0.26993823284542934,0.22855293933863663,1.7059577742843142,0.04207355783456926,2.0916615992583565,0.4272692951564891,63.421519661365835,100,100
ENSMUSG00000054514,0.03913578824080293,20.16180846188011,10.649276885672363,0.001,12.819918022483156,0.0011815815891067522,10.778504199495412,100,100
ENSMUSG00000054517,0.1284572655116573,14.194546493648396,7.138580598547833,0.001,27.42189793652213,0.0015976732829898117,3.129297119831606,100,100
ENSMUSG00000054519,0.5681739924889253,31.524621640863806,20.141945151946583,0.008358048494167504,1.0954165558035391,0.3456911407477924,217.7795329936781,100,100
ENSMUSG00000054520,0.43252990873772545,214.76930691575996,194.94321419371585,0.001033239917603636,0.5925616988645498,0.6758482992601889,632.5041015066631,100,100
ENSMUSG00000054545,0.057435277674454235,0.8723971619031262,3.622946568398339,0.02411839520077494,0.19636437748674168,0.8674062386178025,12.128295807487751,100,100
ENSMUSG00000054555,0.9869832327442458,21.858297088599247,101.84043923334988,0.6658860159642859,1.4215311667335537,3.4009609326001224,8.7104677751114,100,100
ENSMUSG00000054556,0.2335698986453486,4.9659562064965,3.9887340648973066,0.10853772006680716,0.8025242561213488,0.1386817173350988,1.6622769811116804,100,100
ENSMUSG00000054568,0.001,62.31581250733508,1.0,0.001,0.001,0.001755035413446032,0.2293153617732946,100,100
ENSMUSG00000054580,0.19818261008186025,30.677782792475128,26.47983772653904,0.0017097792205388238,0.4430035376920749,0.38475488436964844,128.20731204881827,100,100
ENSMUSG00000054582,0.03959523973664511,19.530813632014215,10.325409448381032,0.001,20.257328379158363,0.0011050559888262032,2.3979201008398356,100,100
ENSMUSG00000054589,0.25497751543650443,1.6132147702668567,1.0,0.035250130997290505,23.513032949487805,0.004301031913794751,1.770856852315058,100,100
ENSMUSG00000054594,0.11601956286027754,1.202172525668249,1.0,0.021038373638527823,4.825418944043504,0.008567563769893993,2.7243690434508894,100,100
ENSMUSG00000054598,4.859991730479849,612.1249036364125,1.043766306828767,0.001,13.323231051113922,0.001005165807229777,0.02797583526291746,100,100
ENSMUSG00000054604,1.3340962312134157,239.64914494147,170.7160805883784,0.5979047007122612,2.425074751251333,0.3791313693389229,2.4277269215291457,100,100
ENSMUSG00000054611,0.12132749160693589,0.1709169465693371,4.731799244891281,0.01613035458477037,0.24260195427668785,12.484460036004798,252.91646565117185,100,100
ENSMUSG00000054612,1.0479177483571154,2.853186069699464,12.83448225542127,0.5644644679318892,2.265943669014975,1.582371615730817,12.017055691699415,100,100
ENSMUSG00000054619,0.7980049704566825,3.297267426084867,10.43415651740917,0.4820447363011065,1.199678503861103,1.5731362177212858,6.717135639303488,100,100
ENSMUSG00000054622,0.0018026891391148584,4.525279831926057,37.40941391678209,0.001,0.08930065398757522,0.0024045562910165637,39.828684127882475,100,100
ENSMUSG00000054626,0.001,62.31581250733508,1.0,0.001,0.001,0.001773823157218167,0.19676180416619365,100,100
ENSMUSG00000054640,17.096491788030633,999.6276679265063,1.0,0.001,26.845154114786453,0.001,0.0347569594365868,100,100
ENSMUSG00000054648,0.36206630228897335,1.230234786520424,1.0,0.17341806093930506,40.06448345257377,0.006200242001298621,1.2091672523762358,100,100
ENSMUSG00000054659,0.001,62.31581250733508,1.0,0.001,0.001,0.0016638687110395755,0.1286207899767587,100,100
ENSMUSG00000054662,0.001,62.31581250733508,1.0,0.001,0.0010000000000000009,0.0016830373914129746,0.35879437582032503,100,100
ENSMUSG00000054675,0.40476472625851784,2.907186068138411,53.95530923735977,0.32026626872512787,0.555673972850977,12.269966030440873,24.24869339440974,100,100
ENSMUSG00000054676,1.2260766199553583,1.9221779739668385,9.57816365702709,0.6687332838562194,4.433270033742175,0.8952999229817078,14.33449227104273,100,100
ENSMUSG00000054679,0.001,62.31581250733508,1.0,0.001,0.001,0.0018577958857030543,0.21862914412317594,100,100
ENSMUSG00000054693,0.5834739852201397,1.0899350853774732,8.800972403769734,0.31681289227995135,0.9977236638993657,3.6939476810419594,20.203825916919975,100,100
ENSMUSG00000054702,14.092686473687017,823.9363331977806,1.0,0.001,26.856163165910523,0.001,0.008748037638212086,100,100
ENSMUSG00000054708,0.4588082097728239,85.39814770760658,77.3399500089515,0.26329019431261236,1.6972135233081826,0.20123971743433045,1.6901683250182873,100,100
ENSMUSG00000054715,0.30450961529084547,205.03028916703423,346.13133067587324,0.137052952297068,0.5876636090871719,0.6802595496650621,4.244803648118232,100,100
ENSMUSG00000054716,0.7509513417391023,2.032843137213591,3.576678792067423,0.12211715960867378,2.2993887236465453,0.46031022741738253,15.169623456367255,100,100
ENSMUSG00000054717,0.1246483568381378,24.951739616493235,553.5274862994063,0.056595320545764716,0.18082076394826913,11.636900477273535,54.889511253154666,100,100
ENSMUSG00000054720,0.1868148935909784,0.5886798116649786,2.5958760164401005,0.00102658344118591,0.5750412321436925,0.9570061480645129,793.8512807003533,100,100
ENSMUSG00000054723,0.2256782554217638,4.745376125466708,5.484815791577037,0.09771690041094055,0.5170305068585603,0.41193547081522,3.1357987766944566,100,100
ENSMUSG00000054728,0.034143597962914274,0.6192173902295921,1.978334275691718,0.001,0.24681026639163264,0.21581876142122358,128.8255987738244,100,100
ENSMUSG00000054733,0.2168532888390863,0.458818517599183,5.347662779145819,0.12314329874597117,0.33406803880479674,5.6912088789396496,24.318185194055474,100,100
ENSMUSG00000054737,0.48915212040211425,7.769027058587251,5.651840565163571,0.1567243109293664,1.1566490818065347,0.282995016846631,2.9871484213332957,100,100
ENSMUSG00000054752,0.20834767855481484,9.68836040670103,5.365259655960656,0.05887980481064665,1.4299438584185733,0.046201549677176434,2.2088689400949804,100,100
ENSMUSG00000054753,0.001,61.674132606755,1.0,0.001,0.001,0.0017153494659029466,0.3263733794909437,100,100
ENSMUSG00000054763,0.001,66.84427540036525,1.0,0.001,0.001,0.0017939956459094072,0.2213318307306047,100,100
ENSMUSG00000054766,0.447414739044495,3.9930925078119337,73.00354589289172,0.2701359473650108,0.5603030801367823,15.250397823744501,34.973028994246754,100,100
ENSMUSG00000054770,0.001,0.0011531458756694082,1.8648062496503213,0.001,0.7194173670599444,1.234696513182739,1816.162478145132,100,100
ENSMUSG00000054779,0.001,60.37820284006485,1.0,0.001,0.001,0.001578195107828538,0.17563853723982534,100,100
ENSMUSG00000054792,0.36318661435567456,1.5154829453530665,5.2957222242079105,0.11156746607340545,0.6716864124882075,1.5257897272318153,17.46633924745914,100,100
ENSMUSG00000054793,0.0035627444428008056,13.22735936613689,32.41183722692765,0.001,0.3254809711132445,0.001667417150262682,18.24528644314477,100,100
ENSMUSG00000054808,4.234164196127636,251.70944698937564,1199.6929708945956,3.238590194832644,5.28852523281614,3.677420473880503,7.417347380302939,100,100
ENSMUSG00000054814,0.5467092985535973,1.1076675031969199,3.2181659028421374,0.1430280206268731,1.389900089799466,0.8167499222126748,17.25674870951189,100,100
ENSMUSG00000054822,2.2909001878826274,546.7058370600222,1.0,0.001,11.503557515022859,0.0010000000026156835,0.05701391688831556,100,100
ENSMUSG00000054823,2.537753936775338,446.995932305576,619.5383189130958,1.749139877960178,3.867097782691039,0.8874609467703052,2.290711634601468,100,100
ENSMUSG00000054836,0.6399819437527686,1.0944471529232849,4.099791879176865,0.221569192794003,1.3221997043537415,1.466505115564752,16.131697987762763,100,100
ENSMUSG00000054843,1.888806692661158,439.8090610565419,802.786862983979,0.8109055366636847,4.399071511219125,0.8119967207720729,9.448590819527567,100,100
ENSMUSG00000054850,2.8043454615252004,678.1527302530274,1.0,0.001,12.506361437442685,0.001,0.0925693757351907,100,100
ENSMUSG00000054855,0.11517277580165666,1.9289158208748594,14.111748465457874,0.06584984303433195,0.17929103547847888,3.4579085526339566,14.655584266231049,100,100
ENSMUSG00000054863,0.02537219004819252,0.11121197321703001,2.8253314000039604,0.001,0.17862874241144616,2.64913829824133,622.923751032622,100,100
ENSMUSG00000054871,0.017218422849895727,2.0829390419427445,3.119010359155412,0.001,17.586807605935128,0.0010000004699440772,6.060438212448123,100,100
ENSMUSG00000054874,0.7149023826381691,1.2375874097891513,4.352027819792102,0.012938524651965034,1.8336891250737863,0.9132033655207434,539.560204542455,100,100
ENSMUSG00000054889,0.006561096902683259,17.66059375762251,44.074758301805666,0.001,2.8867168633417246,0.0017276519658038776,20.041539425090512,100,100
ENSMUSG00000054892,0.5138748120891264,122.31843827361128,1.0,0.001,8.408870621857295,0.00100000000003909,0.03853419937656811,100,100
ENSMUSG00000054893,0.4206857505003989,15.916400177140927,4.369274256458383,0.045974696386449763,87.02210706512028,0.0013654360853479512,0.9330280440543528,100,100
ENSMUSG00000054894,0.3905517634174006,2.0059799453761453,3.3503427259062315,0.0010196277938017409,0.8585361020937542,0.5345641289192269,979.3713543878398,100,100
ENSMUSG00000054901,0.001,62.31581250733508,1.0,0.001,0.0010000000000000005,0.0019701328027857223,0.13453768925001666,100,100
ENSMUSG00000054909,1.2942464081253242,312.7073817864961,1.0,0.001,4.772745366315867,0.001457417497348565,0.09985803434445337,100,100
ENSMUSG00000054910,0.001,61.259704531272526,1.0,0.001,0.001,0.0018622535521974999,0.43677627975004896,100,100
ENSMUSG00000054920,0.4648612257882202,0.35329026938320396,8.11852353864462,0.2035292491444391,1.475176067956757,3.1635749372998925,74.27868776886581,100,100
ENSMUSG00000054931,0.057177320491852014,19.47773164799632,18.264384668067827,0.001,0.4655340680004145,0.02385289207881112,26.424259345152784,100,100
ENSMUSG00000054932,2.0826313051015224,503.49146876914733,1.0,0.001,11.630674059963233,0.0010037217715016756,0.11930130571271189,100,100
ENSMUSG00000054934,0.001,66.84427540036525,1.0,0.001,0.001,0.001569713056313558,0.09157244095925195,100,100
ENSMUSG00000054939,1.2303541007082799,16.918265074107747,1.0448952611187228,0.037164255108371125,68.07340687078023,0.0011058412890086109,0.3734272851710957,100,100
ENSMUSG00000054942,0.05704916387872973,2.5315674552194025,2.2982086507683936,0.011040606905342497,24.10575207241807,0.001247418021144205,6.54960704719006,100,100
ENSMUSG00000054944,0.001,62.31581250733508,1.0,0.001,0.0010000000000000005,0.0018597450828576672,0.07706802017431937,100,100
ENSMUSG00000054945,12.195291605090288,999.9999993913525,1.0330580921824724,0.001,20.580380095573215,0.0010000000000000009,0.009484304943342462,100,100
ENSMUSG00000054951,0.001,0.0012279042912599018,1.70430211738104,0.001,0.7465402664802467,1.2331953180096726,1490.767920344173,100,100
ENSMUSG00000054957,0.003302289408687619,10.888253323061361,26.39299911153767,0.001,0.05121440498485755,0.0024448580519189694,19.73428886213153,100,100
ENSMUSG00000054967,0.26748946471532753,10.872914986581316,12.638835982862764,0.13558491338673453,0.7146471342532825,0.36829428584746554,2.621782011046612,100,100
ENSMUSG00000054976,0.001,62.31581250733508,1.0,0.001,0.0010000000000000005,0.0017988546910942369,0.06782011945211908,100,100
ENSMUSG00000054978,0.001,62.31581250733508,1.0,0.001,0.001,0.0017113647932592577,0.18345002348558104,100,100
ENSMUSG00000054999,0.001,62.31581250733508,1.0,0.001,0.001,0.0017031799340564658,0.7892624258626354,100,100
ENSMUSG00000055003,0.001,62.31581250733508,1.0,0.001,0.001,0.0016801135286156127,0.17679523683929846,100,100
ENSMUSG00000055013,0.12816675353178117,0.35543119400317036,3.704919136067046,0.030437442275217427,0.3193931343197731,3.152703721093727,45.741346373971226,100,100
ENSMUSG00000055015,0.001,61.88525872635182,1.0,0.001,0.001,0.0017989436201174365,0.13728727836977844,100,100
ENSMUSG00000055022,1.8855242048223924,454.9597606392765,1.0,0.001,8.316980380479094,0.0010000000000693935,0.06277263492961327,100,100
ENSMUSG00000055024,0.12085723190295941,0.2651636002136217,2.870648115049908,0.0010053040173352264,0.4282792315357141,1.9561292877392105,1224.6798145903217,100,100
ENSMUSG00000055026,0.881564516204355,212.83947995384116,1.0,0.001,7.394489973805616,0.0010137684475456281,0.09183657365373302,100,100
ENSMUSG00000055027,0.001,62.31581250733508,1.0,0.001,0.001,0.0017942904791658624,0.1794886448419534,100,100
ENSMUSG00000055033,0.001,62.31581250733508,1.0,0.001,0.001,0.0016614918084060055,0.09663289859896979,100,100
ENSMUSG00000055041,0.2229942004156549,0.26274822656861724,4.219046086362217,0.06052472543098654,0.7918020290032304,3.5831153376311473,78.06050843950263,100,100
ENSMUSG00000055044,1.2886774565084023,6.352794479993354,76.33473481117336,0.9762184192178751,1.9883484727832432,6.217845319806072,18.16240149963172,100,100
ENSMUSG00000055053,1.1145445996098837,3.5755046035490388,15.943765234802466,0.7395758104980595,3.1702130897510017,1.2164433984264733,7.721442278966544,100,100
ENSMUSG00000055061,0.001,61.88525872635182,1.0,0.001,0.001,0.0018463494683730582,0.22004117346312108,100,100
ENSMUSG00000055065,2.774098593801356,2.789898809031158,22.397602665606627,1.784754114906336,7.338431893005735,1.6131748295420998,16.936440270111962,100,100
ENSMUSG00000055067,0.19646649584496867,0.3257749604238253,1.4619496795800888,0.001,1.1447495935087735,0.46782756265213576,1091.1620827503236,100,100
ENSMUSG00000055069,0.001,62.31581250733508,1.0,0.001,0.0010000000000000005,0.0015968603238018866,0.13483830039258182,100,100
ENSMUSG00000055078,0.001,62.31581250733508,1.0,0.001,0.001,0.0019949735886763114,0.4049085254160006,100,100
ENSMUSG00000055095,0.09041775948485001,0.9735950176579288,21.25283518544056,0.060543978478748234,0.16096042629642437,8.987421545154746,38.03604219126615,100,100
ENSMUSG00000055102,4.131519129298434,1000.0,1.000247281024765,0.001,10.49789337451052,0.0010000000000210912,0.033601912434245845,100,100
ENSMUSG00000055114,1.4264657657904025,341.6272039188167,1.0,0.001,5.964769134752827,0.0010009568148564474,0.06497596323940052,100,100
ENSMUSG00000055116,0.39687587107687944,0.5792608289057184,3.7303808976287542,0.09324029943564757,0.982082872654622,1.8117411235451328,38.87246600858566,100,100
ENSMUSG00000055128,1.6747111988424654,86.02000092069247,167.44369472687865,0.6891507190951488,3.4568009450105213,0.9158735377360919,9.087619423498484,100,100
ENSMUSG00000055134,0.001,62.31581250733508,1.0,0.001,0.001,0.001646669833980997,0.062072253079575514,100,100
ENSMUSG00000055137,0.022364108497556864,0.2220917735441408,1.5615112363794703,0.001,0.22811826156626236,0.39930418458163464,130.8245169136991,100,100
ENSMUSG00000055148,0.001,0.1452246098832159,2.9899239492899294,0.001,0.07711554232006565,0.0028346163299166607,61.779743025595955,100,100
ENSMUSG00000055150,0.38010309150334165,29.78718322717218,22.26528296983154,0.1481243384945273,0.8719075501544538,0.27462854847041396,2.3710782684404674,100,100
ENSMUSG00000055159,0.001,62.31581250733508,1.0,0.001,0.001,0.0022717628006708197,0.3541757783318067,100,100
ENSMUSG00000055172,0.6847959426647228,2.526937263881364,43.07972308193541,0.3977221728934195,1.0078576679352373,8.520301071249829,38.36547999686833,100,100
ENSMUSG00000055177,0.0043945492387941,13.110520255613471,19.316128266760895,0.001,0.05345454358984095,0.002502892674688963,17.064697659665313,100,100
ENSMUSG00000055184,0.001045924641659163,0.0097778985558563,2.026218994336469,0.001,0.13406103316156245,0.928725390548437,287.02007522600303,100,100
ENSMUSG00000055188,0.023266262403803178,20.164721701165544,14.668699036865663,0.001,12.704368136065188,0.001371490809577418,15.590350510224269,100,100
ENSMUSG00000055200,0.6968975764298027,1.772223765199493,4.963702793541323,0.34433491253969706,1.417920345321845,0.9885877003996949,7.941567627349664,100,100
ENSMUSG00000055202,0.02886713574045534,0.35666305120836306,1.8728075233799946,0.001,0.3399137875785812,0.32801490065501515,166.12147492557207,100,100
ENSMUSG00000055204,1.338516106516803,2.671354454637131,21.158212814125232,0.9491743571301207,2.9016368498758247,2.4632970359714053,14.130902001847982,100,100
ENSMUSG00000055210,0.10718149286608206,4.872468566780322,4.2262805714162885,0.022527421877264107,0.6868307627331405,0.03408353600076307,2.636968955282156,100,100
ENSMUSG00000055228,0.001,66.84427540036525,1.0,0.001,0.001,0.0016027435805435878,0.12359579763947989,100,100
ENSMUSG00000055235,0.001,62.31581250733508,1.0,0.001,0.0010000000000000009,0.0014193840276034817,0.08219275255287675,100,100
ENSMUSG00000055239,0.5011230022715119,0.8929589501468097,17.243227500630343,0.26377661961138715,1.1223842449206156,6.169010060521158,50.352385467600676,100,100
ENSMUSG00000055240,0.10843142505770532,10.81640786852183,6.1600305915761435,0.02767536368465357,32.191136348293796,0.0012160711669498832,2.1057638448957476,100,100
ENSMUSG00000055254,0.001,62.31581250733508,1.0,0.001,0.001,0.0021350492811421655,0.19414687635388522,100,100
ENSMUSG00000055271,0.001,66.84427540036525,1.0,0.001,0.001,0.0017106130641985624,0.3563453653150397,100,100
ENSMUSG00000055296,1.0356260002106594,17.321890013678402,23.11279087898717,0.2640008370731367,1.6316921541762996,0.8498564386476251,8.51853901427953,100,100
ENSMUSG00000055301,0.6670156751088312,177.88480474928116,800.829890943311,0.47120993458700855,0.8482164881577795,3.3876552644078575,7.918363210341064,100,100
ENSMUSG00000055302,3.6819756983993623,66.3876285836248,215.359111969146,2.183635834413309,5.008928356647351,2.273630181359781,9.302023241182845,100,100
ENSMUSG00000055305,0.1624027570961566,1.482607743894363,4.4539401622912065,0.07123309477940876,0.33969224997199565,1.1078355815415524,7.546337855701007,100,100
ENSMUSG00000055312,0.001,62.31581250733508,1.0,0.001,0.001,0.001688496287081473,0.17120630718959456,100,100
ENSMUSG00000055319,1.0971803052202809,1.9272408869605595,7.517527331422803,0.6206775661543644,3.5622995696302846,0.8179743005182534,9.033559889293272,100,100
ENSMUSG00000055320,1.6229297334806068,7.870345338232145,24.039069237266528,1.0904425451798403,5.662324029191577,0.7924763071064622,5.319153688778188,100,100
ENSMUSG00000055322,1.433214902233927,44.29021966269722,304.8008358710266,1.1361759246031986,3.064512910563483,3.7914744077857803,10.54916108957841,100,100
ENSMUSG00000055323,0.0035153189958338324,11.459522831816152,22.638819099550066,0.001,0.11163300203120238,0.002603681787773937,8.454833276700894,100,100
ENSMUSG00000055333,0.001,62.31581250733508,1.0,0.001,0.001,0.0014832833198915767,0.2216504363797301,100,100
ENSMUSG00000055334,0.3714388129692118,0.6344819756706249,3.7075309863300636,0.08901709818606696,1.1673599999207722,1.2664862574948856,29.158976809818945,100,100
ENSMUSG00000055341,0.0610852369006894,19.139032994094197,7.851458072346564,0.0026019844518386922,14.348013374068511,0.0011818124521290822,1.9779903839773674,100,100
ENSMUSG00000055357,0.001,62.31581250733508,1.0,0.001,0.0010000000000000009,0.0016656360908507313,0.09118599611778466,100,100
ENSMUSG00000055368,7.84979329816461,937.5141107056008,1.0,0.001,17.994605407548832,0.001,0.0590605536099639,100,100
ENSMUSG00000055370,3.9839038171815946,947.6616630533084,1.0,0.001,8.441689468390965,0.0010002855805772484,0.06368475485403634,100,100
ENSMUSG00000055371,2.3340002249604908,999.9999999248507,1101.4413782651284,1.588069189671491,3.4443026611681344,0.7072463803046425,1.5915753420982655,100,100
ENSMUSG00000055373,0.001,62.31581250733508,1.0,0.001,0.001,0.0016984605475329525,0.20536529129090664,100,100
ENSMUSG00000055401,1.4037611617455867,288.4965012299082,656.2284545860488,0.7857050146248463,1.8071598827628732,1.6863527312257225,6.114625516231225,100,100
ENSMUSG00000055403,0.001,62.31581250733508,1.0,0.001,0.001,0.0016527037406612309,0.2625895468820918,100,100
ENSMUSG00000055407,2.335897682486155,131.19659165039323,206.42935197286428,1.2765871671819964,4.882772368167187,0.8892465012651363,4.511898976849542,100,100
ENSMUSG00000055409,0.001,62.31581250733508,1.0,0.001,0.001,0.001861305367447521,0.09094466526767675,100,100
ENSMUSG00000055413,0.040701851483113505,19.80691051306904,10.44895801231114,0.001,14.376320742468222,0.001035971561615898,3.8313105620473014,100,100
ENSMUSG00000055415,8.077579221210014,999.9999998905215,1.0325576189831691,0.001,15.42328841308698,0.0010000000000051543,0.025722598953459422,100,100
ENSMUSG00000055416,0.001,62.31581250733508,1.0,0.001,0.001,0.0017381483208248096,0.09361663725857061,100,100
ENSMUSG00000055421,0.026296306736963013,0.5541459569560775,2.5939791980372733,0.001,2.4801192580486204,0.10963378703969463,146.51180092872082,100,100
ENSMUSG00000055424,0.001,62.31581250733508,1.0,0.001,0.0010000000000000005,0.001576754018891529,0.4446799163366858,100,100
ENSMUSG00000055430,0.001,57.20236353089962,1.0,0.001,0.001,0.0019648365131008337,0.08657654434746972,100,100
ENSMUSG00000055435,0.08921308833306649,0.45047582110924417,6.197353194716379,0.036184328956261204,0.18333866191466064,5.0342234846226575,39.350060531830614,100,100
ENSMUSG00000055436,0.6779784934837106,1.248905038246603,10.192879096325495,0.09872431947447273,1.2728734708758846,2.9953008690067993,125.26559144036442,100,100
ENSMUSG00000055447,2.097081299211355,17.439860893246586,106.45466310279346,1.4952519768474737,3.318118147448602,3.581542698237019,10.211925849483535,100,100
ENSMUSG00000055471,3.805573472416838,912.8750404524933,1.0,0.001,6.881550729039043,0.001,0.0888910189061855,100,100
ENSMUSG00000055480,0.15558734852980952,17.990006892935867,7.734646701948927,0.0015250523726067135,27.856349415710596,0.0015128172867934157,4.405443936877195,100,100
ENSMUSG00000055485,0.6100853634584507,9.351049825440182,5.308370036905784,0.0010099629258273814,0.9803343462692419,0.3402241967279672,643.1284676581784,100,100
ENSMUSG00000055489,0.001,66.84427540036525,1.0,0.001,0.001,0.0015923648213206918,0.1480662619692437,100,100
ENSMUSG00000055491,0.5974029857266859,0.3809829194380847,2.817902815550883,0.09427725281537652,3.1139277776842835,0.6281578004981512,94.18217742006149,100,100
ENSMUSG00000055493,3.064298701861199,354.4560530037925,1.0237672345823476,0.001,21.589307330709488,0.001,0.09292334310664863,100,100
ENSMUSG00000055494,0.4704868665100309,119.19223388991344,1.1348801835942295,0.001,7.003260830557642,0.0011232169620385962,0.07101996290296242,100,100
ENSMUSG00000055497,8.101853934636928,483.57894233879875,1.0,0.001,23.581370303415092,0.0010000000000082005,0.00901749230449437,100,100
ENSMUSG00000055523,0.001,66.84427540036525,1.0,0.001,0.0010000000000000005,0.001636075484196292,0.1623834711604193,100,100
ENSMUSG00000055531,1.5152803956267582,26.84168014246642,42.27344797679751,0.31881835716672646,2.252413973379729,1.0460521828353928,19.07624033019912,100,100
ENSMUSG00000055538,1.7502815897424737,386.3240829001395,1108.1289719023123,1.1310940853568,3.5672550025841714,1.3138411173610511,6.179469622326247,100,100
ENSMUSG00000055541,0.001,66.84427540036525,1.0,0.001,0.0010000000000000009,0.001547848700145222,0.13693013439023738,100,100
ENSMUSG00000055546,0.001,62.31581250733508,1.0,0.001,0.001,0.0019111163807413235,0.17293169994478733,100,100
ENSMUSG00000055547,0.001,62.31581250733508,1.0,0.001,0.001,0.0014432874626439524,0.19720067730936752,100,100
ENSMUSG00000055553,0.02275552349446732,0.020417797177242108,5.160777442636344,0.001012954992856185,0.2005163795331132,29.632463997732337,5257.481977312428,100,100
ENSMUSG00000055555,3.3467679826601007,809.4058638924901,1.0,0.001,7.13919127234782,0.001064919079342975,0.026156895138298566,100,100
ENSMUSG00000055560,12.505926857723567,999.9784834676524,1.0,0.001,21.01883610230563,0.001,0.02075865381400961,100,100
ENSMUSG00000055561,0.014729800285135238,0.7715111310266581,37.69178196377885,0.001,0.053701188223156233,0.2555589518608937,276.67927875176986,100,100
ENSMUSG00000055567,0.001,62.31581250733508,1.0,0.001,0.001,0.0015236185692716472,0.24589684715863797,100,100
ENSMUSG00000055612,0.15101815813551145,115.28830205161704,295.57926026092287,0.0810347483372513,0.2993582413268324,0.9763184605983652,5.133304958227409,100,100
ENSMUSG00000055629,0.001,66.84427540036525,1.0,0.001,0.001,0.001675588667145851,0.15458459145723807,100,100
ENSMUSG00000055632,0.0877282906769611,18.920586718790112,6.264054389049578,0.00447904362893615,22.7881821899541,0.0010726352590982823,2.2350816395899065,100,100
ENSMUSG00000055633,0.025779553674092525,18.45355882885153,13.427309497213262,0.001,13.620200438578328,0.0011814858034083758,14.685731545113171,100,100
ENSMUSG00000055639,0.1798352261202694,1.0015859238186116,4.188787106959404,0.04725881917244447,0.3905138738216842,1.6409926408688267,18.26927265391219,100,100
ENSMUSG00000055652,0.3051675977916833,0.6353561819237037,2.557949310565211,0.09279858526217707,0.9684956819581021,1.0354313710475354,18.583509530293032,100,100
ENSMUSG00000055653,2.8742482647539482,340.1014104427287,1.0,0.001,14.189396438123257,0.0010000000063500444,0.019202421741964494,100,100
ENSMUSG00000055660,0.9894943587195499,35.134978174549595,4.294938320514577,0.2347668815812508,102.55369308827568,0.0012102335938181004,0.44016362898939126,100,100
ENSMUSG00000055670,0.026248886344442814,0.12985596621020085,8.369828457143754,0.001,0.0811084046798351,7.143916930134285,1657.7242878505258,100,100
ENSMUSG00000055675,0.03832063297600135,2.686738222307556,4.133740925437941,0.001,4.809469868791522,0.0022497317830049088,12.701100434772844,100,100
ENSMUSG00000055676,0.1595535968295756,3.0948398480942725,1.4047600923968273,0.008141481524882326,17.522161418472564,0.0019322037236123568,2.314019425122626,100,100
ENSMUSG00000055681,3.326699766525851,9.665002634640336,83.9136950967443,2.381980460483665,5.2717619596389085,4.013787167963244,15.224402495649375,100,100
ENSMUSG00000055691,0.001,66.84427540036525,1.0,0.001,0.001,0.0017949950161074227,0.22964154002928713,100,100
ENSMUSG00000055692,0.13449772994240566,48.095540838486414,40.3318003875298,0.039618231925616226,36.1450993222927,0.0016552054077705488,3.0596565405239406,100,100
ENSMUSG00000055707,1.58075320458353,10.063507396093755,34.67102112155924,0.9938158309140874,3.761922191095033,1.2674448195692962,6.756163852240078,100,100
ENSMUSG00000055717,0.001,62.31581250733508,1.0,0.001,0.001,0.0018391785461579445,0.23927915633100097,100,100
ENSMUSG00000055720,1.5207907644736032,1.1265633482377846,7.984461827474681,0.789319509097318,6.60457265301432,0.6883500002923038,18.995536713370214,100,100
ENSMUSG00000055723,0.04212122908996977,0.36266748595598114,10.532799932793353,0.001,0.10610395269216923,7.961377102858392,1824.9234764093367,100,100
ENSMUSG00000055725,0.17637914031635354,31.422340375249355,28.053250814265674,0.001,0.4042734892448592,0.25387978055745364,231.79487721510645,100,100
ENSMUSG00000055733,0.08495885885925103,18.556045658858057,13.671580218316034,0.001,1.4681193026496688,0.0029375025188833064,83.3916056573038,100,100
ENSMUSG00000055737,0.5422680290806721,54.359777165441834,147.70711240739124,0.17246367599025067,0.7071607121350845,2.01310349903026,13.125369686822367,100,100
ENSMUSG00000055745,0.13804615606882864,0.41199073639499456,1.3952070650815023,0.0015304165993829375,0.5737225692223088,0.5477068907150989,475.0092131499755,100,100
ENSMUSG00000055748,0.001,62.31581250733508,1.0,0.001,0.001,0.0015796476122028678,0.08852874867858643,100,100
ENSMUSG00000055760,0.6631022156592855,232.16999398107689,271.75501939740707,0.3349068972713292,1.0721109522268204,0.6690890742837834,2.937220340055743,100,100
ENSMUSG00000055761,0.006610208745292279,18.10940905929156,44.761522191320054,0.001,0.1605841131647051,0.0026173708655204673,25.39136978270165,100,100
ENSMUSG00000055762,3.834116568819108,66.00572064287995,359.13054073980425,2.361092371626074,5.095683840100554,3.897018437459098,11.66066753042046,100,100
ENSMUSG00000055782,0.08773276454214088,18.907218785583435,6.259232236801852,0.001,28.005363413604307,0.0010028034359192831,5.0625001139780395,100,100
ENSMUSG00000055789,0.001,62.31581250733508,1.0,0.001,0.0010000000000000005,0.0022199055240880007,0.23459264916629488,100,100
ENSMUSG00000055799,0.23019812936444697,0.6069800000684957,2.5783804323096917,0.08328570468435714,0.696807160378593,1.2268277422386489,15.536753918968511,100,100
ENSMUSG00000055805,4.961113829182369,594.8203865005966,1.0,0.001,20.484518235706027,0.001,0.11464326903276095,100,100
ENSMUSG00000055809,0.001,58.655869952050985,1.0,0.001,0.001,0.0016097224570040692,0.4018280023147246,100,100
ENSMUSG00000055817,1.0157080474662157,1.3507618615308072,5.820828776993146,0.19457926303585854,2.986921268811515,0.903339118989386,57.90570256007843,100,100
ENSMUSG00000055818,16.21070492014945,634.4163827499228,1.0,0.7433455274521885,39.046507715694716,0.001000000000013393,0.008053801638897101,100,100
ENSMUSG00000055826,0.010768136037857125,19.614770768517577,22.39064096650673,0.001,3.0402435207681737,0.0018206570898362873,12.355781074782382,100,100
ENSMUSG00000055833,4.1336179629762935,999.9999943156627,1.0,0.001,8.302138750188728,0.001000034133782224,0.08697389909241279,100,100
ENSMUSG00000055835,0.17439980968828883,0.7432985914682974,2.299688484668438,0.014121857044702101,0.5588541922459671,0.7610232412751909,45.606578400087415,100,100
ENSMUSG00000055839,10.0,10.0,10.0,0.03000928998393254,0.9693232566882002,1.0646491974940635,494.44585512697347,100,100
ENSMUSG00000055850,0.8164732604267129,2.210801071475174,21.57596326460811,0.5771450396774345,1.4908312141987048,3.8894780143483336,15.50470958328032,100,100
ENSMUSG00000055862,0.13216575619833132,0.5753068827607998,8.787187544977979,0.04775353880384363,0.2331896108155469,6.253837541356154,42.257520723731446,100,100
ENSMUSG00000055866,0.1822343418536033,13.240142397775962,8.707821748188126,0.05888712248966692,17.639743408206428,0.0020335506494134005,1.8184882478655,100,100
ENSMUSG00000055882,0.001,62.31581250733508,1.0,0.001,0.001,0.0018390672047415833,0.16599798764250595,100,100
ENSMUSG00000055884,0.33241989908278413,12.843430746858349,15.668532036342656,0.002170524238565597,0.5293783730575101,0.6528444676127366,238.99474073738114,100,100
ENSMUSG00000055891,0.001,62.31581250733508,1.0,0.001,0.001,0.0018228150439373817,0.21339580356035023,100,100
ENSMUSG00000055897,0.5845172900248089,2.0376679955608634,5.629350149783947,0.06589896782272098,1.0940436129808646,1.1251571323791976,59.88122828962375,100,100
ENSMUSG00000055900,0.21116868412674372,0.21481762174970845,1.4334817450505735,0.001222447973322906,1.3117348412193723,0.5767211256656839,1152.5788311861818,100,100
ENSMUSG00000055912,0.18791335499564615,0.5339106256442898,4.116147188915399,0.029767762533272867,0.4138796410882253,2.502968870754949,69.82728483847309,100,100
ENSMUSG00000055917,0.24269328464060325,0.1616975014148281,1.2914533819459202,0.06546096931829963,2.350217925407713,0.35999653013007227,91.91599042607592,100,100
ENSMUSG00000055923,0.3535572978479186,0.8018845006125446,1.4491758313500125,0.0067235898913159155,1.562988163327578,0.29664929495549197,385.2976228919221,100,100
ENSMUSG00000055926,0.023072762052884627,20.418658067689563,14.851864073294015,0.001,10.760970881581246,0.0010919261234974822,19.422317846163423,100,100
ENSMUSG00000055932,2.0034451579670587,275.5783990106648,332.1769334331184,0.7051573880097128,3.506156525128769,0.661787025030002,7.91640355734251,100,100
ENSMUSG00000055933,0.001,62.31581250733508,1.0,0.001,0.001,0.0015571145301546355,1.467238474495114,100,100
ENSMUSG00000055937,0.001,62.31581250733508,1.0,0.001,0.001,0.0019152006867444549,0.07010223223834851,100,100
ENSMUSG00000055943,3.4369137856393652,34.0010800781947,211.35625421149584,2.234085943268228,4.6042115079631545,4.253503134845861,13.954207559427083,100,100
ENSMUSG00000055945,0.01702008010768167,20.125700947429024,35.59956552356533,0.001,1.7981616631068256,0.002762839122341871,33.38939081167011,100,100
ENSMUSG00000055958,14.72072159898135,495.7894218190234,1.0,0.28080972404934484,41.5825876079376,0.0010302371437404287,0.00865733245279572,100,100
ENSMUSG00000055963,0.4375958426804908,23.225817621478157,25.502977244044075,0.14708951749800853,0.7228772418201201,0.5950422688050417,3.661614254764112,100,100
ENSMUSG00000055968,0.001,62.31581250733508,1.0,0.001,0.0010000000000000005,0.0015747120732418247,0.31918900937739336,100,100
ENSMUSG00000055972,0.0015741214112625467,71.1657455714539,936.5488259426577,0.001,0.008327146275363642,0.0018884069518431195,25.709334000115433,100,100
ENSMUSG00000055978,0.001,62.31581250733508,1.0,0.001,0.001,0.0013344961680496338,0.08631359001528488,100,100
ENSMUSG00000055980,0.3753662100356188,1.0009417817432513,10.463519828223351,0.22224116549865386,0.5010893743538322,7.2724450411609665,19.208595008996852,100,100
ENSMUSG00000055991,0.13301443687915857,0.2645552487032756,2.4868966235257504,0.0014337920316469825,0.5720546004069501,1.326113813198168,1197.2602392133506,100,100
ENSMUSG00000055994,4.081067969844404,489.2392985014475,1.0,0.001,15.758214257109866,0.0010014531754905728,0.01974163608598257,100,100
ENSMUSG00000056004,0.081978484473015,18.46976454579537,15.989597456982764,0.002243921942931647,0.3478065112487848,0.157191889537605,25.428151671542103,100,100
ENSMUSG00000056008,0.001,62.31581250733508,1.0,0.001,0.0010000000000000009,0.002006730926509731,0.12941389475834397,100,100
ENSMUSG00000056014,0.4525099131550901,33.40932480381583,14.228275458128584,0.1990751363368723,61.646302592647615,0.01805817662489865,0.9717335571476107,100,100
ENSMUSG00000056019,0.40031896445911985,3.9941051948071347,2.05918267388184,0.08019385601781368,2.091315973124044,0.09945565009217996,2.705152008711766,100,100
ENSMUSG00000056023,0.001,62.31581250733508,1.0,0.001,0.001,0.0017463125569835351,0.45855839994097086,100,100
ENSMUSG00000056025,0.028174017789069097,7.708652642383082,1077.906976990514,0.01274095404034117,0.10303987660639892,7.5251030385386395,780.8528748299123,100,100
ENSMUSG00000056031,0.5078040000682339,50.98481407449845,18.669400135991484,0.1793868919693146,70.42436102138605,0.004213332141138302,1.1284214575675813,100,100
ENSMUSG00000056032,0.001,62.31581250733508,1.0,0.001,0.001,0.001647157768140585,0.1085777793914072,100,100
ENSMUSG00000056043,0.001,62.31581250733508,1.0,0.001,0.001,0.0015476470585187698,0.19946559524284252,100,100
ENSMUSG00000056050,2.436984310638753,27.417298688722678,57.329103272058646,1.1933041547032908,4.2505729944726,1.1108664837010824,7.311073474130278,100,100
ENSMUSG00000056054,5.881743333085429,1000.0,1.0000910818851758,0.001,12.951385587754146,0.0010000000000146326,0.04546927056529214,100,100
ENSMUSG00000056055,0.001,57.620632314225304,1.0,0.001,0.001,0.0017745474494060163,0.06807348620352555,100,100
ENSMUSG00000056069,0.41942126174015265,104.49661745851743,111.44096833342557,0.11822744080881459,0.7980412329325126,0.543328560759827,6.957574193293615,100,100
ENSMUSG00000056071,0.001,62.31581250733508,1.0,0.001,0.001,0.001823508361805263,0.14365824458695287,100,100
ENSMUSG00000056073,4.134300499511258,1000.0,1.0,0.001,12.275724948134613,0.0010000000000449888,0.03894554149168821,100,100
ENSMUSG00000056076,1.8896649853101812,6.989385431418763,21.034193991768483,1.0643446853244942,3.5061646085508555,1.4255003974794809,8.279854085309726,100,100
ENSMUSG00000056078,0.011571612214505353,23.312598370462023,73.72228554633544,0.001,0.15386113876133212,0.0022718795776799595,70.0885788628226,100,100
ENSMUSG00000056089,0.001,61.88525872635182,1.0,0.001,0.0010000000000000009,0.0014790819424265185,0.24219552406745642,100,100
ENSMUSG00000056091,0.2869008955536595,0.6915174782838809,7.625565829017092,0.14608968247747886,0.4684585136337449,5.581126723571931,23.88455723862529,100,100
ENSMUSG00000056116,0.036090004928754804,0.19620266330956074,74.74940456371334,0.001,0.0710488469660047,0.021322104698892133,10540.972019039615,100,100
ENSMUSG00000056121,1.5351832971880026,26.311607578110518,53.660767770961044,0.8202960539636264,4.543041153162582,0.6647880962980619,6.343389973491858,100,100
ENSMUSG00000056124,0.24517500710425785,2.3342321349914537,3.7407083703750463,0.001,0.574202246555771,0.675051560048636,674.4158612425017,100,100
ENSMUSG00000056128,2.8043454615252004,678.1527302530274,1.0,0.001,7.96587385545582,0.0010122715050811363,0.07784869862967485,100,100
ENSMUSG00000056130,0.001,62.31581250733508,1.0,0.001,0.0010000000000000009,0.001908328472068487,0.5247895816886153,100,100
ENSMUSG00000056131,2.1249677334659967,11.375981192578918,34.03883544316843,1.3918076801518375,3.8891203091222337,1.421371775314307,5.901638767563075,100,100
ENSMUSG00000056133,0.001,62.31581250733508,1.0,0.001,0.001,0.0017001109534355663,0.19586883553034745,100,100
ENSMUSG00000056144,0.04420841552549045,0.17223430852410018,1.4016687073529093,0.001,0.432064897297606,0.6556130902273483,401.4653351886101,100,100
ENSMUSG00000056145,0.001,61.88525872635182,1.0,0.001,0.001,0.0017225266046233176,0.11993199261080599,100,100
ENSMUSG00000056148,0.001,62.31581250733508,1.0,0.001,0.001,0.002300998388890492,0.24299769542492944,100,100
ENSMUSG00000056153,0.1404553431925262,0.1677761455173888,5.404980573450487,0.022592095762683496,0.29889929362614887,12.66191760933873,285.51863286087723,100,100
ENSMUSG00000056155,0.001,61.259704531272526,1.0,0.001,0.001,0.0018076490129156954,0.42996391058099614,100,100
ENSMUSG00000056158,0.001,62.31581250733508,1.0,0.001,0.001,0.0018129598665763756,0.08404404654245387,100,100
ENSMUSG00000056167,1.1563521302525248,26.02775232471346,37.527083635436476,0.4923288761501472,1.6332132818195944,0.9777402437051406,5.845170265514935,100,100
ENSMUSG00000056174,0.06060661246176872,19.44555278882172,7.9727996805273955,0.001,22.59350215927286,0.0010368079213862041,3.5929698597633477,100,100
ENSMUSG00000056185,0.13822864274467186,0.2758927481423904,2.511859447287885,0.0012673615430940366,0.6468479814380317,1.3321762065870641,1181.7757808031142,100,100
ENSMUSG00000056201,0.13909177798805591,0.34711013788635575,294.4365669432455,0.001,0.001,0.012459286917370613,1.6576491563550761,100,100
ENSMUSG00000056204,1.0083430660249735,14.483899790786403,42.78536634013256,0.7249962210380894,1.463314125061287,1.8296356451604447,4.768176574984485,100,100
ENSMUSG00000056209,1.7753380358311577,4.474300031424981,23.553580837860103,1.330596331996294,4.369375335297802,1.5955201770702323,8.762003121599555,100,100
ENSMUSG00000056211,0.6043766900267271,2.1387988943838705,8.890063260494237,0.31441869252038745,1.0358281707474,2.0234405597576286,10.463465669681845,100,100
ENSMUSG00000056214,0.3213114811435412,50.29916254524399,67.59274909431176,0.16294644682964304,0.600895303981779,0.6535513822068086,2.666476179203364,100,100
ENSMUSG00000056215,0.06112551196407032,19.29965560876416,7.911543329206056,0.001,19.2523428755487,0.0012491768553934447,10.438653774889584,100,100
ENSMUSG00000056216,0.20077028794527904,0.37070718810870973,4.303602310612799,0.10764390414442168,0.3559638240156842,5.239447859442466,24.93355363272462,100,100
ENSMUSG00000056219,0.001,62.31581250733508,1.0,0.001,0.001,0.001962560352900693,0.06971600384243887,100,100
ENSMUSG00000056220,2.0952950291140895,96.22097240322624,357.3009083148975,1.5207633755152443,2.930704079075302,2.522251972390733,6.350060047350379,100,100
ENSMUSG00000056222,0.001,62.31581250733508,1.0,0.001,0.0010000000000000005,0.0015189580269149047,0.18325436607034262,100,100
ENSMUSG00000056228,0.34406628263163574,0.6415579293093038,2.144609760938962,0.009980548639470236,1.0443151690623644,0.8552661571201662,248.9655973346712,100,100
ENSMUSG00000056234,1.3755712124210064,1.637340885345034,8.474308082767116,0.5815265431596258,5.281361783774222,0.8062065589109684,21.250683862328245,100,100
ENSMUSG00000056260,0.40557110548510555,25.364534455990565,32.68341320871953,0.18688367176622872,0.7158652078222407,0.7092443887957769,3.186206605235335,100,100
ENSMUSG00000056267,0.001,0.010574447500026236,1.3355096187681335,0.001,0.1448035356616059,0.5935961953659397,158.6110985894268,100,100
ENSMUSG00000056268,0.21282053267998033,29.19595246608633,30.79813642587595,0.008985136305250928,0.3701924647820166,0.509156294282143,50.29453704760611,100,100
ENSMUSG00000056270,0.001,62.31581250733508,1.0,0.001,0.001,0.001921055498745402,0.09079257957738593,100,100
ENSMUSG00000056271,0.011006958708168507,19.610647449021485,22.35214151841635,0.001,4.135326551181015,0.0011017136524421123,5.357613499609602,100,100
ENSMUSG00000056290,0.001,62.31581250733508,1.0,0.001,0.001,0.0015137426105582795,0.8175376512890737,100,100
ENSMUSG00000056293,0.004541587195931627,14.58836400748127,17.39203348125328,0.001,0.10031354889984638,0.001747557075853518,14.782339785359746,100,100
ENSMUSG00000056300,8.3377439030878,1000.0,1.0,0.001,14.936261740919448,0.001,0.01669270910112019,100,100
ENSMUSG00000056305,0.9622943877445072,1.6838142278987684,2.329412371033608,0.0777296275178013,3.5000027195937102,0.2578398036257684,80.51525495555188,100,100
ENSMUSG00000056310,0.2854745390664462,0.35508409326273616,2.7646403338678005,0.024808848914853073,1.066833004881286,1.5843756623174976,136.85537020614314,100,100
ENSMUSG00000056313,0.08515147904521014,1.6587907822540902,5.43455525728156,0.03519411911076279,0.21066743963438733,1.0146727460243978,8.564350905020156,100,100
ENSMUSG00000056316,0.002167236116730962,10.04614387105634,54.71671418927901,0.001,0.0269704489218648,0.002656141682536647,38.30870027563165,100,100
ENSMUSG00000056342,0.30483724164213777,0.5187477045521145,4.437567271378759,0.11905733999115654,0.6597122969139677,2.6626880946302136,30.24389418246966,100,100
ENSMUSG00000056359,0.001,62.31581250733508,1.0,0.001,0.001,0.0019061621886782133,0.18667903354292165,100,100
ENSMUSG00000056366,0.001,33.68563629993298,1.0,0.001,0.0010000000000000005,0.0023330659080291927,0.35522187561479845,100,100
ENSMUSG00000056367,0.469839510675045,17.324480414716483,2.10395090420635,0.024573590188562228,49.90598299698593,0.0011279047821462886,0.8335133392489628,100,100
ENSMUSG00000056370,0.001,62.31581250733508,1.0,0.001,0.0010000000000000005,0.0020710990636451003,0.15669064948471695,100,100
ENSMUSG00000056380,0.001,62.31581250733508,1.0,0.001,0.001,0.001743528856549294,0.1430503302967421,100,100
ENSMUSG00000056383,0.009106555032032223,0.00561116691639774,1.0381478212063038,0.0011903629637212611,2.283309120398889,0.32009781764128553,1081.9683742425782,100,100
ENSMUSG00000056394,0.1777524968527171,24.380353699608627,117.54832318669445,0.11373737531617006,0.26376270583001976,2.3684452395832887,7.671145657801828,100,100
ENSMUSG00000056411,0.0031302782405561963,2.449119565206261,6.757475845443425,0.001,0.036377795096159654,0.0016928604492286118,12.18788797629686,100,100
ENSMUSG00000056413,0.002872881686472232,9.430275012139496,29.048237628812767,0.001,0.12389576284425491,0.0016956299857254784,8.423125538197105,100,100
ENSMUSG00000056423,0.001,62.31581250733508,1.0,0.001,0.001,0.0019119206086058824,0.11852811330015829,100,100
ENSMUSG00000056426,0.001,62.31581250733508,1.0,0.001,0.001,0.001728352567071201,0.06883071339761543,100,100
ENSMUSG00000056427,0.6227229368930044,53.52904497911891,1145.2722083306892,0.47982938931125696,0.7824483910292388,16.04199796843291,31.028999137912287,100,100
ENSMUSG00000056429,3.0190377313240315,36.491009615324245,144.5488611650502,2.000289848631476,5.694092362644463,1.8948319642546294,7.42876355274568,100,100
ENSMUSG00000056436,0.001,62.31581250733508,1.0,0.001,0.001,0.0015831977197939416,0.19553506942092652,100,100
ENSMUSG00000056445,0.02297418765509425,20.417202019762822,14.852249815434224,0.001,8.621323448857142,0.0012559147197769931,21.990570683486418,100,100
ENSMUSG00000056458,0.06202906556076689,0.2721147773437423,1.0,0.0015293368743159999,0.6685001984512504,0.21134294960521782,84.71312151197114,100,100
ENSMUSG00000056459,0.6466474922237164,8.97386631547747,6.695048669767586,0.04968802878464835,1.66227894323033,0.2581047697389272,19.07445473892921,100,100
ENSMUSG00000056481,0.25459924072628776,0.9762025736391752,18.802208061104242,0.18916542009822251,0.3654068952771877,12.087774170498488,28.55348147910388,100,100
ENSMUSG00000056486,0.09553694728448818,15.273623034869969,13.484304200153517,0.001,0.4270432449865694,0.10572610232959902,98.66527449528328,100,100
ENSMUSG00000056492,0.010804685562561728,19.521257511791724,22.27916402059556,0.001,2.971901134573295,0.0022672360316661573,12.70396791643056,100,100
ENSMUSG00000056493,0.055416783513424335,0.03810797703047456,1.737988311206723,0.0021019000402849003,1.2112381601111353,0.9882741669587685,1105.0454602265897,100,100
ENSMUSG00000056498,0.2511408904004612,0.5479624209694421,4.9055080421696236,0.10821597614060957,0.4438937118361206,4.33736199322936,23.19540036500846,100,100
ENSMUSG00000056508,0.001,62.31581250733508,1.0,0.001,0.001,0.0013908107917411324,0.280574198955564,100,100
ENSMUSG00000056515,2.6078076527117515,497.98908362361965,1541.031755089892,2.2494439926570067,4.324123713182805,1.770104955662194,3.883289031048766,100,100
ENSMUSG00000056529,0.001,62.31581250733508,1.0,0.001,0.0010000000000000005,0.0019025719354689278,0.5462713048585486,100,100
ENSMUSG00000056531,4.20300090191975,999.9999999506518,1.0000000000010958,0.001,8.046850830497466,0.0010000000424285685,0.06296314419476468,100,100
ENSMUSG00000056536,0.001,0.00110248094046006,1.9765331290130759,0.001,0.6128330108427378,1.5642055688140544,1931.2005630327787,100,100
ENSMUSG00000056537,0.15838479342721556,0.18153480167643743,2.9692120828131587,0.003367766433653202,0.6991964210408377,2.284022411133265,1144.1728853455143,100,100
ENSMUSG00000056553,0.001,62.31581250733508,1.0,0.001,0.001,0.0017288327847534413,0.06638714486055682,100,100
ENSMUSG00000056579,5.330154886450385,367.19346002896737,111.88319493418788,0.15338171079870916,21.62161678645526,0.08632061360697135,192.3670189565724,100,100
ENSMUSG00000056592,0.08251843957006638,26.561826460809144,31.23357629837318,0.029161558648780395,0.48470225382687265,0.056373031331748466,2.944149965189906,100,100
ENSMUSG00000056596,0.44467067968866925,6.6213373978099215,15.28370935419689,0.156939795842633,0.6154554376992794,1.4554596651084104,8.445347194438689,100,100
ENSMUSG00000056598,0.03983154133634638,20.16793929571883,10.642733954939963,0.001,18.88145981437844,0.00102174922373599,2.7998444826696414,100,100
ENSMUSG00000056600,0.001,66.84427540036525,1.0,0.001,0.0010000000000000005,0.001807376454137884,0.28935354338203123,100,100
ENSMUSG00000056602,0.0171028535947911,11.025948643572885,309.9633620081089,0.00834691248632733,0.47297607641168427,0.13079009119091162,65.37197624131939,100,100
ENSMUSG00000056608,0.33071722069121917,0.7988273642206537,12.212991943638892,0.08607501705301897,0.44522191040621134,12.624796567134995,111.49119810773334,100,100
ENSMUSG00000056612,0.005347735699731019,0.005119238876351227,14.903761252199956,0.001,2.0472097858740397,7.17092349108613,17014.864571541966,100,100
ENSMUSG00000056617,0.001,62.31581250733508,1.0,0.001,0.001,0.001846515169379047,0.269881681863811,100,100
ENSMUSG00000056629,0.05050086876729493,0.15499009989477558,16.08280549816871,0.001,0.11702073780922392,26.020611251453936,8643.125308603756,100,100
ENSMUSG00000056643,3.136738408416007,374.34369294027346,1.0,0.001,14.234090246449057,0.001,0.06073147803665819,100,100
ENSMUSG00000056648,0.01466736591528355,0.22346077543412093,1.0,0.001,0.4908553956225926,0.02913481134192086,88.61645121582787,100,100
ENSMUSG00000056656,0.076985249099785,31.780492425128823,17.600922745950633,0.007910777068747715,36.227337571668116,0.0010360306428630606,2.261758418322793,100,100
ENSMUSG00000056665,0.0977995654826434,0.422530899560007,1.3059458119135667,0.03856258156939733,0.5822215850961343,0.40601312748843055,7.859771981927289,100,100
ENSMUSG00000056666,3.016994744403004,502.88549138809344,1875.303425803416,2.263256853959014,5.917885496512748,1.9042931150562075,5.858764977543698,100,100
ENSMUSG00000056671,0.17814915218342625,0.5612241353336465,5.677529189715409,0.08834285771191772,0.3010975368764004,4.985479189492429,22.990818373107473,100,100
ENSMUSG00000056679,0.007890190562713563,0.15323633632455946,2.0815913495473293,0.001,0.12521752868436542,0.43221696178182123,141.37956983248375,100,100
ENSMUSG00000056682,0.001,66.84427540036525,1.0,0.001,0.001,0.002226860252992259,0.19260878306666784,100,100
ENSMUSG00000056687,12.559148332799287,1000.0,1.0,0.001,20.32583522965401,0.001,0.03576651624259466,100,100
ENSMUSG00000056692,2.940588642178247,22.374650812984356,38.420478694310866,1.6290935964726763,6.349114135460178,0.7163232029522892,4.460951664840382,100,100
ENSMUSG00000056698,0.29832638123946803,0.5854898156341198,2.0579816688698367,0.001,0.9200205980428307,0.7177136166930904,1212.4855223215873,100,100
ENSMUSG00000056708,0.05684059609328673,0.196949592179285,13.216793322443962,0.001,0.11053225523611213,25.250357646097342,3411.78410362563,100,100
ENSMUSG00000056718,8.217866077335348,989.5514769957516,1.0,0.001,11.204921604999187,0.001,0.02494520230856974,100,100
ENSMUSG00000056724,0.07184398148473814,18.61824624425502,15.372603269222852,0.001,0.33790550476327563,0.004371696448779183,56.758929690826974,100,100
ENSMUSG00000056728,0.001,62.31581250733508,1.0,0.001,0.001,0.0017337646957349255,0.6355783034475139,100,100
ENSMUSG00000056735,0.08844499621316787,18.544332100559338,6.141371467569978,0.001,23.92241958809625,0.0011659127906284527,1.6482632951821943,100,100
ENSMUSG00000056737,2.1771936651254826,93.50346977551773,971.3773071116477,1.6638207400180631,2.6217377792189316,8.095211646285836,17.14563919230105,100,100
ENSMUSG00000056738,0.001,62.31581250733508,1.0,0.001,0.001,0.0016397584310091804,0.30434758542146245,100,100
ENSMUSG00000056749,0.0016560078919648162,0.03280755974374463,4.722944251555029,0.001,0.044819665889458404,0.005733303426960733,530.9814074414974,100,100
ENSMUSG00000056752,0.001,66.84427540036525,1.0,0.001,0.001,0.0016250242394332762,0.5676772204723165,100,100
ENSMUSG00000056753,0.022600659523533906,20.841244468513928,15.156019546052486,0.001,7.292665621965152,0.0015618738143695944,9.135038089565672,100,100
ENSMUSG00000056755,0.001,62.31581250733508,1.0,0.001,0.0010000000000000009,0.0015137708786130844,0.12847447524355116,100,100
ENSMUSG00000056758,0.9402779756456886,23.77040489640112,245.85371752649397,0.6548418352966769,1.1695324459259813,7.96095733136342,17.512686289701055,100,100
ENSMUSG00000056763,1.0184531452144563,13.567993645234312,11.166576744099594,0.19558982490919177,1.8210578566180422,0.4210189023374341,10.869566930534333,100,100
ENSMUSG00000056770,0.9553630094761069,1.1811871396764397,8.391727646150699,0.5019443116460116,2.479620706983472,1.6259570908552,17.319770624301967,100,100
ENSMUSG00000056771,0.007439114195304075,13.200885941190153,58.94535771501956,0.001,1.743631701157025,0.0022232097428059846,110.14901079741426,100,100
ENSMUSG00000056777,0.2298577745342799,6.535303007538815,1.3092944616274163,0.001,40.46086102342725,0.0010543444233476293,1.4371652176046672,100,100
ENSMUSG00000056797,0.010781328304993709,19.549840232646496,22.27563277670588,0.001,6.413555326486224,0.001266048193752505,18.46675387245705,100,100
ENSMUSG00000056820,2.677044844678159,14.561170232428465,25.46763704736455,1.5322798981283796,6.029225616505368,0.662494495169076,3.921467418249587,100,100
ENSMUSG00000056821,0.07117896862481608,3.966675250862133,4.944117102932665,0.004461139898886084,0.33969229560027286,0.049483829184084796,6.960621218037372,100,100
ENSMUSG00000056832,0.5613531323246739,2.750321330848397,1.7909232587705703,0.26327975975145695,3.398261601835903,0.09889424839518843,1.8590726156357245,100,100
ENSMUSG00000056849,1.3592403197887213,5.758902683115599,1.1254723815460677,0.3814746676012013,149.9914637399245,0.0013642894419293081,0.6837528595474968,100,100
ENSMUSG00000056851,0.2060952797254477,0.4217262926048262,32.38191911913969,0.08230948181323144,0.48817629533958334,23.19680788775753,267.8451348777056,100,100
ENSMUSG00000056856,0.0024880240045683697,10.650899399780746,60.191223219966744,0.001,0.057161480777393234,0.003385655442864337,26.03653326955712,100,100
ENSMUSG00000056870,0.15905956769630483,1.7618341128284296,4.093801505628091,0.001,0.34918483281515394,0.9156109644388315,438.9345216268566,100,100
ENSMUSG00000056880,0.001,62.31581250733508,1.0,0.001,0.001,0.001980265496717779,0.20471279846990742,100,100
ENSMUSG00000056888,0.07201991139564065,9.200608981954785,71.74646650231189,0.04867817913231996,0.12184034764055007,3.069594886456626,14.905196671959175,100,100
ENSMUSG00000056895,0.001,66.84427540036525,1.0,0.001,0.0010000000000000009,0.0020346299154441784,0.14402127987562935,100,100
ENSMUSG00000056899,0.28133658198489914,0.7267342770182562,2.2419148723343043,0.02953027847232436,0.8985419296543016,0.767019356340668,483.69168399964553,100,100
ENSMUSG00000056900,0.23208642630655724,27.7917395171596,28.75177520208508,0.001,0.3609381482245417,0.6040249171765504,246.18503739970635,100,100
ENSMUSG00000056917,0.9682161713781039,10.301955048707693,19.71321061896627,0.34871230506089546,1.402394100985989,1.2398074924763898,8.92012020612883,100,100
ENSMUSG00000056919,0.001,0.002284627662039957,1.2102416943229102,0.001,0.5472549686934505,0.639904105649439,581.047292546157,100,100
ENSMUSG00000056938,0.8395917284758432,3.1661674140259772,8.477770500255257,0.253760196336863,1.5915492893621248,1.1549588510568733,18.131136191779085,100,100
ENSMUSG00000056941,0.6876952284791479,1.195785311482507,4.989238366769741,0.307715657391612,1.541571502015239,1.2471483286486809,12.072424827387634,100,100
ENSMUSG00000056943,0.001,58.440570410729244,1.0,0.001,0.0010000000000000005,0.0019478091528371123,0.3875793753906489,100,100
ENSMUSG00000056947,0.059417877607173195,1.2154244903050124,3.147200588105071,0.001,0.20798425962860767,0.47641624950340267,83.48825081855868,100,100
ENSMUSG00000056952,0.10987646533756644,0.0899716807586258,3.084442107529158,0.001741263121114259,1.3003441377414995,1.4967704265836095,2832.3288399883613,100,100
ENSMUSG00000056962,1.5054670691416618,6.194096418686123,18.314482789606377,0.8859296644371046,2.8161783582141577,1.2621338264042747,6.823369841315625,100,100
ENSMUSG00000056973,0.001,62.31581250733508,1.0,0.001,0.001,0.0014814256157231836,0.16269957752416397,100,100
ENSMUSG00000056987,0.001,62.31581250733508,1.0,0.001,0.001,0.0014762104077030544,0.22141007979103744,100,100
ENSMUSG00000056999,0.40981394271883426,0.37798586500251047,2.2540177485614037,0.007812476919979968,1.7104787975225584,0.7333918277756681,547.4457182547285,100,100
ENSMUSG00000057054,17.283681290845834,970.3334896771264,1.0,0.001,30.488517565122727,0.001,0.01026372369115703,100,100
ENSMUSG00000057058,0.0032079960951040534,9.289832689011513,23.399263341457136,0.001,0.03255801256782885,0.001954339399716306,16.827517610575097,100,100
ENSMUSG00000057060,0.001,62.31581250733508,1.0,0.001,0.001,0.0017853613256331481,0.14788510524910975,100,100
ENSMUSG00000057069,0.07760263783559618,0.29695788812980517,1.2182844774949868,0.0016411294423493948,0.6456807915967786,0.32402298282833125,197.37655824609976,100,100
ENSMUSG00000057072,0.001,66.84427540036525,1.0,0.001,0.001,0.0016140433829746898,0.2155213126941592,100,100
ENSMUSG00000057074,0.02394493320144356,23.353244122963773,31.9864481451563,0.001,4.029986872353622,0.001661947664897904,40.83209694456538,100,100
ENSMUSG00000057092,0.001,66.84427540036525,1.0,0.001,0.001,0.0019056943066531945,0.2218050633232619,100,100
ENSMUSG00000057093,0.08872543013902387,18.41868757510304,9.216828647261677,0.001,22.598661624745674,0.0013048280380801047,19.63239134457149,100,100
ENSMUSG00000057098,0.5308943120803721,1.9845383524209332,15.10231441344699,0.28197274906006653,0.7523673132930401,4.786757559317458,18.52463970522604,100,100
ENSMUSG00000057101,0.12286041655863586,0.17685667458587145,1.283382158265412,0.001,1.1082850860201936,0.4041816812770445,1118.4168531214464,100,100
ENSMUSG00000057103,0.09357965389654019,0.22689504139248196,1.1415719203603198,0.0014245873098618993,0.7209417635111082,0.4519228818018092,484.2882969431343,100,100
ENSMUSG00000057110,0.4405058907674083,24.333234960955963,24.814151785667114,0.001,0.6904289175506261,0.6085147876541964,862.8171405971157,100,100
ENSMUSG00000057113,3.3683704423820764,225.7680097478278,2634.103613542382,2.741141018319423,3.8867289368701856,9.857321631266712,14.86269423652649,100,100
ENSMUSG00000057123,0.001,60.60768216058454,1.0,0.001,0.001,0.0016648578797082033,0.26408235957199955,100,100
ENSMUSG00000057130,2.5392589834459454,157.98092188963614,519.7673053321566,2.1097699606640923,4.9707935179793505,1.7393376166844883,4.505248982076436,100,100
ENSMUSG00000057132,0.23297230013471046,31.534912533023235,21.42465389211272,0.0407055078028392,0.7150136873483046,0.15390701829265896,3.5186390839019253,100,100
ENSMUSG00000057133,0.391122641974647,1.5962490343665545,4.027484673761691,0.011498951829517936,0.8081681537865226,0.9720264707635482,393.37653677038446,100,100
ENSMUSG00000057134,0.25626916890222995,12.896050863716427,13.864673783216931,0.12914899880454767,0.6579824194380721,0.38385577852127456,2.3738117249684514,100,100
ENSMUSG00000057137,0.226533790312619,3.2726062998270207,6.363623962439767,0.05864974596450466,0.4770738877570032,0.7261089680855939,9.10427308710167,100,100
ENSMUSG00000057143,0.002088665192850671,0.003111168599345653,1.4142599864059198,0.001,0.7812269630996207,0.7805793895451982,1149.3968771045904,100,100
ENSMUSG00000057147,0.3117052942010981,0.38031389005147104,1.6044649048598318,0.031100466336987716,1.7545970726706461,0.4565664032837796,52.94564405949363,100,100
ENSMUSG00000057156,0.6481629594621243,15.448147698590104,6.852615800828314,0.153372161156614,9.189519828333712,0.04612839278813724,3.0449438217960436,100,100
ENSMUSG00000057157,0.001,60.188376913276144,1.0,0.001,0.0010000000000000009,0.0016928633610271229,0.2495399623766818,100,100
ENSMUSG00000057163,0.001,62.31581250733508,1.0,0.001,0.001,0.0020675974246767625,0.15207907957577058,100,100
ENSMUSG00000057173,0.001,61.45463549419866,1.0,0.001,0.001,0.001620469161767237,0.21556967369801874,100,100
ENSMUSG00000057177,0.1349678911098156,0.10181290573466846,5.9684607357037125,0.04957679840349033,0.4191235137859617,13.57947865979272,208.14952749732325,100,100
ENSMUSG00000057181,0.19382008653079158,21.602297827672395,30.391252475476033,0.001,0.28381065887088164,0.9426567665318837,481.68689616443305,100,100
ENSMUSG00000057182,0.00310472835613482,10.305201659108985,27.14397028150674,0.001,0.03942006115697292,0.002196136260899265,11.53905437813904,100,100
ENSMUSG00000057191,18.963336586359688,554.1596413787236,1.0,1.899293781554233,52.18571254302579,0.0010000807592599609,0.00944389413813704,100,100
ENSMUSG00000057193,1.453598131255484,11.277285907765853,100.82345287543939,1.077185206756654,5.845252647645654,1.8021236459482006,14.242305655462697,100,100
ENSMUSG00000057219,0.10828422182929,0.3267490459288241,1.6251054584183438,0.001,0.5147643413586973,0.7765243789038297,576.5192970436983,100,100
ENSMUSG00000057228,0.021828243028510164,1.1660181794693845,3.157264387464463,0.001,10.377733207109621,0.0013393560480935685,20.659860439064683,100,100
ENSMUSG00000057229,0.8745351446052861,2.643454837845521,3.307575258748632,0.42308773795533283,3.139433988162641,0.26579762084607883,3.892041137072958,100,100
ENSMUSG00000057230,1.4461616410572076,158.51266324157427,249.8186896621492,0.6227206427631409,1.8699707989680676,1.1498719283740466,5.837174695723764,100,100
ENSMUSG00000057234,0.44563182247895733,32.629167132422964,13.112315528403393,0.08631033074271122,1.8247714161285233,0.08818203798529717,3.194732267271011,100,100
ENSMUSG00000057236,2.0879062798478003,9.373650254151457,25.31886711289068,1.2603073950261066,3.9965299284193128,1.1559534619053913,7.402338265007526,100,100
ENSMUSG00000057244,0.001,13.24437027100208,1.0,0.001,0.001,0.0940548737301482,3.796066076313182,100,100
ENSMUSG00000057246,0.01122521057093223,18.541412167111428,21.16944010407589,0.001,10.945650351773823,0.0010007079124445119,17.531321381480225,100,100
ENSMUSG00000057265,1.0392737097251794,237.49345795787076,1.0,0.001,11.110579550931067,0.001,0.024033529086199212,100,100
ENSMUSG00000057278,2.9397211350963723,999.9999994351714,4261.389956896632,2.4345793388798915,4.49685382459837,2.873566750931755,5.337639030365812,100,100
ENSMUSG00000057280,0.13568043323509946,11.796389780372525,22.630842661692,0.05376467181398836,0.2779695512525956,0.5496860468309048,4.5310153833277225,100,100
ENSMUSG00000057286,0.1569497081813228,1.1281000367875547,2.183696771888825,0.004167985772647462,0.5915094620829113,0.44401111611493543,122.55654157473452,100,100
ENSMUSG00000057315,0.8746293395498578,2.9339540344052915,16.47302597440924,0.6072049239939153,1.400025913345979,2.9487023030462565,9.876824174050734,100,100
ENSMUSG00000057322,6.580542720528234,1000.0,10000.0,0.001,7.241909197048907,0.3577327645710266,271108.2933314906,100,100
ENSMUSG00000057329,0.16187558683794423,31.915877865452522,22.19523166828382,0.00486469509770188,1.0351855771820289,0.11194749140964859,24.90757515433389,100,100
ENSMUSG00000057335,1.1774763004315765,234.21806275298187,323.3049026982714,0.515973647664062,1.6542800189788194,1.05338503783674,5.27233884367682,100,100
ENSMUSG00000057337,0.010775989522888055,19.78411273131583,22.561939964852584,0.001,4.903126865975281,0.0012773828338689854,21.790157963455314,100,100
ENSMUSG00000057342,0.31891475638099337,0.48336703867562425,4.142899386992472,0.060406345435843896,0.6703137575156803,3.0061235814978025,59.602857940746716,100,100
ENSMUSG00000057346,0.029798526990564726,0.5904070979970121,14.136559186845783,0.010013904554321568,0.061461661897518866,5.7718688969613225,67.93454801790446,100,100
ENSMUSG00000057359,1.9891577545150922,313.7864506091756,1.0,0.001,16.662275880691592,0.0010000000000322728,0.1423670217465833,100,100
ENSMUSG00000057363,1.4724367481464764,5.0643075103863655,16.339504009153533,0.7712021125047153,3.294150580638039,1.2462713878568845,9.603313671925177,100,100
ENSMUSG00000057367,1.231948964569862,27.082470463489784,16.79752890194264,0.5512263485989654,2.8943091112376145,0.25336931497888215,1.9460717957198916,100,100
ENSMUSG00000057370,2.2386239439353877,560.8732842949564,1.0391422282568814,0.001,7.772931328512286,0.001,0.07498825797111519,100,100
ENSMUSG00000057375,1.386977174675671,3.0619012828124745,8.133379882141085,0.7444467134146253,2.9929320241557553,0.8896329630374471,9.090436003555535,100,100
ENSMUSG00000057378,0.02337308390794594,20.220106005587425,14.7035241146613,0.001,3.8025675874360214,0.0014824001738471867,15.426156469500771,100,100
ENSMUSG00000057388,0.7647658732083619,3.275782359400596,15.821940108512086,0.16048652522072956,1.2675755579911434,2.425631477530636,43.21035262722188,100,100
ENSMUSG00000057396,0.11488839280379079,2.1495833548584917,1.560584563923064,0.001,37.35543445073029,0.0013703530581047978,1.632626916410143,100,100
ENSMUSG00000057402,0.001,62.31581250733508,1.0,0.001,0.0010000000000000005,0.0017658304477623393,0.6948281274724748,100,100
ENSMUSG00000057406,0.2912004478524684,2.8146412727469245,10.106316925332658,0.1502277456813876,0.4557006322208951,1.955135748502141,8.392372138782502,100,100
ENSMUSG00000057409,0.6968285686278987,10.420917842327768,13.442573320786787,0.07946026280948604,0.9670338677965375,0.9600837748870199,18.53066824609433,100,100
ENSMUSG00000057411,0.2625529383646173,1.1026455549781737,16.309320570141033,0.09569969265254072,0.38439893456112095,10.646703723726887,61.384244582558836,100,100
ENSMUSG00000057417,0.001,62.31581250733508,1.0,0.001,0.001,0.0016590945814772932,0.06462258621599845,100,100
ENSMUSG00000057421,0.13386096007954404,0.1261258408014717,10.046742720011629,0.04347766941323615,0.4796679273308633,14.04072305456674,262.2482216621256,100,100
ENSMUSG00000057440,0.022872783292655866,10.227817194538735,15.083997025689353,0.001,21.210286572653185,0.0010971862595854508,11.681693692372475,100,100
ENSMUSG00000057454,1.827408594187776,433.33200259696997,1.0,0.001,6.877650803094045,0.001031028906798012,0.1901996705249238,100,100
ENSMUSG00000057455,0.001,62.31581250733508,1.0,0.001,0.001,0.0015691242949802619,0.39727421454635203,100,100
ENSMUSG00000057457,3.029295838839696,717.4471743407762,1.0,0.001,7.151109965162991,0.0010140141457735954,0.018675887108970265,100,100
ENSMUSG00000057465,0.0024128796130728457,0.39724802005288196,14.376691100222558,0.001,0.06797871938533186,0.0016456721557306401,81.70590908856508,100,100
ENSMUSG00000057469,0.5314788245084483,2.6535122636805584,7.887604050302936,0.024814631884740493,0.8530327707368149,1.649220099722406,1007.7593544053291,100,100
ENSMUSG00000057497,0.6654581169190312,0.8478259188880148,5.861503332284593,0.3959336906297327,1.4975508546796528,1.8088100536621545,14.312709446505735,100,100
ENSMUSG00000057503,0.001,66.84427540036525,1.0,0.001,0.001,0.0016828797196229263,0.2611650617417967,100,100
ENSMUSG00000057506,0.4312024923784425,0.8267967026654567,20.738689819481763,0.27908560567761664,0.7879669202936852,9.564458534427702,47.48937704409795,100,100
ENSMUSG00000057522,0.7212000824757079,2.4370302202895697,43.87037276182171,0.533418490652819,1.191932929220767,9.546061021269377,27.304937879492197,100,100
ENSMUSG00000057530,3.830483781590097,122.1574203715655,684.3638778738506,2.835195404474189,6.437464353146526,3.250963540087408,8.865645661747472,100,100
ENSMUSG00000057531,0.8067264950956125,0.9756405122919399,6.813855636995876,0.517946761711701,1.9300270986160393,1.7071977954892654,13.964372256849623,100,100
ENSMUSG00000057541,1.3183836901558545,6.179920606321849,10.672845631195734,0.7529501671007017,2.6606883685972536,0.6961717527808531,4.197293607336222,100,100
ENSMUSG00000057551,0.17004015044229207,0.2120726367413214,1.0,0.0010003344581424709,1.4964012422950062,0.2980818105488178,906.5093883543313,100,100
ENSMUSG00000057554,2.105040728437711,6.786928326688045,24.727801973733445,1.2209994952298975,4.857375532270778,1.248383327735524,8.738046933666503,100,100
ENSMUSG00000057561,1.5982352198926384,1.0555844234192144,12.844044849452589,0.8255111881561108,11.057800668765566,0.6942941844424014,39.09071341548381,100,100
ENSMUSG00000057572,1.8162464887382543,42.1938908926065,66.13952264299253,0.7201622565796131,2.3632096869337436,1.0826342226817682,7.470818806959048,100,100
ENSMUSG00000057580,0.001,52.5155361231892,1.0,0.001,0.001,0.0018945508512356606,0.09084364202245687,100,100
ENSMUSG00000057594,1.8552406239038473,10.860484179150756,23.44420911729536,1.1998997908964975,3.1812397446785035,1.073635583434474,4.441474001750745,100,100
ENSMUSG00000057596,0.001,66.84427540036525,1.0,0.001,0.001,0.0016558459188672787,0.3752668644577306,100,100
ENSMUSG00000057604,0.1291761805178249,14.814255882515116,144.02439411275824,0.09407895422826887,0.19707035581438404,3.9164232712712064,16.440677271940288,100,100
ENSMUSG00000057605,nan,nan,nan,nan,nan,nan,nan,0,0
ENSMUSG00000057606,0.001,62.31581250733508,1.0,0.001,0.001,0.0017893414783229135,0.45376093760767117,100,100
ENSMUSG00000057614,0.19740069741524754,19.997363878407352,43.97318237304171,0.07668978101069407,0.34095134241813974,0.9624402952927513,6.6519448659820455,100,100
ENSMUSG00000057637,0.8778579581500259,2.1821191610780977,6.9024076340926515,0.15029242422694555,1.9630975383400981,1.046245184715862,52.14480982443472,100,100
ENSMUSG00000057649,0.464931373099078,0.29438390882839116,2.5009972354486285,0.006994897537682438,3.0918546823657698,0.5240944988877752,1004.5743240217294,100,100
ENSMUSG00000057657,nan,nan,nan,nan,nan,nan,nan,0,0
ENSMUSG00000057666,5.178063743329747,398.4896780591508,3179.347192772744,4.46747731225312,10.561115228277405,4.1949318238593705,10.033122991110146,100,100
ENSMUSG00000057667,0.28670838009504646,5.152331917260968,10.11000793351928,0.14467844886939113,0.5520921959504692,0.9584533482844639,3.9679291219124804,100,100
ENSMUSG00000057672,0.1233267012853045,0.11776517624440754,3.2497002126327534,0.004462210653795778,0.38119072796823855,8.18529140831601,1234.9905530115448,100,100
ENSMUSG00000057685,0.001,61.88525872635182,1.0,0.001,0.001,0.0020862024277447347,0.07238328535442382,100,100
ENSMUSG00000057691,0.9694461474458989,4.421049289219971,6.480319288475542,0.3122448960033597,1.8044485174447715,0.6540586046918693,7.3073110094571945,100,100
ENSMUSG00000057706,0.001,46.599541208996975,1.0,0.001,0.001,0.0017764332059518315,0.10618611814457357,100,100
ENSMUSG00000057715,0.001,62.31581250733508,1.0,0.001,0.001,0.0016346295723538061,0.07750751736885597,100,100
ENSMUSG00000057716,0.001,62.31581250733508,1.0,0.001,0.0010000000000000005,0.0018140189306104669,0.4912393830531689,100,100
ENSMUSG00000057719,0.033281867179879694,20.83426789552236,18.06757349580268,0.001,9.440804868851508,0.0015778828977634236,35.083732690213786,100,100
ENSMUSG00000057722,0.022041315128404026,21.593677137659114,24.075823097632913,0.001,4.077770989269329,0.0019511152746694797,38.19341696676014,100,100
ENSMUSG00000057726,3.3467679826601007,809.4058638924901,1.0,0.001,7.827511493661655,0.0010000334895497358,0.06589933302749187,100,100
ENSMUSG00000057729,0.001,62.31581250733508,1.0,0.001,0.001,0.0018668571824545406,0.28678067279848163,100,100
ENSMUSG00000057738,3.995151534422986,55.25054813038867,155.43536242209765,2.4440080455603135,5.748690535314376,1.7952056457513512,7.139185540106492,100,100
ENSMUSG00000057751,0.054415458693620675,1.1614269455492618,4.9295215535556345,0.0010426562152679448,0.14598749588172977,0.9753132489138427,35.090097149454664,100,100
ENSMUSG00000057766,0.08261526253699777,15.319339517231095,16.264834146794616,0.001,1.0945354378561103,0.004741639382289412,25.588964266513603,100,100
ENSMUSG00000057777,0.001,60.60768216058454,1.0,0.001,0.001,0.0020323481216643208,0.08435997033672801,100,100
ENSMUSG00000057778,0.006280929649685737,5.415595851373816,13.391796874555505,0.001,0.0791662391188354,0.0023950820220377785,33.112530313077976,100,100
ENSMUSG00000057788,0.30154929081456144,0.5781838377752433,7.905925226161497,0.06289031956309789,0.5490278893677052,7.214707071984085,76.99803743013895,100,100
ENSMUSG00000057789,1.9311299035289826,2.7065641797073665,18.102033333768393,1.2749070793604684,7.511097190312649,1.0081573199776275,13.201855997666701,100,100
ENSMUSG00000057816,1.827408594187776,433.33200259696997,1.0,0.001,9.611669982172153,0.001016594814261836,0.3117399600149391,100,100
ENSMUSG00000057818,0.001,66.84427540036525,1.0,0.001,0.0010000000000000009,0.0016083657725681592,0.18526304793330306,100,100
ENSMUSG00000057829,4.465718265078717,999.9969150450039,1.0001124458570074,0.001,8.720669150284404,0.001135466176433166,0.09247539709206803,100,100
ENSMUSG00000057835,0.3069831262713077,66.18422955702673,45.15991963191469,0.14152375201861844,1.5670899951513628,0.09871923902660493,1.5643064266758697,100,100
ENSMUSG00000057841,5.816923715310588,64.28647932828584,1396.4738542466798,0.03183975471929018,6.678702213738056,1.3998406865254758,104.88860177216881,100,100
ENSMUSG00000057842,0.22374748345410847,3.0266663482812106,1.0,0.01250848355314732,49.3254569721303,0.0011241504589167427,0.8351387525162681,100,100
ENSMUSG00000057858,0.5607414695101912,3.2108362333915754,6.2744571596556,0.30428677750109046,0.9641262312715734,0.9533687605318165,4.1562020245199225,100,100
ENSMUSG00000057863,7.31794014857441,179.13220430166842,2576.6114542138776,0.056880024509548675,8.41913017929997,1.8600479151927614,639.2318931351649,100,100
ENSMUSG00000057880,0.16633979690399933,333.83391422489467,365.6363634670095,0.024612366384920217,0.37436428356676443,0.37071183538562136,20.998097076614417,100,100
ENSMUSG00000057894,0.5075744226256469,34.278644301561776,9.829500902883247,0.09529989131628293,6.877447138485389,0.02528736144157225,1.633399061133856,100,100
ENSMUSG00000057895,0.3567970239574709,27.706620353511354,20.736108562987596,0.028387248877345644,0.6575089563880803,0.3792320815234872,11.948972393042805,100,100
ENSMUSG00000057897,0.08744801936224501,1.2058567605664874,1.0,0.0022435507439364853,1.838981578608427,0.0025300986167516937,3.554074289580088,100,100
ENSMUSG00000057914,0.021506624231439442,7.4072341092918546,11.794413884334084,0.001,16.450763921642377,0.0011745085839445124,14.188446676128653,100,100
ENSMUSG00000057933,0.005706439478313868,6.533037929465343,96.00215344906199,0.001,0.04888631781346921,0.001952034055135722,139.92194168393172,100,100
ENSMUSG00000057945,0.001,66.84427540036525,1.0,0.001,0.0010000000000000005,0.0016846484630253778,0.259514947152676,100,100
ENSMUSG00000057948,0.020603315995795447,21.741649551058337,40.77835507185411,0.001,9.950079504085618,0.0014755286277234434,71.17084270652447,100,100
ENSMUSG00000057963,0.7322870514978385,10.672665286941395,23.82612833414655,0.39291972599469327,1.0129061536695483,1.5394081047248247,5.50241072673389,100,100
ENSMUSG00000057967,0.025119703033839026,18.074882437809453,56.16234842298559,0.001,0.11540649721296514,0.24882541089611898,118.16798306046707,100,100
ENSMUSG00000057969,0.04044289503644707,0.31881888660264185,2.69696650367217,0.001,0.17706979370267062,1.417357882486432,350.36223886631115,100,100
ENSMUSG00000057977,0.001,62.31581250733508,1.0,0.001,0.0010000000000000005,0.0017009213749409576,0.09320941993249024,100,100
ENSMUSG00000057982,1.2280442769471729,128.22841408820358,97.66600860421437,0.0065376348417534105,2.086396478843717,0.42119658295616774,410.60307038015327,100,100
ENSMUSG00000057990,5.717115884898646,1000.0,1.0,0.001,11.460703150644093,0.001,0.22183560337311958,100,100
ENSMUSG00000058006,0.39605384349109596,0.36148791006291037,4.200138068182088,0.18386747411852145,2.426689533557438,1.013228312273961,31.73672197136881,100,100
ENSMUSG00000058013,2.4939821929033505,15.122741311587363,81.87649140161126,1.9400586023128712,5.8060999360195575,2.043437234955644,8.030518643242438,100,100
ENSMUSG00000058019,0.001,62.31581250733508,1.0,0.001,0.001,0.0016613931087824888,0.16181816742920438,100,100
ENSMUSG00000058022,0.001,62.31581250733508,1.0,0.001,0.0010000000000000009,0.0017404622356338418,0.31150180328348864,100,100
ENSMUSG00000058028,0.001,62.31581250733508,1.0,0.001,0.001,0.0021050986379401613,0.15069543649211328,100,100
ENSMUSG00000058046,0.005559712252201737,12.212682620113895,21.111289952293568,0.001,0.07569000131079066,0.0020973694624664713,16.940161750512345,100,100
ENSMUSG00000058050,7.590472610216241,891.6012019966298,1.0483583802779073,0.001,22.636684571532108,0.001,0.052377420494088014,100,100
ENSMUSG00000058056,1.021081876923713,30.33788541504013,189.67613936690705,0.7182835969507239,1.2733548805011465,4.398315209257309,10.245545875132981,100,100
ENSMUSG00000058057,0.001,58.655869952050985,1.0,0.001,0.001,0.0018324934050006556,0.1820238531155694,100,100
ENSMUSG00000058070,1.48778138818814,3.904902162628789,28.126137855417184,0.9395412075601611,4.4499367684442355,1.7022723271700126,16.953527554367255,100,100
ENSMUSG00000058076,1.9814857204761842,1.7019974813251793,12.599893932282919,1.4100667084334573,5.797540402646362,1.1954907017981484,14.086693115316148,100,100
ENSMUSG00000058093,40.341954841640586,791.655353589545,1.0,2.646724356706087,64.46495015955263,0.0010311334416943964,0.008946894066846976,100,100
ENSMUSG00000058099,2.337569118418018,573.9891342931422,1.0176277045143687,0.001,9.587305643726891,0.0010054213419974747,0.030869430563298245,100,100
ENSMUSG00000058101,27.897610507024297,706.2043485822821,1.0,1.488517598123871,56.03780026332163,0.001001794089390594,0.017129920219314927,100,100
ENSMUSG00000058135,0.37144717954153045,5.4344269462049635,253.3879593074293,0.10253622840384817,0.48170687417942726,34.41550413688189,36777.721037823896,100,100
ENSMUSG00000058145,0.001,61.88525872635182,1.0,0.001,0.001,0.0015980078144889353,0.18237226401385753,100,100
ENSMUSG00000058152,0.11760719378647631,27.07295952002025,26.380560330738238,0.001,0.3204935289584598,0.3873016054365806,130.6924966314625,100,100
ENSMUSG00000058153,0.001,62.31581250733508,1.0,0.001,0.0010000000000000005,0.0013383242098190386,0.43015262328078846,100,100
ENSMUSG00000058159,0.001,62.31581250733508,1.0,0.001,0.001,0.0015663530996735393,0.18859153559330025,100,100
ENSMUSG00000058163,0.001,62.31581250733508,1.0,0.001,0.001,0.0015368263164231835,0.3729903784562969,100,100
ENSMUSG00000058173,0.31975123665371735,3.253218526043575,6.965863154770831,0.001,0.363205620967227,1.8452817674614526,1105.1466573872826,100,100
ENSMUSG00000058174,0.001,62.31581250733508,1.0,0.001,0.0010000000000000005,0.0014425701420719254,0.16084983627062646,100,100
ENSMUSG00000058183,0.010770532059672574,19.60075522734565,22.359885939862792,0.001,7.738959363876871,0.0011022278510519306,15.373128900473223,100,100
ENSMUSG00000058192,0.4983899864376981,32.714646743802696,13.55065358193356,0.06403204075207375,1.92168048379484,0.09081296790227641,3.478167846115606,100,100
ENSMUSG00000058216,0.001,62.31581250733508,1.0,0.001,0.0010000000000000005,0.0019764611779642433,0.08613307020534833,100,100
ENSMUSG00000058230,1.1312856527174093,3.1350658319544,14.146216156031953,0.6657807320537084,1.8507946754680826,2.1177068134794927,10.539144966910342,100,100
ENSMUSG00000058239,0.14870527859559274,0.25173403339632505,18.79295552336036,0.0876229308080106,0.3992617220499016,21.097464172587756,136.38169419312385,100,100
ENSMUSG00000058240,2.5482715936033817,62.29101588516782,101.20077639522184,1.031580441856747,5.563413945113551,0.673731782579273,9.580173967308493,100,100
ENSMUSG00000058246,0.003152375789089701,9.389929231126672,24.416147148488815,0.001,0.03388943322057856,0.0013616416727529434,13.810032155041785,100,100
ENSMUSG00000058248,0.0010000016747435468,0.013604341746124916,1.2556252965667767,0.001,0.18527677886890997,0.23906900565094721,126.87987423817137,100,100
ENSMUSG00000058252,0.001,62.31581250733508,1.0,0.001,0.001,0.0016760548141777154,0.07074567603813435,100,100
ENSMUSG00000058254,0.1972343818432409,6.301385022849684,27.982021158944292,0.11777544429856424,0.28929814829315015,2.7230575735116873,9.798250926617062,100,100
ENSMUSG00000058258,0.03360825353298871,0.30571673720804277,7.930911146875037,0.001,0.08050935934580777,6.909025949434248,928.382537333043,100,100
ENSMUSG00000058267,0.23653072600894381,0.2999247306577217,23.32293735340169,0.1321006161438102,0.7328840433755868,15.734072335504774,142.48427160464485,100,100
ENSMUSG00000058290,0.025276980625396593,0.8413107202509531,7.062644156289433,0.008471510084317287,0.13720864597161156,1.0624449353515084,27.91624408152858,100,100
ENSMUSG00000058291,2.250580836655514,518.1323255204379,299.10294253423694,0.2695132519076015,4.477068442276188,0.27126172170724183,21.396539188725775,100,100
ENSMUSG00000058297,0.023965821363499052,22.491047899936408,43.27512032692336,0.001,0.2824860939495659,0.05691094454969304,76.1790946092255,100,100
ENSMUSG00000058298,0.11068186080576821,26.825488208606554,33.03674241993781,0.001,0.24865136686131928,0.3398063223896364,203.47125435596607,100,100
ENSMUSG00000058301,0.09426368791531083,10.579348000217065,31.89462298802431,0.001,0.16989782772053957,1.7047075440014106,370.51045240330967,100,100
ENSMUSG00000058317,0.1749637237627471,0.5104775600365002,1.9815540020015323,0.001,0.6639425861644089,0.8604827277881757,1035.4641493600047,100,100
ENSMUSG00000058318,0.18608222719724143,0.27740956065210604,4.197628513462905,0.02146551351871693,0.47168075346878,4.157814892043476,159.57838833796507,100,100
ENSMUSG00000058325,0.4289514856366623,0.5902178641295491,4.006122999829225,0.046182205244163735,1.0491756970864614,2.5545510086236636,104.02970397443461,100,100
ENSMUSG00000058331,0.3018385857570381,33.388307680428795,15.129073656838191,0.04893269659076495,5.234919483708586,0.02600690932068621,2.528955768004396,100,100
ENSMUSG00000058351,1.4408341867060432,2.0847046044838766,11.674021865297684,0.7310578106464668,4.297927534147632,1.1347814045461546,15.910444186005957,100,100
ENSMUSG00000058355,1.707127304855281,1.6488981505075802,15.382802177067326,1.221071776713158,6.88615479544248,1.223011919842517,17.605186456641952,100,100
ENSMUSG00000058357,0.10622355731788989,0.03929145793062607,2.2382179593968328,0.004798302006045785,2.9350071062668954,0.7595537093100636,1788.7323189645804,100,100
ENSMUSG00000058385,0.001,42.293721200845646,1.0,0.001,0.001,0.0027311429602025834,0.15226696388764138,100,100
ENSMUSG00000058388,0.09967267706286721,0.1812495593914189,4.4938082393839585,0.002511231155626453,0.23962369335865574,7.369677488561548,1242.0355139809294,100,100
ENSMUSG00000058392,0.020405849712573847,0.0258325465325618,1.3301010462573783,0.001,0.7362017498302421,0.8027795298832312,1162.2174862504683,100,100
ENSMUSG00000058396,0.001,62.31581250733508,1.0,0.001,0.001,0.0020129480320247965,0.17966203541628561,100,100
ENSMUSG00000058402,0.2023140684567008,17.115464928385737,9.53355269713651,0.03828509184295503,5.174625379935925,0.010812041343331635,1.7498522593356212,100,100
ENSMUSG00000058407,0.001,13.186998118948347,1.0,0.001,0.001,0.06945036544780168,4.721633411100924,100,100
ENSMUSG00000058420,0.3119782232147654,21.61059772943127,40.21926330336338,0.11359449701301746,0.4292489037188891,1.3083538366793683,8.256643482945739,100,100
ENSMUSG00000058427,0.00472656527145164,1.1338761255132295,22.657010292066545,0.001,20.990513764009705,0.0010000000000122012,0.023011400159760102,100,100
ENSMUSG00000058440,0.9672834729326455,108.77893183714254,151.61858291842748,0.306983575469733,1.7881717868820555,0.7388426217235446,7.677547066564475,100,100
ENSMUSG00000058441,0.001,66.84427540036525,1.0,0.001,0.001,0.001822728174857235,0.09429962044568588,100,100
ENSMUSG00000058444,0.46992307191910554,0.7935683248742434,3.1142709178624135,0.09458105039788259,1.1906193441758526,1.0365816915163542,26.3665754096967,100,100
ENSMUSG00000058446,0.2953856098943581,0.9565868900275475,2.1615187265902347,0.001,0.6411547755793534,0.7564931700274133,1067.7423342070906,100,100
ENSMUSG00000058447,3.3119647849738665,787.757646340598,1.0,0.001,8.439081938010073,0.00100000000001981,0.0440357595661208,100,100
ENSMUSG00000058454,1.206111924108891,70.07967209368016,363.062194045104,0.8005311372875018,2.1121848886332755,2.5488120512296435,9.889868647423654,100,100
ENSMUSG00000058470,0.001,62.31581250733508,1.0,0.001,0.001,0.0019154347668462867,0.25029179180172867,100,100
ENSMUSG00000058486,0.4683791680317132,243.5127658655305,178.83388786724763,0.09328248041544687,1.356325967015521,0.19528008241401862,4.7535101021361825,100,100
ENSMUSG00000058488,0.001,62.31581250733508,1.0,0.001,0.001,0.0017558308346556396,0.35989459115772343,100,100
ENSMUSG00000058498,0.22661833217862287,38.483123645896264,45.26768078993542,0.1070343138662356,0.4517932534750565,0.5272587707904021,2.735284686308348,100,100
ENSMUSG00000058503,0.8249426580089586,1.5190810168210274,5.279742378034442,0.3378292757211324,1.9246234522377097,0.9365789234446085,10.796217743545416,100,100
ENSMUSG00000058542,0.14414790493680465,0.9316141824406523,16.592740462317114,0.001,9.207434884757676,0.09541054115018241,14003.968632407745,100,100
ENSMUSG00000058546,70.70849654780271,1.6593971257625226,3.0580122002788195,0.09948099039807669,226.70401434675023,0.03180929685082276,3001.741318163189,100,100
ENSMUSG00000058550,0.001,62.31581250733508,1.0,0.001,0.001,0.001586093741187862,0.2577425084485218,100,100
ENSMUSG00000058558,3.448934593409024,11.13910138317273,591.3784529268291,0.001,4.716485341443892,0.2677025458152234,10080.270152792828,100,100
ENSMUSG00000058567,0.03477083249482454,21.594123357233446,24.06841768711252,0.001,15.536380307613095,0.0014265416921207899,44.98394976253297,100,100
ENSMUSG00000058569,5.445260890843546,106.29669472089594,800.9193335520118,3.6070379968049275,7.356011982449649,5.3250161981132305,15.837396656224374,100,100
ENSMUSG00000058571,0.2627429716096237,0.6301142224971612,3.309989092270659,0.09346813474128259,0.5993009110258594,1.757910288223313,17.239690169580854,100,100
ENSMUSG00000058579,0.001,62.31581250733508,1.0,0.001,0.001,0.002114613565028178,0.4313952209540639,100,100
ENSMUSG00000058586,0.1245217281642708,0.16664839918037216,4.045453056895215,0.0010065215005932748,0.6160515569918745,3.0692453794264596,3069.4567204658388,100,100
ENSMUSG00000058587,0.9349297331363783,1.4797300725371016,7.506594534835756,0.49655146862777144,1.73045384933449,1.9509181224784884,12.584916766202529,100,100
ENSMUSG00000058589,0.011355624334402367,25.367344120881288,66.35838796308192,0.001,4.179715849513661,0.0013029444808607292,29.574356377697114,100,100
ENSMUSG00000058594,0.6248270989076523,0.6119199885389832,6.575267595880051,0.20402199373193042,2.2636484543756152,1.6905913310445189,57.2463568242853,100,100
ENSMUSG00000058603,nan,nan,nan,nan,nan,nan,nan,0,0
ENSMUSG00000058620,0.001,62.31581250733508,1.0,0.001,0.001,0.0017104666318971604,0.22301921583219525,100,100
ENSMUSG00000058622,0.001,61.88525872635182,1.0,0.001,0.001,0.0018585002376891435,0.3107517178439037,100,100
ENSMUSG00000058624,0.5269335306341101,3.370791033572349,17.637120888776373,0.35718350193095094,0.7567312474797576,3.4795782167202196,8.779499087757046,100,100
ENSMUSG00000058626,4.547732147385933,1000.0,1.0,0.001,13.671448304746795,0.0010000001291161457,0.0701504956796128,100,100
ENSMUSG00000058638,0.38352815080623137,0.4120825667464623,2.688520539726923,0.0698851101898127,1.1757495610511959,1.402964329845938,52.013084510653826,100,100
ENSMUSG00000058655,2.6935091520801375,8.574478444175202,49.56898479029097,1.8952736179876757,5.794897958293615,1.9731443432182487,10.966555902780428,100,100
ENSMUSG00000058656,0.001,12.68828758990702,1506.9495539081463,0.001,0.02447609324449876,0.002901257976074131,39.10216166140722,100,100
ENSMUSG00000058665,0.10573870281732176,22.491781584931925,40.245999048442,0.001,0.21439850614338132,0.8653124109621584,279.3382169989811,100,100
ENSMUSG00000058669,0.0035313653399544056,10.661339422776832,96.34322699874023,0.001,6.101269093953513,0.0012385749629226788,48.920186367644334,100,100
ENSMUSG00000058672,1.8996375339112657,714.2831468370277,9206.147428417305,1.459101875961983,2.7972798276064914,8.167596931106443,17.43788971044572,100,100
ENSMUSG00000058690,1.1076625082104543,6.206689923598614,15.956520213465788,0.6776049809194253,1.690460534420983,1.4360875886125806,5.703408650278545,100,100
ENSMUSG00000058700,4.195145775437441,432.09801197813255,1.0,0.001,16.77017861745586,0.001,0.019777179507207584,100,100
ENSMUSG00000058704,2.1280174819267765,7.022735281770871,43.97799769497686,1.2853833465077278,4.084214542519222,2.4350849570701287,15.061772072966933,100,100
ENSMUSG00000058706,0.5736846241462078,3.1017656258560384,5.805163313359879,0.04787436164542828,1.2507819669678184,0.6750859788485246,80.32471128455221,100,100
ENSMUSG00000058709,3.8010084850438486,347.054857965774,386.30425362026523,1.7154251269990766,8.662982834381118,0.4664503662393485,4.94805181675544,100,100
ENSMUSG00000058715,0.001,60.37820284006485,1.0,0.001,0.0010000000000000005,0.0014298033656136389,0.8652396386703968,100,100
ENSMUSG00000058717,0.001,62.31581250733508,1.0,0.001,0.001,0.0016884325044826242,0.3441089144662987,100,100
ENSMUSG00000058729,0.08986918704911093,2.114086918276325,5.258906245828322,0.0034105208475593077,0.20880175325442604,0.8223568023558996,91.92108980955499,100,100
ENSMUSG00000058741,0.001,62.31581250733508,1.0,0.001,0.001,0.0018770575271230923,0.2766978443044502,100,100
ENSMUSG00000058743,1.3311702656031583,301.67965159073105,1.0,0.001,9.046724742088267,0.0010494684618845313,0.029625880462581806,100,100
ENSMUSG00000058745,22.994749288619992,873.2626740092818,1.0,0.761660129827238,37.73310840996595,0.0010001988178464823,0.01023245327658532,100,100
ENSMUSG00000058748,0.6541035615771283,2.6835536884800337,3.410045943060311,0.0011467782060990092,1.2226519796774578,0.6728548967272399,1100.251424771025,100,100
ENSMUSG00000058755,0.001,62.31581250733508,1.0,0.001,0.001,0.001605282667145819,0.06913874993033362,100,100
ENSMUSG00000058756,0.1646739737602316,0.32607332923280036,3.339291034975969,0.013277553390648688,0.49315651982350917,2.621049466543172,205.42753034159077,100,100
ENSMUSG00000058761,0.7764460394072453,55.73827455517582,104.53651316483996,0.3842217551785686,1.0493051046946102,1.5392983671481997,5.302672114165481,100,100
ENSMUSG00000058773,0.009994230781281402,21.515252791881654,52.787104065247846,0.001,2.6371293828950066,0.0023345386455869066,46.88264897495574,100,100
ENSMUSG00000058793,1.0540115550601652,2.811889234190861,13.556659735267415,0.6623850525331334,4.561120647139614,0.8448026875871115,10.040888253142192,100,100
ENSMUSG00000058794,0.001,62.31581250733508,1.0,0.001,0.001,0.0016535795350505313,0.22506601008531096,100,100
ENSMUSG00000058799,0.2680762244374439,0.8825020092371371,81.61794115692722,0.0730615030138805,0.4583077954345822,55.1478340993666,367.1571947961828,100,100
ENSMUSG00000058806,0.001,62.31581250733508,1.0,0.001,0.001,0.001707046476041185,0.19787290318316403,100,100
ENSMUSG00000058809,0.001,0.014280327908201178,1.6198625735990362,0.001,0.11263801319991551,0.5258047575558913,189.35497271226185,100,100
ENSMUSG00000058812,0.27213439610239265,65.36421030425801,1.0,0.001,4.694456972062669,0.0011967690690065503,0.08736649996484075,100,100
ENSMUSG00000058818,0.001,61.88525872635182,1.0,0.001,0.001,0.0018117727197344475,0.16627702323143417,100,100
ENSMUSG00000058831,0.0610931018650679,19.078078788279928,7.825270366784681,0.001,24.389750853963356,0.0010000000000000425,37.75056339456965,100,100
ENSMUSG00000058833,0.8473258513166227,120.3231584023375,547.1012906129856,0.6933700245963224,1.0956447902870088,3.480803471043144,6.139242364072339,100,100
ENSMUSG00000058835,1.4019273163138988,1.5960200510480973,10.49814532268344,0.7726315858950468,4.26505469531236,1.2200444340534116,17.59624627487525,100,100
ENSMUSG00000058838,11.021597970381409,719.5642536963209,1.0,0.001,26.783855865619017,0.001,0.01155876160930511,100,100
ENSMUSG00000058869,0.001,61.88525872635182,1.0,0.001,0.001,0.001781371767562983,0.18134749244781412,100,100
ENSMUSG00000058881,0.30629520509294217,1.110009874477487,4.3604637676728935,0.06126632065984507,0.563758987032602,1.6489798231569601,29.36626653500395,100,100
ENSMUSG00000058883,0.022687478414637058,20.660045893850885,15.029756214923411,0.001,13.457621067640194,0.001188585540021347,25.34275543949468,100,100
ENSMUSG00000058886,0.14579665794277644,0.3849338513329517,3.8881539719422036,0.061469417543817434,0.3445153282942338,2.9189884043599865,30.613939033831336,100,100
ENSMUSG00000058897,1.8313100340425117,434.42234650126426,1.0,0.001,8.326722082454534,0.001000000000202899,0.04506358483967447,100,100
ENSMUSG00000058900,0.1897173507176604,2.8217792463861033,4.033165501856912,0.001,0.3343740984092851,0.7038823362861504,414.20486432974326,100,100
ENSMUSG00000058914,0.08335154279639151,4.332296311966465,17.63599859591335,0.0365742889722589,0.21019465621494973,1.0380858741067998,8.97519549545677,100,100
ENSMUSG00000058921,0.001,62.31581250733508,1.0,0.001,0.001,0.0014124756888269686,0.1033747950957048,100,100
ENSMUSG00000058922,0.001,21.841023093818713,1.0,0.001,0.0010000000000000009,0.0045444693419944195,0.9873932796000723,100,100
ENSMUSG00000058934,0.001,66.84427540036525,1.0,0.001,0.0010000000000000009,0.0016494412003370594,0.23814700836797448,100,100
ENSMUSG00000058952,0.0801272943714794,26.009135975770473,54.6633611716712,0.001,0.15483836578537213,0.9863622371010476,233.34780212187553,100,100
ENSMUSG00000058966,0.027464004329331184,22.165784183127236,33.718398445570934,0.001,0.17289536605571498,0.0024586814361598026,49.12731273813441,100,100
ENSMUSG00000058979,0.21185800555054352,0.6539331399204319,1.3004661148488657,0.07844951379059098,1.0515773317379238,0.2950969522224909,6.289970486754001,100,100
ENSMUSG00000058997,0.2580583470951854,0.3201863276031574,2.921339200272696,0.015716261145539114,0.8868477063807925,1.702349147098703,257.6693167801269,100,100
ENSMUSG00000059003,0.001,62.31581250733508,1.0,0.001,0.0010000000000000009,0.001838020107157669,0.3681302432714073,100,100
ENSMUSG00000059005,0.16232241534613498,0.5621286691337917,146.1147333308689,0.001,0.23291377990221657,0.0796689029430594,4668470.117259126,100,100
ENSMUSG00000059013,7.342901723670828,894.6077652403436,1.0151582035418605,0.001,16.574641329685477,0.001,0.029238802743792307,100,100
ENSMUSG00000059022,0.0841434502233308,18.441156297675093,9.277166280846826,0.001,7.4970734124495415,0.0015185819827482645,34.497146216243735,100,100
ENSMUSG00000059027,0.12093771880809452,96.2347152113135,69.6470509110619,0.045904136057881496,44.5823626292324,0.0013917631797906896,1.696036198772302,100,100
ENSMUSG00000059033,2.7536478855209556,632.8562464054252,1.0,0.001,9.43606194249216,0.0010287327170803461,0.11768946698145866,100,100
ENSMUSG00000059040,nan,nan,nan,nan,nan,nan,nan,0,0
ENSMUSG00000059060,0.16292104082185227,77.4217016887295,76.60739564435205,0.062212905275237734,1.5149978865211988,0.05324191691862805,3.212630720778993,100,100
ENSMUSG00000059064,0.001,20.122512913720332,1.0,0.001,0.001,0.003943788533833329,0.6059662553776255,100,100
ENSMUSG00000059069,0.001,62.31581250733508,1.0,0.001,0.001,0.0015869146526332025,0.15345871086603471,100,100
ENSMUSG00000059070,0.18313010596479606,0.5733272097758946,297.219939680947,0.001,0.08314254331995867,0.005391539350888982,197.4652750109682,100,100
ENSMUSG00000059077,0.001,62.31581250733508,1.0,0.001,0.001,0.0016584395673597133,0.2379709216802563,100,100
ENSMUSG00000059089,12.00637726019146,721.2187386667517,1.021423681021517,0.001,25.17641832336126,0.001,0.008964050791397511,100,100
ENSMUSG00000059108,0.039979519538333785,19.96145937113316,10.53987451159031,0.001,13.18990669629758,0.001120224590746051,5.061917519412172,100,100
ENSMUSG00000059114,0.001,62.31581250733508,1.0,0.001,0.001,0.0013721228609702351,0.275095595890225,100,100
ENSMUSG00000059119,1.6272930737752835,2.69511814798905,19.480860532943993,1.1997470984581526,3.736602054843755,1.9510016954732583,11.880727961990594,100,100
ENSMUSG00000059142,0.3223083490317255,32.80319165175577,14.22820214948333,0.03491252959561009,1.0953052981026439,0.13975774113587006,5.22588942401826,100,100
ENSMUSG00000059146,0.001,62.31581250733508,1.0,0.001,0.001,0.0019009539323719665,0.4951722704495293,100,100
ENSMUSG00000059149,1.8809576402910535,266.52380521677713,151.84020118618704,0.09670208073542946,3.8192754479382005,0.27344693619090665,53.593815284398374,100,100
ENSMUSG00000059150,0.001,58.655869952050985,1.0,0.001,0.001,0.0013693984203960023,0.25246575183747977,100,100
ENSMUSG00000059159,3.4867283811969427,58.947823074342125,109.35847440924275,1.5985450319250438,5.168833154771962,1.227375950497287,7.660356680281643,100,100
ENSMUSG00000059173,0.30883630971635784,2.4953590905527427,4.723889255034713,0.006000813558380236,0.5119793532140393,1.0491166532890308,392.39850959153057,100,100
ENSMUSG00000059182,0.99708913712992,0.8285719932705253,5.870470684518763,0.5774875740906975,4.232800053916545,0.7576829760997709,17.381256627467486,100,100
ENSMUSG00000059183,0.7832309624102984,1.8006639528438808,4.166645302703492,0.12535796530199392,2.096431074324851,0.6320991699963465,19.991793925368086,100,100
ENSMUSG00000059187,0.001,62.31581250733508,1.0,0.001,0.001,0.00182531110519535,0.16937137935575003,100,100
ENSMUSG00000059208,1.7016636757294044,5.556817929803636,50.02973074067732,1.1119538410864591,5.672342195303509,2.167208334828438,17.24805931990562,100,100
ENSMUSG00000059248,2.854381669426191,333.0552684744257,984.6273906753588,1.7522738506668722,5.80311274360325,1.4221170516548471,6.83205609402256,100,100
ENSMUSG00000059256,0.03540143051199683,1.3418530994275755,55.090895688998636,0.02313793324626514,0.07478909925926927,5.401132735817977,93.6778273095112,100,100
ENSMUSG00000059263,2.6094355859080522,7.03271476133907,37.93415727169913,1.586175189565596,4.796984802523088,2.2147289752991437,12.69434473231107,100,100
ENSMUSG00000059273,0.0010979312800179892,0.001,1.6417105747652845,0.001,0.8781614977799026,1.130644126781079,1733.2864675476376,100,100
ENSMUSG00000059277,0.47724226593959196,2.800669064113827,1.5940172150248582,0.1423611823532962,2.3184035871841657,0.08373454971252756,1.943157421681941,100,100
ENSMUSG00000059278,17.519811474895363,0.001,14.000711412828402,3.6054983540007015,61.83408662760596,13997.793260826162,14008.296975626889,100,100
ENSMUSG00000059280,0.001,62.31581250733508,1.0,0.001,0.001,0.001966476503201161,0.4030692742330784,100,100
ENSMUSG00000059288,0.32707243923550494,24.636752282570395,24.31253510405474,0.0015574373853344844,0.5097106054636797,0.5932223231429561,314.3495024112749,100,100
ENSMUSG00000059291,2.169707999439106,5.281052858855682,236.51310102535123,1.6367349667291866,925.3856991471048,2.663822993605498,64.71767246429633,100,100
ENSMUSG00000059301,0.001,62.31581250733508,1.0,0.001,0.001,0.0016531170953185547,0.2072404845554778,100,100
ENSMUSG00000059305,0.2518242369965318,32.18092991706697,15.240389712375254,0.010312070698226096,0.7662701067572446,0.04858685931590262,4.659212361956238,100,100
ENSMUSG00000059316,1.789526168617776,92.08878502029827,115.80346113768164,0.5799560831887995,2.7471208070332676,0.8498795751954369,8.021688481573538,100,100
ENSMUSG00000059323,0.0013648413631262679,0.001,14.154439968814863,0.001,0.6061295822499728,16.08589793250486,16619.759535332167,100,100
ENSMUSG00000059325,0.0536406008154727,40.18482668636911,305.7989383878811,0.003343377658467812,0.1414121402298964,1.2934768286707383,70.76489203161898,100,100
ENSMUSG00000059326,0.014071614284879515,0.07140193779180845,1.5826916883793245,0.001,0.2232341356961386,1.129651550208795,312.0211963516251,100,100
ENSMUSG00000059327,0.1315166173965727,28.07742868402318,30.30214227285327,0.001,0.27784019248555936,0.4064676242755635,216.88901447077365,100,100
ENSMUSG00000059336,0.001,62.31581250733508,1.0,0.001,0.001,0.002203194897368342,0.0787107113828649,100,100
ENSMUSG00000059355,0.13662653675737574,0.16923082830390276,16.74942309639675,0.04718332650628665,0.4888334506317819,16.467278107176966,269.34579240923233,100,100
ENSMUSG00000059361,0.001,62.31581250733508,1.0,0.001,0.0010000000000000009,0.00179981024417267,0.1461786821393842,100,100
ENSMUSG00000059363,0.2258310500553909,0.36546277695993,2.60404497654937,0.002353477339985268,0.8826207749620357,1.1691112918366189,1100.1914940423635,100,100
ENSMUSG00000059395,0.11372098952682043,2.1447296323820857,1.5593528606846914,0.011624404542195065,5.9660226733659965,0.009493620881725718,6.570573122062953,100,100
ENSMUSG00000059401,0.06487429410145065,19.066067676165083,7.787754616640667,0.001,24.523821212701378,0.001,8.905701253667301,100,100
ENSMUSG00000059406,0.001,61.88525872635182,1.0,0.001,0.0010000000000000009,0.0018982023509903161,0.33107193226094855,100,100
ENSMUSG00000059409,0.2941067523324938,0.7109269309314391,7.920884383805908,0.04867864658668797,0.5434833232404485,4.856725915148639,94.56773279696759,100,100
ENSMUSG00000059412,0.00219875732355934,4.933150823511278,29.98249962828073,0.001,0.0409048280665881,0.002197397319307002,30.351253126332672,100,100
ENSMUSG00000059423,0.31812904141516407,28.094847597109695,25.43274981316975,0.0011608291442072075,0.5356441256204694,0.41831498240478626,317.11242873552914,100,100
ENSMUSG00000059430,0.029369244425650774,1.0593145747864077,116.67881575733482,0.017628770057891374,0.07627980696487707,6.029814515940186,251.55830548221977,100,100
ENSMUSG00000059434,0.001,66.84427540036525,1.0,0.001,0.001,0.001596193986270234,0.26617279284592965,100,100
ENSMUSG00000059436,1.3100712740247733,2.065699153953932,20.428755080487868,0.9665857591228828,4.0561201013441766,1.932111869532405,16.148214266339917,100,100
ENSMUSG00000059439,0.30016280705174564,0.9886093129348943,2.7411472545057975,0.001,0.6611742858622291,1.0295962060906236,1342.6014093340177,100,100
ENSMUSG00000059447,1.8371573928451452,3.3925164792839144,19.08812697884333,0.9077880735861441,3.711161460632419,1.6932162273925326,18.822317588991382,100,100
ENSMUSG00000059456,0.03345686117992046,0.15351732444700653,2.1738406234717345,0.001,0.23919454152045705,1.5301096341364222,392.3522678261346,100,100
ENSMUSG00000059459,0.001,62.31581250733508,1.0,0.001,0.001,0.0017060878872679334,0.15246807890169511,100,100
ENSMUSG00000059460,0.001,62.31581250733508,1.0,0.001,0.001,0.0017710331945788192,0.14184778688299862,100,100
ENSMUSG00000059461,0.0647038806514854,0.259915098022533,1.1621638962207776,0.023162670535517238,1.0751129211612303,0.23565723160471425,13.419840099988605,100,100
ENSMUSG00000059474,0.2817693917171506,0.8472903109805313,3.3280460129273743,0.08685742197724158,0.6761014476180114,1.419874658132482,18.062178658172733,100,100
ENSMUSG00000059475,0.5527236087419709,3.205892876975173,2.987770778435891,0.08413754278695965,1.5298820131092934,0.3074612770237024,11.12749231063669,100,100
ENSMUSG00000059479,0.0012241444728322206,84.83231106059885,2564.4274517430713,0.001,0.005264362086910799,0.0017809200135589429,33.52631195125376,100,100
ENSMUSG00000059482,1.9019057450989902,247.5973777201773,314.07883276661687,0.9888200043457334,2.516691949631308,0.9563215559324336,4.286036405388854,100,100
ENSMUSG00000059483,1.2942464081253242,312.7073817864961,1.0,0.001,10.775827859994726,0.001000578458975245,0.061749250130977776,100,100
ENSMUSG00000059486,0.757066323006,1.5774850961758071,3.6242694517366774,0.0020079351967429437,2.214199077004522,0.623537524073087,1838.0823631692977,100,100
ENSMUSG00000059493,0.096359218799426,1.3382545160375592,5.99077032604436,0.021349169306444135,0.23437900172460635,1.3621839724501752,30.035019598425198,100,100
ENSMUSG00000059495,3.461090986949185,37.324725837460655,62.422428639953374,0.780048682374895,6.800487688809704,0.7787667501330986,25.62861386565341,100,100
ENSMUSG00000059498,0.0032033766347731173,9.488363155065302,24.011424445382403,0.001,0.10273798038335942,0.00206198933401874,13.878507197590817,100,100
ENSMUSG00000059518,1.999593485192852,5.355964373829148,23.72699249460764,1.3378129121148503,3.9125720631012393,1.6803693373348225,9.270435263969002,100,100
ENSMUSG00000059534,4.036612650712241,25.13637010690429,88.80932532723743,2.813014363100408,6.507917322130561,1.9540177308500226,6.784766097759479,100,100
ENSMUSG00000059540,0.026720395445701456,29.17139850002583,58.59929390687424,0.011305048357671418,28.34787937030262,0.00106327622731156,5.81656572412659,100,100
ENSMUSG00000059547,1.2942464081253242,312.7073817864961,1.0,0.001,8.455266162634121,0.0010101705447937202,0.059704503555136394,100,100
ENSMUSG00000059552,3.167981168855032,216.56934218109137,400.21163106636806,1.9783134741965482,4.371162603554533,1.3706056542793386,4.1075314608641005,100,100
ENSMUSG00000059554,1.088667215022984,75.60113450201999,80.07741819766873,0.22454136106804568,1.5862014042011565,0.7016466482226187,11.867836988744903,100,100
ENSMUSG00000059555,0.08036650664409527,0.2751188033744636,2.3223076565784018,0.001,0.3237127530316538,1.4935157807695647,595.7892204965515,100,100
ENSMUSG00000059562,0.001,62.31581250733508,1.0,0.001,0.0010000000000000005,0.0016388456255760713,0.22374670521922485,100,100
ENSMUSG00000059571,0.001,62.31581250733508,1.0,0.001,0.001,0.0016758949187637962,0.09781576203731326,100,100
ENSMUSG00000059586,1.7059781001271594,16.678450549893864,31.92530613759892,0.9510482874889434,2.7047674050934427,1.16424788942374,4.457260437541632,100,100
ENSMUSG00000059588,0.001,56.71823759891341,1.0,0.001,0.0010000000000000005,0.001897891913278622,0.16963750218230028,100,100
ENSMUSG00000059602,0.16095511956215275,30.179357934665465,27.718491426330345,0.01814750095664385,0.5871150876412894,0.21727089101282165,20.46541894022335,100,100
ENSMUSG00000059631,0.001,62.31581250733508,1.0,0.001,0.001,0.0016441673981097324,0.24218817768035839,100,100
ENSMUSG00000059645,4.131519129298434,1000.0,1.000247281024765,0.001,8.303029260447808,0.0011375460599227145,0.22346575182013906,100,100
ENSMUSG00000059647,0.001,51.77075265965233,1.0,0.001,0.001,0.002102210464736156,0.39747878054314034,100,100
ENSMUSG00000059654,0.001,62.31581250733508,1.0,0.001,0.001,0.0014724910325703056,0.09127398093657116,100,100
ENSMUSG00000059659,1.934364854771269,463.7482684073294,1.0,0.001,9.855253980565404,0.001004037100849913,0.04264858958621922,100,100
ENSMUSG00000059669,0.3184481040154986,1.0836074605489503,3.922627795418665,0.020390640926585747,0.7439924921049715,1.2303473036107233,322.03539558476496,100,100
ENSMUSG00000059674,30.70523994089522,901.4483165017531,1.0,2.1380949940241045,44.21625181460134,0.0010173598054803003,0.008865756894801968,100,100
ENSMUSG00000059689,1.5780175391516869,2.669769907110362,7.918525813569813,0.718312137449898,6.1915690197928175,0.5543785923858683,12.392110037275932,100,100
ENSMUSG00000059708,0.0975132986828536,6.92235704533254,13.382112602945508,0.0139442676366874,0.24045031743709064,0.6129933564839727,17.899144667135452,100,100
ENSMUSG00000059713,0.0623762419872625,0.04177978225369697,1.612980497886742,0.0037580823415260837,1.3463070965963548,0.794684591760126,545.0420657113232,100,100
ENSMUSG00000059714,0.04823420706029914,0.2159296898393855,20.289716645751433,0.001,0.11081225845203156,24.993059346748034,6978.733627428954,100,100
ENSMUSG00000059734,5.181873722069348,128.20376605250212,272.24012629623616,3.112490532921411,8.583291376050173,1.2863814760104615,5.344719303847413,100,100
ENSMUSG00000059741,0.001,62.31581250733508,1.0,0.001,0.001,0.0017297530886818573,0.1303536011932798,100,100
ENSMUSG00000059742,0.001,61.88525872635182,1.0,0.001,0.001,0.0015857116305065693,0.2171264696154691,100,100
ENSMUSG00000059743,0.3116214876591092,0.5058254071763929,10.97507099161333,0.15927404974825357,0.5758902431994134,10.259107312611404,48.44059973144154,100,100
ENSMUSG00000059772,1.0622394568690439,191.8472955379168,183.9701929500502,0.32275714698014313,1.4008170404488531,0.7468678539422562,5.454774756976724,100,100
ENSMUSG00000059775,nan,nan,nan,nan,nan,nan,nan,0,0
ENSMUSG00000059791,0.061705467962371134,0.8329708739656277,4.0808637217360255,0.00126832196581564,0.18103947247876986,1.209949540951371,222.86342265653718,100,100
ENSMUSG00000059796,0.3339190834346946,1.1093103892601173,98.341273957506,0.2600554872603875,0.4630256610463764,51.99340363068707,117.89484253055001,100,100
ENSMUSG00000059810,0.3287789694833112,108.64053721564947,907.0626349972883,0.2482718756551722,0.46861643620396676,5.529227573016809,14.963005034961098,100,100
ENSMUSG00000059811,0.19766739979079764,0.2912778280187349,5.997352676547775,0.019866466278903205,0.4470635243031863,7.392067625009283,300.4810938779394,100,100
ENSMUSG00000059816,0.001,66.84427540036525,1.0,0.001,0.001,0.0018422638448248917,0.27962470544312373,100,100
ENSMUSG00000059820,0.22266407814227399,1.7798990555808032,2.7883258832019098,0.001,0.459626910106128,0.6609230853784548,455.74740978901826,100,100
ENSMUSG00000059824,0.15313030363423172,3.681870975753928,4.3232184893720005,0.04400854471653949,0.49398430667909643,0.198170927806054,3.6603625655956042,100,100
ENSMUSG00000059830,0.08812142533108748,18.83589578607766,6.234389630857213,0.001,27.26417495619581,0.001,3.694523845157162,100,100
ENSMUSG00000059834,20.12500454318207,568.0117677262425,1.0,0.8146382254639541,49.72418328864475,0.001,0.00898922678731505,100,100
ENSMUSG00000059835,0.001,27.008037995836734,1.0,0.001,0.001,0.002514256934863862,0.42454013538349555,100,100
ENSMUSG00000059839,0.17133186620345026,31.026280901723887,21.021514255132008,0.001,0.5293433844989595,0.21292951237372043,129.969943381706,100,100
ENSMUSG00000059842,0.14430041777063124,2.04165397904669,3.0733828257880105,0.001097271088214744,0.3334792117176312,0.6462787581638256,199.28043328097425,100,100
ENSMUSG00000059851,0.31482425650158313,0.4549344145050444,1.5240485987861883,0.0010360672071378027,1.479476390420904,0.4667682169571226,1127.9408537481718,100,100
ENSMUSG00000059852,8.302678529787482,1000.0,1.0,0.001,12.633322371470102,0.0010000000000149594,0.020136232787435385,100,100
ENSMUSG00000059854,0.001,60.80878088638715,1.0,0.001,0.001,0.0017187817844612832,0.7022584098743645,100,100
ENSMUSG00000059866,0.21363116936535095,0.5965507383206154,1.7850366538737024,0.001,0.7503530920548509,0.648038401731015,891.7444084758929,100,100
ENSMUSG00000059878,0.08288695146688854,0.3909981196068592,1.8793495542392802,0.001,0.36482962384567685,0.7268969843239536,504.8454234211272,100,100
ENSMUSG00000059883,1.8142888790284692,329.71974346665786,256.95986786079555,0.6779940121252075,6.064820276400748,0.26003785812341473,6.428059524174351,100,100
ENSMUSG00000059890,0.22955441869522705,0.17059603625139624,1.8773490513095386,0.0735369698471636,1.9238818190254734,0.7196084858551829,53.07435939723112,100,100
ENSMUSG00000059891,0.001,61.674132606755,1.0,0.001,0.001,0.001845854313577231,0.26730576075899626,100,100
ENSMUSG00000059895,1.2929027271805376,4.1307881173459045,13.253143075120809,0.6791454256818169,2.900206122725951,1.1550780560070835,8.438227025614502,100,100
ENSMUSG00000059897,0.001,0.001383614565985735,1.2939655600059512,0.001,0.7151642761170243,0.7618055511657866,1092.350018202199,100,100
ENSMUSG00000059898,0.0012241444728322206,84.83231106059885,2564.4274517430713,0.001,0.010960331231634998,0.0022458477159191647,44.269563164631045,100,100
ENSMUSG00000059900,0.03915299103676145,20.35428756581299,10.74588978307163,0.001,14.134565128095407,0.0010000000000139789,6.390088687667909,100,100
ENSMUSG00000059901,0.3494450716491922,7.782975489324765,31.09381234178335,0.16748173160625898,0.29607389455336325,4.517373922334973,10.892766058114386,100,100
ENSMUSG00000059920,0.8034212104491483,0.7259755161632582,4.314464512016642,0.3195477798385896,2.325039059716141,0.9553872892586186,24.909657383742115,100,100
ENSMUSG00000059921,0.10493439746244507,15.468572825921358,25.28783893820685,0.0335307084768481,0.25932513198261087,0.45623750141753994,3.9805362386313616,100,100
ENSMUSG00000059923,0.2016808581845204,0.291324029733864,16.08185841864977,0.12107361431674965,0.40403099988816027,18.099934659734217,121.32003826444992,100,100
ENSMUSG00000059939,1.0792126171175818,170.2083290526256,152.01271882787478,0.08967726412064791,1.5424387411257456,0.6561466894589725,28.322892759937062,100,100
ENSMUSG00000059956,0.001,62.31581250733508,1.0,0.001,0.0010000000000000005,0.0017492731708501305,0.17071244494219182,100,100
ENSMUSG00000059970,0.09650988431216466,0.13366485450592067,2.7703062615569496,0.0010937587659601105,0.6590806177131355,1.9708101307470507,1549.4926801785095,100,100
ENSMUSG00000059974,0.0010363110750338945,0.19406786550022703,1.3809121969852245,0.001,0.12546022145231592,0.0023044128968168227,9.61057779752814,100,100
ENSMUSG00000059975,0.240627535306364,0.3748368020447104,1.459968414844273,0.001,1.314065999195969,0.4879945028288136,1109.0304201284553,100,100
ENSMUSG00000059981,0.2991474996604336,0.20340163511231574,4.79302951619661,0.0355610414988054,1.5369533764096868,2.035878710951938,506.01467116152725,100,100
ENSMUSG00000059991,0.03577149158133378,71.19702312993415,498.1577587520808,0.01367628672260093,0.12553542661250933,0.4543787742080682,34.83165024411248,100,100
ENSMUSG00000059994,0.001,62.31581250733508,1.0,0.001,0.0010000000000000009,0.0021034304984909502,0.09626526083426659,100,100
ENSMUSG00000059995,0.5260659733121398,0.7438991000268677,6.660145147197969,0.15003636617234,0.9530699439740038,4.303206389664773,49.161410428748596,100,100
ENSMUSG00000060002,0.3217172500832217,1.0551608672216337,3.374340427211581,0.042158681456077395,0.7839244580224085,0.9154796198445208,559.1969453596913,100,100
ENSMUSG00000060012,0.36643844806486253,0.649665092837108,3.886387110501286,0.0025160201823163355,0.9367110316600832,1.6314189394513738,1630.3222445887068,100,100
ENSMUSG00000060019,0.05131713112894422,0.20631033549383074,22.668053800761935,0.009823021347794055,0.11650077024276662,39.32262992601646,471.4076683925551,100,100
ENSMUSG00000060029,19.519632259726528,651.9986212205923,1.0,0.001,42.764673933362694,0.0010085910147512608,0.009017356553424423,100,100
ENSMUSG00000060032,1.0440884904200487,2.682600852075564,16.29746324794777,0.6774042748993712,1.633661234561191,3.0951213478435244,12.627434573315064,100,100
ENSMUSG00000060034,0.001,62.31581250733508,1.0,0.001,0.0010000000000000005,0.0015941039640852027,0.5025800878748607,100,100
ENSMUSG00000060036,0.6334173122966351,1.2637686920913072,402.7387819816179,0.001,0.8994125125450008,0.007923789721069694,870870.2112551869,100,100
ENSMUSG00000060038,0.6035158787693417,0.6883141266006798,3.816023446746481,0.2998527104908486,1.6449545389349587,1.3363369367754985,17.650125239607945,100,100
ENSMUSG00000060044,0.09272678839968725,1.9152373779537588,2.4760765874101627,0.0029230291055035535,0.44343404767341055,0.20250136147000083,27.120753378299938,100,100
ENSMUSG00000060063,0.28409549432273623,17.454389772839022,4.14427383391068,0.0014664275639445653,35.54174286790871,0.0015022908653935095,1.3755847657744238,100,100
ENSMUSG00000060073,4.1014991165996735,7.8609411067809996,74.59188189810912,2.8940113089053865,8.77518490662482,2.949238709321568,14.45351766663902,100,100
ENSMUSG00000060081,0.001,62.31581250733508,1.0,0.001,0.001,0.002126756116788319,0.3755593583840885,100,100
ENSMUSG00000060090,0.11480540834398184,0.1132281118968634,5.92321808650874,0.03642325160687483,0.2557406676699567,19.254324928621127,192.36571370702154,100,100
ENSMUSG00000060093,0.001,59.101841166386166,1.0,0.001,0.001,0.001531542848572693,0.45565148303039604,100,100
ENSMUSG00000060098,0.49779026676936305,1.2469821024035264,9.825296416959345,0.27197053787315684,0.8597377908555877,3.5871941728307437,16.777900646119626,100,100
ENSMUSG00000060121,0.21805548633791855,0.28648216082759786,2.7979992588534084,0.07551345416201144,1.4883128962127063,1.0014128260282842,35.99372834811398,100,100
ENSMUSG00000060126,0.10523082188707049,0.5196940523432482,335.4730380355964,0.001,0.0010000000000000005,0.004811983907885986,0.7529175604128997,100,100
ENSMUSG00000060131,0.019882856804822754,0.1954365472044838,1.6378613838710947,0.001,0.18549377734094355,0.7948827567638506,171.9982731752508,100,100
ENSMUSG00000060147,3.383291969028198,115.45234016191772,1263.0614689175097,2.8296941405545297,4.24080345972574,8.866820634417945,15.296558297857098,100,100
ENSMUSG00000060149,0.07447875023863382,0.5725190700827902,1.6071773101606457,0.001,0.31253230513426894,0.608241800761842,265.2192141056602,100,100
ENSMUSG00000060152,0.4073002301722339,77.84265939364587,133.01811800764517,0.053323305025301984,0.6356295629661921,1.151548249710985,19.886080931103695,100,100
ENSMUSG00000060166,2.446427001816713,123.70024684742671,81.76882398503226,0.3730754610008856,3.848142446130167,0.431433081635075,15.005373620505617,100,100
ENSMUSG00000060176,5.623656365534996,674.3190701365082,1.0,0.001,11.358228011477518,0.0010479782981381168,0.018876413526789464,100,100
ENSMUSG00000060180,1.4275905501715376,345.13246017114864,1.0,0.001,5.59433788938223,0.001013180304043169,0.15578625043619163,100,100
ENSMUSG00000060181,0.001,43.154876275613795,1.0,0.001,0.001,0.002350010952429432,0.13508646787292639,100,100
ENSMUSG00000060188,0.001,62.31581250733508,1.0,0.001,0.001,0.0018289862502304296,0.8633790532274218,100,100
ENSMUSG00000060201,0.001,62.31581250733508,1.0,0.001,0.0010000000000000005,0.0015788143828322622,0.21005929100340054,100,100
ENSMUSG00000060204,0.001,61.674132606755,1.0,0.001,0.001,0.0017382694373423264,0.40387239577145473,100,100
ENSMUSG00000060206,0.5175530274414912,4.9721518437175405,22.406575310580177,0.0013602002645048184,0.7290812783006079,3.0796655477455652,3311.9501069810076,100,100
ENSMUSG00000060212,0.6437621963837976,154.64850262092747,1.0,0.001,9.010383687922843,0.0010640657591926574,0.08668915676621666,100,100
ENSMUSG00000060216,0.03963077707164935,1.844321983778077,1.90714473053952,0.001,0.3141302720746084,0.0026796089659631185,54.502188439151666,100,100
ENSMUSG00000060224,0.21052847384677406,1.1025610035396847,4.0174553778352635,0.09071456916710299,0.4422903065797674,1.4478372576554084,9.954794946026583,100,100
ENSMUSG00000060227,0.8368355094824852,15.208205263648878,20.592612166937517,0.28406321509376603,1.119403079720212,0.9809510497479176,7.106758920717442,100,100
ENSMUSG00000060240,0.001,62.31581250733508,1.0,0.001,0.0010000000000000005,0.0017552732663952617,0.32241654110253537,100,100
ENSMUSG00000060244,0.3053828479223638,7.760819435656412,4.292644637804606,0.1133037105615351,1.5501540133000995,0.09270738401689914,1.444469602339059,100,100
ENSMUSG00000060257,0.001,62.31581250733508,1.0,0.001,0.001,0.001580067535466065,0.19945939539980156,100,100
ENSMUSG00000060260,0.5170304469525847,1.9508738618908077,3.000270791351573,0.001,0.8395120689028623,0.87585099237859,1279.7056153013598,100,100
ENSMUSG00000060261,1.414670165120078,246.22584999758067,376.99104275453715,0.6951435372736833,1.7415654680001156,1.202265568580987,4.817672677797779,100,100
ENSMUSG00000060268,5.420517886114168,641.887377104544,1.0085711950258507,0.001,14.680587626698951,0.001,0.009927667187877735,100,100
ENSMUSG00000060275,0.001,62.31581250733508,1.0,0.001,0.001,0.0014502617425541176,0.6482695453558869,100,100
ENSMUSG00000060279,4.672342224080618,31.52678627052936,59.49334286572089,2.890424201351564,9.451349505416317,0.7888057931269993,5.252195232882433,100,100
ENSMUSG00000060288,0.7966947776066754,6.235805742395058,10.160813523274761,0.19151406888711225,1.4069127945543385,0.8600948854342408,10.918822408013828,100,100
ENSMUSG00000060301,0.6456320917871912,57.48591074391097,109.27038254619342,0.36175883589928853,0.8911741097341457,1.2929921091212404,4.106927089143051,100,100
ENSMUSG00000060314,0.0022548090723407683,0.02712421947151556,1.147855252401847,0.001,0.12940346888733958,0.3699229756452789,89.95295554471548,100,100
ENSMUSG00000060332,0.001,62.31581250733508,1.0,0.001,0.001,0.001575638436922371,0.24872448976805472,100,100
ENSMUSG00000060336,0.7610598085702734,26.715481917081384,15.008392580149765,0.0018960013564613162,2.5148971215561318,0.15129248397398282,669.7488172043736,100,100
ENSMUSG00000060371,0.004310259283215952,12.265890025222559,68.78896204259088,0.001,3.5441283467548654,0.0013163140128399971,35.881907516882144,100,100
ENSMUSG00000060373,0.2739438236224748,0.5395594310607155,67.38866964546145,0.18662556272298453,0.5361584454997067,54.34798133231682,183.49185368522248,100,100
ENSMUSG00000060376,0.2705919466326907,0.35186431014822933,4.5606313449942375,0.09916044641246742,0.628357321138133,3.409712975886972,43.78610676293625,100,100
ENSMUSG00000060380,0.02430867441716598,0.45077008244471095,1.0,0.001,16.101774265597896,0.0016771860044590223,44.377363051684064,100,100
ENSMUSG00000060397,3.758365044213145,36.964915469130034,1.0,0.2356650235876071,109.87801983906581,0.0011328776137305373,0.30323427477231946,100,100
ENSMUSG00000060402,12.53361981507196,977.113735929519,1.0,0.01796985827114891,23.49959652757099,0.001,0.014619397445254098,100,100
ENSMUSG00000060407,0.001,62.31581250733508,1.0,0.001,0.001,0.0017190543688766174,0.19890739222231016,100,100
ENSMUSG00000060411,4.460508707006374,537.0424643478153,1.0,0.001,13.73823464603221,0.0010000157746658618,0.03416085247408168,100,100
ENSMUSG00000060416,0.001,62.31581250733508,1.0,0.001,0.001,0.0017811724143490127,0.15313736742328715,100,100
ENSMUSG00000060417,0.001,62.31581250733508,1.0,0.001,0.001,0.0019692135580174873,0.2355638781772873,100,100
ENSMUSG00000060419,nan,nan,nan,nan,nan,nan,nan,0,0
ENSMUSG00000060427,0.001,0.001060588275835155,1.218844401353871,0.001,1.0217269895932672,0.6156681844464968,1295.7152969653043,100,100
ENSMUSG00000060429,0.12369243447248782,18.3776133543151,5.025968048762927,0.006980030989425941,29.17744828236026,0.0010171970336408198,1.0645336902801286,100,100
ENSMUSG00000060441,0.1378160994165258,0.8436205914799325,2.8413483918623164,0.015326087716779168,0.3924079540598825,0.9044447684596342,111.63279071782674,100,100
ENSMUSG00000060445,0.001,62.31581250733508,1.0,0.001,0.001,0.0017155815941440685,0.15106195831559321,100,100
ENSMUSG00000060450,3.5219099903326545,131.02020117165168,139.1210020974394,1.3882166756402383,7.3814558559433365,0.5092337418370233,6.058481065304273,100,100
ENSMUSG00000060459,0.03887612995832614,1.5286336799992029,1.841203603211547,0.001,13.978252550775839,0.0014824288900827155,43.622981604421696,100,100
ENSMUSG00000060461,0.001,62.31581250733508,1.0,0.001,0.0010000000000000009,0.001928732437977783,0.35921796191461397,100,100
ENSMUSG00000060467,0.001,30.883269917399403,1.0,0.001,0.001,0.0028280795831590235,0.4303076706120924,100,100
ENSMUSG00000060470,0.001,62.31581250733508,1.0,0.001,0.0010000000000000005,0.0016545365626413205,0.1711027046578592,100,100
ENSMUSG00000060475,0.12784065497247807,0.21173021353824598,3.1475794342521635,0.0010216469853868274,0.44826902375358435,2.5717868539012594,2166.0025348639556,100,100
ENSMUSG00000060477,0.4220231447547418,1.4092418120179848,4.522228915241396,0.2275104139104983,0.8137608839712701,1.3486502750101823,7.810614470138724,100,100
ENSMUSG00000060487,0.4948523898854771,26.733819349242527,20.049444876481644,0.001,0.710964144151139,0.49121645343966686,944.387531079082,100,100
ENSMUSG00000060508,0.001,62.31581250733508,1.0,0.001,0.001,0.0017580559530252936,0.08024570173102583,100,100
ENSMUSG00000060509,0.001,62.31581250733508,1.0,0.001,0.0010000000000000009,0.0019530582632471764,0.40061466832781667,100,100
ENSMUSG00000060510,0.24040860730724628,1.2797178322300176,12.639904294056832,0.15088961908329024,0.36493392773733524,5.700675728081859,17.25322391388828,100,100
ENSMUSG00000060512,0.010952246911597924,19.392762123749637,22.119006353534203,0.001,4.129238782036424,0.0014129957038756466,28.311967794298553,100,100
ENSMUSG00000060519,1.8288341116860716,7.377649554923085,26.208635156198717,1.1466337586347852,3.1238365060876565,1.6533983217281507,7.004907376051818,100,100
ENSMUSG00000060530,0.001,61.259704531272526,1.0,0.001,0.0010000000000000009,0.0016050406001566935,0.17720560945379116,100,100
ENSMUSG00000060538,0.6577273163653616,1.7907633864222283,7.0012915064053844,0.0849108926446972,1.2306161429086004,1.4697084691792601,67.39499760707446,100,100
ENSMUSG00000060548,0.001,62.31581250733508,1.0,0.001,0.0010000000000000005,0.0015942815884515908,0.28011067223624325,100,100
ENSMUSG00000060550,0.035200397373323034,5.472833315048063,31.355499635170162,0.001,0.06861290023995034,1.1137515859934035,373.8976428330777,100,100
ENSMUSG00000060568,0.10832109819791431,1.4799042815566368,6.284756619386864,0.042152858204469304,0.20917754591470666,1.5732435748732634,10.342527267579186,100,100
ENSMUSG00000060572,0.05151301817731567,32.71985732346483,47.155662616756715,0.012848272443567243,5.519661928461074,0.003962216690712209,5.678562867334873,100,100
ENSMUSG00000060579,0.16269526023931852,18.109527797228097,4.175995018917298,0.001,25.38472655326288,0.0010727833978155534,1.3613849910880167,100,100
ENSMUSG00000060586,0.047143218968966824,18.71913215795131,13.235619613346099,0.001,16.9516052766624,0.001068045581392927,37.651193414869454,100,100
ENSMUSG00000060591,nan,nan,nan,nan,nan,nan,nan,0,0
ENSMUSG00000060594,1.2759952648864694,5.904894384966576,21.635840558038655,0.8139402496052752,5.82388577127711,0.7236791733300019,7.301055630310135,100,100
ENSMUSG00000060600,0.044341314421566164,1.7409003797064901,57.548116389431016,0.032253147077379425,0.08566941229471445,7.015092083155739,61.45290153669089,100,100
ENSMUSG00000060601,2.863220805683763,11.311504782095213,28.152283148767566,1.840933171660594,5.47719902693224,1.0375047910406345,5.450398388912798,100,100
ENSMUSG00000060613,8.313211887535028,497.50060982761534,1.0,0.032103411412612304,29.631330111453835,0.001,0.009294347060792206,100,100
ENSMUSG00000060615,0.001,62.31581250733508,1.0,0.001,0.0010000000000000005,0.001922873159444046,0.13612221606556016,100,100
ENSMUSG00000060621,15.888243541513704,999.9999999974519,1.0565708875411446,0.001,27.09394550140975,0.0010000000000000263,0.009169930213481173,100,100
ENSMUSG00000060636,4.87127429486053,46.22024635624986,319.3252094880517,2.704176793627069,7.046196725068256,4.4430690328917795,19.66008178243449,100,100
ENSMUSG00000060639,0.04470512186854044,14.147058821624169,35.595461314849004,0.001,0.677637078978637,0.0469266638208535,75.44414041082467,100,100
ENSMUSG00000060647,3.9007813309072135,464.5155245487785,1.0,0.001,14.496528518234399,0.0010183360415943648,0.03255932315901231,100,100
ENSMUSG00000060657,0.3680504731798005,2.176514724128568,3.532320301591544,0.17398605075354834,0.8371469677451965,0.5824770510577512,4.189371529428298,100,100
ENSMUSG00000060671,0.34365954760713463,0.34453112450366385,4.817624677422037,0.15049584519320744,0.8205724422247689,3.8548565743797973,40.634047854150964,100,100
ENSMUSG00000060675,1.697791639383271,53.855807109927994,151.78650054697496,0.9938649199818423,3.4087094569579026,1.3528422218324296,6.888456616293395,100,100
ENSMUSG00000060678,1.4176828709286322,331.2375817193508,1.0,0.001,8.50391923368747,0.0010751209438789478,0.05416003488344088,100,100
ENSMUSG00000060679,1.9355735927319655,15.013122903677726,28.04427473595959,0.9939541046169477,3.057047420508569,1.0425183032388678,5.2976139520483745,100,100
ENSMUSG00000060680,3.9586112752030718,351.1599573107079,1064.8932834408952,2.892396949831692,7.400771299864538,1.4821426982452834,4.558947336886767,100,100
ENSMUSG00000060681,0.08258825363576774,0.12649569090640997,3.317241342281552,0.001,0.24083223793156766,7.603635020548671,2589.3735645447573,100,100
ENSMUSG00000060699,0.001,62.31581250733508,1.0,0.001,0.001,0.001795081448151839,0.2036713166228757,100,100
ENSMUSG00000060703,0.04665869003371374,0.1285466955790488,21.288867833716807,0.001,0.14503465611249317,44.2380092505761,10061.426610338149,100,100
ENSMUSG00000060708,0.9300626632548624,1.0599884705730853,2.919883264814211,0.17789130317819474,4.29792999825783,0.35534578159732744,30.032687378948804,100,100
ENSMUSG00000060715,0.001,62.31581250733508,1.0,0.001,0.001,0.0015800207915203195,0.17783512514276634,100,100
ENSMUSG00000060716,4.59171346526743,551.1589332178712,1.0,0.001,18.378990026642427,0.001,0.10317020564445459,100,100
ENSMUSG00000060726,0.001,62.31581250733508,1.0,0.001,0.001,0.0020790915137971567,0.20501745972669372,100,100
ENSMUSG00000060727,0.001,61.45463549419866,1.0,0.001,0.001,0.0014554826013524042,0.3180283509232774,100,100
ENSMUSG00000060733,0.3024463584126694,0.6186504223228205,1.6500919919635486,0.001,2.356173776780499,0.28934706045541325,997.8789105871527,100,100
ENSMUSG00000060735,0.06798387554019672,28.198844832883125,30.82862274864472,0.001,1.3706643762036805,0.0020042051714971258,4.818275401676967,100,100
ENSMUSG00000060739,3.0098994822742577,4.708184378391376,22.967818713093042,1.5900822958826746,6.839799612746624,1.3249144383187428,14.833419971420675,100,100
ENSMUSG00000060743,0.019907746833802448,0.03769320680781847,58.03658355761443,0.001,0.001,0.024563458455834554,2.5592035487734677,100,100
ENSMUSG00000060771,0.003750547884465707,8.277816548549843,20.95858725286277,0.001,0.07417405148828854,0.002622861227329999,23.166817743193413,100,100
ENSMUSG00000060777,0.001,61.259704531272526,1.0,0.001,0.0010000000000000005,0.001775855665502397,0.15238501338809635,100,100
ENSMUSG00000060791,4.3881881851689375,1000.0,1.0,0.001,6.737980026029455,0.00106344532690147,0.11333535195033542,100,100
ENSMUSG00000060798,0.18965301818032662,0.3838252422392449,1.5686471290087507,0.0010002574256507734,0.894676349811895,0.5691840182061009,994.2340305861129,100,100
ENSMUSG00000060802,3.8289416875368736,470.7972329996516,6294.114817757854,3.2288076707408555,923.844686829003,1.8961453450080659,17.286868069441432,100,100
ENSMUSG00000060803,0.1815684333632382,0.8738595966020655,341.6217328375516,0.001,0.23382033329018004,0.013877237104808926,535.8036183794729,100,100
ENSMUSG00000060807,0.001,62.31581250733508,1.0,0.001,0.001,0.0015414693748245247,0.22217859174048635,100,100
ENSMUSG00000060808,0.001,61.674132606755,1.0,0.001,0.001,0.0017503428950234163,0.15382153902709575,100,100
ENSMUSG00000060843,0.001,62.31581250733508,1.0,0.001,0.001,0.001901020348280197,0.22916773838804544,100,100
ENSMUSG00000060860,3.1072291202694764,999.8517227380333,1470.7238322032172,2.030140994915161,5.630948933417324,0.780601602862,2.336655512080539,100,100
ENSMUSG00000060862,0.28161922153600116,1.4048089527635863,3.54460193450163,0.022782792623692625,0.6029024340863891,0.9694950089937266,395.6587514018571,100,100
ENSMUSG00000060863,0.001,62.31581250733508,1.0,0.001,0.0010000000000000009,0.0018497001342432746,0.675195812343871,100,100
ENSMUSG00000060878,0.001,62.31581250733508,1.0,0.001,0.001,0.0015284563259819707,0.25203359522163615,100,100
ENSMUSG00000060904,0.9458878319293113,1.7108469904345345,37.68452814548137,0.7408550449145126,1.6271740945767994,8.602880568948427,30.430517274561417,100,100
ENSMUSG00000060923,1.6573041803482333,38.418975842035735,80.68223201169333,0.6013011930265741,2.521655869596608,1.3936959232853403,12.669054719016206,100,100
ENSMUSG00000060924,0.003310016601184208,13.221923486165185,32.40764996901429,0.001,0.04102922185342895,0.0018513874310380528,16.955032184843944,100,100
ENSMUSG00000060935,1.038227149655892,3.8492110941614572,8.843759179857487,0.6044555196487701,2.115826059666341,0.8674719856710084,4.983816861905419,100,100
ENSMUSG00000060938,5.85282660802945,58.243195911894354,1160.6286675760696,0.06197826510249731,6.994928887268006,1.4069160223540678,36.506623892131586,100,100
ENSMUSG00000060950,0.737594133366934,3.938789449658162,7.55478900859887,0.03362575824669316,0.9739643333066406,1.3497962436082034,104.35306641074979,100,100
ENSMUSG00000060961,0.608451296417202,3.665886914378385,25.280725343380347,0.4379681307280465,0.8236324879571908,4.661242759687958,10.813824539641399,100,100
ENSMUSG00000060962,0.04551335349286636,22.016403220009177,15.960761042094129,0.007409320393769618,20.896105353601193,0.0010057719101151062,3.732263625881,100,100
ENSMUSG00000060969,0.001,46.38424158451012,1.0,0.001,0.001,0.0017103539069251356,0.35612972483559946,100,100
ENSMUSG00000060985,1.2942464081253242,312.7073817864961,1.0,0.001,6.347820330121003,0.0013191199379055702,0.037019725454161184,100,100
ENSMUSG00000060988,0.0021342404102381966,6.2531517958113065,35.567741408082895,0.001,0.0802745600497988,0.0024171286320958307,33.42269593448681,100,100
ENSMUSG00000060989,0.04806256245659963,10.444556327818436,48.42021254398294,0.001,25.43805708096958,0.0015647485957416094,269.56343287087,100,100
ENSMUSG00000060992,4.674449569622104,157.72925007808968,347.4269997806139,3.0440145857268526,7.785950678907945,1.285602892087416,4.626411571626617,100,100
ENSMUSG00000061013,0.1679673112221966,0.39935509934383795,6.846220218120595,0.06243804720097104,0.33709211416100326,5.659765882094273,47.23646760245825,100,100
ENSMUSG00000061024,0.7078944142174812,3.899584077485184,9.374032141384514,0.2577676775098747,1.203422795237598,1.246988302671624,11.772313384441112,100,100
ENSMUSG00000061028,0.11507685738490915,0.1986510216822303,4.3253249730162056,0.024959575317617833,0.30364011605231855,6.867046158507338,122.62498639093062,100,100
ENSMUSG00000061032,1.7901990795246827,1.4354631724693396,21.095401451337278,1.1613903316462109,5.893903009733455,1.9738481166110922,25.643149478354736,100,100
ENSMUSG00000061039,0.001,60.60768216058454,1.0,0.001,0.001,0.0017389460382571144,0.19368482518010482,100,100
ENSMUSG00000061046,0.4425741643730387,0.8386798847557418,7.840424075980353,0.24291220905542904,0.6667093810647301,5.66383241277847,19.861912966134575,100,100
ENSMUSG00000061048,0.001,66.84427540036525,1.0,0.001,0.0010000000000000005,0.0014463407518258472,0.10298041618990024,100,100
ENSMUSG00000061062,0.03892225139017642,0.16703183107853894,4.691018512262844,0.001,0.1779270011877065,3.9334444611822335,1496.4226898076035,100,100
ENSMUSG00000061079,0.18752126941959427,0.3467112863609408,2.586674213554991,0.019100594422421267,0.7448997166338319,1.2888576780128456,103.1133818090376,100,100
ENSMUSG00000061080,0.001,62.31581250733508,1.0,0.001,0.001,0.0016466255965571007,0.11036339182435494,100,100
ENSMUSG00000061082,0.006829060649436017,0.5830236624180155,2.8857781886956815,0.001,4.717945448100794,0.001754853772483821,62.88517701316063,100,100
ENSMUSG00000061086,0.48378244526022524,33.45557423232763,11.687679046795987,0.09378068562120628,3.8673832549305134,0.04499425678996402,1.9948285726469215,100,100
ENSMUSG00000061099,16.037648963440112,622.2750006033777,1.0,0.001,36.56375385675831,0.001,0.008989337965980289,100,100
ENSMUSG00000061104,nan,nan,nan,nan,nan,nan,nan,0,0
ENSMUSG00000061111,3.1177547979798095,149.73351131924517,264.728525834776,1.9580103520606482,4.268038684071578,1.2948773782589633,3.841053060743074,100,100
ENSMUSG00000061115,0.001,62.31581250733508,1.0,0.001,0.001,0.002068840200004542,0.5547092273890655,100,100
ENSMUSG00000061118,0.001,19.90340172306599,1.0,0.001,0.001,0.007157988856559331,0.7213869136165754,100,100
ENSMUSG00000061119,0.31407774320366805,0.6753839684614137,3.9167998109518045,0.06375343945448445,0.70524888121178,2.0805720695420855,32.99360669437933,100,100
ENSMUSG00000061126,1.8855242048223924,454.9597606392765,1.0,0.001,13.953781712826379,0.0010000003573349845,0.040410081574332304,100,100
ENSMUSG00000061130,0.18177367581481488,0.1134433929686588,4.195270321376546,0.08115945622835136,1.4300238691766922,1.9856584760431157,93.75044295612061,100,100
ENSMUSG00000061132,0.08312127260860828,18.65258769476953,14.06699666682743,0.002425222971374696,4.444016390010691,0.004974859177541022,9.005379019163032,100,100
ENSMUSG00000061136,0.6994316293742138,1.2330842278903995,9.73433588385279,0.46745984325945467,1.3932201379864757,2.593746538882872,13.82371173366964,100,100
ENSMUSG00000061143,0.17271058031889974,0.7319029218455515,3.307707578994596,0.04939377956726429,0.40393692839195616,1.426435961503325,16.980098192974022,100,100
ENSMUSG00000061167,0.001,13.147732610051081,1.0,0.001,0.001,0.1602914434669186,8.259948477924274,100,100
ENSMUSG00000061171,0.001,62.31581250733508,1.0,0.001,0.0010000000000000009,0.0017190830396525106,0.14397911408335026,100,100
ENSMUSG00000061175,0.5659930883949716,14.982311229310351,44.3806129352148,0.23565502386250137,0.7177066339099986,2.17411557018837,9.1015133392429,100,100
ENSMUSG00000061186,8.352142237053785,926.5935408800755,1.0,0.001,18.191387906725986,0.0010000000227898737,0.018161698698154476,100,100
ENSMUSG00000061207,0.001,0.002726688047854273,3.9382348625005905,0.001,0.15178462236224416,6.162757900032994,2126.5987703360165,100,100
ENSMUSG00000061232,0.7742961583289093,142.240562001111,895.3250348034355,0.5816248215390736,1.0267326719946346,4.4959185620670015,9.398563035549614,100,100
ENSMUSG00000061244,0.1738640500142584,0.36171648902424575,15.744442213080157,0.062440243826678524,0.2861799360440543,24.232978818310016,113.12241968274546,100,100
ENSMUSG00000061259,0.001,62.31581250733508,1.0,0.001,0.001,0.0017561428364753235,0.1207442873014558,100,100
ENSMUSG00000061273,0.20231044738599227,0.2775511425073481,3.6039837306980083,0.01924642550044961,0.5209931914347611,4.644513228014213,183.02895430955903,100,100
ENSMUSG00000061286,1.0777858654707297,1.1406663893383668,6.4020812631782595,0.47355729459009155,4.007570843413221,0.7920873861965319,20.001138760143256,100,100
ENSMUSG00000061288,0.001,18.181071790092705,1.0,0.001,0.001,0.009746382708000483,0.7674924167083442,100,100
ENSMUSG00000061306,3.349848906878105,97.05208738251498,263.2633189241549,2.055342224356376,6.558874470161513,1.3386711854408557,5.821999904469225,100,100
ENSMUSG00000061311,0.001,62.31581250733508,1.0,0.001,0.001,0.0015716790036066448,0.18243580600748582,100,100
ENSMUSG00000061313,2.017029897313094,4.419270842626791,4.232568294421493,0.19867237974685453,6.935362483444596,0.1987498578710849,27.73899399044374,100,100
ENSMUSG00000061315,0.1867854914130712,0.4973571320679264,162.07881240415693,0.001,0.33652000267552873,0.013411870876854238,10000000.0,100,100
ENSMUSG00000061330,0.2818371443086479,24.396885567756037,20.41796326768207,0.001,0.7663629123509329,0.2899342939252094,280.2020836884167,100,100
ENSMUSG00000061353,0.35986413248620136,65.13791890657426,1606.1169861337023,0.294356626848709,0.4528181574331383,16.88160388346065,33.33766668667026,100,100
ENSMUSG00000061356,0.001,61.88525872635182,1.0,0.001,0.001,0.00142674250375653,0.21495109197665957,100,100
ENSMUSG00000061360,0.10618826093869943,0.1758088416893518,12.473606699700987,0.002674563675522401,0.23279442860458724,28.520734474688705,4408.206400064436,100,100
ENSMUSG00000061371,0.24561800603861472,9.828231469305322,8.309363283760877,0.06570130427509091,0.6399387675368611,0.2750598621991737,4.234338576886159,100,100
ENSMUSG00000061374,0.7129162930803162,0.9028799853229086,2.691117884800526,0.05513331783526819,2.204359543391635,0.5501500059420725,47.54014273525782,100,100
ENSMUSG00000061393,0.007416906719259814,13.85833050786607,34.7353545634443,0.001,3.4199655030919605,0.0016137028142283417,22.724455235073037,100,100
ENSMUSG00000061410,1.1030900607186371,1.908470614217971,9.329486311836073,0.7614943156777989,1.9795460211944313,1.707910207163001,9.9314911513254,100,100
ENSMUSG00000061411,0.10315310857091295,2.939536727356589,9.694713386163968,0.040352346977385975,0.25928689021784257,1.1411313194699484,9.019131871763417,100,100
ENSMUSG00000061414,0.11097247825023493,1.1725931968529675,1.4007680636884094,0.01756450603760273,1.3349388889798046,0.0826084943008703,3.697624733186796,100,100
ENSMUSG00000061436,0.09206136855040321,21.99564420602888,45.63028084057814,0.0019526735065413551,0.3263960880564386,0.25466196543859965,12.224364628076986,100,100
ENSMUSG00000061451,0.3640291352539072,2.5305144099198182,14.808472925627093,0.04898620107028742,0.5345430260646704,3.9733869602868404,74.26316989740464,100,100
ENSMUSG00000061455,0.34076377269184177,0.31367240913940514,4.449654981425142,0.10340202486185224,0.7174706211901836,5.3510601558022035,90.73336652693361,100,100
ENSMUSG00000061458,1.2043374620301908,176.0488682543043,115.53210452921802,0.48845176538767654,2.9758435326638657,0.24881950734149472,3.237437049921691,100,100
ENSMUSG00000061461,3.242969110883817,380.6711491090255,363.57658071669596,0.8052817442719378,5.936873014971123,0.521016363050154,11.178876536675602,100,100
ENSMUSG00000061462,0.001,62.31581250733508,1.0,0.001,0.001,0.0015457706084258172,0.2121042882356975,100,100
ENSMUSG00000061474,0.1525203740620216,0.08599918697364507,12.27578024811986,0.011800157126923505,0.7655216059799272,17.05627155607182,5568.493883826716,100,100
ENSMUSG00000061477,4.958478575274104,61.48329239817061,1481.1435347781598,0.001,6.362175296696334,0.08539929936137468,250303.36631771649,100,100
ENSMUSG00000061479,0.30948903023346497,0.889184150187386,31.88826038536807,0.10900569061407915,0.45596649359186137,23.179217953462253,149.41897704863882,100,100
ENSMUSG00000061482,0.001,51.120684877935744,1.0,0.001,0.0010000000000000009,0.002012843477042953,0.1831690942370968,100,100
ENSMUSG00000061488,0.01803871592880157,0.05843657453997859,4.1739746693643776,0.001,0.15195958323081477,5.17048601101485,1569.2240893393982,100,100
ENSMUSG00000061510,4.132577005576439,999.9999999828615,1.0,0.001,7.39034735667649,0.0013194276543720383,0.06930068681009031,100,100
ENSMUSG00000061518,1.0010335296193518,1.4289816546220486,53.85311816969535,0.7161054913322944,2.4021406603355997,10.032211070172202,59.929310596502944,100,100
ENSMUSG00000061531,0.001,66.84427540036525,1.0,0.001,0.001,0.0013287925392405499,0.17874190095232395,100,100
ENSMUSG00000061533,0.03388863166761849,20.934957953859325,18.126889282655846,0.001,12.772472933212685,0.001,38.08439173198963,100,100
ENSMUSG00000061535,0.07963091357017973,0.8493460984475674,18.252528944945887,0.0294722220643934,0.15532669541729713,8.318932439938823,58.53957601209967,100,100
ENSMUSG00000061536,0.6722188949684338,32.0469550730301,13.784882414755911,0.08580257082924073,1.9739967027027077,0.14712219970486018,4.850945601110274,100,100
ENSMUSG00000061540,0.003278745494802053,11.907628964341697,29.167348987211728,0.001,0.06489936031547433,0.0017897169915944647,19.203728039727334,100,100
ENSMUSG00000061544,0.3004569877358568,32.122207550221404,16.626933237173276,0.02120949786613458,1.1852202722954388,0.06953209460934952,4.595740554487425,100,100
ENSMUSG00000061559,3.403518760327616,494.4131333872295,1070.3212636817964,2.3141901270995,6.271800273345926,1.1690755256748526,4.5521044681053136,100,100
ENSMUSG00000061561,0.001,66.84427540036525,1.0,0.001,0.001,0.001985053769413695,0.393293548031385,100,100
ENSMUSG00000061576,0.001,61.88525872635182,1.0,0.001,0.0010000000000000005,0.0015458033226862407,0.4802652366155678,100,100
ENSMUSG00000061577,0.022591913574193035,20.73433186153871,15.085528546888897,0.001,8.747817505606019,0.001283189486665739,14.33054392127584,100,100
ENSMUSG00000061578,0.001,62.31581250733508,1.0,0.001,0.001,0.001859148381529602,0.15954347129240187,100,100
ENSMUSG00000061589,0.370302673536255,1.472861457460602,3.4787003816927933,0.001,0.6308688794292718,1.2642090054611828,1398.8328353717243,100,100
ENSMUSG00000061601,0.001,62.31581250733508,1.0,0.001,0.001,0.001794974766965835,0.19537244306018858,100,100
ENSMUSG00000061603,0.1820196741448103,8.383459187768846,7.976658036191618,0.019317899870492882,0.5453180219630792,0.2308066264563679,3.1390828828128,100,100
ENSMUSG00000061607,0.025450191731383544,1.1847755193389182,5.336381594423996,0.001,0.0954776441700548,0.9874894654684725,129.7507627346636,100,100
ENSMUSG00000061613,0.1386398892033415,0.20726740141381908,24.041879203574055,0.06745786551947132,0.41285263880330525,26.77850728441559,284.8605805225777,100,100
ENSMUSG00000061615,0.001,62.31581250733508,1.0,0.001,0.001,0.0019479714544047106,0.20050757422123866,100,100
ENSMUSG00000061616,0.001,62.31581250733508,1.0,0.001,0.001,0.0017790489627195149,0.10415241022718788,100,100
ENSMUSG00000061650,0.5261748993250086,25.556291217388463,22.72962131848377,0.001,0.8024533001922592,0.6192072425489035,991.8465580757324,100,100
ENSMUSG00000061665,0.08109875653649277,0.18255876540766386,2.383422629200598,0.001,0.39510882472346465,1.915861196307092,1085.1740427610757,100,100
ENSMUSG00000061666,0.281511464233889,1.7489373926206002,4.597580772892222,0.11550247022296051,0.5112648467668335,1.2564392768998462,6.817297239601757,100,100
ENSMUSG00000061684,0.024788817621428844,0.41152083440020915,3.387067370327523,0.001,0.19885915127715956,0.4594873956067302,278.57376618209776,100,100
ENSMUSG00000061689,0.17912781674425277,0.22399785292517815,10.421089897118836,0.06497803639415298,0.36545369547725703,17.459537628775074,164.74280739565276,100,100
ENSMUSG00000061702,0.014236209680469774,0.2814127084545554,1.0,0.001,2.16916767193322,0.0015191628346649037,34.49617735288435,100,100
ENSMUSG00000061707,0.001,62.31581250733508,1.0,0.001,0.001,0.002074595066749672,0.42984051246886507,100,100
ENSMUSG00000061718,2.961200185399535,721.6290393901162,1.0064427689282454,0.001,8.290438692325864,0.0010000054737592458,0.04324094755825952,100,100
ENSMUSG00000061723,8.407187876364093,1000.0,1.0,0.001,19.229825961746386,0.001,0.014128422127329513,100,100
ENSMUSG00000061728,0.001,61.88525872635182,1.0,0.001,0.0010000000000000005,0.0021166549820864035,0.11033272521817766,100,100
ENSMUSG00000061731,2.6412487588229188,5.835330823571224,43.838370016762326,1.8932734931953912,6.198042624036566,2.1957902898170696,13.269034773189627,100,100
ENSMUSG00000061740,0.9737871454707101,16.302067514436214,7.548599286464587,0.025289535317355595,1.8185166855033437,0.24376267448790429,41.736443079060535,100,100
ENSMUSG00000061751,0.14655937814082068,0.8382738409463782,2.2919617192122588,0.003093017644402233,0.4911261816306001,0.5990265861367274,140.25043951499316,100,100
ENSMUSG00000061755,0.0019518546885082997,0.0013661422953443589,1.7041671014194393,0.0014113220900872445,0.8416405138554492,1.2654841018684693,1587.4653486009945,100,100
ENSMUSG00000061758,1.25465634568332,7.169306363015511,18.56104991676574,0.6026062012380758,2.7664844459251148,0.9968596376743553,8.491940237423409,100,100
ENSMUSG00000061759,0.8609161478079695,2.168916787914277,2.8952904153055514,0.08238744389554042,1.5112092186202468,0.5642428117554033,24.61930205204993,100,100
ENSMUSG00000061762,0.005107016289721369,10.824713900897427,109.30431825039335,0.001,3.7207037964527894,0.001557649345991727,56.68300069802,100,100
ENSMUSG00000061769,0.02259469591079767,20.684687565207625,15.04631178949677,0.001,9.208017539526953,0.0011366047091384193,12.813573930448165,100,100
ENSMUSG00000061778,0.027456538646318508,0.03749741457445673,2.412223993187539,0.001,0.5341547895271561,1.9638038505218607,2151.3999155069896,100,100
ENSMUSG00000061787,1.985628764890688,5.6441955549628045,370.40626702919417,0.001,4.8878931747089975,0.32157382450746097,2318736.7678606114,100,100
ENSMUSG00000061802,0.001,62.31581250733508,1.0,0.001,0.001,0.0016347801770007276,0.1882054812148077,100,100
ENSMUSG00000061815,0.6929120873771311,166.48605762337863,1.0,0.001,13.989749912334538,0.001000116416197445,0.06628021606106774,100,100
ENSMUSG00000061838,1.4099351936454154,2.001517617587961,12.516397845007376,0.796624913659791,3.0720088458191768,1.719078458896555,16.981211844992444,100,100
ENSMUSG00000061859,0.24023294495222777,4.8666515716737155,5.183039718089276,0.05731907212741419,0.5439884208945864,0.43628962220825973,6.718541906920697,100,100
ENSMUSG00000061863,0.001,61.674132606755,1.0,0.001,0.001,0.0020108025266236114,0.2125516647814769,100,100
ENSMUSG00000061878,0.31882304642078946,3.3528609628687716,12.170135050843752,0.1722591087044145,0.4532959729528212,2.161437600789463,8.132483987836148,100,100
ENSMUSG00000061882,0.10809677630314024,24.787816493905837,26.830376781840634,0.001,0.2818451956690837,0.17802308473544903,121.52757838564204,100,100
ENSMUSG00000061887,1.6105549531701455,2.935698249414595,19.93645416643604,1.0690790923803575,3.7261544334623693,1.9395168248788508,11.755686730717507,100,100
ENSMUSG00000061894,0.19547278321208397,31.078186490042892,23.147093897436203,0.03682387454576451,1.054110561164383,0.019321222600331662,1.6311237125775255,100,100
ENSMUSG00000061898,0.5189089832104167,30.907570737319375,15.761194362948034,0.07024620550833505,1.1744956204063977,0.1975231913501873,5.089017281573478,100,100
ENSMUSG00000061904,4.886242478924098,90.59065975885572,651.9205401052318,3.2226619002093564,8.525129013165413,3.8865886833399554,13.53486095061607,100,100
ENSMUSG00000061911,0.001,62.31581250733508,1.0,0.001,0.0010000000000000009,0.0019081290128178377,0.19845493253370855,100,100
ENSMUSG00000061923,3.7222293115739253,448.01158164099894,1.0,0.001,16.246828985377242,0.001010601710477045,0.01887461889749366,100,100
ENSMUSG00000061947,0.001,62.31581250733508,1.0,0.001,0.001,0.0017081937066760293,0.05223368553596859,100,100
ENSMUSG00000061950,1.0816922086342529,3.4530457006478668,8.830138757537695,0.5283103166221703,4.08430422777836,0.5060507276457967,8.5475308905801,100,100
ENSMUSG00000061959,0.001,62.31581250733508,1.0,0.001,0.001,0.0016485082883043035,0.0820593574718701,100,100
ENSMUSG00000061969,0.001,62.31581250733508,1.0,0.001,0.001,0.0017073193554667653,0.11276117818191067,100,100
ENSMUSG00000061979,0.375443851756898,0.5518663772373796,3.5373255978567966,0.1462804201006796,0.957154532762079,1.7766629589578844,24.746013462496574,100,100
ENSMUSG00000061981,2.6359930583102833,7.551749957138478,17.259339842271185,1.8689671697393466,6.800937398947179,0.6527242263037725,4.662735618199075,100,100
ENSMUSG00000061983,3.8517322667237375,102.71232775426655,1548.0763126227773,2.6291054006265293,5.431255836305191,10.417109146920133,31.09219902271844,100,100
ENSMUSG00000061988,16.470710338311083,999.9999999917203,1.0326684330294502,0.001,27.78419514196554,0.001,0.008964209438245954,100,100
ENSMUSG00000061992,0.7799924437785465,176.558134647324,1.0,0.001,12.615632130966075,0.0010000000000125293,0.06152935409922933,100,100
ENSMUSG00000062006,0.7023870723621378,1.9761921896038364,377.61768862125297,0.001,1.2421747638528662,82.76216848784475,767007.8475910916,100,100
ENSMUSG00000062007,0.001,66.84427540036525,1.0,0.001,0.0010000000000000009,0.0016460661659930648,0.11945673327806725,100,100
ENSMUSG00000062012,0.19568410034944253,24.305116162316597,31.213336500309424,0.001,0.2962473442593071,0.8262002843417733,361.25290315302675,100,100
ENSMUSG00000062014,3.7227163759268325,966.8858000945771,1714.8275473704095,2.7911781284005306,5.694386647891417,1.1615762400934166,2.5172755880837445,100,100
ENSMUSG00000062028,0.001,62.31581250733508,1.0,0.001,0.001,0.0017659076234394346,0.2205990797199186,100,100
ENSMUSG00000062031,0.8131504768255745,1.4320174899615816,4.539372134977734,0.3401713800309936,1.7033423261636553,0.969209111145708,9.248046312245947,100,100
ENSMUSG00000062040,1.0174365415487787,16.767871829767518,25.758835481523377,0.44552728782465295,1.5114688724318321,0.9126205233658603,4.135642771680202,100,100
ENSMUSG00000062044,0.001,60.80878088638715,1.0,0.001,0.001,0.001477573034604797,0.2560431038674622,100,100
ENSMUSG00000062054,0.7309471654962426,1.3793998528710825,11.167496547829758,0.4528041380500496,1.3016689227910776,3.07358312787352,16.6737294466595,100,100
ENSMUSG00000062061,0.001,62.31581250733508,1.0,0.001,0.001,0.0016006812811472301,0.38179394399158606,100,100
ENSMUSG00000062070,0.17301161432718598,0.4431682928831913,258.924252877704,0.001,0.28672248518435994,0.005096813808447962,775.4943933873242,100,100
ENSMUSG00000062073,0.881564516204355,212.83947995384116,1.0,0.001,11.78400555716832,0.0010001737301681911,0.03401333342097873,100,100
ENSMUSG00000062074,0.001,62.31581250733508,1.0,0.001,0.001,0.0016086992455144875,0.1867002546516156,100,100
ENSMUSG00000062075,0.32116859847450085,3.2808890790216956,4.690672962970286,0.12005666173775187,0.6313209141754983,0.6625813013447228,4.754262496167252,100,100
ENSMUSG00000062077,0.011580524696900019,0.8047124795035885,7.249698755859924,0.001,0.16606886187909672,0.0016969418860029594,44.30205821173158,100,100
ENSMUSG00000062078,0.1695233537444477,0.251716737804445,5.680866377346758,0.061689670137646244,0.29857196343467607,12.323798204088702,74.96216494582478,100,100
ENSMUSG00000062081,nan,nan,nan,nan,nan,nan,nan,0,0
ENSMUSG00000062082,0.03207772949100981,2.3212889504937015,5.443090343103539,0.001,0.6761802570009121,0.09147015708361596,51.05508009557869,100,100
ENSMUSG00000062083,0.43151838202374004,1.0694262947817836,2.381457908593814,0.021071414780732566,1.6202348601205472,0.4363359237784771,66.1177266591194,100,100
ENSMUSG00000062093,0.010009674962878815,0.09685484018467348,2.7399605933046876,0.001,0.10100786228814017,2.178113227533624,347.4681359603926,100,100
ENSMUSG00000062098,0.48049633121222074,108.89794618032857,296.42650063964555,0.34108862689368424,0.6667335719490999,1.8347360249367388,4.492020138632802,100,100
ENSMUSG00000062101,0.164384225143148,31.126320873624476,23.04514226821844,0.001,0.515850226683038,0.06851621134016275,60.09518985065959,100,100
ENSMUSG00000062110,0.0010314554009684513,0.0011585919575376373,1.0,0.001,1.064639704858102,0.39998522197437225,1104.0477483647376,100,100
ENSMUSG00000062115,1.0901397235680441,2.2999295146030607,14.22908002789622,0.7536266636773051,2.583530307635958,1.8738066403121496,10.538207001275412,100,100
ENSMUSG00000062116,0.09523623035405618,0.16482738357231552,1.9748917907723806,0.001,0.5989604392532203,1.2575803620073214,1093.219536825048,100,100
ENSMUSG00000062127,0.23795902639534305,1.4343922528759308,6.720244647617503,0.08701176566627866,0.3640249231108962,2.6451272724364316,18.57164613282157,100,100
ENSMUSG00000062151,0.08076171714897966,18.769406379719054,18.28335796889121,0.001,12.4126452470129,0.001668414829598452,89.19084940345584,100,100
ENSMUSG00000062152,0.001,59.75744064589286,1.0,0.001,0.001,0.0020519639590544873,0.18139847886317614,100,100
ENSMUSG00000062157,0.001,66.84427540036525,1.0,0.001,0.0010000000000000009,0.0017595729245522146,0.18251170941452077,100,100
ENSMUSG00000062168,0.006934417734340945,0.2724441704162748,4.319926242453665,0.001,0.1696911253270404,0.11278045274103086,124.74571167846946,100,100
ENSMUSG00000062169,0.9809586658950248,3.9370191837104693,53.73690207472919,0.7057747711311722,1.399605262650863,7.567496886932387,22.77476410967291,100,100
ENSMUSG00000062170,0.001,62.31581250733508,1.0,0.001,0.001,0.0015283446719147509,0.23764196270818425,100,100
ENSMUSG00000062175,0.0023619997713002455,0.010849944333998397,1.3436130167216092,0.001,0.2566013790083277,0.8383693698092068,254.47527407758292,100,100
ENSMUSG00000062184,0.001,0.02695423501971539,15.034020570468034,0.001,0.003244344376210897,0.004084687815660591,940.5867920087865,100,100
ENSMUSG00000062190,0.537938993112606,31.361735546933616,13.938023611990292,0.03923441290398615,0.892338842183375,0.28166285590015383,9.380105228604268,100,100
ENSMUSG00000062198,0.0010144002674242702,0.00127647352953117,1.099064219854896,0.001,0.981560303176341,0.546186502652612,1099.3490532794724,100,100
ENSMUSG00000062202,0.3541614707645454,1.0259609608673979,3.5777236815643034,0.187510929340698,0.7966278666513191,1.1498896257863884,7.07550080658668,100,100
ENSMUSG00000062203,0.9515045317023907,1.8857591085745062,11.172634377124428,0.6428001679994769,3.4655270277319605,1.3231670261898196,11.659949194417278,100,100
ENSMUSG00000062209,0.001,62.31581250733508,1.0,0.001,0.0010000000000000009,0.0017562936556313135,0.08654209304322327,100,100
ENSMUSG00000062210,0.20937191884313835,1.0915295867466444,8.140131754893286,0.06323831780471627,0.33611161308587545,3.9729210138559803,27.44772569972849,100,100
ENSMUSG00000062232,0.33406044901856324,27.085567540234713,21.992419342102615,0.01161485646713456,0.6306009415627347,0.43473503903226873,184.11692969541946,100,100
ENSMUSG00000062234,0.506549127017251,0.5609133374375366,7.4449936749754455,0.2721459296018459,0.9738255561213476,5.115997217380761,31.15763054966687,100,100
ENSMUSG00000062235,0.001,66.84427540036525,1.0,0.001,0.001,0.0015255360004643032,0.35812465408815336,100,100
ENSMUSG00000062248,0.5173036549026229,66.14477844682767,451.9964395978807,0.42347645052177896,0.8044756217391955,3.7966810836393017,9.973856266435643,100,100
ENSMUSG00000062252,0.001,62.31581250733508,1.0,0.001,0.0010000000000000009,0.00200126855677809,0.11470104802898662,100,100
ENSMUSG00000062257,0.001,62.31581250733508,1.0,0.001,0.001,0.001523545316546528,0.12037580518722879,100,100
ENSMUSG00000062270,1.3456654357225148,2.937534186932885,19.009283133806797,0.9269416657785221,2.959630100635022,2.0980527313271526,9.898575222914447,100,100
ENSMUSG00000062282,0.001,62.31581250733508,1.0,0.001,0.001,0.001738871426026005,0.19876865781871444,100,100
ENSMUSG00000062284,1.532572955988293,34.62084000153503,3.7461932513507095,0.4412900221695881,161.0636443585695,0.0011950079061114538,0.40720723687409843,100,100
ENSMUSG00000062296,0.001,62.31581250733508,1.0,0.001,0.001,0.0016909240213623263,0.1996688346151872,100,100
ENSMUSG00000062300,0.9698070854233816,5.362808037385264,50.49395227709994,0.729722455015999,1.4487019003747823,5.536471370472123,13.535733916384675,100,100
ENSMUSG00000062309,0.001,61.88525872635182,1.0,0.001,0.001,0.0016557572080222924,0.09727445198474408,100,100
ENSMUSG00000062312,0.4315006100238108,1.8981653381949033,3.0105858888334684,0.10090103565056026,1.1599547785048205,0.4377643268128902,9.562388960801655,100,100
ENSMUSG00000062319,0.03329219986312838,21.728337156129538,24.233090891200476,0.001,15.158076695340824,0.0015348589405141198,42.87503309098735,100,100
ENSMUSG00000062327,0.001,62.31581250733508,1.0,0.001,0.0010000000000000009,0.0015886932923682576,0.4196655662818435,100,100
ENSMUSG00000062328,4.688079347199531,20.10873974266375,246.85654567098513,3.2249569592725997,449.02398705909206,3.026868266130154,22.52439967389624,100,100
ENSMUSG00000062342,1.7916193495057091,427.14470758974403,1.0,0.001,9.652337970518442,0.001003051707014712,0.05772223017661383,100,100
ENSMUSG00000062345,0.03174169309416893,6.661949036282061,250.29999266178254,0.015489029055755606,0.07214481283227503,4.882223443937367,312.77125603705406,100,100
ENSMUSG00000062352,2.822468992026384,322.1338503199963,993.1875812608931,1.5721065054311691,4.322854808842702,1.9759169352734207,8.22611638788009,100,100
ENSMUSG00000062369,0.001,66.84427540036525,1.0,0.001,0.001,0.002255472659225822,0.1804525546389776,100,100
ENSMUSG00000062372,0.001,62.31581250733508,1.0,0.001,0.0010000000000000009,0.0020695978509249805,0.08873351236310718,100,100
ENSMUSG00000062373,0.5118763515922318,24.005461461140104,23.082497839981666,0.001,0.6843196256270812,0.642932745887278,994.1079131900078,100,100
ENSMUSG00000062376,0.40966366204342697,0.38175578704964225,3.545274729806963,0.020633736523825864,1.0823988389828414,2.217086249858548,312.71507826869845,100,100
ENSMUSG00000062380,0.10939732306294273,2.3814163561734762,49.175952133518884,0.044574189030852446,0.15518950106867682,14.057775655040817,211.4249910982301,100,100
ENSMUSG00000062382,0.001,13.24437027100208,1.0,0.001,0.001,0.05576924817929033,3.6883444938962064,100,100
ENSMUSG00000062393,0.001,62.31581250733508,1.0,0.001,0.0010000000000000005,0.0018364516910440963,0.20921399829031595,100,100
ENSMUSG00000062397,1.2049270010152962,2.1688489543010303,12.146070031753693,0.6839808783139375,2.404421846370342,1.752137314839524,14.39866705105473,100,100
ENSMUSG00000062421,1.041628456746333,17.397291499933687,97.52179247558547,0.7895527099680886,1.3833277386861909,3.9638666717492903,8.373680039996032,100,100
ENSMUSG00000062432,4.168377986529852,999.9999999525479,1.0,0.001,8.614841498545292,0.0010000000000458748,0.10687994726554426,100,100
ENSMUSG00000062438,0.001,59.32355257794531,1.0,0.001,0.001,0.0014653316849694378,0.3148978357327765,100,100
ENSMUSG00000062444,0.006539328586677402,17.473730502686156,43.53612980939128,0.001,3.377370337045783,0.0013506036839458996,20.157178268767982,100,100
ENSMUSG00000062458,4.589497830414089,1000.0,1.0,0.001,13.890575029750151,0.001000000008015804,0.1027100755689061,100,100
ENSMUSG00000062461,nan,nan,nan,nan,nan,nan,nan,0,0
ENSMUSG00000062464,0.001,59.75744064589286,1.0,0.001,0.001,0.0014497364789397365,0.16202895715819274,100,100
ENSMUSG00000062470,0.0476686693687125,3.593767322066711,4.123389088047061,0.001,22.274115927313265,0.0012408131573136347,5.315488389135913,100,100
ENSMUSG00000062472,21.142016148616126,1000.0,1.014684411079295,0.001,32.05572418250761,0.001,0.008977612562183636,100,100
ENSMUSG00000062478,0.001,62.31581250733508,1.0,0.001,0.001,0.0019019929982323177,0.14296529212974404,100,100
ENSMUSG00000062480,0.001,0.1395429582365958,2.974784165395804,0.001,0.037310865817529223,0.003727436914476178,42.53804686794517,100,100
ENSMUSG00000062488,0.016837924836328472,10.95862118480648,79.16710379828187,0.001,3.9038119675183927,0.003047194370572841,45.00010069958596,100,100
ENSMUSG00000062510,0.048548753481690445,2.4674448991519506,11.629020949216686,0.014782257118989879,0.13723887424560327,1.0332436388321788,13.608414116116407,100,100
ENSMUSG00000062515,0.08493835911587552,4.662924662790314,23.98847068998849,0.05069242553532197,0.13288941581541722,2.1259899010511227,11.413145889273832,100,100
ENSMUSG00000062519,0.39442030568965275,29.742802880375976,17.52074031966489,0.001740243620851665,1.1057309378044664,0.20248096739102545,237.76597133477247,100,100
ENSMUSG00000062526,0.00183269587647427,0.0016417335837091507,1.5556389475500245,0.001,0.7931751630356638,1.0659921502800938,1623.2036766484757,100,100
ENSMUSG00000062542,0.001,62.31581250733508,1.0,0.001,0.001,0.0018658109025210257,0.18308916623043442,100,100
ENSMUSG00000062561,0.001,62.31581250733508,1.0,0.001,0.001,0.0019188743626843093,0.19616449307781678,100,100
ENSMUSG00000062563,0.1914411352412284,10.250746536628967,9.396502115431707,0.06157787781423318,0.5105150698452745,0.2509059574970267,4.311030988066351,100,100
ENSMUSG00000062580,3.788702856592701,386.79646867375476,1302.8631095511819,2.6311516154457637,5.159455832639081,2.461771879659336,7.25017644423783,100,100
ENSMUSG00000062585,0.001,62.31581250733508,1.0,0.001,0.001,0.0020126470981704824,0.11559797651441239,100,100
ENSMUSG00000062590,1.0239268224108344,31.530289138370104,14.047784045678682,0.001,2.6543552195625515,0.15066023926273792,988.9851970896916,100,100
ENSMUSG00000062591,0.001,62.31581250733508,1.0,0.001,0.001,0.0019040423471016915,0.1533668042072696,100,100
ENSMUSG00000062593,0.001,62.31581250733508,1.0,0.001,0.001,0.001599946787587681,0.4163711701015388,100,100
ENSMUSG00000062604,2.0275145395531875,335.70195492130506,420.0377974885778,1.1922901270127597,3.1243909942848624,0.8106171910271662,2.8271839442584077,100,100
ENSMUSG00000062609,0.25916419682465003,2.229251120783152,21.869438738817188,0.18269425637808914,0.37404895238194147,6.766507090534453,16.00226010361398,100,100
ENSMUSG00000062619,0.1564758558305991,0.24971933643603866,1.9823468532780615,0.0010325204145500608,0.7298493999390107,1.1080661681280535,1453.4671172911042,100,100
ENSMUSG00000062627,0.1917977000061917,0.2748602011089821,2.163600451935521,0.01913863751594336,0.7218126199566458,1.1993051407862416,751.8436531882403,100,100
ENSMUSG00000062638,0.001,62.31581250733508,1.0,0.001,0.001,0.0019086853273697054,0.1755295607836873,100,100
ENSMUSG00000062646,0.7995931145635572,174.25291180036535,118.67977488650489,0.18652879402712885,1.487791066981845,0.3455917508655273,6.165313932926936,100,100
ENSMUSG00000062647,6.547155386389337,807.7648348380712,6715.186622585995,5.019146921608127,10.882235500229683,4.131198801181205,12.367464094952759,100,100
ENSMUSG00000062661,0.8324861439592025,4.803212548356228,17.430335186225257,0.4270568757778566,1.239773443548708,2.107471748445927,11.21027778162569,100,100
ENSMUSG00000062683,5.149501881158981,28.558289501841497,148.76198021882612,3.084884042467715,10.55732820796015,2.091494726865567,13.906145293671518,100,100
ENSMUSG00000062691,1.294004985372795,7.651774803499231,11.151706121877849,0.5414438643785809,2.534058449110553,0.682274046370317,5.605773381817387,100,100
ENSMUSG00000062694,0.024536924603810795,21.23416118637346,28.65315570049249,0.001,5.95995936148538,0.0014472922116551801,52.215840776649,100,100
ENSMUSG00000062704,0.001,66.84427540036525,1.0,0.001,0.001,0.0014566823323367874,0.10514673439109273,100,100
ENSMUSG00000062713,0.001,62.31581250733508,1.0,0.001,0.001,0.0019763109374512874,0.17934633850048887,100,100
ENSMUSG00000062727,4.21666400612337,571.4421604131898,1.135370820598053,0.001,18.264735564347564,0.001000000000001864,0.07410433358055786,100,100
ENSMUSG00000062729,0.15186908835789362,0.49987064707444473,3.3264318277541394,0.030228826132173123,0.3962035642840196,1.8101585815916201,48.52417805180778,100,100
ENSMUSG00000062737,0.001,61.45463549419866,1.0,0.001,0.001,0.0014939456438256885,0.0890496518012951,100,100
ENSMUSG00000062743,0.020635620269693417,0.5050347417486759,1.1593738653018348,0.001,0.44687457436138867,0.08853937300138348,69.12738173469592,100,100
ENSMUSG00000062753,2.6072911361335436,177.56164862628984,427.1934652123572,1.8925280821773396,6.116704385724489,1.0623614932784893,3.9907501739095377,100,100
ENSMUSG00000062760,0.001,62.31581250733508,1.0,0.001,0.0010000000000000009,0.0014953434731581998,0.24133576465982776,100,100
ENSMUSG00000062761,0.38049195837145594,5.056767035256785,7.301451940539995,0.12271078066001849,0.7899006063014234,0.6357745997087202,6.135831339029341,100,100
ENSMUSG00000062762,0.5617656640165587,0.45053057877097336,4.762637400481218,0.12724653634068928,2.0002379393701104,1.2671755914091176,70.16000307163635,100,100
ENSMUSG00000062773,0.001,62.31581250733508,1.0,0.001,0.0010000000000000009,0.002173293818390545,0.21036389416107865,100,100
ENSMUSG00000062785,1.610289126944167,364.9833991444331,1.0,0.001,8.925300180642573,0.001,0.11550425025109445,100,100
ENSMUSG00000062794,0.06058809502929366,19.373859054691405,7.945960985085759,0.001,20.738443417762664,0.0010264609687716513,22.09592002762222,100,100
ENSMUSG00000062797,1.9661522863434178,8.447386773516023,35.26862531173462,1.322832534693691,6.267322561353639,1.120708116816417,7.579648556003903,100,100
ENSMUSG00000062818,0.001,62.31581250733508,1.0,0.001,0.0010000000000000005,0.0019145992027895524,0.34941195651569684,100,100
ENSMUSG00000062822,0.24513039880384038,2.2133018189672296,2.6745886473684894,0.10387710241243096,0.8824035740762881,0.27785616852551864,2.999756880726609,100,100
ENSMUSG00000062825,2.622073783568178,14.838152889024235,2082.26744713683,0.197887656477712,224.2470701653322,0.016196492048505207,2002.0900176915545,100,100
ENSMUSG00000062846,1.412429136466282,1.1018614390484327,2.5431138312583013,0.3099177548008859,12.896715045229975,0.15882424881112686,27.67577239234889,100,100
ENSMUSG00000062859,0.001,62.31581250733508,1.0,0.001,0.001,0.0018177844398680537,0.1030361318886074,100,100
ENSMUSG00000062861,0.24230737886880052,23.85338566180946,29.201376426872034,0.001,0.3816336872768942,0.8340965667141957,427.0729579927178,100,100
ENSMUSG00000062866,0.38227531717102226,4.301869503535248,2.4492809748883175,0.12733069225114305,1.249182517587019,0.18476743587956423,2.068462940355034,100,100
ENSMUSG00000062867,0.29859587439511087,0.8511892570914015,51.848148974992746,0.15929329415603735,0.5149803036285859,33.45536812724254,124.85836725995878,100,100
ENSMUSG00000062896,0.001,27.223309534119768,1.0,0.001,0.001,0.0030207825807435744,0.5069174218113552,100,100
ENSMUSG00000062901,0.19226018860634214,0.5443833430134815,1.5992614163253605,0.029695833036448734,0.6789416286439567,0.5869780547462793,211.84343180984462,100,100
ENSMUSG00000062905,0.001,62.31581250733508,1.0,0.001,0.001,0.0020676242530828937,0.11917178521831645,100,100
ENSMUSG00000062908,0.7671545580959446,0.4075753806892977,3.701755457153549,0.13734703555299974,4.103686773392221,0.6592218508610846,113.48581238675484,100,100
ENSMUSG00000062929,3.3859633218528975,27.4109827258491,54.87323802998607,2.07346589363979,5.476196537350781,1.1033434994675055,4.554964993127561,100,100
ENSMUSG00000062931,0.228772190597229,0.518592133409462,1.747182097248645,0.001030171013781269,0.993690885479573,0.5420765537863659,1081.4066309369655,100,100
ENSMUSG00000062933,0.001,13.147732610051081,1.0,0.001,0.001,0.16524325309381172,7.5471647853707795,100,100
ENSMUSG00000062937,1.2954633640017919,106.91724943673367,2233.0628181524203,1.0837603342982616,3.855532697401024,9.638376498466032,27.40641885389582,100,100
ENSMUSG00000062939,0.001,62.31581250733508,1.0,0.001,0.001,0.0015889042637187948,0.20413581572022185,100,100
ENSMUSG00000062944,7.928643347449445,35.63355399233086,1.0,0.7843513867020568,186.1494707732972,0.0012070707884722412,0.2785361981426373,100,100
ENSMUSG00000062949,0.2939334708935903,1.7234752971016907,2.052776096445937,0.07424088991669353,1.1645899081300297,0.2566179853197705,4.002270471523596,100,100
ENSMUSG00000062960,4.1336179629762935,999.9999943156627,1.0,0.001,11.911755199320798,0.001,0.06362343571857891,100,100
ENSMUSG00000062961,0.001,62.31581250733508,1.0,0.001,0.001,0.0018699003110737018,0.21264307586923778,100,100
ENSMUSG00000062962,0.001,56.07238254938317,1.0,0.001,0.001,0.0016230400357526813,0.09756400535420204,100,100
ENSMUSG00000062963,1.5689479931576125,6.015123519391168,36.049587081831326,1.1080877260360738,3.9444253272783056,1.8379477798388588,9.87921741227597,100,100
ENSMUSG00000062980,0.9735509847364094,24.231231376999208,26.67938293217361,0.39739953926434707,1.5029040016511916,0.6570143822954502,5.463034227165702,100,100
ENSMUSG00000062981,1.5267690641030296,4.018371050644821,15.56054255520757,0.7824627503541774,2.851098613985942,1.5194157836347173,11.674450618095678,100,100
ENSMUSG00000062991,0.4682825130759154,41.229250725072745,154.7015266160504,0.30580933864364607,0.6368318826630002,2.3589371970359707,6.845410572251075,100,100
ENSMUSG00000062995,0.13122525464257526,43.25873316910378,45.367965118511485,0.055321156050978385,0.698477607212108,0.10645202901643702,2.9631002298104807,100,100
ENSMUSG00000062997,10.0,10.0,10.0,0.033037764388472404,0.9346910290145379,1.1527424279777074,108.81439347514778,100,100
ENSMUSG00000063011,0.0026386235518716266,0.5005445074002822,17.789806417777584,0.001,3.0664279824948,0.0018612547219508061,146.50358736125568,100,100
ENSMUSG00000063015,1.0961424894154876,2.493962806946344,6.9698858315535155,0.33511166953647487,2.749107786602387,0.7686790243433795,15.497357511689353,100,100
ENSMUSG00000063018,0.04688736774471667,0.2810164640199423,11.484663016032263,0.007120672925792375,0.10096774484089115,13.121957057561023,263.7790640954733,100,100
ENSMUSG00000063019,3.8037332867042664,21.654131749886584,42.467513637490946,1.9908836781314259,6.774785129950409,0.9486689174147798,6.762310832574816,100,100
ENSMUSG00000063021,0.001,62.31581250733508,1.0,0.001,0.0010000000000000005,0.0016895400930831478,0.1869754067786349,100,100
ENSMUSG00000063047,0.6007379114893552,3.6820662276528497,2.221663381600455,0.07782322047474043,1.7301407759040859,0.15882542935170135,7.501150802562529,100,100
ENSMUSG00000063049,0.001,0.0013544451950029,1.3872291247771198,0.001,0.6558976819761497,0.8125090726384558,1185.656951687748,100,100
ENSMUSG00000063052,0.5144114264469672,1.7551207115895209,4.416481313532897,0.0010517574438762385,0.8686513664117395,1.5127049317475534,1779.7183882273903,100,100
ENSMUSG00000063060,5.579459757553276,669.046755071983,1.0,0.001,20.938573318800685,0.001,0.023975820571925578,100,100
ENSMUSG00000063063,0.005193350409877383,13.109335564923802,133.18714831072137,0.001,0.07827485680228598,0.003365450053956571,118.39078662172629,100,100
ENSMUSG00000063065,3.6258789485568297,29.662888334163995,62.41679370837871,2.306272177326707,5.326440585097825,1.2527878120790352,5.960647177840997,100,100
ENSMUSG00000063077,2.9396615893708247,9.432146128510922,20.27790580069742,1.5060637512018133,6.793396110363998,0.712753772974904,7.059409563371673,100,100
ENSMUSG00000063087,2.060172922987376,479.25529050363684,1.0107850408067989,0.001,12.05173406147209,0.0010336641082279606,0.06889496573547021,100,100
ENSMUSG00000063108,0.2962185845258299,0.4517952172921288,2.0927781963840957,0.1338960977135587,1.147019185827702,0.822399123621446,12.828697957880834,100,100
ENSMUSG00000063129,0.001,61.024058264401226,1.0,0.001,0.001,0.0016298771378713151,0.1086176633413876,100,100
ENSMUSG00000063130,0.001,62.31581250733508,1.0,0.001,0.0010000000000000005,0.0017159287684599897,0.14165166393126874,100,100
ENSMUSG00000063142,0.001,61.674132606755,1.0,0.001,0.001,0.0019633956549546024,0.24556911144556517,100,100
ENSMUSG00000063145,0.0025634726005218504,0.0035385861502284957,1.9758619512195323,0.001,0.5625697243399755,1.5423529533854348,1827.4366938458315,100,100
ENSMUSG00000063146,1.2321421468579639,5.213457551366725,9.868974612509302,0.4181501013190666,2.129513571135151,0.8891770452672023,10.264461687699962,100,100
ENSMUSG00000063160,0.34074628584568967,0.24961384369794362,3.1276879760821714,0.06295277033154195,1.8952230752375034,1.015395640425065,109.49434802000452,100,100
ENSMUSG00000063171,0.003533003916177489,0.10071118384734416,12.055095800220242,0.001,0.02656399128297248,0.003830477022228449,746.7947421729624,100,100
ENSMUSG00000063172,1.3089866040785652,2.68863811225512,8.93407282423217,0.7958402220752903,3.1092181835444537,0.8913815223327026,7.90698222881765,100,100
ENSMUSG00000063179,0.08512599953569691,0.09578521658739617,1.9741207941432444,0.0022553849570787813,0.8511697336504613,1.1770009992578283,992.4825789790559,100,100
ENSMUSG00000063193,0.001,66.84427540036525,1.0,0.001,0.001,0.0017063531425573603,0.14121916864169334,100,100
ENSMUSG00000063200,1.1509722126140536,3.9114264273855,9.805505769970068,0.30095203238452617,3.9252422842952663,0.6713712538171575,18.35019049553739,100,100
ENSMUSG00000063229,3.8632951767661474,46.079116618660024,1370.5365418106924,0.6150638962969083,4.5805110045301465,5.061714667185518,50.660798286779475,100,100
ENSMUSG00000063232,0.001,62.31581250733508,1.0,0.001,0.0010000000000000005,0.0018476053978788408,0.14302347511044078,100,100
ENSMUSG00000063234,0.022604006124990243,20.82966434383097,15.144841866904052,0.001,13.958559938379468,0.0010298834308004109,7.590308914115832,100,100
ENSMUSG00000063235,2.3245958785173246,347.1478306931525,542.1050237804732,1.7803611985693921,4.257722663989381,0.8299869954189345,2.0524287958668785,100,100
ENSMUSG00000063236,0.42841000177593436,0.1919847011943507,2.06881786203818,0.0060188576821462,3.896968375685394,0.587713643898422,1684.703185684413,100,100
ENSMUSG00000063239,0.001,62.31581250733508,1.0,0.001,0.001,0.0016831192542977646,0.24282865732331954,100,100
ENSMUSG00000063245,17.464358924332018,1000.0,1.1203141465273714,0.001,47.49140140075647,0.0010097390414968814,195.02074154080694,100,100
ENSMUSG00000063253,1.665904946578016,3.5655709083656144,14.480888958847409,1.2337466607234635,5.947484726939812,0.7970768863602913,7.681435658764649,100,100
ENSMUSG00000063268,0.2639499668512905,38.73718282549604,79.76559059384974,0.0025208880483577386,0.3604256453333008,1.4415389423014278,296.90422345286197,100,100
ENSMUSG00000063273,0.4052286113319943,0.5410290826485927,6.012548566909625,0.2672761887935147,1.1521651452394432,2.6634623530441974,19.03322151206862,100,100
ENSMUSG00000063275,0.27253964812719034,0.8095642005928135,21.21934720866647,0.10101434092066505,0.42553268509215825,17.04300130510218,96.28709079002454,100,100
ENSMUSG00000063281,0.6273496272524665,1.62625021770257,3.5292265013165034,0.11218901715053636,1.2187100165435696,0.8536574659253244,41.08915383742052,100,100
ENSMUSG00000063286,0.001,62.31581250733508,1.0,0.001,0.0010000000000000005,0.001325183788833708,0.29344187067479444,100,100
ENSMUSG00000063296,0.20789189996925475,2.593370288688352,3.899334029723443,0.02823591266076145,0.4609778908533311,0.5454728080405484,47.83725382207331,100,100
ENSMUSG00000063297,0.001,66.84427540036525,1.0,0.001,0.001,0.001677733510471333,0.29044722610977747,100,100
ENSMUSG00000063314,0.001,60.37820284006485,1.0,0.001,0.001,0.001883674806760423,0.21147220847386963,100,100
ENSMUSG00000063316,6.246223384331617,281.3256498991454,3934.90734510338,0.001,7.842170655332901,0.4006824000684047,62.265499818741404,100,100
ENSMUSG00000063317,0.5559436667553052,16.187195720469813,31.281174993831034,0.07319314131802826,0.7996054995673143,1.2756766891046996,27.853889316953,100,100
ENSMUSG00000063320,0.9142447721839785,30.264587076994776,15.802332462276295,0.001,2.233853448506801,0.2369749493602391,979.8401030981024,100,100
ENSMUSG00000063334,0.677085722491081,76.9913915310684,86.89427285673472,0.38339044291149205,1.133383298345441,0.6126610111762449,2.3242069083064454,100,100
ENSMUSG00000063354,2.8043454615252004,678.1527302530274,1.0,0.001,10.619820719237271,0.0010008902006872068,0.06957393224546594,100,100
ENSMUSG00000063358,1.5393351299212121,2.3188394638557366,13.046931732476544,1.0010023102468009,3.410403484648828,1.5317935431749767,12.23637984294592,100,100
ENSMUSG00000063362,2.062752214169548,5.3430429446125345,4.332723405216636,0.13125972277523235,3.6960481295246446,0.5415686570944434,47.02750104151152,100,100
ENSMUSG00000063364,0.28614615626084583,32.17224121664184,17.82453597334585,0.007394955423463685,0.6750599973468373,0.13415522910960664,4.064256887261283,100,100
ENSMUSG00000063382,0.5512143556549353,0.46518256355526155,5.627052706505639,0.2505367410729181,2.549186053312143,1.4500913821295858,33.40565611912294,100,100
ENSMUSG00000063383,0.1854161077629832,17.52857116293536,5.773544657698915,0.007491360277810348,33.25554535550265,0.0010937962288728894,4.293366129994458,100,100
ENSMUSG00000063388,0.001,62.31581250733508,1.0,0.001,0.0010000000000000009,0.0017456009320866276,0.44260664815103906,100,100
ENSMUSG00000063406,2.9960278817875308,27.970811672836486,58.65445933712707,1.7344934317688303,4.9577193271700315,1.1566641019152422,5.2097250098797225,100,100
ENSMUSG00000063410,0.7594309112188071,1.5602950024946431,15.419140316060805,0.4499544879278161,1.4579524479014918,3.6173355398083773,23.90390495416866,100,100
ENSMUSG00000063428,0.09515334826399646,34.683231032216405,37.208621503297046,0.031056108755674067,0.5864276612392809,0.05491545407671937,2.948312636938402,100,100
ENSMUSG00000063430,0.001,62.31581250733508,1.0,0.001,0.001,0.0020974696282809293,0.19648780872046678,100,100
ENSMUSG00000063439,0.3293759916506478,0.32346702720818493,2.9082642302588857,0.06873410113738541,1.0274110503796008,1.7445281279229472,56.53173174737098,100,100
ENSMUSG00000063442,0.001,66.84427540036525,1.0,0.001,0.001,0.00138799675257996,0.34590201121277947,100,100
ENSMUSG00000063445,0.21254607655237467,19.729768370592293,39.551638617558,0.04183816617727361,0.3131240659751988,1.184817079947437,11.802226495643875,100,100
ENSMUSG00000063447,1.7053771148665953,20.938257246950197,1.0,0.001,81.9968503212424,0.0011010323095539073,0.33212423631667864,100,100
ENSMUSG00000063450,0.07478414369075632,0.48192716005386493,3.8555572711309987,0.012080748568042862,0.20042161784914514,2.213212038555378,80.35220293730883,100,100
ENSMUSG00000063455,0.49965100211935526,26.36520613120828,20.80216819542096,0.001,0.6989431226755224,0.5698095243703745,793.6192283475324,100,100
ENSMUSG00000063457,0.8535822604563347,1.5598240625492652,209.67308948428553,0.5987905331209188,1.5856981987569898,43.6885288488061,177.86301411093103,100,100
ENSMUSG00000063458,0.05722319470696988,0.6194859516261523,2.0737047752085713,0.001,0.26796366475862876,0.5662484501114737,169.74758436336566,100,100
ENSMUSG00000063480,0.14224561928529522,0.21336626481422236,34.52333349089031,0.001,1.1475817460535325,0.1829777188508089,24652.978674922233,100,100
ENSMUSG00000063488,0.5852218766052192,34.52695033898402,8.134043999558788,0.14070104515330933,31.771234017902337,0.004115545129219439,1.1026492583407492,100,100
ENSMUSG00000063506,0.10069091025664868,1.030823510618576,2.776513096951632,0.052680157500778535,0.28110699648664894,0.7874561246608982,5.7007574216776025,100,100
ENSMUSG00000063511,2.3006610472094633,2.6106182362188153,19.452451877626505,1.4015201093332013,6.929115861480723,1.3243797866990463,17.261098906676466,100,100
ENSMUSG00000063514,0.003930162388865796,8.658594519625067,21.059535522382646,0.001,0.08157568319011471,0.0024114882836734036,20.231865510843292,100,100
ENSMUSG00000063524,4.296082866833811,53.61237466519628,1085.400311758745,2.9056060710727447,5.506878680561174,15.975813872668436,48.87907167442418,100,100
ENSMUSG00000063529,1.2942464081253242,312.7073817864961,1.0,0.001,8.303943884232748,0.001000004550521066,0.05699095570674286,100,100
ENSMUSG00000063531,0.0986131025324381,10.005529481509805,40.04307589836393,0.06423884393804469,0.16490437231003446,1.5806785789818913,8.00421559861593,100,100
ENSMUSG00000063535,2.2909001878826274,546.7058370600222,1.0,0.001,9.58213806014629,0.0010596270571745338,0.12381176568835747,100,100
ENSMUSG00000063550,10.839876830920693,426.7154494476853,48.758457680874656,2.309547359511216,379.8801056112251,0.006053653594848693,1208.1445792198808,100,100
ENSMUSG00000063558,0.565767663300157,2.9114780447203725,8.295034941415471,0.3121502541186787,0.920067087555343,1.3586863193865608,6.2255753627291295,100,100
ENSMUSG00000063564,0.06109039667442084,0.8382401037560145,2.675958416665925,0.0010445508466061073,0.21167488002873824,0.5459515838334678,102.06593590726541,100,100
ENSMUSG00000063568,0.08662998103769154,18.469454638836115,9.259628138263436,0.001,25.02385623615945,0.0012758983031603307,9.792179549050221,100,100
ENSMUSG00000063576,2.3409542735493245,5.706700940531855,28.09696693137431,1.6723787697930734,4.980342719474195,1.5747212079616548,10.77760442212937,100,100
ENSMUSG00000063586,4.319440747777369,1000.0,1.0,0.001,10.962834985248895,0.0010000000000003591,0.057010777283712816,100,100
ENSMUSG00000063594,0.16490913400336457,0.4981107854782314,4.0831109667458065,0.056121802902641515,0.3257606148489107,3.103506117044665,28.737100865503976,100,100
ENSMUSG00000063605,0.16277596467583136,0.3648867534131933,4.784850251612548,0.02084691348953173,0.3898134623894378,4.754593967434813,108.94540246777709,100,100
ENSMUSG00000063611,0.013224801420850288,23.539272568593365,36.364691724214126,0.001,2.6742259072140278,0.002979460027853556,38.45111799726509,100,100
ENSMUSG00000063623,0.2892850632334111,17.564530472381673,2.9133846799876966,0.044218538732410224,46.4075218518922,0.001041853812076983,0.8625078540577995,100,100
ENSMUSG00000063626,0.001,62.31581250733508,1.0,0.001,0.001,0.0018251031288568182,0.15417836948415353,100,100
ENSMUSG00000063632,0.012100052944616612,0.08745776653777342,4.048789756657141,0.001,0.08793243187197584,4.197984107391095,730.4042000539846,100,100
ENSMUSG00000063646,0.001,62.31581250733508,1.0,0.001,0.001,0.00157764260886219,0.07805179540860396,100,100
ENSMUSG00000063652,0.18660473742735056,1.8420534410919098,3.3752752203213463,0.01317076836256033,0.4564174155999904,0.7086603249946024,51.009183909861484,100,100
ENSMUSG00000063656,3.07783631307003,741.2598198343227,1.0,0.001,8.27683508655722,0.0010002974120553695,0.07720146011312641,100,100
ENSMUSG00000063661,0.001,62.31581250733508,1.0,0.001,0.001,0.0019566269759703435,0.0688442074793352,100,100
ENSMUSG00000063663,0.26736851720081134,2.3268353723759527,9.701097286209608,0.1424314432971675,0.4351141517047629,2.1412112992040235,9.181982055888444,100,100
ENSMUSG00000063672,0.001,62.31581250733508,1.0,0.001,0.001,0.00149441087141372,0.17073654354657608,100,100
ENSMUSG00000063681,0.001,62.31581250733508,1.0,0.001,0.0010000000000000005,0.0014307519684743405,0.14516752178158648,100,100
ENSMUSG00000063683,0.013084114489414394,21.83042773626618,34.358645292494934,0.001,15.278480141622662,0.0010462277442584776,20.590472801074128,100,100
ENSMUSG00000063687,0.05974580835220125,0.6545280729348467,3.398809429193583,0.0015582469532148193,0.17230272381372685,1.66879613004869,211.66341542453608,100,100
ENSMUSG00000063694,3.9782588334845457,53.42933840763637,298.65805792402347,2.3781873026586013,5.570813233821902,3.689789008213313,15.02731062791678,100,100
ENSMUSG00000063698,0.2877666025553533,17.372080387520693,5.06968154029451,0.07072659726072741,46.09283548523857,0.0012358667734514981,1.3406070900418627,100,100
ENSMUSG00000063714,0.14518492752675644,0.26725655879774357,1.0,0.008375268562730659,1.4784093027794492,0.2643739957214025,153.74793826898974,100,100
ENSMUSG00000063727,0.18578305950793597,41.284884218297314,91.79352379567729,0.11860538551133479,0.33576790210824253,0.929869232650788,4.010863197853887,100,100
ENSMUSG00000063751,0.001,62.31581250733508,1.0,0.001,0.0010000000000000009,0.0016415613444777017,0.22423868256539237,100,100
ENSMUSG00000063754,0.001,13.596412732960566,1.0,0.001,0.001,0.02200855396466489,1.6486241107309092,100,100
ENSMUSG00000063760,0.07182702529636319,0.09343517734939441,1.6417375139413308,0.001,0.8746193889725143,0.8451389600878103,1289.5769660309459,100,100
ENSMUSG00000063765,5.418187203545187,644.9914341245563,1.0,0.001,16.09462717674615,0.001000192350033367,0.03990639033757369,100,100
ENSMUSG00000063767,0.05434178457445246,6.064948324101622,58.06940079642757,0.02714060249661967,0.10614147952696368,2.2540251575795067,34.37175203550948,100,100
ENSMUSG00000063785,0.7299996203417918,3.2396070283435314,18.186697545425204,0.34832419629749584,1.2251798652537547,2.8676534080926155,17.11518807995443,100,100
ENSMUSG00000063787,0.6563605920336425,2.1093547773167107,21.568329070029215,0.23662475416081863,1.2023404756790446,4.709471607116545,41.53574310352795,100,100
ENSMUSG00000063800,0.46523072141900884,0.5727205298391272,6.497304259185189,0.1759896926359195,1.3819988166257948,2.3435098672056327,38.30958170954997,100,100
ENSMUSG00000063801,2.8437515028797087,10.342071409824749,19.77009333087125,1.6090947954241714,6.639069834706291,0.7284341199145332,5.022999873118257,100,100
ENSMUSG00000063802,1.3825334745214777,0.9599823379871818,3.4165716605750673,0.07576152622530183,5.3905381984109635,0.4189253617957056,683.1019561944377,100,100
ENSMUSG00000063804,0.001,62.31581250733508,1.0,0.001,0.0010000000000000005,0.0020737068308614185,0.18429091176320764,100,100
ENSMUSG00000063808,0.331913128973303,1.2375906007885553,3.5072212269692793,0.10340484346240737,0.7616646331785654,1.0392419823342118,10.968980016519795,100,100
ENSMUSG00000063810,0.0243230981616822,8.92132975817728,13.19007679830529,0.001,28.937487117497035,0.0010389568281478174,16.020799030328497,100,100
ENSMUSG00000063820,0.001,66.84427540036525,1.0,0.001,0.001,0.0014815803526955057,0.168538269519816,100,100
ENSMUSG00000063838,0.37545673311746663,0.7023843053418433,4.828236264873339,0.21939512165939318,0.6228411482279179,3.440991461747947,15.624432840208446,100,100
ENSMUSG00000063849,0.1769465232135733,0.27544070294591494,2.773152038435262,0.04268922945919392,0.7106619306268976,1.81559487891963,56.124455048163476,100,100
ENSMUSG00000063851,0.13412735038848952,29.474082469828446,22.80626597156572,0.0385048576219053,3.3467750384986745,0.01460038900850073,2.0159681401315335,100,100
ENSMUSG00000063856,0.12343741482316596,0.712852229779302,159.7309164846385,0.001,0.17362017184500658,0.019345790136969146,1204.2241233242353,100,100
ENSMUSG00000063870,3.5406200110981954,7.572826069443349,56.69759857470655,2.550586631435814,7.000774948534119,2.7301659296324905,12.387569150247232,100,100
ENSMUSG00000063873,0.034434839361133035,0.8636907367217423,14.772954406453584,0.019739078218403455,0.06980582527658152,6.06258086538773,33.31994479685332,100,100
ENSMUSG00000063875,2.531475354291562,5.585974924410394,11.078340640484509,0.996478918568788,5.408616373662769,0.6684020356067675,9.551755759843825,100,100
ENSMUSG00000063882,0.042210501389295586,0.05266089161620021,55.49888160459507,0.001,0.027228827382854683,0.01435711356049258,107.92441306047331,100,100
ENSMUSG00000063884,1.2023730257942877,1.3353908875325808,7.653204775027937,0.4981308900931032,6.016885381347624,0.632943713211223,27.624768177295238,100,100
ENSMUSG00000063885,0.001,66.84427540036525,1.0,0.001,0.001,0.0017912102927896039,0.07630945587327084,100,100
ENSMUSG00000063887,0.001,61.45463549419866,1.0,0.001,0.001,0.001623021671369353,0.24057515750222902,100,100
ENSMUSG00000063888,2.7332295928829953,10.274353979132965,45.495155271414056,1.8396873161425549,10.930818258725164,0.9137364572209201,8.04177999876796,100,100
ENSMUSG00000063889,0.16385815478419383,0.2992079163660985,5.6995117433255835,0.001,0.4638746284627513,4.690848752164682,3445.819378845491,100,100
ENSMUSG00000063894,0.10700666980873953,0.3582830096509474,1.3880807156225319,0.004140236644598575,0.6802494088629686,0.4236355408015618,111.66266148596873,100,100
ENSMUSG00000063904,1.960419991993522,8.503767025439346,30.36614629073359,0.8661650080342083,3.1942585952137943,1.7840485694253356,14.739323296073954,100,100
ENSMUSG00000063919,0.001,61.88525872635182,1.0,0.001,0.001,0.002024573978605612,0.13498955046182548,100,100
ENSMUSG00000063931,2.1267775005986507,3.0889659588582044,13.088727979033335,1.339534125343768,6.499166824462694,0.8081450288282962,9.012004959436682,100,100
ENSMUSG00000063935,3.7110608251493904,446.6782110903541,1.0,0.001,12.722686269773357,0.0010797821678233158,0.011575883985790875,100,100
ENSMUSG00000063952,0.5475131569733277,1.0103543420716155,2.3889126023160734,0.13919025725241288,2.05371905299201,0.42844301387450634,12.122637197708936,100,100
ENSMUSG00000063954,0.001,13.596412732960566,1.0,0.001,0.001,0.026379219184807616,2.408590715161986,100,100
ENSMUSG00000063971,0.001,62.31581250733508,1.0,0.001,0.001,0.0021501295794545223,0.30971190753425304,100,100
ENSMUSG00000063972,0.37720540115397344,30.935848256339217,16.59381188283644,0.07763612992119075,1.2827906947749932,0.1414951247267506,3.0367997567231777,100,100
ENSMUSG00000063975,0.001,66.84427540036525,1.0,0.001,0.001,0.0016442598569100554,0.14672369309789335,100,100
ENSMUSG00000064016,1.827408594187776,433.33200259696997,1.0,0.001,8.079629019640546,0.0010000000000163361,0.11787639510370915,100,100
ENSMUSG00000064023,0.0033376148645473426,14.216127772783043,34.91293807533377,0.001,0.20325387674012568,0.002298862396628032,13.090725670403337,100,100
ENSMUSG00000064030,0.16361099172609123,0.13200905950182615,2.1521421184867005,0.002899497027748699,1.0885991409078775,1.3433174905053553,1102.9054255834035,100,100
ENSMUSG00000064032,5.1009315790928165,609.0372494773194,1.0,0.001,16.10956283604774,0.001,0.016282456819076623,100,100
ENSMUSG00000064036,0.038999121075745394,20.48674419798428,10.81321449950669,0.001,18.976277578626792,0.001000000000000389,8.744836182920281,100,100
ENSMUSG00000064037,1.7354845409181274,284.29716582718436,416.71531787435606,1.2778536230171862,2.9876507636734377,0.8391725926535478,2.0790967341503706,100,100
ENSMUSG00000064043,0.13170930027335734,16.343799465363688,42.328161523523036,0.0018275221879740368,0.21651862749332368,1.4341573555379072,238.33644023009688,100,100
ENSMUSG00000064057,0.001,66.84427540036525,1.0,0.001,0.001,0.0018746518588791921,0.16119173381502622,100,100
ENSMUSG00000064061,0.044591116507276284,0.1894751049927667,1.0,0.0030415907368722328,0.432314796627771,0.3597047913526765,42.21844122476337,100,100
ENSMUSG00000064065,2.1571940611220364,521.5346265951073,1.0,0.001,8.302861157216082,0.0010000000261171135,0.025700140007421823,100,100
ENSMUSG00000064068,0.022193148098992997,0.041630558406875975,9.095395717005701,0.001,0.1874309896621975,23.004503083765336,6646.947416833196,100,100
ENSMUSG00000064080,2.362736650123055,45.48938824047072,831.9326439195839,1.4444247366876573,2.8904351415710785,14.71910107717404,39.186652153571444,100,100
ENSMUSG00000064081,0.001,61.88525872635182,1.0,0.001,0.0010000000000000009,0.001983010889495201,0.3791885415914237,100,100
ENSMUSG00000064090,0.32747424248939266,1.3893359077496503,3.6469653328310407,0.16017759657809874,0.7416455542453579,0.8676918810798673,6.49156986568141,100,100
ENSMUSG00000064105,0.15090332748010393,1.2437517341795188,5.836916993833564,0.002535109294005972,0.2793971736781279,2.090418930472201,306.856078002509,100,100
ENSMUSG00000064109,1.4264657657904025,341.6272039188167,1.0,0.001,9.174432131009231,0.0010825633705186613,0.07651748319559964,100,100
ENSMUSG00000064115,0.006717952545278219,17.847859102244684,43.831393497407205,0.001,0.1358852187381152,0.0034823757309060057,34.385734458966425,100,100
ENSMUSG00000064120,0.001,15.354062510233495,1.0,0.001,0.001,0.008705668373913393,1.8318050832790493,100,100
ENSMUSG00000064125,0.06644076779880641,4.753033207184092,4.154084772939212,0.001,11.14240769045994,0.0019416618583943234,51.259365684023884,100,100
ENSMUSG00000064127,0.563949497052762,1.6408433924597634,2.6058295937481795,0.001,0.9249487293313001,0.8362238867588854,1454.9167150924577,100,100
ENSMUSG00000064128,0.05179983143679508,19.430240354240176,25.442367658736448,0.001,0.358668827878281,0.0024684620889411637,105.3683697309716,100,100
ENSMUSG00000064138,0.09565610510497868,0.06462802193849054,2.2587949218305234,0.0020077255960194475,1.3082381062386141,1.3985252466522313,1860.5481571362668,100,100
ENSMUSG00000064140,0.001,62.31581250733508,1.0,0.001,0.001,0.0016914803019553804,0.13768697841414493,100,100
ENSMUSG00000064141,0.11038220348165549,17.63895559729531,14.154596507431231,0.001,9.753802418066503,0.0024248005450910734,72.4113000254701,100,100
ENSMUSG00000064145,3.054758507301008,95.36378995049658,98.77176570641097,0.7563849460402896,4.680557935537962,0.6304943908615896,12.646146792662677,100,100
ENSMUSG00000064147,0.7203980392970932,35.24014178216314,4.404365197875202,0.10528650455076846,83.72934779276751,0.0011923912433503088,0.5649515516766637,100,100
ENSMUSG00000064177,0.001,61.674132606755,1.0,0.001,0.001,0.0016840721057380646,0.20975260477657098,100,100
ENSMUSG00000064179,0.006670238150086599,17.24240705720507,43.031851186479976,0.001,3.6981838857061895,0.0015290476719450774,43.55396713783056,100,100
ENSMUSG00000064181,0.30164101734989723,1.2162758664548892,5.441132305500964,0.08435462816505948,0.5699470804664071,1.8236410904488367,22.05789379399466,100,100
ENSMUSG00000064194,0.001,66.84427540036525,1.0,0.001,0.001,0.001578125822535927,0.30075330178787385,100,100
ENSMUSG00000064202,0.001,61.45463549419866,1.0,0.001,0.001,0.001772565865637862,0.1402529492483539,100,100
ENSMUSG00000064210,1.3820989211848602,4.655060031112722,10.675575242354206,0.5749079829676957,3.4490305532943824,0.7738485734563831,10.090173031024424,100,100
ENSMUSG00000064215,1.8141871774890341,11.286853643889396,143.91218726781605,1.3337317883337856,4.03562435248524,5.571201987982213,21.005194846251626,100,100
ENSMUSG00000064224,0.001,62.31581250733508,1.0,0.001,0.0010000000000000005,0.0014528999998573383,0.45636807193407064,100,100
ENSMUSG00000064225,2.1461883628863268,516.8437340473623,1.0,0.001,12.505219849248157,0.0010000000000083718,0.04987596162708134,100,100
ENSMUSG00000064231,0.001,46.38424158451012,1.0,0.001,0.001,0.00208110173967274,0.11794303154657991,100,100
ENSMUSG00000064246,0.2003948519033192,47.69401066550076,5614.429771405627,0.1463559632989893,0.22300486122987795,60.597754026581875,231.6916771209452,100,100
ENSMUSG00000064247,0.0032690628691855613,8.96997212603367,21.857514037046418,0.001,0.040978480767986214,0.001922285816831478,21.754340658075083,100,100
ENSMUSG00000064254,1.1271702526556477,248.8226421538158,385.73084944947544,0.6033815469446824,1.434634270905267,1.2229788283446248,4.021079337553667,100,100
ENSMUSG00000064263,0.001,62.31581250733508,1.0,0.001,0.001,0.0016635251388862479,0.15600667101079846,100,100
ENSMUSG00000064264,0.0012469368198628752,0.001019532543353036,1.0001280360609621,0.001,1.195049791001754,0.4839058651211864,1188.9957395511487,100,100
ENSMUSG00000064267,0.030426343454156183,22.56568772512612,36.691565857455885,0.001,0.14310835164292296,0.0026881043711164242,76.80028710272936,100,100
ENSMUSG00000064272,0.06497484422188061,16.37575651198046,22.134429843200866,0.001,0.2268942027865033,0.0031498276410287596,73.03620385180334,100,100
ENSMUSG00000064280,0.001,62.31581250733508,1.0,0.001,0.0010000000000000005,0.0015897845761601512,0.18689262970523096,100,100
ENSMUSG00000064284,1.1012399180619261,9.18103740886452,15.349581238517612,0.5231213582580423,1.784219543584757,0.9518491910147123,5.266543618466913,100,100
ENSMUSG00000064288,0.001,59.101841166386166,1.0,0.001,0.001,0.001983111967084416,0.07344724490874868,100,100
ENSMUSG00000064289,2.097645904257191,300.5403992534993,840.930071005619,1.753033819240684,2.820379496648496,2.030282989599151,3.5095078490425307,100,100
ENSMUSG00000064293,0.001,66.84427540036525,1.0,0.001,0.001,0.002235598780690503,0.19687073139800432,100,100
ENSMUSG00000064294,2.7669683005905696,332.9163324048667,1.0,0.001,14.661697731164088,0.0010003538328826052,0.01706695077271872,100,100
ENSMUSG00000064302,0.06304501038752237,0.030617591938268792,1.8913397069938769,0.002483967996954024,2.266654436107949,0.5324797045843417,1728.1077242997146,100,100
ENSMUSG00000064307,0.3188097082501639,1.7319085130996508,2.5893358450647743,0.04736224340715729,0.9956602681015514,0.3862522707780646,18.90616007298018,100,100
ENSMUSG00000064308,0.001,62.31581250733508,1.0,0.001,0.001,0.0016867114569895933,0.32285962882668506,100,100
ENSMUSG00000064310,0.001,66.84427540036525,1.0,0.001,0.0010000000000000009,0.001986504854351402,0.29523833656284554,100,100
ENSMUSG00000064325,3.587294459550871,865.3617848798796,1.0,0.001,11.969950742395657,0.0010000000000034961,0.04276760767715506,100,100
ENSMUSG00000064326,0.7269779829682963,303.0819497326214,1047.693211436369,0.5524657426810959,0.9674803450894534,2.3389828310780767,4.773472061656689,100,100
ENSMUSG00000064329,0.001,61.259704531272526,1.0,0.001,0.001,0.0017174470035280951,0.38249697123099746,100,100
ENSMUSG00000064330,2.785449991810826,662.422900792494,1.0,0.001,8.442619483618579,0.0010000000000121925,0.1468034036342154,100,100
ENSMUSG00000064373,0.9854116277260527,31.038756845662103,357.99236625669516,0.7847150288636453,9.575914574611044,1.0510415525012409,16.66055058606601,100,100
ENSMUSG00000064380,2.961200185399535,721.6290393901162,1.0064427689282454,0.001,7.5915733341644795,0.0011167623067143448,0.2292281475390338,100,100
ENSMUSG00000064387,4.134300499511258,1000.0,1.0,0.001,11.647354823861857,0.0010000000000616128,0.11797152262726801,100,100
ENSMUSG00000064390,0.001,62.31581250733508,1.0,0.001,0.001,0.0016662116356677046,0.5477405750613124,100,100
ENSMUSG00000064398,3.338165727611042,807.3831051292377,1.0,0.001,8.301088681347753,0.0010000000000173629,0.2233631183793466,100,100
ENSMUSG00000064410,0.001,66.84427540036525,1.0,0.001,0.001,0.0015444210463254747,0.16965368351639087,100,100
ENSMUSG00000064413,0.001,62.31581250733508,1.0,0.001,0.001,0.0019059074385706916,0.21767991143404467,100,100
ENSMUSG00000064417,0.001,62.31581250733508,1.0,0.001,0.001,0.001757529497464837,0.135836230324539,100,100
ENSMUSG00000064427,0.001,61.45463549419866,1.0,0.001,0.0010000000000000005,0.001993179781444634,0.36163735519313334,100,100
ENSMUSG00000064437,0.29093192605065876,17.564225929069305,2.9096062945523355,0.05250834587148695,42.95149463275111,0.0010966517065525688,0.640644454641331,100,100
ENSMUSG00000064441,0.001,61.88525872635182,1.0,0.001,0.001,0.0018015359569005423,0.12915605548592923,100,100
ENSMUSG00000064451,1.8097731898307214,437.46334361701787,1.0,0.001,7.47939723742255,0.0010000010503224382,0.05308385444686688,100,100
ENSMUSG00000064452,0.001,62.31581250733508,1.0,0.001,0.001,0.002295458303945317,0.19452928367473554,100,100
ENSMUSG00000064487,0.001,62.31581250733508,1.0,0.001,0.001,0.0020534429252945237,0.13516634937593408,100,100
ENSMUSG00000064492,0.001,62.31581250733508,1.0,0.001,0.001,0.0018663218250704076,0.13754271579331578,100,100
ENSMUSG00000064494,0.001,61.88525872635182,1.0,0.001,0.001,0.0019032118764521727,0.35731641756211974,100,100
ENSMUSG00000064508,4.134300499511258,1000.0,1.0,0.001,7.509837627643204,0.0011126078345297288,0.17376475661027332,100,100
ENSMUSG00000064519,0.001,62.31581250733508,1.0,0.001,0.001,0.0018214219728643118,0.0890840221880648,100,100
ENSMUSG00000064525,0.001,62.31581250733508,1.0,0.001,0.001,0.001897699609153415,0.2502582029572705,100,100
ENSMUSG00000064540,7.165539012633942,859.2803031600247,1.0,0.001,15.622855295156148,0.0010000000000073678,0.060485611204383394,100,100
ENSMUSG00000064542,0.04581007255203906,16.1550317298056,11.9698159520669,0.001,26.72011623434826,0.001000018184874896,4.262848680226266,100,100
ENSMUSG00000064558,0.001,62.31581250733508,1.0,0.001,0.0010000000000000005,0.001850995089545789,0.15550314156971579,100,100
ENSMUSG00000064565,0.27213439610239265,65.36421030425801,1.0,0.001,4.160643334073635,0.0010802531884886103,0.07362812477354483,100,100
ENSMUSG00000064580,8.302717516811837,1000.0,1.0,0.001,18.774523900188544,0.001,0.1418593701546359,100,100
ENSMUSG00000064587,3.587294459550871,865.3617848798796,1.0,0.001,9.213897351856994,0.0010000000012656534,0.1776603196163418,100,100
ENSMUSG00000064590,12.145499074603322,999.9999999759775,1.0293195872962444,0.001,19.691387307794542,0.001,0.010046869868664538,100,100
ENSMUSG00000064595,0.001,62.31581250733508,1.0,0.001,0.001,0.0016851566768258217,0.23115964608930162,100,100
ENSMUSG00000064597,0.001,62.31581250733508,1.0,0.001,0.0010000000000000005,0.002043528042995435,0.4249429242631207,100,100
ENSMUSG00000064600,0.001,62.31581250733508,1.0,0.001,0.001,0.001789261833178542,0.14259436483815127,100,100
ENSMUSG00000064602,2.4775427603301186,591.623848152653,1.0,0.001,4.434114832581939,0.0011519120008095063,0.061471044590598684,100,100
ENSMUSG00000064606,0.001,62.31581250733508,1.0,0.001,0.0010000000000000005,0.0017847472504041654,0.173453119250158,100,100
ENSMUSG00000064609,2.684773051267332,649.196933434762,1.0,0.001,10.338774368769771,0.00100000000000155,0.04780801892238017,100,100
ENSMUSG00000064612,1.4264657657904025,341.6272039188167,1.0,0.001,14.609825743158048,0.001034618478619537,0.024027579337699494,100,100
ENSMUSG00000064620,0.001,61.45463549419866,1.0,0.001,0.001,0.0017355248586401876,0.1704000579762512,100,100
ENSMUSG00000064622,0.001,62.31581250733508,1.0,0.001,0.001,0.0017014844184319242,0.22084443937761597,100,100
ENSMUSG00000064632,0.001,62.31581250733508,1.0,0.001,0.001,0.0018596372102380881,0.25996076608720436,100,100
ENSMUSG00000064637,2.1571940611220364,521.5346265951073,1.0,0.001,6.977262387967606,0.0010651930135714045,0.028478515401070485,100,100
ENSMUSG00000064644,0.001,62.31581250733508,1.0,0.001,0.001,0.0014747621629082937,0.20240671027270868,100,100
ENSMUSG00000064646,0.001,62.31581250733508,1.0,0.001,0.001,0.001818630902263871,0.13230131575600987,100,100
ENSMUSG00000064647,8.423625410924869,997.2267011470976,1.0,0.001,13.16889144747416,0.0010000000000122157,0.01727253841394874,100,100
ENSMUSG00000064648,0.001,62.31581250733508,1.0,0.001,0.001,0.0019241885678298262,0.40362093307032054,100,100
ENSMUSG00000064653,0.001,62.31581250733508,1.0,0.001,0.0010000000000000005,0.0017694222681280628,0.4305057019273944,100,100
ENSMUSG00000064655,1.2942464081253242,312.7073817864961,1.0,0.001,6.248535561556469,0.0010000000068435147,0.11063291947608299,100,100
ENSMUSG00000064658,0.001,62.31581250733508,1.0,0.001,0.0010000000000000009,0.001737271095337185,0.2113830448882983,100,100
ENSMUSG00000064664,0.001,62.31581250733508,1.0,0.001,0.0010000000000000005,0.0013064041790233419,0.07031043400074274,100,100
ENSMUSG00000064669,0.001,66.84427540036525,1.0,0.001,0.001,0.001691606846855175,0.06889276576326975,100,100
ENSMUSG00000064672,0.001,62.31581250733508,1.0,0.001,0.001,0.0016597570580297752,0.09462086486371682,100,100
ENSMUSG00000064679,0.001,62.31581250733508,1.0,0.001,0.001,0.0013279937186148802,0.20592903978209065,100,100
ENSMUSG00000064692,0.001,62.31581250733508,1.0,0.001,0.001,0.0018890661790823234,0.21793536241598013,100,100
ENSMUSG00000064702,0.0036754501730117,8.72649067599371,21.99875728987772,0.001,0.06268038255133628,0.001833227959076657,19.27444265979537,100,100
ENSMUSG00000064715,0.001,62.31581250733508,1.0,0.001,0.001,0.0019814231344396065,0.5360054983486673,100,100
ENSMUSG00000064719,0.001,66.84427540036525,1.0,0.001,0.001,0.0017088322175515792,0.10330236611267515,100,100
ENSMUSG00000064720,0.001,62.31581250733508,1.0,0.001,0.001,0.0024837335747668744,0.13645534718506316,100,100
ENSMUSG00000064722,0.001,62.31581250733508,1.0,0.001,0.001,0.0019122158767432237,0.10208008881515857,100,100
ENSMUSG00000064726,0.001,62.31581250733508,1.0,0.001,0.001,0.001578599542406944,0.19864950950088603,100,100
ENSMUSG00000064738,0.001,62.31581250733508,1.0,0.001,0.001,0.001858727753659379,0.0688451810769527,100,100
ENSMUSG00000064765,0.001,62.31581250733508,1.0,0.001,0.001,0.0019341988667963086,0.1430840629345253,100,100
ENSMUSG00000064770,0.001,61.88525872635182,1.0,0.001,0.001,0.0016132164656070677,0.1310110457606656,100,100
ENSMUSG00000064778,0.001,62.31581250733508,1.0,0.001,0.0010000000000000005,0.0014922862310673786,0.07337834522323733,100,100
ENSMUSG00000064802,0.001,62.31581250733508,1.0,0.001,0.001,0.0015764918267084365,0.1947338008022089,100,100
ENSMUSG00000064811,0.001,62.31581250733508,1.0,0.001,0.001,0.0016919630738900099,0.12111067660222237,100,100
ENSMUSG00000064823,0.001,62.31581250733508,1.0,0.001,0.0010000000000000005,0.001789279597588101,0.13184782210359428,100,100
ENSMUSG00000064831,0.001,66.84427540036525,1.0,0.001,0.0010000000000000005,0.0016372731639316283,0.2690206595422006,100,100
ENSMUSG00000064833,0.001,62.31581250733508,1.0,0.001,0.001,0.0017573930464251095,0.17323023154778266,100,100
ENSMUSG00000064844,0.39749347602976254,17.284299593407475,3.2946913130127227,0.07982452441393018,47.43639011163311,0.0011436917367559697,0.982149261661235,100,100
ENSMUSG00000064845,0.001,62.31581250733508,1.0,0.001,0.001,0.0019416843542656406,0.2627719965758405,100,100
ENSMUSG00000064856,0.001,66.84427540036525,1.0,0.001,0.001,0.0019532590909172895,0.20020468475777486,100,100
ENSMUSG00000064857,10.96135353275164,636.8939942048478,1.0,0.001,27.324154221564104,0.001,0.00902933503340743,100,100
ENSMUSG00000064867,0.001,62.31581250733508,1.0,0.001,0.001,0.001890790483117316,0.6959755867501554,100,100
ENSMUSG00000064871,0.023374533562034595,20.219932944688747,14.70181788878367,0.001,10.145036542200891,0.0010000000000118757,9.0076103884387,100,100
ENSMUSG00000064899,0.001,62.31581250733508,1.0,0.001,0.001,0.0014833251587053377,0.11585081627652098,100,100
ENSMUSG00000064901,2.273262473957163,523.7546008899321,1.0,0.001,5.548743847221491,0.0012038041194702576,0.1687185028322705,100,100
ENSMUSG00000064906,0.001,62.31581250733508,1.0,0.001,0.001,0.001675011585742503,0.22526412381991345,100,100
ENSMUSG00000064916,0.001,62.31581250733508,1.0,0.001,0.0010000000000000009,0.0020745087467634055,0.4633198202037273,100,100
ENSMUSG00000064917,0.001,62.31581250733508,1.0,0.001,0.001,0.002319913090733059,0.5148464473619783,100,100
ENSMUSG00000064918,4.382156668850009,527.5412567193863,1.0,0.001,16.738673519739805,0.001018041694669309,0.022355867279416644,100,100
ENSMUSG00000064919,0.001,62.31581250733508,1.0,0.001,0.001,0.0021991559516134724,0.4570866125852292,100,100
ENSMUSG00000064925,1.827408594187776,433.33200259696997,1.0,0.001,10.096430650015954,0.0012577738732891342,0.07075514313199666,100,100
ENSMUSG00000064927,1.421002959611816,340.4393560865186,1.0,0.001,12.337410502194299,0.001000000000108578,0.08182606334689524,100,100
ENSMUSG00000064936,0.001,66.84427540036525,1.0,0.001,0.001,0.0019405064958491385,0.15193164071827642,100,100
ENSMUSG00000064941,0.001,62.31581250733508,1.0,0.001,0.0010000000000000005,0.0017037742287929203,0.18939365255665855,100,100
ENSMUSG00000064952,0.001,61.674132606755,1.0,0.001,0.0010000000000000005,0.0020682336885997485,0.20314344484675037,100,100
ENSMUSG00000064956,0.001,62.31581250733508,1.0,0.001,0.001,0.0017108535519448761,0.24095128297302143,100,100
ENSMUSG00000064959,0.001,62.31581250733508,1.0,0.001,0.0010000000000000005,0.0016338034105287747,0.6058729523958718,100,100
ENSMUSG00000064960,0.4282965282830732,103.14966607220127,1.0,0.001,8.242821319355025,0.0010000000638093918,0.053721805440826616,100,100
ENSMUSG00000064964,0.001,62.31581250733508,1.0,0.001,0.0010000000000000005,0.0018387562672224065,0.10434358624863335,100,100
ENSMUSG00000064967,0.001,66.84427540036525,1.0,0.001,0.0010000000000000009,0.001692520507160438,0.5521252690280425,100,100
ENSMUSG00000064982,0.001,62.31581250733508,1.0,0.001,0.0010000000000000005,0.0014535698370928842,0.2275494534880771,100,100
ENSMUSG00000064984,0.001,62.31581250733508,1.0,0.001,0.001,0.0017153799474341274,0.10775582663695767,100,100
ENSMUSG00000064994,0.001,62.31581250733508,1.0,0.001,0.001,0.0017788974762807611,0.5623872390088562,100,100
ENSMUSG00000065030,0.001,62.31581250733508,1.0,0.001,0.0010000000000000005,0.002120300997422681,0.2319332273585589,100,100
ENSMUSG00000065036,0.001,66.84427540036525,1.0,0.001,0.001,0.0020814066842472366,0.3140202734509564,100,100
ENSMUSG00000065045,0.001,62.31581250733508,1.0,0.001,0.0010000000000000009,0.001875544791027897,0.1653874048020794,100,100
ENSMUSG00000065047,4.132577005576439,999.9999999828615,1.0,0.001,7.315541577674684,0.001140634572919325,0.14051456969708476,100,100
ENSMUSG00000065049,0.001,62.31581250733508,1.0,0.001,0.0010000000000000005,0.0014951844657868525,0.4955196558122008,100,100
ENSMUSG00000065061,0.001,62.31581250733508,1.0,0.001,0.001,0.0018283328310695407,0.13073996070892,100,100
ENSMUSG00000065080,7.966908096179462,959.5017327827873,1.0,0.001,16.744330666543352,0.0010000000000040116,0.018377451203910676,100,100
ENSMUSG00000065083,0.001,62.31581250733508,1.0,0.001,0.001,0.0015616620639512502,0.16421573286648283,100,100
ENSMUSG00000065089,0.001,62.31581250733508,1.0,0.001,0.001,0.001656808792030489,0.22612119639519324,100,100
ENSMUSG00000065110,0.001,62.31581250733508,1.0,0.001,0.001,0.001794141804348662,0.214782004935382,100,100
ENSMUSG00000065118,1.9751834003142985,475.50700159073045,1.0,0.001,9.198967482960363,0.0010104374169137948,0.04519200765913278,100,100
ENSMUSG00000065126,0.7931761948211427,3.0979317370367085,8.396473496208207,0.2246075411633936,1.8352204964805607,1.1236698806832828,15.60831319479134,100,100
ENSMUSG00000065127,0.001,62.31581250733508,1.0,0.001,0.001,0.0020296090308637585,0.26484700407707806,100,100
ENSMUSG00000065147,3.1642314562669682,437.3341309560153,1.0,0.001,21.231414082455053,0.0011216298210657174,0.12782000212028286,100,100
ENSMUSG00000065159,0.001,62.31581250733508,1.0,0.001,0.001,0.0017313126713414022,0.07817222908475371,100,100
ENSMUSG00000065162,0.01081380165323914,19.713364549067453,22.49676150489328,0.001,4.018437932924494,0.0016154572653097634,21.084256438231407,100,100
ENSMUSG00000065176,0.001,62.31581250733508,1.0,0.001,0.001,0.0016556849857701935,0.29357009214882535,100,100
ENSMUSG00000065188,0.001,62.31581250733508,1.0,0.001,0.001,0.0014419394103180987,0.21323991265552278,100,100
ENSMUSG00000065191,0.001,62.31581250733508,1.0,0.001,0.001,0.0017342992516270954,0.14700543210175732,100,100
ENSMUSG00000065196,0.001,62.31581250733508,1.0,0.001,0.001,0.001677568616621985,0.17198171577933824,100,100
ENSMUSG00000065204,0.001,62.31581250733508,1.0,0.001,0.001,0.0016248388475899067,0.15121608203213383,100,100
ENSMUSG00000065208,0.001,62.31581250733508,1.0,0.001,0.001,0.001677649805699035,0.3934478748528936,100,100
ENSMUSG00000065219,0.13198713165830547,18.107818685388537,6.904595531720257,0.02466130225802691,31.090098739568734,0.0011201015642696615,2.4434159285677923,100,100
ENSMUSG00000065232,1.9436899174801565,467.0695388708544,1.0,0.001,5.513756696868429,0.0010321692154626463,0.42727752964707977,100,100
ENSMUSG00000065236,0.001,62.31581250733508,1.0,0.001,0.001,0.0017311694810171517,0.09676956189331898,100,100
ENSMUSG00000065246,0.001,62.31581250733508,1.0,0.001,0.001,0.001966593384311578,0.22503430637043675,100,100
ENSMUSG00000065251,0.001,60.188376913276144,1.0,0.001,0.0010000000000000005,0.0016768882877645323,0.1894775886833235,100,100
ENSMUSG00000065255,0.001,62.31581250733508,1.0,0.001,0.001,0.001808092213687172,0.16318986325104762,100,100
ENSMUSG00000065258,11.023763724098686,877.7153417384577,1.0,0.001,21.0009444060754,0.001000000000001139,0.020730812070027714,100,100
ENSMUSG00000065273,0.001,62.31581250733508,1.0,0.001,0.001,0.002122180343678411,0.38122497975175884,100,100
ENSMUSG00000065299,0.001,62.31581250733508,1.0,0.001,0.001,0.0018513639239661473,0.09576802481252819,100,100
ENSMUSG00000065301,0.001,62.31581250733508,1.0,0.001,0.001,0.0022024194517232636,0.15188900978956466,100,100
ENSMUSG00000065304,0.001,62.31581250733508,1.0,0.001,0.0010000000000000009,0.0017883034832061114,0.3260035378114568,100,100
ENSMUSG00000065315,0.001,62.31581250733508,1.0,0.001,0.001,0.0018017879186310558,0.21008911980668793,100,100
ENSMUSG00000065331,0.001,62.31581250733508,1.0,0.001,0.0010000000000000009,0.0020109741842038982,0.13647238680797535,100,100
ENSMUSG00000065336,7.122733831825448,572.8596689977921,1.0075246851492283,0.001,22.292479180406673,0.001,0.009042592552027058,100,100
ENSMUSG00000065341,0.001,62.31581250733508,1.0,0.001,0.001,0.0017436366384205068,0.1833432487161307,100,100
ENSMUSG00000065343,0.001,62.31581250733508,1.0,0.001,0.0010000000000000005,0.0021054095165566585,0.30209848153920116,100,100
ENSMUSG00000065353,0.7412634792676546,1.8701622555260218,4.779618915211506,0.3218427009196225,1.5034905196809856,1.078236162783204,7.9149487560909675,100,100
ENSMUSG00000065360,0.001,62.31581250733508,1.0,0.001,0.001,0.001798241718486794,0.2587584787237231,100,100
ENSMUSG00000065368,0.001,66.84427540036525,1.0,0.001,0.001,0.0017791899557994203,0.18567952873463586,100,100
ENSMUSG00000065374,0.001,62.31581250733508,1.0,0.001,0.001,0.0016024237322655869,0.07277099644508156,100,100
ENSMUSG00000065382,0.001,62.31581250733508,1.0,0.001,0.0010000000000000009,0.0016084013936757259,0.1297370797925449,100,100
ENSMUSG00000065387,0.001,62.31581250733508,1.0,0.001,0.001,0.0016371609925172998,0.22088037221846402,100,100
ENSMUSG00000065389,0.001,62.31581250733508,1.0,0.001,0.001,0.001354429270678666,0.08483126916324416,100,100
ENSMUSG00000065395,0.001,66.84427540036525,1.0,0.001,0.001,0.0018714994558564103,0.24314324225504874,100,100
ENSMUSG00000065396,0.001,62.31581250733508,1.0,0.001,0.0010000000000000005,0.0016501552772316633,0.5232251468041472,100,100
ENSMUSG00000065398,0.001,62.31581250733508,1.0,0.001,0.0010000000000000009,0.0018562001358050182,0.17629514532639812,100,100
ENSMUSG00000065399,8.736487499568387,999.9999999731249,1.0,0.001,17.627932080544348,0.001,0.02627229287293423,100,100
ENSMUSG00000065401,0.001,62.31581250733508,1.0,0.001,0.001,0.0021636262569340683,0.06707241281137007,100,100
ENSMUSG00000065402,0.001,62.31581250733508,1.0,0.001,0.001,0.001789258749872616,0.18447058985991058,100,100
ENSMUSG00000065408,0.1510169857901219,0.9532562216391379,2.9444000129457018,0.07578205329877738,0.435884668482252,0.8757671900216282,8.173433058933558,100,100
ENSMUSG00000065415,0.001,62.31581250733508,1.0,0.001,0.001,0.0018973200216040975,0.38911905468204366,100,100
ENSMUSG00000065417,0.001,62.31581250733508,1.0,0.001,0.001,0.0019080451800713126,0.06695291873889175,100,100
ENSMUSG00000065418,0.001,61.88525872635182,1.0,0.001,0.001,0.0018416958196721589,0.18466541369692455,100,100
ENSMUSG00000065422,0.14661945804227933,3.454182056627093,9.702783195697759,0.07537589636285077,0.24619370296035772,1.403731297332595,7.019166229953331,100,100
ENSMUSG00000065423,0.001,62.31581250733508,1.0,0.001,0.001,0.0015348383050126368,0.1808283062974227,100,100
ENSMUSG00000065429,0.001,62.31581250733508,1.0,0.001,0.001,0.0016896497171810148,0.12330796145796344,100,100
ENSMUSG00000065431,4.046825963208836,481.06870509646427,1.0,0.001,13.39615206277955,0.0010000000000185895,0.02836963822600306,100,100
ENSMUSG00000065433,0.001,62.31581250733508,1.0,0.001,0.001,0.001732808856610822,0.15525525397167392,100,100
ENSMUSG00000065434,0.6437621963837976,154.64850262092747,1.0,0.001,5.0160985024535885,0.0015082545088465841,0.1997567442981129,100,100
ENSMUSG00000065436,0.001,62.31581250733508,1.0,0.001,0.001,0.001594060376926248,0.17504628616336598,100,100
ENSMUSG00000065440,0.001,61.45463549419866,1.0,0.001,0.001,0.001639423489155861,0.0538906518256361,100,100
ENSMUSG00000065444,10.917723976092507,872.8451456845754,1.0,0.001,22.92928478039595,0.001,0.013655378959543179,100,100
ENSMUSG00000065445,0.03368902007487491,20.68761541189115,17.93623191568199,0.001,10.501971646397598,0.0012863004414388618,55.20906484882937,100,100
ENSMUSG00000065452,0.001,62.31581250733508,1.0,0.001,0.001,0.0016426493449878032,0.09345570839588752,100,100
ENSMUSG00000065464,0.001,62.31581250733508,1.0,0.001,0.001,0.0016108701277932143,0.21253812850985063,100,100
ENSMUSG00000065466,0.001,62.31581250733508,1.0,0.001,0.0010000000000000005,0.001591483983873803,0.10486474184011424,100,100
ENSMUSG00000065468,0.08218613862769888,17.97183313691766,13.762524901974059,0.01752838976408487,41.75096579193924,0.0011631121210457112,3.29500915489038,100,100
ENSMUSG00000065471,0.02259645289954861,20.75777668130525,15.098399109496585,0.001,11.893093207656303,0.0010315938048629223,28.00442846342291,100,100
ENSMUSG00000065482,0.001,62.31581250733508,1.0,0.001,0.0010000000000000009,0.0019952574964225934,0.3125423432214488,100,100
ENSMUSG00000065484,0.17931684344095705,17.87841058355608,4.063373932754894,0.001,29.98464275163203,0.0010257030951741288,1.0249867260264474,100,100
ENSMUSG00000065486,0.001,62.31581250733508,1.0,0.001,0.001,0.0018292093048069516,0.3374818742165312,100,100
ENSMUSG00000065489,0.001,61.88525872635182,1.0,0.001,0.001,0.0018080689594544461,0.12362980754723901,100,100
ENSMUSG00000065492,0.001,61.259704531272526,1.0,0.001,0.001,0.0017391791761052185,0.16484020950468115,100,100
ENSMUSG00000065494,0.08733328420451084,18.926215755902252,6.268214896699457,0.001,23.568007925850207,0.001046706732431645,1.8204591178941771,100,100
ENSMUSG00000065495,0.001,62.31581250733508,1.0,0.001,0.001,0.0018550331105428206,0.20376361909991353,100,100
ENSMUSG00000065501,0.001,62.31581250733508,1.0,0.001,0.001,0.0018411384677100872,0.1835572823046181,100,100
ENSMUSG00000065503,0.03361457967079817,32.2468402101486,246.85340800996954,0.0011508491485060996,0.09427337284545095,0.9628158057567133,79.61277964230806,100,100
ENSMUSG00000065505,0.274471701491809,65.11353644473616,1.0,0.001,10.641568328298591,0.0010000000000136536,0.05212529325044357,100,100
ENSMUSG00000065509,0.001,61.674132606755,1.0,0.001,0.0010000000000000005,0.0018902335028180665,0.1866399156659648,100,100
ENSMUSG00000065510,0.001,62.31581250733508,1.0,0.001,0.001,0.001530239552328944,0.07340907132080274,100,100
ENSMUSG00000065513,12.505891934231608,1000.0,1.0,0.001,24.74638764378517,0.0010000000739170017,0.016292440253418486,100,100
ENSMUSG00000065514,0.001,62.31581250733508,1.0,0.001,0.001,0.0019207227509455357,0.17152640097748603,100,100
ENSMUSG00000065515,0.001,62.31581250733508,1.0,0.001,0.001,0.0016390763310489024,0.06215548436477367,100,100
ENSMUSG00000065518,0.001,66.84427540036525,1.0,0.001,0.001,0.0016869599990490605,0.22314103265527552,100,100
ENSMUSG00000065521,0.001,62.31581250733508,1.0,0.001,0.001,0.0017797809767963997,0.23596952961560178,100,100
ENSMUSG00000065523,4.132577005576439,999.9999999828615,1.0,0.001,5.870122827325675,0.0012548527723381228,0.04881051509272254,100,100
ENSMUSG00000065524,0.001,62.31581250733508,1.0,0.001,0.001,0.0020569966006898288,0.27242778924821476,100,100
ENSMUSG00000065526,0.001,62.31581250733508,1.0,0.001,0.001,0.0015163965270787068,0.12235883557933247,100,100
ENSMUSG00000065528,0.001,66.84427540036525,1.0,0.001,0.001,0.0017788856298737695,0.20557660679547765,100,100
ENSMUSG00000065536,0.001,62.31581250733508,1.0,0.001,0.001,0.001510628472461379,0.1810126664675361,100,100
ENSMUSG00000065537,0.02269093056701883,20.672474579341475,15.035957110387065,0.001,14.588115740719154,0.0010087907202508389,2.584268109799349,100,100
ENSMUSG00000065541,0.001,62.31581250733508,1.0,0.001,0.001,0.00172989565480022,0.03935347224749482,100,100
ENSMUSG00000065542,0.001,62.31581250733508,1.0,0.001,0.001,0.0015249322110153798,0.16650667377120854,100,100
ENSMUSG00000065544,0.001,62.31581250733508,1.0,0.001,0.001,0.0016137848136759771,0.10478049073084121,100,100
ENSMUSG00000065546,1.6578195835162874,390.74308302403836,1.0,0.001,8.012648695196381,0.0012101396412411846,0.15559773299699925,100,100
ENSMUSG00000065547,0.0222294354257338,21.596628497467385,24.072566913404135,0.001,6.0693072706746864,0.00162153422280668,23.42719880514102,100,100
ENSMUSG00000065552,0.001,62.31581250733508,1.0,0.001,0.001,0.0018429052002176508,0.14926633611907184,100,100
ENSMUSG00000065556,0.001,62.31581250733508,1.0,0.001,0.001,0.0018533872260359835,0.2825898571133018,100,100
ENSMUSG00000065563,0.001,62.31581250733508,1.0,0.001,0.001,0.0017405576591231393,0.2809218040989314,100,100
ENSMUSG00000065564,137.05204768091215,787.7190367185177,1.0,9.357230596739058,167.28107292801064,0.0011792595883942016,0.0139075842396593,100,100
ENSMUSG00000065571,0.023933412698666875,22.84893087717448,31.314724924659256,0.001,6.269717712148412,0.0012693093910279515,41.79782425942084,100,100
ENSMUSG00000065572,0.001,62.31581250733508,1.0,0.001,0.001,0.0019551284918673164,0.13770096888572303,100,100
ENSMUSG00000065578,0.001,61.88525872635182,1.0,0.001,0.001,0.001905751222156415,0.8867384742755099,100,100
ENSMUSG00000065583,0.001,62.31581250733508,1.0,0.001,0.001,0.0017169232116827397,0.1283532823805766,100,100
ENSMUSG00000065587,0.001,61.45463549419866,1.0,0.001,0.001,0.002071700662636191,0.11786890429568533,100,100
ENSMUSG00000065589,5.294963174937696,645.6147753525321,1.0400791437912489,0.001,14.731887898224794,0.0010000000897141324,0.01847340432203992,100,100
ENSMUSG00000065590,0.001,66.84427540036525,1.0,0.001,0.001,0.0014795464363024451,0.1536953008896406,100,100
ENSMUSG00000065591,0.001,62.31581250733508,1.0,0.001,0.001,0.00174629819060786,0.13356637542919556,100,100
ENSMUSG00000065592,0.14957164948377696,2.5891592534808856,5.7784350488041065,0.06114227589987792,0.34556008666433446,0.8638504256254689,6.059508045980529,100,100
ENSMUSG00000065593,4.146906333238779,999.9999999237627,1.0,0.001,7.695251372145077,0.0010118184400576585,0.05552160400215074,100,100
ENSMUSG00000065599,16.133423696338273,473.3557721532227,1.0,0.4125441043252885,47.538020003273544,0.0010081971782844763,0.008944013776913885,100,100
ENSMUSG00000065601,0.001,62.31581250733508,1.0,0.001,0.001,0.0015053554101712714,0.07046478751439322,100,100
ENSMUSG00000065602,0.001,62.31581250733508,1.0,0.001,0.001,0.0019170287486855182,0.17097763169580318,100,100
ENSMUSG00000065603,2.867152843803597,686.0406369234706,1.002516036849355,0.001,8.124574103086033,0.0011101221221341186,0.09836383791349786,100,100
ENSMUSG00000065606,0.001,62.31581250733508,1.0,0.001,0.001,0.0022633023424718382,0.18624293853346763,100,100
ENSMUSG00000065608,0.27503395686524296,30.9030677085606,18.162861703569703,0.004172620653938554,1.2616503994826787,0.09954120912605036,29.536204111655316,100,100
ENSMUSG00000065610,0.001,62.31581250733508,1.0,0.001,0.001,0.0017610481368393544,0.18192531853217303,100,100
ENSMUSG00000065611,17.231243035982843,570.5639888507931,1.0,0.001,37.69217421565439,0.001015680074478238,0.008919659186014194,100,100
ENSMUSG00000065612,4.134300499511258,1000.0,1.0,0.001,4.940337667415417,0.001089805198626271,0.058212954146463464,100,100
ENSMUSG00000065623,0.001,62.31581250733508,1.0,0.001,0.001,0.0015524389270933753,0.18566150173730894,100,100
ENSMUSG00000065634,0.001,62.31581250733508,1.0,0.001,0.0010000000000000005,0.0017171540874823833,0.23548630267534143,100,100
ENSMUSG00000065637,1.77889767106868,435.05565630393556,1.0337441480290168,0.001,8.490459615883726,0.0010766605346373397,0.09072146919085816,100,100
ENSMUSG00000065643,22.318769602518447,751.966727744858,1.0,0.001,37.97504015359598,0.0010186034637676448,0.008952412187224324,100,100
ENSMUSG00000065647,0.001,62.31581250733508,1.0,0.001,0.001,0.0020969677423017916,0.10349398071262919,100,100
ENSMUSG00000065651,0.001,62.31581250733508,1.0,0.001,0.001,0.0016988963905592816,0.13098115384792944,100,100
ENSMUSG00000065653,4.1336179629762935,999.9999943156627,1.0,0.001,5.396849603032043,0.0012228386569276594,0.1765334079627778,100,100
ENSMUSG00000065657,0.001,62.31581250733508,1.0,0.001,0.001,0.0018170511594328411,0.09378650316951373,100,100
ENSMUSG00000065658,4.132577005576439,999.9999999828615,1.0,0.001,10.061132455453562,0.0010221925565363516,0.05281616644934038,100,100
ENSMUSG00000065659,0.001,62.31581250733508,1.0,0.001,0.001,0.0021074729450058644,0.20552994277578296,100,100
ENSMUSG00000065676,0.5154378692597036,32.775565668699265,10.526173401537095,0.15041985042497166,62.55909463638385,0.00391468010808247,1.2646841488014422,100,100
ENSMUSG00000065683,0.001,61.674132606755,1.0,0.001,0.0010000000000000009,0.001822690997145875,0.09457269788586158,100,100
ENSMUSG00000065686,0.001,62.31581250733508,1.0,0.001,0.001,0.0019449786940478496,0.5126613900224744,100,100
ENSMUSG00000065687,0.001,62.31581250733508,1.0,0.001,0.001,0.0013547279744560027,0.23638483572673763,100,100
ENSMUSG00000065692,0.4282965282830732,103.14966607220127,1.0,0.001,9.559655719143546,0.001000032193957379,0.15419110923387352,100,100
ENSMUSG00000065701,1.4024468764872677,324.8682118838717,1.0,0.001,7.117432673802492,0.00137838878269189,0.04461772767692101,100,100
ENSMUSG00000065715,0.001,61.88525872635182,1.0,0.001,0.001,0.0019507629746690048,0.18543070375601167,100,100
ENSMUSG00000065716,0.001,61.88525872635182,1.0,0.001,0.001,0.0016834692088525418,0.13363634325087548,100,100
ENSMUSG00000065728,0.001,61.88525872635182,1.0,0.001,0.001,0.00208789865937236,0.09498416768758405,100,100
ENSMUSG00000065732,0.001,66.84427540036525,1.0,0.001,0.001,0.0017804633329092851,0.12935078595248362,100,100
ENSMUSG00000065734,4.237687695672711,999.9999999299075,1.0,0.001,7.0755347547271015,0.0010025548298882162,0.051847371577879206,100,100
ENSMUSG00000065738,46.61403863125563,892.9196172927049,1.0,0.001,70.57245609131769,0.0010535133295547362,0.00902761499767133,100,100
ENSMUSG00000065750,4.409895151136532,530.8977717801135,1.0,0.001,14.49894917987092,0.0010000000000000022,0.02220588206202114,100,100
ENSMUSG00000065764,0.001,62.31581250733508,1.0,0.001,0.001,0.001775178509637624,0.34316743286043877,100,100
ENSMUSG00000065765,0.001,62.31581250733508,1.0,0.001,0.001,0.0017899884130890813,0.19092588932351834,100,100
ENSMUSG00000065767,0.25235533495493095,17.460954794944065,5.5771509693954995,0.037599428129921286,28.37920163161029,0.0018690398543040382,2.7814161537617426,100,100
ENSMUSG00000065799,0.001,62.31581250733508,1.0,0.001,0.001,0.0018186010236481106,0.1541631479127003,100,100
ENSMUSG00000065800,0.001,61.45463549419866,1.0,0.001,0.001,0.0015582735600400432,0.39497711019313614,100,100
ENSMUSG00000065817,0.001,66.84427540036525,1.0,0.001,0.0010000000000000005,0.0017668900665598198,0.06878900612473177,100,100
ENSMUSG00000065818,0.033152929122591726,20.898679527550915,18.117775785011336,0.001,4.533435712124479,0.0018610969355702094,40.20391054244171,100,100
ENSMUSG00000065820,0.001,62.31581250733508,1.0,0.001,0.001,0.0018790325433473533,0.22257086476220433,100,100
ENSMUSG00000065822,0.001,62.31581250733508,1.0,0.001,0.001,0.0017217796452949302,0.13357581383753206,100,100
ENSMUSG00000065824,0.001,62.31581250733508,1.0,0.001,0.001,0.0014901967030335464,0.21451818503662898,100,100
ENSMUSG00000065847,0.012868933185333404,14.839556777420146,23.65607613273025,0.001,9.91884250329859,0.0012352115573757087,18.436004253414723,100,100
ENSMUSG00000065851,0.001,62.31581250733508,1.0,0.001,0.0010000000000000005,0.0015110521799291646,0.33663211593379605,100,100
ENSMUSG00000065852,1.5409586744888182,369.11848257209584,1.0,0.001,6.944953301363778,0.0012246924009047993,0.05344017797359714,100,100
ENSMUSG00000065853,0.001,62.31581250733508,1.0,0.001,0.001,0.0016196558422428937,0.3660682129790428,100,100
ENSMUSG00000065864,4.686905336726958,576.5738905231088,1.0183166275435158,0.001,13.990774866673004,0.001,0.0601795006263877,100,100
ENSMUSG00000065870,0.001,62.31581250733508,1.0,0.001,0.001,0.0014855475410476874,0.2454619991788725,100,100
ENSMUSG00000065878,0.001,62.31581250733508,1.0,0.001,0.001,0.0019168349887032689,0.5185526311948201,100,100
ENSMUSG00000065883,0.001,62.31581250733508,1.0,0.001,0.001,0.0014712009426810376,0.3533533055022958,100,100
ENSMUSG00000065904,11.447819141247141,660.5997319389596,1.0,0.001,27.509174417832654,0.001,0.009003807558742579,100,100
ENSMUSG00000065915,0.001,62.31581250733508,1.0,0.001,0.001,0.001982862595492188,0.07791875821723797,100,100
ENSMUSG00000065922,0.001,62.31581250733508,1.0,0.001,0.001,0.0016429837119384973,0.12934398188422874,100,100
ENSMUSG00000065934,0.001,62.31581250733508,1.0,0.001,0.0010000000000000005,0.0017179089552081472,0.18458774808141387,100,100
ENSMUSG00000065939,0.010781195400065127,19.824458725137557,22.586288295595423,0.001,5.508499668355485,0.0015016581129334097,12.81361499299252,100,100
ENSMUSG00000065944,7.837732934541339,936.6800915993537,1.0000926932002974,0.001,12.60156320078336,0.001000003335495119,0.02286508187326255,100,100
ENSMUSG00000065952,0.001,62.31581250733508,1.0,0.001,0.001,0.001948545500235606,0.09921836721970476,100,100
ENSMUSG00000065954,2.405369354961776,178.0941751043636,104.92409527475462,0.7914757093993967,4.02792023366739,0.3668117336115973,3.534533867076941,100,100
ENSMUSG00000065968,0.001,62.31581250733508,1.0,0.001,0.001,0.0016088981229021263,0.16608227535775616,100,100
ENSMUSG00000065979,1.259966049904242,344.1694190825696,825.4047796414505,0.8326943959708264,3.0869474663432035,0.8896839360875948,4.423784660425822,100,100
ENSMUSG00000065990,4.26730176624367,34.18962676255492,125.57860570709454,2.7091189613788016,9.845470082174128,1.4211147898294358,7.756323569468191,100,100
ENSMUSG00000065999,0.001,61.674132606755,1.0,0.001,0.0010000000000000009,0.0017443135862949643,0.08218987620121465,100,100
ENSMUSG00000066000,0.001,61.88525872635182,1.0,0.001,0.001,0.0017516208400557834,0.2648154216864474,100,100
ENSMUSG00000066026,0.6388543157358412,4.461802287773709,76.23977117267069,0.49177639246217886,0.8082671856231285,12.404342884531449,22.317288957072982,100,100
ENSMUSG00000066036,1.1954056170129377,1.5277276939860218,14.942608531542277,0.7703526049820371,3.183718711916488,2.1177837491873714,17.725978733744682,100,100
ENSMUSG00000066037,0.4725973075226726,0.5337434831216601,13.140020767859399,0.31975404358500514,1.3425711703407959,4.993896062400944,39.823882679110945,100,100
ENSMUSG00000066042,0.001,0.004473972681488738,1.5516138715771113,0.001,0.2279600136423684,1.1627116606159873,424.63565623900604,100,100
ENSMUSG00000066043,0.4034964215093537,0.7388506346733332,2.204610731973542,0.09018112644214152,1.3347839935439312,0.6705825947140385,20.192278315006224,100,100
ENSMUSG00000066057,0.017060246119584475,0.4455828257722353,1.0,0.001,21.35758817094414,0.0010000581933837245,5.019965206623095,100,100
ENSMUSG00000066058,0.001,62.31581250733508,1.0,0.001,0.001,0.001744958543264486,0.15600927381481627,100,100
ENSMUSG00000066068,0.001,13.24437027100208,1.0,0.001,0.001,0.056058164269805255,5.702657513829447,100,100
ENSMUSG00000066108,0.001,60.37820284006485,1.0,0.001,0.001,0.0018054300328257987,0.11626405885830605,100,100
ENSMUSG00000066113,0.6126051320616476,7.9970418817359965,124.85567452500533,0.4008123676565723,0.8350141761476506,11.35911224527827,29.291951854135238,100,100
ENSMUSG00000066129,0.001,66.84427540036525,1.0,0.001,0.001,0.001982339353409716,0.18802617803012683,100,100
ENSMUSG00000066141,0.001,62.31581250733508,1.0,0.001,0.001,0.001868189131104364,0.09005796000190924,100,100
ENSMUSG00000066148,0.5244576149693851,3.2143632287680344,4.887762865083113,0.10061603061534627,0.9853401991795543,0.666091574858609,14.025963150027273,100,100
ENSMUSG00000066149,2.060230257810812,1.6904002907735445,12.69708082607814,1.3010388250457412,6.84148479801072,1.068614275491516,16.87171663144229,100,100
ENSMUSG00000066150,2.9926839726016077,20.30148008231972,62.68215716133677,1.795431831085224,7.599267874149217,1.064660670965877,7.7792180444466,100,100
ENSMUSG00000066151,1.1195890193146338,2.1518263731784204,6.594011022274448,0.4835535457503588,2.2957363632764882,1.023361807408163,10.255805758310476,100,100
ENSMUSG00000066152,0.35837545235779406,0.38157573983092913,4.160088202894726,0.10258479573458773,1.0175452845290391,1.9636865038613063,54.509273231334106,100,100
ENSMUSG00000066170,0.001,66.84427540036525,1.0,0.001,0.001,0.0015885332884900097,0.11489087743974663,100,100
ENSMUSG00000066175,5.900750148444151,704.5071688430228,1.0,0.001,18.26958903546273,0.0010000000000101622,0.01471517147545007,100,100
ENSMUSG00000066176,0.0032033766347731173,9.488363155065302,24.011424445382403,0.001,0.07038292070046434,0.0017107901392305737,8.432875129387087,100,100
ENSMUSG00000066178,5.06760341037659,610.137640214504,1.0,0.001,14.756871990896048,0.0010160095536266038,0.05056204026599731,100,100
ENSMUSG00000066191,0.2726773256195652,9.027747827982273,16.583542194967475,0.15691537851051707,0.47756918574140084,0.8798272681814021,3.725519031367387,100,100
ENSMUSG00000066196,0.001,62.31581250733508,1.0,0.001,0.001,0.0018069140440073158,0.11918700022912707,100,100
ENSMUSG00000066224,0.001,62.31581250733508,1.0,0.001,0.001,0.0019067961297250654,0.11546035971095098,100,100
ENSMUSG00000066232,4.558079041084248,17.022894236310197,101.97075517082843,3.193933491598827,7.899874134134915,2.7351813555405826,11.163363699150889,100,100
ENSMUSG00000066233,0.13066882448575884,1.062973608053732,1.7060698593101713,0.001,0.5001572524478086,0.32288652243360616,270.18325042441677,100,100
ENSMUSG00000066235,0.19560471191127018,0.6727790415851118,2.0316082084546925,0.0011087396066107335,0.6238944782754425,0.6778483945350926,621.7721084357214,100,100
ENSMUSG00000066245,0.533976398981077,0.4441528873820158,6.9447346797574685,0.13556877789549632,3.3228453153381254,1.1823846387756727,121.66577721858954,100,100
ENSMUSG00000066258,0.001,37.56958603453568,1.0,0.001,0.001,0.002467224611098745,0.2067632464837667,100,100
ENSMUSG00000066278,0.82758938086156,325.9579404994899,585.8049471077337,0.5513737249176422,1.3581825977214808,1.0920148244545438,3.431044182654911,100,100
ENSMUSG00000066306,1.0107031049686344,12.976209587146439,20.75065609542337,0.014495944946366713,1.367625658742373,1.1605001882664707,250.4986799493835,100,100
ENSMUSG00000066324,0.40593848628492435,1.0414147881593476,5.026381641351575,0.1897689786647026,0.7143194419939829,2.0874936565502455,15.314048445688533,100,100
ENSMUSG00000066357,0.8064321093735162,4.204662733530722,18.951116469623972,0.5388860472964427,1.190858938364688,2.679843339420883,7.27885589711866,100,100
ENSMUSG00000066361,8.372374944455771,1000.0,1.0,0.001,18.679794486499457,0.0010000324831772385,0.015751972802429248,100,100
ENSMUSG00000066363,0.042038434942802155,3.4560740838426063,12.323487307263312,0.012513726236293848,0.17177853158840134,0.6422839869077395,11.368909805954775,100,100
ENSMUSG00000066364,0.001,62.31581250733508,1.0,0.001,0.0010000000000000009,0.001630126345563073,0.0703807055568359,100,100
ENSMUSG00000066382,0.001,62.31581250733508,1.0,0.001,0.001,0.0019367557396973263,0.13184066711923043,100,100
ENSMUSG00000066392,0.030159610078017516,1.6553034832242972,7.839193115953879,0.001,0.17849549456895314,0.4754952349744346,92.92480586485377,100,100
ENSMUSG00000066406,4.971184251668795,154.88366833719294,197.99643111929456,2.9694236505541944,7.076626013653598,0.9025055453798567,3.093558018681508,100,100
ENSMUSG00000066407,0.001,13.596412732960566,1.0,0.001,0.001,0.04307158488114446,1.947773982222965,100,100
ENSMUSG00000066415,0.3817192023125836,0.5363720421108087,2.1601652597535073,0.014205501484552664,1.6375089005944228,0.5851383316954977,234.47222986520416,100,100
ENSMUSG00000066438,0.001,62.31581250733508,1.0,0.001,0.001,0.0015172835737088993,0.0731400011764208,100,100
ENSMUSG00000066440,0.23415681591189683,0.29402326815740754,1.4970742521658456,0.0010487847210176133,1.472632756386744,0.43344832025949076,1105.5523376420397,100,100
ENSMUSG00000066441,0.8715283452660436,1.7464316715119705,7.614587366624504,0.42151232376767567,1.7176281845786212,1.4655012432884915,15.277155724385306,100,100
ENSMUSG00000066442,0.061046279777443625,0.1152847852090274,17.10541347833849,0.001,0.4266892725949476,17.363805120851776,16796.567449481518,100,100
ENSMUSG00000066443,0.001,25.980015165822827,1.0,0.001,0.001,0.012576988343516424,1.1709812823253147,100,100
ENSMUSG00000066456,1.3696498786366378,13.769316158904356,40.917298126542384,0.9135297743211982,2.139834562553956,1.7593614591544695,5.471120679570653,100,100
ENSMUSG00000066463,0.001,62.31581250733508,1.0,0.001,0.001,0.0019185603448657967,0.10880911416431445,100,100
ENSMUSG00000066475,0.001,48.106574290295136,1.0,0.001,0.0010000000000000005,0.001865156792873982,0.35055426196176165,100,100
ENSMUSG00000066491,5.135677283463887,999.8251438122945,1.0139962499465942,0.001,7.506718802161252,0.0010366831362863943,0.053643793059797065,100,100
ENSMUSG00000066510,0.001,62.31581250733508,1.0,0.001,0.0010000000000000009,0.001642408034285934,0.3008372000198015,100,100
ENSMUSG00000066538,0.001,34.543229769843535,1.0,0.001,0.001,0.002380480684020715,0.1505491349526199,100,100
ENSMUSG00000066551,0.24757990008374164,0.49770673505742064,34.46359329924129,0.16087376249622598,0.428067079508474,31.58198901091911,111.58564890302291,100,100
ENSMUSG00000066553,5.492594628037747,59.74329895878975,234.5409101324613,4.710483234559456,9.744836614762622,2.0457941094144827,5.521406439229937,100,100
ENSMUSG00000066568,1.5648875688772617,4.487391292757009,11.868627745924625,0.5334693100288725,3.4118881324919412,0.9248267212353625,16.39421045211831,100,100
ENSMUSG00000066571,0.11263048606356317,0.13767344637332327,3.5349578345320425,0.0011148302528140403,0.5357209891454898,3.3344695596589435,3060.8970272788792,100,100
ENSMUSG00000066592,0.001,54.565350386356194,1.0,0.001,0.001,0.001792686618839032,0.470148958640044,100,100
ENSMUSG00000066595,0.8590395917911179,22.61143943889018,7.840679299033346,0.33943986849123525,5.004300396891372,0.06582937136157829,0.9399410643973113,100,100
ENSMUSG00000066607,0.502860540278045,2.2230193554285367,13.93891695723009,0.334856461724238,0.7195725034587362,3.834110822579925,10.45923636348514,100,100
ENSMUSG00000066613,0.12669529408829616,0.7127667359589346,4.8427417429875765,0.009678290750093885,0.27615294587750705,2.545941860678977,91.88282272863532,100,100
ENSMUSG00000066620,4.211146785409877,526.70431196585,1.091606451563724,0.001,16.215820454145536,0.0010000000000001392,0.010993343916572165,100,100
ENSMUSG00000066621,1.0840883108026897,11.351771090496875,26.235078593410957,0.47805850955746654,2.7548784486637254,0.9755036717373182,8.632125754952336,100,100
ENSMUSG00000066626,0.001,36.48355318578994,1.0,0.001,0.001,0.002303215539772227,0.24257265662749264,100,100
ENSMUSG00000066637,0.9034161597179595,30.621466951638148,25.33534509146332,0.0011650742102195812,1.4164671348014801,0.5109813352172186,1111.459880695529,100,100
ENSMUSG00000066640,1.1646934330441558,5.640177114406152,9.857728792564606,0.5648838271667074,2.023801655338759,0.8763312829093381,5.692462517331526,100,100
ENSMUSG00000066643,0.4168344634781304,5.795207265879873,22.39894167170959,0.001187292331712796,0.5395927721940933,2.9557480896319603,2717.018280153307,100,100
ENSMUSG00000066647,0.5301863113447621,9.097382307511708,8.047725069864253,0.13619095828635575,1.5282992840613523,0.3043448097171464,4.517732474966018,100,100
ENSMUSG00000066652,0.001,61.674132606755,1.0,0.001,0.001,0.0015128591612421731,0.3492238014100909,100,100
ENSMUSG00000066677,0.001,62.31581250733508,1.0,0.001,0.001,0.0020818113312096606,0.43490227707319373,100,100
ENSMUSG00000066682,0.001,62.31581250733508,1.0,0.001,0.001,0.001715552934520411,0.23656207168934568,100,100
ENSMUSG00000066684,0.001,62.31581250733508,1.0,0.001,0.001,0.0018229357771453315,0.2234003493850146,100,100
ENSMUSG00000066687,0.001,62.31581250733508,1.0,0.001,0.001,0.0017093142916496037,0.218118225845599,100,100
ENSMUSG00000066705,0.024357626343569413,22.26868427214864,30.018577316368805,0.001,2.4557210584366214,0.001961841340576648,54.723569062076095,100,100
ENSMUSG00000066720,0.010763851681601447,19.52639631431797,22.297907870631875,0.001,3.7242740066514846,0.0013508875120028913,11.72090954712202,100,100
ENSMUSG00000066721,0.009215356891691385,1.3286343124052218,4.7302307349384956,0.001,10.878958723055248,0.0010102481147806358,16.71622328528203,100,100
ENSMUSG00000066735,1.503400416179753,7.414002043882316,14.39826216871986,0.918391600307512,2.639775497054541,0.909592847150142,4.124726086995503,100,100
ENSMUSG00000066798,1.2968982143140222,284.7835073900077,165.56792664289247,0.05657751913953215,2.662061260052852,0.2882548647452826,36.20246282216393,100,100
ENSMUSG00000066800,0.12932519249346738,30.967073531968555,24.629348422047535,0.001,0.2787108106425943,0.0860865373575565,145.5342455443634,100,100
ENSMUSG00000066807,0.001,52.46404042838654,1.0,0.001,0.001,0.001581418520887575,0.1610593393354921,100,100
ENSMUSG00000066809,0.008321766681122769,6.493363848836897,36.87278490111721,0.001,11.123579068971953,0.0011774103113060166,83.63608128468718,100,100
ENSMUSG00000066829,0.02767254090297634,0.0330323882107081,1.0,0.001,1.6150849529205824,0.300854757579809,999.781823200206,100,100
ENSMUSG00000066838,0.020813713023563864,11.101302518414606,17.741564076755928,0.001,22.579433269590943,0.001,52.406530354494755,100,100
ENSMUSG00000066839,0.9696562440298485,12.466954896548348,15.323397056803802,0.07893125571843707,1.5847112139865827,0.6732698335018894,50.253250604961586,100,100
ENSMUSG00000066842,0.10099021789432452,0.5606882640844866,16.143649362992257,0.06320889792408088,0.15934288646130534,15.504655004610637,48.95815189682879,100,100
ENSMUSG00000066861,0.003817638450082683,6.560471460706506,58.862121796724814,0.001,11.55149994848469,0.0010000000000033307,41.04099047454861,100,100
ENSMUSG00000066867,0.001,62.31581250733508,1.0,0.001,0.0010000000000000005,0.0017218310777909044,0.11848217402673758,100,100
ENSMUSG00000066877,0.015365326280261892,13.127140131861225,15.104200222318275,0.001,4.7972166381420385,0.0013127842515340182,30.667519944235785,100,100
ENSMUSG00000066880,0.001,0.013371076905951082,1.916847879683796,0.001,0.10798630542899579,0.5250874673488197,235.69603662945454,100,100
ENSMUSG00000066892,0.3370462360421798,1.0336287234044934,3.61154920982501,0.07215696748877908,0.765469943428439,1.055746425720872,24.94382100906421,100,100
ENSMUSG00000066894,0.2510141520107162,90.07377128962789,30.7902904703712,0.08856368365490047,67.85325866458903,0.0011410595876413256,0.9115339655420104,100,100
ENSMUSG00000066900,1.811573835445967,4.365789310825454,16.809393428623657,1.017061622071042,4.566436821483338,1.0532108117626504,11.373020168273692,100,100
ENSMUSG00000066902,0.001,13.186998118948347,1.0,0.001,0.001,0.058346284889903094,6.131667997001996,100,100
ENSMUSG00000066938,8.40334952545547,999.9999999677204,1.0,0.001,18.191631680248395,0.0010000503996369504,0.028805189144170455,100,100
ENSMUSG00000066952,0.0100306352317277,21.638108826674138,53.12925510377113,0.001,2.695576613484923,0.0019024304989561016,55.62318980430342,100,100
ENSMUSG00000066964,0.001,62.31581250733508,1.0,0.001,0.001,0.001615450627721507,0.4958970972968182,100,100
ENSMUSG00000066975,0.27213439610239265,65.36421030425801,1.0,0.001,8.204416755714263,0.0010399911245729853,0.05394178912566003,100,100
ENSMUSG00000066979,1.1635654244255884,3.531194077116234,27.858245933486003,0.7685847577295155,2.050990371958326,3.335945136140798,16.64020045753043,100,100
ENSMUSG00000067017,0.08374343094071292,0.1321855188711135,2.772650463012667,0.001,0.5632694150955699,2.096060317136967,2291.4220098100986,100,100
ENSMUSG00000067028,0.001,62.31581250733508,1.0,0.001,0.001,0.00161382388474253,0.4432345475782073,100,100
ENSMUSG00000067058,0.001,15.589878108493298,1.0,0.001,0.001,0.009631559916038104,1.2094967001249892,100,100
ENSMUSG00000067071,0.813577942378574,6.964489323245385,19.303923272630126,0.3010982031165089,1.0876466664680895,1.9489681472242675,13.473043320168383,100,100
ENSMUSG00000067085,0.001,62.31581250733508,1.0,0.001,0.001,0.0017630268061712023,0.09819590719106927,100,100
ENSMUSG00000067144,0.001,62.31581250733508,1.0,0.001,0.001,0.0019034304264070132,0.4826315041093694,100,100
ENSMUSG00000067148,0.4611428344749151,1.0082547088361955,15.23926020518569,0.25170347238059215,0.7282750830550333,7.930276721349118,35.647814942344475,100,100
ENSMUSG00000067149,0.001,62.31581250733508,1.0,0.001,0.001,0.0018445492157645946,0.19320401147601457,100,100
ENSMUSG00000067150,0.09823705433804533,0.1563574291535083,5.802545531252946,0.01618572939301808,0.23863947175613476,13.59451647583049,261.0789122142266,100,100
ENSMUSG00000067158,0.001,60.60768216058454,1.0,0.001,0.001,0.001498283563885218,0.10398246963585897,100,100
ENSMUSG00000067189,0.01869200002422983,10.52151817635334,12.201740283185204,0.001,12.389197172055317,0.0010086080289692365,26.53566590466445,100,100
ENSMUSG00000067194,0.22509334909295506,0.39458403255981794,33.467148023746034,0.1410959096555467,0.797338867147185,18.973960241417767,146.87395499654332,100,100
ENSMUSG00000067199,1.3892629384271182,330.1642493105614,1.0,0.001,12.534330793634135,0.0010000002392381423,0.07042229216277308,100,100
ENSMUSG00000067203,0.022368644101314134,10.157657137768016,15.87994877902143,0.001,11.048356135802027,0.0013031925713535553,71.52339552572373,100,100
ENSMUSG00000067206,0.001,62.31581250733508,1.0,0.001,0.001,0.0017809367063732213,0.133426388813831,100,100
ENSMUSG00000067212,0.001,14.587887468818117,1.0,0.001,0.001,0.009684824446948176,1.1885395541656512,100,100
ENSMUSG00000067215,0.001,66.84427540036525,1.0,0.001,0.0010000000000000005,0.0018350437079607514,0.3031916770934948,100,100
ENSMUSG00000067219,0.29656283265187794,1.4405670105855544,8.303096896663424,0.16618711609690667,0.426785962385149,3.557953246796503,12.213801657273027,100,100
ENSMUSG00000067220,0.001,62.31581250733508,1.0,0.001,0.001,0.001707150200207029,0.1568363506400206,100,100
ENSMUSG00000067224,9.856674776330923,1000.0,1.0,0.001,19.9106003854833,0.0010000000000015795,0.075057744263243,100,100
ENSMUSG00000067235,0.08449758635101533,15.047812435078828,40.42094861775599,0.001,0.12536924571837688,1.6616740594534185,353.9662936177947,100,100
ENSMUSG00000067242,0.001,62.31581250733508,1.0,0.001,0.001,0.0017224200394974363,0.12049429715148081,100,100
ENSMUSG00000067274,2.516105447851036,9.686382750061643,366.4817348238865,1.5965823804068953,3.7974307689445927,21.446286861544728,76.38037471909058,100,100
ENSMUSG00000067276,0.025856302360664288,16.79119493246629,51.702062470546466,0.001,0.18821803542938045,0.26518490680305823,146.37191719563674,100,100
ENSMUSG00000067279,0.04349456946211528,1.455398133286604,6.958720852692676,0.010318342981411073,0.1424791761535344,1.214130238696265,14.602769071329114,100,100
ENSMUSG00000067285,0.001,62.31581250733508,1.0,0.001,0.0010000000000000009,0.0016844341500855185,0.14611875930535445,100,100
ENSMUSG00000067288,10.0,10.0,10.0,0.03874662686805097,6.9052999959165025,1.4354749368667234,160.06916432463038,100,100
ENSMUSG00000067297,0.001,66.84427540036525,1.0,0.001,0.001,0.002003768664110701,0.14690783292600834,100,100
ENSMUSG00000067336,1.7404971826919304,238.8640545055841,181.87154425695812,1.0863229001015862,2.390192787301475,0.5701394133407173,1.2948612081536828,100,100
ENSMUSG00000067338,0.001,62.31581250733508,1.0,0.001,0.001,0.001716709652361244,0.22801779495472185,100,100
ENSMUSG00000067351,0.001,18.181071790092705,1.0,0.001,0.001,0.005885905082970682,1.2002142626960304,100,100
ENSMUSG00000067365,1.4364841224347558,2.948814560292207,9.895100255803737,0.8834604379771644,3.393528413013571,0.9685329812214261,9.152589427297347,100,100
ENSMUSG00000067367,0.364440783637134,1.7002770559847735,19.88555926971514,0.0787159172183555,0.5743342127047961,6.541093419760979,75.1694342232552,100,100
ENSMUSG00000067369,0.07527650973006092,13.905015185846684,50.97939689766176,0.001,0.12200082300514119,2.004611272773447,279.46684874150026,100,100
ENSMUSG00000067370,0.4067956396033862,34.592115262501316,10.436691647953912,0.12093374306442992,7.105832686747615,0.008788595979878643,0.9845780540075306,100,100
ENSMUSG00000067389,0.11384618112645052,26.95183298160442,1.0,0.001,7.050501348975984,0.0010226677661240064,0.051416835471554616,100,100
ENSMUSG00000067399,0.001,62.31581250733508,1.0,0.001,0.0010000000000000005,0.002135540873202112,0.15021630836131927,100,100
ENSMUSG00000067424,0.145424607382314,30.7336383919373,21.741940017162555,0.0402935088157083,15.896926279515103,0.003224062149783435,2.9223043593093827,100,100
ENSMUSG00000067430,0.8376974752323935,33.108149846715534,9.91209884456279,0.15732669281268816,4.344124621377402,0.05780935736606871,2.1431855159885647,100,100
ENSMUSG00000067455,10.985537534469321,871.037903910345,1.0,0.001,21.80878354144271,0.00100000021910478,0.010591203702857575,100,100
ENSMUSG00000067529,0.001,61.259704531272526,1.0,0.001,0.001,0.0016827076712372297,0.13409287817415452,100,100
ENSMUSG00000067545,0.001,62.31581250733508,1.0,0.001,0.001,0.0016431466347820128,0.09754195317557773,100,100
ENSMUSG00000067567,0.001,0.002811993574277599,2.2871888464761003,0.001,0.25994405707946067,2.035466758199002,900.2507577795269,100,100
ENSMUSG00000067577,0.001,62.31581250733508,1.0,0.001,0.001,0.0015755173495162764,0.3006429487590433,100,100
ENSMUSG00000067586,0.17307875426405728,1.1921236001770823,14.089341727485033,0.117210375620016,0.22289376824321966,7.380639288726552,18.597527805059325,100,100
ENSMUSG00000067599,0.001,62.31581250733508,1.0,0.001,0.001,0.0015584465964864434,0.2799128782417845,100,100
ENSMUSG00000067608,0.08731528912184251,1.1538531852166898,18.863837742473542,0.017577523656323257,0.13980635348158965,8.180578436189679,66.09755329353943,100,100
ENSMUSG00000067629,8.619591911894544,999.9984217079656,1.000153805803974,0.001,11.840287371334014,0.0010836930615252824,0.026521996797105207,100,100
ENSMUSG00000067642,0.001,62.31581250733508,1.0,0.001,0.0010000000000000007,0.0019332756737485237,0.6546300674331073,100,100
ENSMUSG00000067649,0.001,62.31581250733508,1.0,0.001,0.0010000000000000005,0.0016026879311430674,0.22796598122704853,100,100
ENSMUSG00000067653,0.09333345005789692,18.286960697259833,10.965535672278646,0.0014814129136132082,3.329994859467658,0.0027131280874870523,9.794099089622748,100,100
ENSMUSG00000067702,0.001,62.31581250733508,1.0,0.001,0.001,0.001535375178553683,0.1333092012171761,100,100
ENSMUSG00000067713,1.5919878381376198,2.234492288110688,12.816549727671985,0.9979104169111486,3.766710825456329,1.4516547995363074,14.701431819442021,100,100
ENSMUSG00000067714,1.4794348014843814,357.52131026778807,1.0,0.001,7.686959901059444,0.0010239644497512402,0.11576100404399133,100,100
ENSMUSG00000067722,0.2800182744528591,0.2911135580654716,3.937038099463062,0.06864452493378688,0.8604368284769002,2.6480258483126526,83.47884409317038,100,100
ENSMUSG00000067724,0.006612513617754675,15.604684009566947,38.42642197824164,0.001,0.1291351635394865,0.003269616944857969,25.366583162343908,100,100
ENSMUSG00000067736,4.832914668961989,8.050385659203869,394.28760878847294,0.022367028765268776,0.9888246459056664,1.5292370740837642,87.02696252202779,100,100
ENSMUSG00000067780,0.2585015554873136,46.26020730847851,206.99739438513456,0.1521992289732675,0.33039794661933264,3.434485512310202,7.678230204497767,100,100
ENSMUSG00000067787,0.4275348725309132,0.3450407453255334,10.363387378234833,0.27870031670298323,1.5781606341402705,3.8124355479474064,56.496024335806574,100,100
ENSMUSG00000067795,0.001,62.31581250733508,1.0,0.001,0.001,0.0017329831478517113,0.08285386541385485,100,100
ENSMUSG00000067813,0.001,62.31581250733508,1.0,0.001,0.0010000000000000009,0.0014954548950498953,0.15671724703378592,100,100
ENSMUSG00000067818,0.3384916168642307,3.6307414306229764,224.69530145375577,0.2638413879734204,0.39952388166739694,45.590120021740304,89.34892074304338,100,100
ENSMUSG00000067825,0.3291081028655133,0.8088968712726851,1.0,0.09952900548680829,5.07837903575968,0.058299563450621164,3.849951021747753,100,100
ENSMUSG00000067847,0.04558093842602764,0.05566273428609794,61.28792629466174,0.001,0.018118090062211056,0.009999672990794059,214.45096985674934,100,100
ENSMUSG00000067851,1.0733759247795467,1.2908977971053068,11.741275255951713,0.7043629511363373,2.6234554834423145,2.10900650968738,17.58638017585678,100,100
ENSMUSG00000067855,0.001,61.88525872635182,1.0,0.001,0.0010000000000000009,0.001993891564711945,0.14005741228142687,100,100
ENSMUSG00000067860,4.134300499511258,1000.0,1.0,0.001,9.208627756576284,0.00100507926860812,0.03443153365097712,100,100
ENSMUSG00000067872,0.010773605227545271,19.83068049886901,22.62168777492712,0.001,8.94031393128553,0.0012757495422850886,21.113949749850246,100,100
ENSMUSG00000067873,0.09646188711521478,0.0860107342888088,4.9686176072874115,0.019128565885233886,0.2466473400859897,20.288047735459422,543.5501583016621,100,100
ENSMUSG00000067878,0.07376578409981856,0.20582372359298753,1.2636619851898243,0.008317471057848531,0.568036507436422,0.5599877891360011,55.87910672557244,100,100
ENSMUSG00000067879,0.004308173111792156,9.124376923082897,51.723897899195634,0.001,5.6149411198698385,0.0010112244099914768,31.85814576494741,100,100
ENSMUSG00000067889,7.846513791982343,999.999992892054,1.0748505584186034,0.001,13.63582842871297,0.0010008660788715733,0.018332820941675345,100,100
ENSMUSG00000067916,0.00954102075824124,23.384317213758305,180.3311709596278,0.001,0.020253700564237073,0.005456635096470475,329.6234500082435,100,100
ENSMUSG00000067919,0.001,66.84427540036525,1.0,0.001,0.001,0.002135227549770218,0.12941540268790866,100,100
ENSMUSG00000067924,0.19938761340155575,0.2221327158639429,11.84895418352955,0.0920650310148767,0.7495471014183519,8.035671276316517,151.6670222392945,100,100
ENSMUSG00000067925,0.001,13.24437027100208,1.0,0.001,0.001,0.07251506890075526,6.173866482234448,100,100
ENSMUSG00000067928,0.2828413009949942,136.1278085803053,223.58100429772222,0.001,0.4082809734587858,1.067442521570337,594.1900709956847,100,100
ENSMUSG00000067929,0.001,61.45463549419866,1.0,0.001,0.0010000000000000009,0.0016978581476790287,0.36787225117052025,100,100
ENSMUSG00000067931,0.6322646288907505,3.3284909559529194,4.763023439962594,0.10239777132103955,1.3336874405879624,0.5728416338188205,18.362430798028885,100,100
ENSMUSG00000067942,0.33097649367896187,0.9988356591619153,2.6164524731942453,0.001,0.9946620639424293,0.6284448446700668,1108.3405297260215,100,100
ENSMUSG00000067973,0.001,62.31581250733508,1.0,0.001,0.0010000000000000005,0.0018322989073532472,0.4074942667878815,100,100
ENSMUSG00000067995,1.5358692456118996,4.034399559958055,9.940183188954808,0.6871066429463689,3.2795441124081126,0.8299174003909698,9.14053548811011,100,100
ENSMUSG00000068011,0.001,62.31581250733508,1.0,0.001,0.001,0.002063131095184811,0.11885881001765844,100,100
ENSMUSG00000068015,0.22069187376160887,2.6756831158012546,6.258204890543337,0.001,0.3808260746863714,1.281213138226649,693.9438724692923,100,100
ENSMUSG00000068036,0.3111850599942927,0.7505196284495516,4.7978975799245625,0.04869323398128307,0.7410868725622677,2.168050582456165,55.97468901433447,100,100
ENSMUSG00000068037,0.001,62.31581250733508,1.0,0.001,0.001,0.0017041987605521081,0.1379665849997481,100,100
ENSMUSG00000068039,4.679810749111191,269.33793997386033,1803.3998703441048,3.408150475546188,5.95683381235478,5.14678841697408,12.237710789458783,100,100
ENSMUSG00000068040,2.311183468802399,2.9320493669619756,18.241066428490367,1.3672967015301243,5.531424866921947,1.5187812599841313,13.677264401003733,100,100
ENSMUSG00000068062,0.001,62.31581250733508,1.0,0.001,0.0010000000000000005,0.0017210390246743955,0.1790510627358398,100,100
ENSMUSG00000068085,0.001,62.31581250733508,1.0,0.001,0.001,0.0017035977459218734,0.107571249375191,100,100
ENSMUSG00000068099,0.001,62.31581250733508,1.0,0.001,0.001,0.001601013418022084,0.1581815821037042,100,100
ENSMUSG00000068101,0.04893992833904863,6.3876030413892595,16.315099649175053,0.0033303028240130213,0.2687599221704526,0.1782072204623512,7.8558884727550655,100,100
ENSMUSG00000068105,0.001,62.31581250733508,1.0,0.001,0.001,0.0017170112343164949,0.20805813364857906,100,100
ENSMUSG00000068114,0.4351189998237314,10.29282445208663,14.380573895671402,0.023647894706481622,0.8116546990704769,0.8051709050087961,437.34294582757707,100,100
ENSMUSG00000068115,0.24949886254244072,1.0809625190509298,4.0334255282568385,0.061296017231008415,0.5552933649586268,1.2783898954734219,18.08542953359254,100,100
ENSMUSG00000068117,0.001,66.84427540036525,1.0,0.001,0.001,0.0016984693950422877,0.12298468843386487,100,100
ENSMUSG00000068120,0.001,19.90340172306599,1.0,0.001,0.001,0.004588507671055482,0.7894943647248598,100,100
ENSMUSG00000068129,0.001,62.31581250733508,1.0,0.001,0.001,0.0018689422385160422,0.12727775748898745,100,100
ENSMUSG00000068130,0.07967267528607838,16.943576693094656,16.15355776772671,0.001,5.652119708523619,0.001790531452955893,96.8862126201231,100,100
ENSMUSG00000068134,0.1522004322406714,19.52084324725212,41.97708409467835,0.001,0.20333319927710122,1.6300656069398973,536.2944034027771,100,100
ENSMUSG00000068184,1.2607333082140146,132.62683534990816,245.99539977522983,0.7624152652814065,1.8642028936381874,1.145620586573435,4.11927899050014,100,100
ENSMUSG00000068196,1.1046339026428291,3.323690208558778,47.134192068437386,0.8334003498316277,1.8950906754626118,6.261087299460588,21.530085258287144,100,100
ENSMUSG00000068200,0.001,50.58150214605088,1.0,0.001,0.001,0.0018648890784762327,0.06921798968436126,100,100
ENSMUSG00000068205,0.11038057866931246,17.632117959959686,14.149092999776446,0.001,0.5801514546261438,0.0038642538458275874,47.8888927132168,100,100
ENSMUSG00000068206,0.24548476551699233,0.47958812503383313,3.394054113723638,0.06876135657957483,0.5893547030676609,2.210724611469729,33.24746996931471,100,100
ENSMUSG00000068220,0.5118836936396393,1.635777877230267,734.7754223337325,0.001,0.6990723248614403,0.005683273922990786,664002.5011628552,100,100
ENSMUSG00000068226,6.385960006212188,767.8236807267876,1.0,0.001,13.038289768438718,0.0010154358126072429,0.05248643505200222,100,100
ENSMUSG00000068227,0.001,62.31581250733508,1.0,0.001,0.0010000000000000009,0.0015888076671573127,0.07260920769341944,100,100
ENSMUSG00000068231,8.738205635161602,1000.0,1.0,0.001,17.63000102773846,0.001000000000000424,0.013314325506456365,100,100
ENSMUSG00000068245,0.08362569551176446,0.8912935776654858,3.20311850049749,0.0014130142876534234,0.21104725404392807,1.2140501973333095,221.90086548120377,100,100
ENSMUSG00000068246,0.0022326763125860463,0.11334614410792763,2.60167543117437,0.001,0.19169423052007298,0.0017431056879808125,102.09067850817154,100,100
ENSMUSG00000068250,0.11899867445873613,0.28958323816711695,5.174660933373004,0.0011051452533835313,0.25374004641041054,7.235129100367136,1522.0823808959035,100,100
ENSMUSG00000068252,0.001,62.31581250733508,1.0,0.001,0.001,0.0015074259040218025,0.29960086019830134,100,100
ENSMUSG00000068263,3.07783631307003,741.2598198343227,1.0,0.001,8.138362807219043,0.001,0.02408261032872141,100,100
ENSMUSG00000068264,0.633308939137479,1.2295558556298876,3.798000357496718,0.07398130027659189,2.8463113513707823,0.5057278712387397,40.768095340903166,100,100
ENSMUSG00000068267,2.639466077457775,6.2857936447835385,38.747009828832596,1.9091412401185563,5.878909454528824,2.029884519397536,11.728029180691088,100,100
ENSMUSG00000068270,0.022592882792814586,17.07559314530867,65.2358832223938,0.001,0.08190879247213775,0.17196064141565523,152.4080817137576,100,100
ENSMUSG00000068284,0.5494151054622348,2.4201529816500624,4.1323482445594495,0.001,0.6171478965176973,1.481164223661374,1858.4399894803842,100,100
ENSMUSG00000068290,0.47442029900185145,0.4821172930481711,10.916734595996653,0.22755613209266756,1.4345409071278277,3.821280662764897,64.53136170298482,100,100
ENSMUSG00000068299,6.0372297103399015,718.0269388881584,1.0,0.001,15.024759726155128,0.0010000045788645018,0.010841899999164642,100,100
ENSMUSG00000068323,6.05876686404785,731.8985694132817,1.009077262491346,0.001,15.185272019256107,0.0010441589255471544,0.03172830062018446,100,100
ENSMUSG00000068324,0.2953046878935076,0.3974927896081101,14.022794369188807,0.042582658928525086,0.9046427330818235,6.381561707785187,269.48052447377927,100,100
ENSMUSG00000068328,2.5843974075761755,9.448901695142098,31.72349735805383,1.3786139584143162,4.751107250070731,1.4496434992934193,8.21319679876531,100,100
ENSMUSG00000068329,1.941550069987984,8.901364841277521,20.91076937182213,1.0755750666601782,3.2585863798955375,1.1743108222019885,5.686899176477881,100,100
ENSMUSG00000068335,0.7936131265663483,38.748274622863555,136.58995331285456,0.6402304935727807,1.0505246613908854,2.491287664831085,4.586947643349179,100,100
ENSMUSG00000068373,0.001,62.31581250733508,1.0,0.001,0.001,0.0014866494159859961,0.15620381501347125,100,100
ENSMUSG00000068391,0.25249051450344034,0.32631993360811534,5.555981303054446,0.032621275747471,0.6733783903935744,4.381358685938656,162.61217357621186,100,100
ENSMUSG00000068394,0.045614722995693725,2.068314315083396,5.641291441010214,0.001,0.16772167508468694,0.6073618265579626,159.8563353692116,100,100
ENSMUSG00000068417,0.08119302988521913,13.708596863750904,23.328132861248775,0.0019004813545500287,0.4306936726032159,0.1701054008113297,60.340549884012816,100,100
ENSMUSG00000068452,0.001,62.31581250733508,1.0,0.001,0.001,0.001585769664864659,0.16417880788012304,100,100
ENSMUSG00000068463,0.001,62.31581250733508,1.0,0.001,0.001,0.001794168841846886,0.11400934554551079,100,100
ENSMUSG00000068479,0.07420591687638824,0.07711553190758084,3.5842170472939974,0.0010413185614641675,0.38160608415875236,6.820419543115294,3122.367734263536,100,100
ENSMUSG00000068487,0.001,62.31581250733508,1.0,0.001,0.0010000000000000009,0.001312901788848271,0.3087037726064641,100,100
ENSMUSG00000068522,0.001,62.31581250733508,1.0,0.001,0.001,0.001819345871005793,0.8776301823501991,100,100
ENSMUSG00000068523,5.253654490814166,18.646909285832283,278.2917242798975,3.4913705682985037,13.920536343480888,2.910507816893732,28.955164999481457,100,100
ENSMUSG00000068547,0.04947038692056994,18.079461597490937,34.308999979262154,0.001,0.12066222910022699,0.5007211507364031,95.4488430065789,100,100
ENSMUSG00000068551,0.126508121460792,25.62733874060183,49.10221052289107,0.001,0.19571712802321678,1.0621391055426135,290.38509700197915,100,100
ENSMUSG00000068566,2.6452815567271655,104.94633565927008,667.5210183300882,2.0336281616332705,3.9715431041763116,4.687307541877532,9.42668632983267,100,100
ENSMUSG00000068580,0.3031252482620101,1.3396290670878555,6.71020811451965,0.06101435580233066,0.4839303489214358,2.7095078867365805,44.079829587463564,100,100
ENSMUSG00000068601,0.0066298263780999265,16.93931835096433,42.37334439423185,0.001,4.2038507036379125,0.0010000000000297484,47.245947604318395,100,100
ENSMUSG00000068604,0.001,16.891800950098038,1.0,0.001,0.001,0.005565529916615194,0.9659274804849816,100,100
ENSMUSG00000068606,0.001,62.31581250733508,1.0,0.001,0.0010000000000000005,0.0018631543100562243,1.3890636466588633,100,100
ENSMUSG00000068614,0.001,61.88525872635182,1.0,0.001,0.001,0.0019190794708668242,0.07595744595683937,100,100
ENSMUSG00000068617,3.056214351663582,736.0513408990713,1.0,0.001,10.849708811832919,0.0010000000000040497,0.029661075030880224,100,100
ENSMUSG00000068663,0.29468268412957094,0.3494437072180565,4.402592741185915,0.09466752646093596,1.030027026832125,1.8410329030400594,48.084951193689086,100,100
ENSMUSG00000068680,0.0035153189958338324,11.459522831816152,22.638819099550066,0.001,0.06942280024980081,0.0017630501016740368,9.354383607525014,100,100
ENSMUSG00000068686,0.001,50.044206733394134,1.0,0.001,0.001,0.0020542360672015474,0.28836911087870815,100,100
ENSMUSG00000068689,4.167900571260349,999.96934494846,1.0,0.001,12.608444998744016,0.001000000048123945,0.028733630441192645,100,100
ENSMUSG00000068696,0.018004978243042456,19.85627806943059,81.28732074937048,0.001,0.10417015355321949,0.09021843855104195,129.60807873466769,100,100
ENSMUSG00000068699,1.2795302032478595,4.10546844626299,29.111383248629725,0.9264800988363541,1.9155066952963153,3.6515615119672296,11.568466176334374,100,100
ENSMUSG00000068706,0.001,13.596412732960566,1.0,0.001,0.001,0.01715484586974137,2.562710042428592,100,100
ENSMUSG00000068732,5.65941576709955,216.41197981857238,339.37161228993483,3.006369861901156,9.57335324825764,0.8937397383732792,6.238273655421898,100,100
ENSMUSG00000068735,0.04501217788659294,24.940933587366505,48.93828192520146,0.008180214323552459,17.526825214768117,0.0016620743649018977,7.42591295320395,100,100
ENSMUSG00000068739,2.2699469364927203,10.176514915937393,68.64298393675658,1.5266918172695798,3.299531892555225,4.020876258895681,15.429198983727662,100,100
ENSMUSG00000068740,0.001,66.84427540036525,1.0,0.001,0.001,0.0014015808369192498,0.13134585155691608,100,100
ENSMUSG00000068742,0.2623372963009931,1.3878527312068165,3.430178828675268,0.07406556013027815,0.6707242870932534,0.8067296477331339,11.41472266654818,100,100
ENSMUSG00000068744,0.02515484335054995,12.577936381024852,59.16994008891398,0.001,0.21617332240829396,0.0019936834003167715,184.86199723772773,100,100
ENSMUSG00000068747,0.021937271166207948,7.941141794961478,5.878692736295024,0.001,4.276766633326822,0.0015051285772743313,25.700074111531684,100,100
ENSMUSG00000068748,0.0032801894036665062,8.680153989218681,21.139517402723143,0.001,0.06874294887518206,0.0017836956563153203,22.13059730320413,100,100
ENSMUSG00000068749,0.13560575091192878,0.2501076576549195,39.243789603202266,0.001,0.35265181109839916,0.17020195818320807,25063.574094745418,100,100
ENSMUSG00000068758,0.9003904928435065,22.573147944558222,20.337237596308828,0.0029196676035914827,1.3924826198209044,0.6182519089446067,855.3151944596054,100,100
ENSMUSG00000068794,0.0516369999120207,17.1779750017209,25.049494921265865,0.001,0.26859791878258055,0.0023809706506947277,36.57428184498597,100,100
ENSMUSG00000068798,0.03625515181857235,0.03161755701681037,12.310634933237154,0.001,0.4060996040077789,18.904223159609373,12694.990255652814,100,100
ENSMUSG00000068823,10.328291236005782,271.90849210400864,547.0952384798143,6.3033853194410225,14.211926105672465,1.4668390989645335,5.551577789939968,100,100
ENSMUSG00000068854,0.022488598438229396,19.313556684019257,14.152694008660244,0.001,9.713283091788398,0.00157755081250976,12.834973890474672,100,100
ENSMUSG00000068859,0.001,62.31581250733508,1.0,0.001,0.001,0.0017619008406282778,0.251463199763993,100,100
ENSMUSG00000068860,0.001,61.88525872635182,1.0,0.001,0.0010000000000000005,0.0015595005445013985,0.21612526310843783,100,100
ENSMUSG00000068874,0.001,52.2201534249479,1.0,0.001,0.001,0.002216976988322903,0.43913100762023805,100,100
ENSMUSG00000068876,0.001,61.88525872635182,1.0,0.001,0.001,0.0022164547966393466,0.13702647570164478,100,100
ENSMUSG00000068877,0.001,60.37820284006485,1.0,0.001,0.001,0.0017916784626347997,0.12183068993883754,100,100
ENSMUSG00000068882,3.1959653701330692,1000.0,2207.994921627655,2.262816928173774,7.170444794573206,1.0363286068954531,4.021149859257697,100,100
ENSMUSG00000068885,0.6271465480030781,154.92719237319113,1.0725811857353496,0.001,10.284989971126947,0.001003914108269143,0.02628395282865742,100,100
ENSMUSG00000068917,0.6844855363464136,0.9753797769464881,6.872063398083131,0.2671084625331618,1.1753459334782166,3.0534109509198766,29.520500481566042,100,100
ENSMUSG00000068921,2.3937223328829944,5.2427415524999414,17.405412516684233,1.3036613272712148,4.476510704449854,1.2282376489573454,9.590097749863958,100,100
ENSMUSG00000068922,1.5689935818379268,878.7254027583268,1814.2859878141778,1.093487503585942,2.3830678386012214,1.2770520490796171,3.93445948447601,100,100
ENSMUSG00000068923,0.07121963759034024,0.6851707487444291,5.0684680441788155,0.024679856713616936,0.16610775643707718,2.0835571199092446,27.116363301611855,100,100
ENSMUSG00000068957,3.338165727611042,807.3831051292377,1.0,0.001,8.796316995786679,0.0010361122617474627,0.07305127486844054,100,100
ENSMUSG00000068959,0.12367199549704747,18.349292058339056,5.019146065125227,0.017182648853306122,28.995931790997957,0.0010178798478515253,1.2745103147094623,100,100
ENSMUSG00000068962,0.001,61.024058264401226,1.0,0.001,0.001,0.0015073694122697604,0.30779514865461377,100,100
ENSMUSG00000068966,0.06336649269351197,0.20801306562594535,3.524839799237105,0.001,0.24603012447294115,2.9870033948044,1101.4954924314313,100,100
ENSMUSG00000069008,0.001,36.48355318578994,1.0,0.001,0.001,0.0023844468756627876,0.3346758872340846,100,100
ENSMUSG00000069011,0.04308116985594365,0.056963343269021104,4.039786041569501,0.001,0.3156282191284159,5.64638410203143,3908.7565228666103,100,100
ENSMUSG00000069020,0.38731250747924734,0.4084114711042074,11.560819512187102,0.0017363964845349936,2.0652912556007235,5.90123768271941,10746.984057742353,100,100
ENSMUSG00000069041,8.54351377636891,682.9779838721183,1.0,0.001,21.033069252895707,0.001,0.009024600574318501,100,100
ENSMUSG00000069072,0.001,55.86744339634488,1.0,0.001,0.001,0.0016246257661976838,0.15264137338175182,100,100
ENSMUSG00000069089,3.075910402533443,64.14851623753523,169.6839130197974,1.9660787058507878,7.483387497623685,1.062076280265115,6.767241542056375,100,100
ENSMUSG00000069094,0.19771155416038785,1.254821496118769,3.6104353768877124,0.03553544860101357,0.42154895856021435,0.9752191489217635,27.408268829973146,100,100
ENSMUSG00000069114,0.14043194633607287,17.964770529345003,4.840730839129872,0.001,40.482390845502835,0.0010851660703098415,0.9310758147933049,100,100
ENSMUSG00000069125,4.322067763791219,936.2978583215255,1.0244916327155058,0.001,8.704025350898037,0.001001078722015659,0.28974632004880735,100,100
ENSMUSG00000069135,0.1654931657139495,0.125183351661188,1.623601832701962,0.010159753317246552,1.6669152562398737,0.6951275713748303,307.7501084317115,100,100
ENSMUSG00000069136,0.087330261388363,18.931458399215096,6.270078411091146,0.0063945779663201726,25.664045282558682,0.0010000000000009355,2.2789503081793403,100,100
ENSMUSG00000069170,19.507745161834986,753.1893370906223,1.0070025756321042,1.2730502955538374,34.6817504132633,0.0010000348538732556,0.00895444223234847,100,100
ENSMUSG00000069171,0.001,55.86744339634488,1.0,0.001,0.001,0.0020279314878950206,0.28373342652929157,100,100
ENSMUSG00000069184,0.4774182340469675,33.54020048283885,13.30011810802052,0.1473694905542841,2.5373950198983604,0.07220546657197663,1.741285984202941,100,100
ENSMUSG00000069196,0.001,66.84427540036525,1.0,0.001,0.001,0.0016074933357771487,0.20483151499207863,100,100
ENSMUSG00000069206,0.6628822312318388,2.739172786367629,3.213324086926081,0.08484689823329622,1.4581724826944922,0.4228966582348586,17.578548459198515,100,100
ENSMUSG00000069208,0.005889659982426118,0.007749658411041569,1.2570087495207474,0.001,0.8436576272648714,0.6799455754338293,1129.0251157508353,100,100
ENSMUSG00000069223,0.001,62.31581250733508,1.0,0.001,0.001,0.001889387030656867,0.24203708236975127,100,100
ENSMUSG00000069227,5.2142459695689105,613.1204853479821,1.0,0.001,15.172941043106082,0.001000000000000628,0.030786284394273396,100,100
ENSMUSG00000069236,0.001,61.88525872635182,1.0,0.001,0.001,0.001592699478136286,0.058148722403694356,100,100
ENSMUSG00000069237,0.7413641727742424,1.57643199911687,8.68434784089044,0.39873906592345565,1.5955968164824723,1.9551073461964172,13.408741064260639,100,100
ENSMUSG00000069259,0.030320915185574046,6.700197922677951,6.421969643316103,0.0038272394318179925,22.700073459188893,0.0010000000000026307,5.514451100544593,100,100
ENSMUSG00000069265,0.003279286199371733,9.656800477905469,23.37007818915631,0.001,0.09699693452315422,0.0016821191132532563,21.23480815069008,100,100
ENSMUSG00000069266,3.605362360419091,868.4115063134839,1.0,0.001,8.897666962197906,0.0011641933313892331,0.08481307537616568,100,100
ENSMUSG00000069267,4.606676078624598,366.4928584166378,1.0,0.001,21.030276723957044,0.001000000000001043,0.009043201623534804,100,100
ENSMUSG00000069270,0.03805037006430965,1.4726062610062454,1.0,0.006890597497049846,19.226011326521025,0.0010000000000008958,1.908384718299076,100,100
ENSMUSG00000069300,0.0019426567192718524,0.005697975106384128,1.0,0.001317931426803396,0.435034467628716,0.5112875802002143,264.7113889318043,100,100
ENSMUSG00000069301,0.001,62.31581250733508,1.0,0.001,0.001,0.0016555151740231821,0.27643328944130074,100,100
ENSMUSG00000069303,0.001,55.86744339634488,1.0,0.001,0.001,0.0019190461749087947,0.10504203287942522,100,100
ENSMUSG00000069305,2.095497635301779,483.5626758529817,1.0,0.001,6.333346399064693,0.0010636611965375888,0.09893226723401224,100,100
ENSMUSG00000069306,0.001,51.77075265965233,1.0,0.001,0.001,0.0019786329929415737,0.14218215506715898,100,100
ENSMUSG00000069308,17.400048985082186,1000.0,1.0,0.001,24.445766760195447,0.001,0.010336620610760936,100,100
ENSMUSG00000069309,0.001,62.31581250733508,1.0,0.001,0.001,0.0018626747731549742,0.07951587854381487,100,100
ENSMUSG00000069310,0.001,62.31581250733508,1.0,0.001,0.001,0.0017164605406142538,0.17793267890359465,100,100
ENSMUSG00000069376,0.001,58.655869952050985,1.0,0.001,0.0010000000000000009,0.001507734284341337,0.19956593612071377,100,100
ENSMUSG00000069378,0.001,62.31581250733508,1.0,0.001,0.001,0.0018921888642928885,0.09044258175882404,100,100
ENSMUSG00000069439,0.001,61.024058264401226,1.0,0.001,0.0010000000000000009,0.0016222387043361187,0.5244187591830869,100,100
ENSMUSG00000069456,0.001,62.31581250733508,1.0,0.001,0.0010000000000000005,0.0021905557064027213,0.17598447933575045,100,100
ENSMUSG00000069475,0.001,62.31581250733508,1.0,0.001,0.001,0.001966741917160942,0.14492089437141287,100,100
ENSMUSG00000069495,0.1923739562788431,0.18819493651694252,2.7381266254495453,0.006023413209034917,0.9658886364541714,1.6598741982009977,1291.6337090888946,100,100
ENSMUSG00000069515,0.001,30.452703792506206,1.0,0.001,0.001,0.0021012337131369233,0.24517887267361194,100,100
ENSMUSG00000069516,0.6700939497021243,71.76394604759297,196.97752496613177,0.4440252943401106,0.8409556274802863,1.9946129456068564,5.18951251749802,100,100
ENSMUSG00000069518,0.001,62.31581250733508,1.0,0.001,0.001,0.0017169098744313736,0.22233488089465964,100,100
ENSMUSG00000069520,2.3112662271889937,112.03000239335213,177.4649104790094,1.394604430874826,3.433475687979074,1.0168680716261198,3.785743804544441,100,100
ENSMUSG00000069539,0.8370254123772273,0.9264778696737358,5.115814759649191,0.25399259436978905,3.5190587110817586,0.6978964242364254,29.719078204762933,100,100
ENSMUSG00000069540,0.001,62.31581250733508,1.0,0.001,0.001,0.0016306810231065936,0.16380814377132857,100,100
ENSMUSG00000069565,0.25165701506063076,0.3024388769488203,11.404315052175471,0.07162820639254525,0.735703752139557,8.48793779143158,196.78133142556172,100,100
ENSMUSG00000069601,0.2999417515973951,0.8321293244228939,6.041304370918924,0.14245904678478877,0.49363822294814086,3.5866186324025975,18.01899285944604,100,100
ENSMUSG00000069607,0.001,62.31581250733508,1.0,0.001,0.001,0.0016744645761899342,0.2422299353826059,100,100
ENSMUSG00000069631,0.24855954752020876,0.3197159976441366,3.015009140146077,0.05383494111254265,0.8075422442956268,1.951339262555268,53.71315032378766,100,100
ENSMUSG00000069633,0.5139274681291335,383.65894354864025,401.7559727120525,0.006098712249342084,0.8760371329791732,0.6322738549644427,248.91987061688098,100,100
ENSMUSG00000069662,0.5391153067913426,4.66073149198838,25.73000402769483,0.23654925284431216,0.6711967127335094,4.079960853259316,17.585415968888654,100,100
ENSMUSG00000069670,0.001,61.88525872635182,1.0,0.001,0.0010000000000000009,0.0015012404217518644,0.2620874181283448,100,100
ENSMUSG00000069678,0.09923350143376866,0.37310627220511555,4.766322969283979,0.001,0.2418630385680083,3.5683056825225505,1595.8827643735826,100,100
ENSMUSG00000069708,0.001,62.31581250733508,1.0,0.001,0.001,0.0015345070592827459,0.36121655365279515,100,100
ENSMUSG00000069713,0.023272842159619268,20.31053134146396,14.770147198850824,0.001,14.74402183603615,0.0010188306013321244,20.147101799983744,100,100
ENSMUSG00000069727,0.40562446872215063,30.056998452882272,17.67952015854266,0.05616375959969841,0.9724033054039268,0.2460346210418441,7.413029351543583,100,100
ENSMUSG00000069729,0.08221628079550168,0.14561099362385646,3.2193233860777326,0.001,0.370633697977347,2.875034616838465,1978.9121997946702,100,100
ENSMUSG00000069733,0.001,61.674132606755,1.0,0.001,0.0010000000000000009,0.002042792471457078,0.21651875990486014,100,100
ENSMUSG00000069743,0.10693045335751444,16.240831289394862,14.90781372617064,0.0022880066726763707,3.2997723467396476,0.004553869699153033,46.77682528234872,100,100
ENSMUSG00000069744,0.19593805393732897,0.6085591302081103,74.54574807954994,0.04100154591580651,2.0172165886514235,36.14275133953287,677.975984584551,100,100
ENSMUSG00000069755,0.10560204439363942,1.0410789632183934,2.0436645872759565,0.00961614207456622,0.4156110543031485,0.32949373698889406,22.638012376243985,100,100
ENSMUSG00000069763,0.2234585427522998,110.08842200941878,351.87573790331504,0.13997158840690332,0.34707483388410776,1.6886282270425164,5.428051671781739,100,100
ENSMUSG00000069769,0.1964740339986983,0.30348473814573085,8.559027824092011,0.11899526617374347,0.3951967377557828,11.568436568278226,50.485661073089986,100,100
ENSMUSG00000069793,0.010952765254072877,19.357228997220744,22.085626055362006,0.001,3.3793732883851177,0.0014023066728343224,26.770169752070135,100,100
ENSMUSG00000069804,0.001,66.84427540036525,1.0,0.001,0.001,0.0015745623478070287,0.6067785551934906,100,100
ENSMUSG00000069805,0.001,62.31581250733508,1.0,0.001,0.0010000000000000005,0.0015654065476738226,0.15257445832262073,100,100
ENSMUSG00000069806,0.04239068198571402,19.381230328155457,10.213947494224637,0.001,20.633077753589973,0.001,22.282532140501615,100,100
ENSMUSG00000069808,0.23519695458113596,1.8458185390132709,8.50394989002302,0.01895525039014445,0.3843526767930511,2.38639048032699,79.88727923519303,100,100
ENSMUSG00000069814,0.001,62.31581250733508,1.0,0.001,0.0010000000000000005,0.002001696221308126,0.1295255587247095,100,100
ENSMUSG00000069833,4.554016022068611,441.91104348022714,2697.733956554305,3.4175873010136852,8.606861117212954,3.3557795948501132,10.097226769189955,100,100
ENSMUSG00000069835,0.25910138449857073,2.2902185024306867,4.039041236786677,0.0012061377123638462,0.4967404657675236,0.7908715722826153,396.70005429223096,100,100
ENSMUSG00000069844,0.3529928451904693,1.2968553888623509,3.0904872304241016,0.001,0.8680943284173233,0.805404767182528,1082.4216440188488,100,100
ENSMUSG00000069855,0.001,62.31581250733508,1.0,0.001,0.001,0.0021842000351007264,0.1577634838350449,100,100
ENSMUSG00000069862,0.001,16.891800950098038,1.0,0.001,0.001,0.008480545277006951,1.341710543407085,100,100
ENSMUSG00000069874,0.03860428617220537,0.5828145285048357,6.326576122354817,0.0015129300135806674,0.09064677882473124,2.9342068862137234,239.24491639914757,100,100
ENSMUSG00000069895,0.06222065651944152,0.10313495411749271,5.47432571658764,0.0030620252665708764,0.13919901048041272,23.521201953648728,1560.3127822530641,100,100
ENSMUSG00000069899,0.001,13.24437027100208,1.0,0.001,0.001,0.06209695159946399,3.521418743881912,100,100
ENSMUSG00000069910,0.07089002589583256,2.9325690186040525,14.427943083040342,0.040793774578273205,0.13319422447899856,1.968367181168297,10.117021479841242,100,100
ENSMUSG00000069911,0.001,62.31581250733508,1.0,0.001,0.001,0.0017172751215577785,0.11270892199046798,100,100
ENSMUSG00000069913,0.001,62.31581250733508,1.0,0.001,0.001,0.0016050323879778748,0.198056097426685,100,100
ENSMUSG00000069920,0.18527690803376332,0.342645066876479,3.1106203674732673,0.0017047442700421156,0.5590833744890659,2.050966576054903,1168.6484125450072,100,100
ENSMUSG00000069986,0.001,61.674132606755,1.0,0.001,0.001,0.0015864496755547328,0.8282093184080619,100,100
ENSMUSG00000069998,0.001,62.31581250733508,1.0,0.001,0.001,0.002114866995459151,0.15377540765013786,100,100
ENSMUSG00000070000,0.001,62.31581250733508,1.0,0.001,0.0010000000000000005,0.0016719471838490198,0.23550375669865492,100,100
ENSMUSG00000070002,0.44489168131113194,0.5436097171918725,3.7843869522069835,0.1927218320729871,1.0499439261040253,2.0697097323055345,21.452956287277814,100,100
ENSMUSG00000070003,0.3185790108170665,3.194562234924435,4.129719263078165,0.001,0.5508435997416579,0.763234310166091,862.65301524544,100,100
ENSMUSG00000070025,0.001,40.14079950040119,1.0,0.001,0.001,0.0020992127938195657,0.1583979834704699,100,100
ENSMUSG00000070031,0.001,60.37820284006485,1.0,0.001,0.001,0.0020206004196372048,0.13490555852611863,100,100
ENSMUSG00000070044,0.6054634328704054,78.50136070366669,65.28494696725564,0.3380809396649614,1.246237464693822,0.3132814699055995,1.5139050220495007,100,100
ENSMUSG00000070047,2.65891574915291,24.4306448432281,88.9260516961706,1.9007049762462174,6.6021198371048175,1.5664379998461335,6.400900563105331,100,100
ENSMUSG00000070056,0.9372660666600495,1.3899087635645349,7.606118572059754,0.562589705673452,1.9642826842880368,1.4883855917297342,11.92717222294031,100,100
ENSMUSG00000070065,0.001,62.31581250733508,1.0,0.001,0.001,0.0019751438563877528,0.11228068389301846,100,100
ENSMUSG00000070076,0.03931657193638356,20.27850450253197,10.705881626783677,0.001,16.916578219144796,0.0012881065602159203,16.25227626897737,100,100
ENSMUSG00000070077,0.001,62.31581250733508,1.0,0.001,0.0010000000000000009,0.0017006395997260157,0.2618281628293625,100,100
ENSMUSG00000070127,0.001,62.31581250733508,1.0,0.001,0.001,0.001631104183166054,0.19396351797442696,100,100
ENSMUSG00000070130,0.001,61.88525872635182,1.0,0.001,0.001,0.001935512332818625,0.9859898273022976,100,100
ENSMUSG00000070166,0.001,62.31581250733508,1.0,0.001,0.001,0.0019981524763469224,0.39111757006897335,100,100
ENSMUSG00000070167,0.06287818165292522,19.344575574745217,11.408883927297136,0.001,21.992195972715677,0.0011873246699662507,49.89967879512588,100,100
ENSMUSG00000070209,0.001,62.31581250733508,1.0,0.001,0.0010000000000000005,0.0018342960596663496,0.2288447716173007,100,100
ENSMUSG00000070214,1.67061604863853,398.5402109334709,1.0,0.001,8.97564428941071,0.001024376514080607,0.07044633154369037,100,100
ENSMUSG00000070225,0.001,62.31581250733508,1.0,0.001,0.001,0.0018019206248986713,0.08307838146861785,100,100
ENSMUSG00000070263,0.001,62.31581250733508,1.0,0.001,0.0010000000000000009,0.001419506777568599,0.16994332702687026,100,100
ENSMUSG00000070282,0.2781421826487559,17.54749302456978,2.937103904878528,0.01691947428658279,46.62873606485812,0.0010484114460680624,0.7161901796578898,100,100
ENSMUSG00000070283,0.34074685125094883,0.5920376490506232,4.660855955515538,0.042834807058101644,0.6525001294571059,3.6714794683476866,102.60715084723792,100,100
ENSMUSG00000070284,1.156479773956045,4.285004521102752,19.89833076182385,0.6288734936718523,1.7850950627563003,2.485250719552555,13.398732228935422,100,100
ENSMUSG00000070287,0.07241898611543,5.243068257740403,3.088235586005253,0.010548442949103141,33.53526301443097,0.0010944724018282165,1.5477594315975014,100,100
ENSMUSG00000070291,0.001,62.31581250733508,1.0,0.001,0.0010000000000000009,0.0020188945674810563,0.10746837677561626,100,100
ENSMUSG00000070298,0.001,62.31581250733508,1.0,0.001,0.0010000000000000007,0.0015702543958132924,0.21926734570920547,100,100
ENSMUSG00000070305,0.18051919734318037,0.39469986528217915,1.1767698360783811,0.01380150664947272,1.163292550442478,0.3067324637787862,89.65934251211414,100,100
ENSMUSG00000070306,0.001,62.31581250733508,1.0,0.001,0.001,0.0016322397340136747,0.3003838099325165,100,100
ENSMUSG00000070313,0.001,62.31581250733508,1.0,0.001,0.001,0.001660758333039451,0.1306899243840624,100,100
ENSMUSG00000070315,0.21652718673081225,26.17762602292639,29.086825711122586,0.001,0.3511077184715856,0.5759448227216758,334.25706645165485,100,100
ENSMUSG00000070319,2.5525121006179012,15.92998039204112,79.68139428318953,1.563598550437807,7.614687447255351,1.420240725319775,12.365163891319678,100,100
ENSMUSG00000070323,8.426448920874437,398.9117867133742,1.0,0.001,26.021706323230802,0.001,0.012353558673596141,100,100
ENSMUSG00000070327,0.45242300408858716,23.823252181859097,76.12197998941917,0.28278062553272676,0.586331666843929,2.489679248273979,6.256431213073165,100,100
ENSMUSG00000070330,0.001,62.31581250733508,1.0,0.001,0.0010000000000000009,0.001714835392360644,0.20940893771677127,100,100
ENSMUSG00000070332,0.001,62.31581250733508,1.0,0.001,0.001,0.0015886221462470668,0.12631034760853577,100,100
ENSMUSG00000070336,0.010954416367364645,19.386977871358646,22.10064660117318,0.001,4.464916953415199,0.0014953803193720914,15.176397283997076,100,100
ENSMUSG00000070337,0.001,62.31581250733508,1.0,0.001,0.001,0.0016190487828139167,0.5578148215861578,100,100
ENSMUSG00000070345,0.001,62.31581250733508,1.0,0.001,0.001,0.001973800490078062,0.43849417282733355,100,100
ENSMUSG00000070348,0.7585547028086834,17.88742023569184,78.17072921553473,0.5298528808127545,1.0335544846515945,3.2344293252922447,7.292413437519313,100,100
ENSMUSG00000070354,0.03947165827963716,20.062987704330627,10.59449219722199,0.001,15.226698648691924,0.0012901434409766112,22.07596769824309,100,100
ENSMUSG00000070371,0.3038475202703614,27.872434017252562,22.65676109304671,0.001,0.5169392896018707,0.471679528734085,311.67985341147124,100,100
ENSMUSG00000070372,0.16185018477185442,0.6654407176193251,11.315151417430085,0.02483374327604008,0.24461802607068184,10.561269328857989,173.4689263416272,100,100
ENSMUSG00000070385,0.001,62.31581250733508,1.0,0.001,0.001,0.0016829923059722047,0.1300146139104295,100,100
ENSMUSG00000070388,1.4794348014843814,357.52131026778807,1.0,0.001,12.83012612586871,0.0010000000033857162,0.1331670540586398,100,100
ENSMUSG00000070390,0.001,62.31581250733508,1.0,0.001,0.001,0.0014351299310637288,0.16953496144979815,100,100
ENSMUSG00000070394,0.08620019837450388,0.1690409103365006,40.14646502869326,0.001,0.2231574586643796,30.8403247650884,277477.6167180753,100,100
ENSMUSG00000070407,0.05964375199494365,19.01664405829935,20.417443165456834,0.001,0.1908262929998627,0.2117322469930826,81.36025044887138,100,100
ENSMUSG00000070419,0.001,66.84427540036525,1.0,0.001,0.001,0.0015743644179467722,0.2258575402810037,100,100
ENSMUSG00000070420,0.07955209852065057,0.6125543692881757,2.175603401181467,0.001,0.32851980559328436,0.7301725139901395,275.6517871888627,100,100
ENSMUSG00000070424,0.001,62.31581250733508,1.0,0.001,0.001,0.0016509339153389108,0.2635141328539642,100,100
ENSMUSG00000070425,0.051104916270814295,5.245787922867031,6.399390123383038,0.0010861065443063438,3.165605787368669,0.0025767492016476414,7.08185633482708,100,100
ENSMUSG00000070426,0.6480158400504301,0.5722043791754866,7.532373188572479,0.34242534642461486,3.197224135330691,1.3035518771307641,30.979264205496634,100,100
ENSMUSG00000070427,0.21876771013774746,29.25542995086669,30.14562695441591,0.001,0.32917256239618914,0.5484527167434496,214.53487863057086,100,100
ENSMUSG00000070436,4.031844241251669,25.85306133321418,979.4526796407087,0.001,5.637402873419674,0.6750079595244173,77.83069703820628,100,100
ENSMUSG00000070443,0.7449152688350323,0.575961365736873,8.588190932389717,0.0014702384568829044,318.2568870166639,0.09233689875209838,7404.239478550817,100,100
ENSMUSG00000070461,0.6590321117613271,34.09602312649298,29.27441673344847,0.14194460754230873,1.1386202128017469,0.4028462312313149,6.428363305520922,100,100
ENSMUSG00000070462,0.5760032417254435,15.297428376639369,21.134110075607666,0.08059981786399555,0.8024189625144988,0.9823567075701409,18.37966914788482,100,100
ENSMUSG00000070469,0.3448323762460821,1.970295447066834,6.789197102994093,0.11826315324557321,0.5624986860712154,1.796846361915108,11.72751591650602,100,100
ENSMUSG00000070471,0.001,66.84427540036525,1.0,0.001,0.001,0.001774726048695273,0.248190803022158,100,100
ENSMUSG00000070473,6.137110353326569,741.0836400080597,1.0093443587554405,0.001,16.745727217415375,0.0010000000000015218,0.03881771884902399,100,100
ENSMUSG00000070476,0.024039700083740886,22.940101278165553,31.428373404011978,0.001,11.899133907629622,0.0010111725085288638,10.695885629822879,100,100
ENSMUSG00000070493,3.531080304679677,11.529512528017785,171.26138056318803,2.618443080697179,5.792768815507872,7.123052834630311,22.847708859965643,100,100
ENSMUSG00000070495,0.001,62.31581250733508,1.0,0.001,0.001,0.001899354326965948,0.10016751648489992,100,100
ENSMUSG00000070498,0.001,62.31581250733508,1.0,0.001,0.001,0.0015354673956653347,0.08396013745138686,100,100
ENSMUSG00000070509,0.3713939585844274,78.78900216129553,161.79278852002983,0.1855370088624334,0.5519463952479133,1.3520591277299254,5.366023846329561,100,100
ENSMUSG00000070520,0.2756001769779501,2.1661626608214672,8.583887020504307,0.001,0.4808008334450672,2.0573194321974078,2150.7794948289193,100,100
ENSMUSG00000070522,0.34827800912697415,2.67639858521576,4.3073150725747515,0.0010000889690655959,0.5774389181485344,0.891200771679018,815.1633408700295,100,100
ENSMUSG00000070524,3.6863938155443434,467.11637162574243,1.0885581673677365,0.001,15.519451293601268,0.001,0.030306289982720724,100,100
ENSMUSG00000070526,0.001,60.60768216058454,1.0,0.001,0.001,0.0015886323217782687,0.29992209189159746,100,100
ENSMUSG00000070527,0.001,60.60768216058454,1.0,0.001,0.001,0.0017638472430439411,0.1640505160043947,100,100
ENSMUSG00000070531,0.001,62.31581250733508,1.0,0.001,0.001,0.0018058534657676218,0.139325103283341,100,100
ENSMUSG00000070532,0.001,62.31581250733508,1.0,0.001,0.001,0.001996105274040314,0.14546965205213994,100,100
ENSMUSG00000070533,0.060340175689377336,19.510851857843836,8.001578464019838,0.001,30.043301181797478,0.001016059955157995,2.190749826667242,100,100
ENSMUSG00000070544,1.3756185227679893,4.152735523626008,21.90912604980371,0.7123934546191656,2.5902280447021506,2.163354899416656,14.54478143667934,100,100
ENSMUSG00000070565,0.32422072429035986,0.7371167117058952,7.306248233661757,0.12474749813700496,0.5324228625719887,5.267192652406853,32.76188589948147,100,100
ENSMUSG00000070568,0.001,62.31581250733508,1.0,0.001,0.001,0.0016847204179943971,0.16588830684596595,100,100
ENSMUSG00000070570,1.4567771929458773,342.86552954263067,1.0,0.001,9.1994714127547,0.0010058480287505733,0.04971933721908449,100,100
ENSMUSG00000070574,0.001,62.31581250733508,1.0,0.001,0.0010000000000000009,0.0015284210285304283,0.2045697059723966,100,100
ENSMUSG00000070576,0.5329522056110628,4.4524818267359905,10.403292486655717,0.2687200210280123,0.8067992714560306,1.4486861769762118,5.6148713202888345,100,100
ENSMUSG00000070583,2.671021434083104,597.2095455214329,33.68768353024285,0.4597847625233602,133.84020943541216,0.001275312197659174,0.3422133954175895,100,100
ENSMUSG00000070604,0.05257331465040122,0.8122827297457894,1.0,0.001,20.205662178832057,0.001543024626781043,7.489097403754025,100,100
ENSMUSG00000070605,0.001,40.36104267363414,1.0,0.001,0.001,0.002335521881204528,0.33576229411756664,100,100
ENSMUSG00000070637,0.001,62.31581250733508,1.0,0.001,0.0010000000000000009,0.0016463226456868243,0.11428292747090238,100,100
ENSMUSG00000070639,0.023775219008777274,19.886712670384927,14.46356426031289,0.001,9.993448067530847,0.0010397804511645646,3.8364884018063723,100,100
ENSMUSG00000070643,0.09968795011754208,2.6710843179200014,1.0,0.01344557026356625,26.365147090223342,0.001100828475252081,1.4936823627287934,100,100
ENSMUSG00000070644,0.13402344902764995,32.28438078646165,1.0,0.001,8.372483551073778,0.0010000000256810348,0.14252221627828746,100,100
ENSMUSG00000070645,0.001,62.31581250733508,1.0,0.001,0.001,0.0016513329129969304,0.1057522253637395,100,100
ENSMUSG00000070687,0.001,61.88525872635182,1.0,0.001,0.001,0.0017038108905979652,0.0861464262805045,100,100
ENSMUSG00000070690,4.460508707006374,537.0424643478153,1.0,0.001,17.485898756039465,0.001,0.008983124755586614,100,100
ENSMUSG00000070691,0.0032801894036665062,8.680153989218681,21.139517402723143,0.001,0.045828882577860816,0.003128458952709131,10.031596484128842,100,100
ENSMUSG00000070695,0.001,62.31581250733508,1.0,0.001,0.0010000000000000005,0.0020648790407453064,0.12114522779797135,100,100
ENSMUSG00000070697,1.5060963463034567,7.547274550453179,17.609972722194065,0.8759637448022792,2.400406759371209,1.2707451872651243,5.919999577207962,100,100
ENSMUSG00000070699,0.3919740679255857,0.9800624615416945,2.1204227064152374,0.03815929660983615,1.2936144282186524,0.4976828397868053,36.05549798434588,100,100
ENSMUSG00000070702,0.001,62.31581250733508,1.0,0.001,0.0010000000000000005,0.0018477142122508856,0.44581061544200984,100,100
ENSMUSG00000070705,0.42182812499030325,1.7172227874744854,2.7056087315079056,0.0010003078230397856,1.1642044267425997,0.4303739026625203,1052.199582841789,100,100
ENSMUSG00000070708,0.001,62.31581250733508,1.0,0.001,0.001,0.001660838042991354,0.17146654104951556,100,100
ENSMUSG00000070709,0.2010525196605588,37.19968605376403,26.261253534905297,0.0800514443171691,1.5366552839496483,0.07076805563924479,1.5443589098781878,100,100
ENSMUSG00000070713,0.001000000000000334,15.76261278967017,1.0,0.001,0.001,0.010763352904424017,2.46566478579149,100,100
ENSMUSG00000070717,0.001,66.84427540036525,1.0,0.001,0.0010000000000000009,0.001802670359739949,0.1749268772249522,100,100
ENSMUSG00000070720,0.001,62.31581250733508,1.0,0.001,0.001,0.002139362004047768,0.43169226095636626,100,100
ENSMUSG00000070730,1.3393846566439767,3.2668605129706796,3.1434133576525785,0.001964213909499823,1.7782073063051176,0.6070783572808847,1387.0363301011944,100,100
ENSMUSG00000070732,2.0813166845897446,503.1765750646759,1.0,0.001,7.097447075175503,0.001433092154978288,0.17340194516219737,100,100
ENSMUSG00000070733,0.2798318211989967,0.5353711807707694,3.1003590459102828,0.031016921346240598,0.818436132209406,1.2677194074133575,106.98562772171825,100,100
ENSMUSG00000070737,0.5817876993318364,2.8248915732929274,3.993265767393495,0.0027059145573347268,1.2137407040557076,0.535345999123441,656.3810631507747,100,100
ENSMUSG00000070738,0.27896300891101494,0.883476309924532,6.35999021439345,0.11071769596522611,0.5293949815664571,3.152043314827326,24.993280037599824,100,100
ENSMUSG00000070777,0.001,62.31581250733508,1.0,0.001,0.0010000000000000009,0.0016654055513540638,0.23697884833105137,100,100
ENSMUSG00000070778,15.925600930995083,744.8057460278058,1.0,0.001,32.47732466982255,0.0010000000000011551,0.009398716416527272,100,100
ENSMUSG00000070780,0.6902555824807675,2.784809900680141,1.4893387300456349,0.166954008652425,15.001615133927835,0.026502004000753518,2.375536667781308,100,100
ENSMUSG00000070802,0.01089207489063354,19.31762009242544,22.06967176452312,0.001,4.192647545881275,0.0011893513356127585,11.109433140154856,100,100
ENSMUSG00000070803,0.001,62.31581250733508,1.0,0.001,0.0010000000000000005,0.0015739866329923568,0.09983928820917495,100,100
ENSMUSG00000070806,1.7860207694055923,418.78507830526405,1.011248197851586,0.001,6.869323871747024,0.0011682756467334414,0.06441701433243169,100,100
ENSMUSG00000070808,0.17439564482052497,0.3114711517579194,2.1930694516806,0.016434517110224905,0.7135119416736573,1.1107362238217506,753.8646180320175,100,100
ENSMUSG00000070814,0.32112372665551625,1.6827211435956833,3.2379417049482906,0.04441927896239567,0.6422332745358843,0.7286504176679032,24.25108468028805,100,100
ENSMUSG00000070822,0.06085650821433451,19.327780994952455,7.924931268584026,0.001,21.052215717562163,0.0010000000000141836,2.264735969781021,100,100
ENSMUSG00000070834,60.60631817360078,947.5417886137305,1.0,4.745737519161206,73.0779026686306,0.0010689150740340755,0.008883827484844724,100,100
ENSMUSG00000070858,0.014206295294765612,0.15658846904433035,2.2560257834308644,0.001,0.16018295396003368,0.9902267753495468,208.97673819377098,100,100
ENSMUSG00000070867,0.6924908867403745,20.58274056224093,334.5684431937459,0.5128562487021967,0.8585676235025892,12.670865540370986,25.92003513020081,100,100
ENSMUSG00000070870,0.001,61.88525872635182,1.0,0.001,0.001,0.002125072695655565,0.465936235523736,100,100
ENSMUSG00000070871,0.5559061942069329,45.38343414689736,102.99002177774959,0.16559184891144066,0.7265127859132017,1.7443323835489097,11.156088592747533,100,100
ENSMUSG00000070880,0.09326711936741518,2.2880020550852045,4.205436444359233,0.0245417065555044,0.2908125553449297,0.485987436406382,8.033806659245952,100,100
ENSMUSG00000070883,0.013013836563272508,6.3655281133038555,16.729153587026786,0.001,19.493963733395645,0.0010163235286136294,10.626669389115671,100,100
ENSMUSG00000070891,0.001,62.31581250733508,1.0,0.001,0.0010000000000000005,0.0017137744228315694,0.0648268701447442,100,100
ENSMUSG00000070900,0.001,62.31581250733508,1.0,0.001,0.0010000000000000005,0.002020683395185712,0.23747231845450384,100,100
ENSMUSG00000070923,5.542739998749025,702.960792311011,193.0567637923097,2.7233752229652346,25.34161910775058,0.08981460385743288,0.5856625474515492,100,100
ENSMUSG00000070934,0.6315480349071656,2.0020971056977546,13.038917598362305,0.4098286163419776,0.8951637710621834,3.9764859765470404,11.47579397757126,100,100
ENSMUSG00000070939,0.5950386724157203,0.5529056876561695,1.3037493485084761,0.005010350471997536,8.536275516849905,0.10472928588855909,568.7554665298132,100,100
ENSMUSG00000070942,0.19001641069456754,1.5070759915508705,6.754849727540081,0.11730188179557455,0.3178000238173857,2.2846060292207113,7.996880852489367,100,100
ENSMUSG00000070953,1.2759009870644558,3.343128375329911,10.5039785965425,0.6086895488695205,2.821787220246531,1.0258096120138336,10.48791098738101,100,100
ENSMUSG00000070972,1.925233560120165,5.876205697363519,7.953088301674407,0.46116261849055484,4.213909183636153,0.4693905241207159,13.92740354272347,100,100
ENSMUSG00000070995,0.001,62.31581250733508,1.0,0.001,0.001,0.0016543422311501447,0.14411353303385535,100,100
ENSMUSG00000070997,0.3635755624835889,5.917629212409501,1.2619979005689488,0.10226932451315257,58.29794226503266,0.0012500729386593652,0.5971155548086837,100,100
ENSMUSG00000071001,0.1101591255663438,3.3732845749614104,4.723914745358023,0.018614041447233172,0.463690108024298,0.23252375502700173,4.996605559762053,100,100
ENSMUSG00000071014,3.5825525976404533,302.5244148977491,992.7892592957002,1.9835531744488029,4.512285651290692,2.5433130556958456,11.252761433942947,100,100
ENSMUSG00000071037,0.023448997273069275,0.02160629362262947,1.3002361496851824,0.001,1.0654991820946973,0.7196409879239121,1330.2272304165347,100,100
ENSMUSG00000071042,0.020783114573005895,0.9429760533782592,1.0,0.001,21.74402028216265,0.0010502228343474795,8.664905642111624,100,100
ENSMUSG00000071047,3.056214351663582,736.0513408990713,1.0,0.001,8.33748360168971,0.0010000001478468426,0.08926919305566078,100,100
ENSMUSG00000071054,0.5655892935973537,0.6681496056703758,7.407894728000581,0.14741624571622203,1.257747516685897,2.9207328402142148,67.77257336231459,100,100
ENSMUSG00000071064,0.09594327229239472,23.450598149820525,33.678188088071124,0.001,0.2734908468917773,0.40945559475972926,181.63444032275373,100,100
ENSMUSG00000071072,0.7209336715462791,77.39816147791191,132.8478547512101,0.49519979214017884,1.0823019026212843,1.1426965043519495,3.0155336107523794,100,100
ENSMUSG00000071073,0.19948017012081232,29.111462872040523,33.366041579899196,0.08611871736032987,0.652628461173157,0.30122444331400977,3.1524365259890073,100,100
ENSMUSG00000071076,0.15730125932880748,0.47922832403852,3.1325200855151065,0.0013377880515974367,0.46826797047566004,1.8650026253357406,702.0559624998175,100,100
ENSMUSG00000071078,0.6700634148812615,0.8557401700464536,3.5281923206407044,0.006380916758609709,2.151353740285156,0.7313143191129206,870.6733275591589,100,100
ENSMUSG00000071089,0.001,62.31581250733508,1.0,0.001,0.001,0.001693174588364313,0.07690947171335179,100,100
ENSMUSG00000071103,3.9081988859241816,462.53965591840205,1.0,0.001,16.969213980910286,0.001,0.04000599387828641,100,100
ENSMUSG00000071104,0.001,62.31581250733508,1.0,0.001,0.001,0.0015672088005195296,0.15651231522091585,100,100
ENSMUSG00000071112,0.006569969762466621,17.7941556540393,99.00163413446205,0.001,6.739100300997366,0.0012530823822728201,51.51334181042776,100,100
ENSMUSG00000071113,0.001,66.84427540036525,1.0,0.001,0.001,0.0017269105862031714,0.1885223875101688,100,100
ENSMUSG00000071151,0.03393544469755495,14.60720184448635,19.689269605836095,0.001,2.3493511622880714,0.002374678201732587,78.52189944793595,100,100
ENSMUSG00000071172,0.49420343935407535,2.1651527784279874,10.232459816789625,0.3187689797766826,0.7394359245930899,2.6149210250145596,7.68122336999682,100,100
ENSMUSG00000071176,0.8638555097782705,1.1267768477770523,4.403672713519578,0.03231881515518329,2.7491791126037306,0.7226417996113612,823.8632060707324,100,100
ENSMUSG00000071178,0.27213439610239265,65.36421030425801,1.0,0.001,7.719789299184509,0.0013216590309858224,0.1006443358677582,100,100
ENSMUSG00000071179,0.001,62.31581250733508,1.0,0.001,0.001,0.0013899281448993576,0.09187300870134806,100,100
ENSMUSG00000071180,3.864788466394581,611.4205893929797,825.7571057607756,2.8024850550291864,5.80513404728738,0.8398780583810119,2.4307878134915666,100,100
ENSMUSG00000071181,0.022792933600149334,20.76592512050554,15.09834118978626,0.001,12.610059073454988,0.0010000000000006612,23.990976154038133,100,100
ENSMUSG00000071192,0.08454699206582846,18.402801918643103,9.252834184266055,0.001,19.751885692236215,0.0014914196892793319,5.0264573409475,100,100
ENSMUSG00000071202,2.3643720730522655,550.4224452307329,1.0,0.001,7.624076195688707,0.0010048079134263054,0.11607371169628442,100,100
ENSMUSG00000071203,0.0036698637648459177,9.850894022652497,26.490479285566476,0.001,0.1448878223389423,0.0018500907878102797,21.352373804503493,100,100
ENSMUSG00000071226,0.001,62.31581250733508,1.0,0.001,0.001,0.0014334172328351771,0.05299158049904534,100,100
ENSMUSG00000071229,0.001,62.31581250733508,1.0,0.001,0.001,0.0017886389532535923,0.22013572107750307,100,100
ENSMUSG00000071230,0.010869013058677214,19.785957221629538,22.55779821431488,0.001,5.527981216461857,0.0017410168031858856,11.303938915841698,100,100
ENSMUSG00000071252,0.03983227306729476,12.829562515764339,46.54969183685226,0.001,0.09446849548192138,0.9080122563716,197.06227731426412,100,100
ENSMUSG00000071253,0.44596823143104203,0.6809101508922203,2.14920744129464,0.0371170548436388,1.291261351798621,0.6946557366463291,280.4533699008114,100,100
ENSMUSG00000071256,0.4134654308557337,5.146435704878354,4.273399918471818,0.10056365571126127,1.0683393563059385,0.293411520130547,4.735440380388395,100,100
ENSMUSG00000071266,0.19028455441917094,0.6296805414139123,2.0061442680393884,0.001,0.4988784999644348,0.9983950949683268,834.9272673866938,100,100
ENSMUSG00000071267,0.03346470590385361,0.1068773705315248,1.7345250299391757,0.0011206522536149355,0.3475631325193268,1.0054480312836485,450.48720233297433,100,100
ENSMUSG00000071280,2.961200185399535,721.6290393901162,1.0064427689282454,0.001,5.703733724005275,0.0010332964926786947,0.0733327317965086,100,100
ENSMUSG00000071281,0.0838342254243076,0.10785103400094631,1.0,0.001,1.366237563762545,0.3129179717439772,943.5036271812526,100,100
ENSMUSG00000071291,2.3610741545992924,34.40331653980974,2.185396279468737,0.10374452487189756,130.03979617746668,0.0013509982091629447,0.3753057801911655,100,100
ENSMUSG00000071302,0.16590020498106584,0.5257508659549489,3.2015478872019094,0.006302846447443146,0.3738188583600637,2.007644014476857,399.15061231911676,100,100
ENSMUSG00000071303,0.001,35.03136250359708,1.0,0.001,0.001,0.00241759778427533,0.5570783525339296,100,100
ENSMUSG00000071317,0.01972426481970729,44.26316858227457,111.8865603637823,0.005052647089195813,27.699034725875208,0.0010008100384295252,7.133109749289553,100,100
ENSMUSG00000071324,4.411586922030814,352.4263200354133,1.0,0.001,19.407998356743903,0.0010000000000010222,0.008830885762240687,100,100
ENSMUSG00000071332,0.010902953930371875,19.26983046268719,21.989292047733777,0.001,6.243959920362662,0.0011736806739205603,19.263606693077914,100,100
ENSMUSG00000071335,0.12997068721508553,117.46249844095561,46.90633167050973,0.029909659121062235,39.30754499360202,0.0012108235206752444,1.2620712704262522,100,100
ENSMUSG00000071337,0.4560113479318592,0.656414208900469,4.5702515893499935,0.21148194102712767,0.8582916426239358,2.9101150668432445,17.644206592775713,100,100
ENSMUSG00000071340,2.0826313051015224,503.49146876914733,1.0,0.001,9.893087246719018,0.001000001619198433,0.060785348848023626,100,100
ENSMUSG00000071342,0.001,66.84427540036525,1.0,0.001,0.0010000000000000002,0.0016899280192594305,0.2076414332125274,100,100
ENSMUSG00000071343,0.0019817387462866395,0.001,13.50393216824527,0.001,36.44522515375941,0.1457893555475138,14003.97199328668,100,100
ENSMUSG00000071347,0.001,62.31581250733508,1.0,0.001,0.001,0.0015336549173813178,0.13427744933474872,100,100
ENSMUSG00000071350,0.2827425673233802,30.98657476809151,19.13120919954774,0.004141548843822236,0.6835907491335091,0.18916946815430016,87.72232187256364,100,100
ENSMUSG00000071359,0.022506884340637703,0.03215618969564698,6.217933906038825,0.001,0.12529438847307522,31.797247724383396,5555.6510330883,100,100
ENSMUSG00000071362,0.001,61.88525872635182,1.0,0.001,0.001,0.0016949911618828837,0.20872973212353335,100,100
ENSMUSG00000071369,0.09100248069845157,18.681096395212204,6.167540693547796,0.001,31.399837017509274,0.0010019932757386481,3.839134346536267,100,100
ENSMUSG00000071379,1.451153071978667,347.2222853116732,536.8140512973345,0.7827959415340404,1.7845144063408376,1.1669774772515207,4.490196758302909,100,100
ENSMUSG00000071392,0.001,66.84427540036525,1.0,0.001,0.0010000000000000009,0.0018539390326326659,0.209533493028354,100,100
ENSMUSG00000071398,0.001,66.84427540036525,1.0,0.001,0.0010000000000000007,0.0014796351349979312,0.15801189673922258,100,100
ENSMUSG00000071415,0.6857486892678941,1.5061506048184647,303.46164431847103,0.001,3.846579055350563,0.04951619020087947,1673436.2011833359,100,100
ENSMUSG00000071424,0.001,61.45463549419866,1.0,0.001,0.001,0.0018608862467768136,0.10376819343249577,100,100
ENSMUSG00000071451,4.014338247234226,49.270262124469184,28.262018489550925,1.0455306181809747,11.143358037719768,0.18561223509387587,5.849286664876773,100,100
ENSMUSG00000071454,0.02961067173890221,0.05113273241417132,1.7244959462514264,0.001,0.5187121511999999,1.1670161342825922,1111.4695861828595,100,100
ENSMUSG00000071456,0.1886533601169149,2.394649361132495,4.527985479319539,0.0012415012506087897,0.28044179312808254,1.1985870662950147,403.49254111298484,100,100
ENSMUSG00000071470,0.001,61.88525872635182,1.0,0.001,0.001,0.0019110191711201791,0.1811197325604032,100,100
ENSMUSG00000071475,0.001,66.84427540036525,1.0,0.001,0.0010000000000000002,0.001728787941538134,0.08176217819971983,100,100
ENSMUSG00000071477,0.05754220335955954,0.10666808170992896,2.249435117675245,0.001,0.5292390034409145,1.509803878465692,1351.830743055708,100,100
ENSMUSG00000071478,1.4920837813496886,346.8010429448781,1.0005615933478422,0.001,5.769493491898983,0.0011494471913706815,0.03889273546010139,100,100
ENSMUSG00000071506,0.012761861361173767,12.24763535252245,19.697354446469152,0.001,8.116228016911567,0.0010336904484981586,29.27370163069218,100,100
ENSMUSG00000071516,0.001,61.88525872635182,1.0,0.001,0.001,0.0017252052594422158,0.17227918458870223,100,100
ENSMUSG00000071528,7.437640785617532,192.32346609997867,819.2963006667412,5.6882874073120995,9.828773346584752,3.1206702512178675,6.646078577932615,100,100
ENSMUSG00000071531,0.003274275714770447,10.312814670651504,25.500834799450118,0.001,0.021280720892486366,0.0019641748828356574,13.76079105238733,100,100
ENSMUSG00000071533,2.3161533609271925,314.1349041753469,640.6256741822821,1.6265342180810616,3.7352071709341548,1.2831178528618084,3.0918009028872686,100,100
ENSMUSG00000071537,0.1633285492466126,17.93159645727337,6.022467343665401,0.005468630401536083,37.683625917281184,0.0013888236947917016,4.952246523479676,100,100
ENSMUSG00000071547,0.2558814240990283,1.911866616618446,4.256070919764124,0.10200850452230817,0.5484902089556429,0.8685214971943817,6.671650098326239,100,100
ENSMUSG00000071550,0.001,66.84427540036525,1.0,0.001,0.0010000000000000005,0.0016606952960315441,0.47441092136401064,100,100
ENSMUSG00000071551,0.01678070240122932,0.46431689342931165,3.2014904233270656,0.001,0.10955473139479177,0.6999383467320752,84.60086706736446,100,100
ENSMUSG00000071552,0.001,62.31581250733508,1.0,0.001,0.001,0.00183409711300351,0.2662884614336752,100,100
ENSMUSG00000071553,0.001,62.31581250733508,1.0,0.001,0.001,0.0017988846172189024,0.1876601149647535,100,100
ENSMUSG00000071573,0.001,0.004066523952913774,1.0,0.001,0.3629643268588498,0.4946036001324669,261.26068640255403,100,100
ENSMUSG00000071586,0.001,66.84427540036525,1.0,0.001,0.0010000000000000005,0.0013867518926248944,0.12715478077619358,100,100
ENSMUSG00000071604,0.5780135031777253,17.20741875471351,1.8023012986240308,0.08609338342467007,52.02771062877275,0.0010843972677232784,0.588535687367354,100,100
ENSMUSG00000071632,0.27640729785901236,3.924660428757137,4.027913140633441,0.002654394632037804,0.6971000274316391,0.3051059116697835,137.82499139861443,100,100
ENSMUSG00000071633,0.001,62.31581250733508,1.0,0.001,0.0010000000000000005,0.002263981495296002,0.30713096923255456,100,100
ENSMUSG00000071636,0.001,61.88525872635182,1.0,0.001,0.001,0.001638809670535815,0.363984367258996,100,100
ENSMUSG00000071637,0.3413900217284459,20.619487604749615,133.20957780228213,0.22381640983559767,0.43420772693623566,4.542830453857387,11.306776220255596,100,100
ENSMUSG00000071644,1.1095951731820315,2.0939187691285555,200.90240998302858,0.001,3.8512830619645646,27.861683224703725,445640.23941666924,100,100
ENSMUSG00000071645,0.5720054404156479,0.503891661509499,3.5902147026165663,0.007380270913449238,1.5956077179527415,1.4057349738216223,1085.6002562902875,100,100
ENSMUSG00000071646,1.6263507088702336,3.3996903569011,18.16864429862,0.9643276921737198,3.919743356918275,1.5706489479743642,11.654469139058495,100,100
ENSMUSG00000071647,0.3546390150917877,0.24843407713676705,4.644375937674737,0.17496501373392165,2.9700382509464056,0.994585858851142,51.09925231435015,100,100
ENSMUSG00000071648,0.36833964147363973,20.40330981945394,87.37499099985395,0.00268530725459454,0.45729535920930026,3.6706140011561486,1602.1104540408617,100,100
ENSMUSG00000071649,1.7077980536163007,6.093495954053011,9.232080043789844,0.6742809156140778,3.3727759512660205,0.6295871647540354,7.105127298165794,100,100
ENSMUSG00000071650,1.3048671144510244,1.6222322743477033,16.94758585862778,0.9247031062920206,3.429547626147444,2.1505824465752434,17.845928301236903,100,100
ENSMUSG00000071652,0.45333835195004146,1.0433760480548986,3.234440006894036,0.03976785520627053,1.1355601821981625,0.949241182906012,59.043361871220455,100,100
ENSMUSG00000071653,0.13059456402730227,0.4335356589163312,1.0,0.07189232216269811,1.2789793820078048,0.16926621826954122,5.139561760611273,100,100
ENSMUSG00000071654,2.609868983032568,20.292786199563164,81.41012175765684,1.396931017952513,4.15211931797282,2.280036731192857,12.787341633321631,100,100
ENSMUSG00000071655,1.8465055070461343,3.613862764544471,31.37246268540188,1.4115570173044303,7.924016938666949,1.3309540604153796,13.262133387164555,100,100
ENSMUSG00000071656,0.29415560786931216,4.726561214724234,49.856542591044075,0.23364519163552155,0.39139663703263955,6.427849141837932,14.34583295123306,100,100
ENSMUSG00000071657,1.5374794733302442,274.3086651360735,743.3520416015524,0.9264375218864767,2.095745829414124,1.8786451197863452,6.506407678583684,100,100
ENSMUSG00000071658,0.20255115015266537,2.2129604865628822,1.0,0.0778884394551764,10.944760512065642,0.00889524819983625,0.9456025395823386,100,100
ENSMUSG00000071659,3.9892357994165897,31.00219465004941,57.49655796377633,1.6001076466215196,7.628618899723431,0.9065553166658943,11.162913537540799,100,100
ENSMUSG00000071660,1.266267583610318,7.987047336890717,7.036067679967715,0.0022819558415840347,1.6050666366112671,0.6070769598730283,1314.4469720192178,100,100
ENSMUSG00000071661,0.3213683971946292,31.442142030330956,18.25111997763796,0.14980141410578554,2.723081495175439,0.05875352697342829,1.2221212699682265,100,100
ENSMUSG00000071662,1.6865926182905737,3.128054330276074,14.5663352508865,1.1047589958754616,3.6698846274293326,1.475102344834541,10.617136260046626,100,100
ENSMUSG00000071669,16.95686255463927,999.9569573797704,1.0,0.001,22.74116317731937,0.001000000000000042,0.008503852195724302,100,100
ENSMUSG00000071671,0.001,52.2201534249479,1.0,0.001,0.001,0.0018960456954777393,0.12646829930208114,100,100
ENSMUSG00000071679,0.001,62.31581250733508,1.0,0.001,0.0010000000000000005,0.0016386941440064869,0.35424888705764457,100,100
ENSMUSG00000071691,1.8145822829794953,434.3402381094074,1.0,0.001,8.371981293318928,0.001,0.04981169930630701,100,100
ENSMUSG00000071708,0.11288031762008162,1.656719455887069,9.522111746801212,0.001,0.18673362438479713,2.5293058488425944,752.7764237548647,100,100
ENSMUSG00000071711,0.4511105513342312,1.6287700248055954,2.2759164035285986,0.001003536635904165,1.2586030237383392,0.3566304345530933,924.8840077123243,100,100
ENSMUSG00000071713,0.001,62.31581250733508,1.0,0.001,0.001,0.0019736675170482524,0.4581011188096702,100,100
ENSMUSG00000071714,0.001,62.31581250733508,1.0,0.001,0.001,0.002044675742989206,0.0885353234174204,100,100
ENSMUSG00000071715,0.001,62.31581250733508,1.0,0.001,0.001,0.0018517536051375879,0.16849036342909426,100,100
ENSMUSG00000071722,0.12506550369750724,17.833187336764333,10.592307559846526,0.013229617219759088,3.78853496263233,0.008033622923795784,3.744893807204415,100,100
ENSMUSG00000071723,0.27387832962523395,1.494128119577058,2.271480151796571,0.008020202720948267,0.8199486095192167,0.43115676999411634,107.58236519640262,100,100
ENSMUSG00000071724,2.1505155831353595,560.8317307299595,1.0847189835481421,0.001,7.379303296076207,0.0010735829929906216,0.05736686237479861,100,100
ENSMUSG00000071757,0.24500337378633283,9.70082929905661,6.305402280412665,0.001,0.7621601586456268,0.06349374787459967,4.451449079945462,100,100
ENSMUSG00000071763,0.001,62.31581250733508,1.0,0.001,0.001,0.0015970223955176395,0.2976900758259705,100,100
ENSMUSG00000071793,0.001,13.147732610051081,1.0,0.001,0.001,0.15898432764319154,8.98283123566388,100,100
ENSMUSG00000071796,0.001,13.596412732960566,1.0,0.001,0.001,0.019763368211358517,2.714983879268882,100,100
ENSMUSG00000071847,0.10179031406035481,29.099612861562818,43.62937778341845,0.005684855719307977,0.1976314397739919,0.6614377270162276,35.33996095144968,100,100
ENSMUSG00000071855,0.14370515070393214,1.377505745567222,2.6457287524313116,0.0011764549488819133,0.4613040804222729,0.5476804708161338,276.49061992460463,100,100
ENSMUSG00000071856,0.7584543775465977,147.18281673264713,125.8680293276043,0.39892164132136687,1.2904574084361635,0.45839004259151495,1.640917555465121,100,100
ENSMUSG00000071862,0.01095416455123936,19.475514862450567,22.21677830122413,0.001,5.609518916672991,0.0011335008326961858,13.643385741981712,100,100
ENSMUSG00000071866,0.23283247142032074,0.66508243785435,389.14382815925285,0.001,0.0010000000000000007,0.012913239683779654,3.7652628377223163,100,100
ENSMUSG00000071893,0.001,62.31581250733508,1.0,0.001,0.001,0.0016675389621348072,0.11324508623057677,100,100
ENSMUSG00000071984,0.15224575723234027,18.13721074261383,6.485268196882507,0.023433388796697513,45.37211444884427,0.0010816838898878424,1.3209755290066125,100,100
ENSMUSG00000072066,0.04492223431656345,9.96224783047395,25.080879314123898,0.001,0.3195649298724783,0.2868463762339261,37.12274034263673,100,100
ENSMUSG00000072082,0.01720377770586792,1.1739777362421082,23.708460665437546,0.010009244222062293,6.732657266241652,0.005371522842523308,78.17547096139491,100,100
ENSMUSG00000072214,0.836176913372281,4.020682172581373,14.860159450091093,0.5689558813294184,1.535619164806131,1.74553237765003,6.3807111877319915,100,100
ENSMUSG00000072235,0.17978007736187637,0.7941587600960281,14.418731771489838,0.010987430111571904,0.2611855110344413,12.311315257535764,424.34830198206015,100,100
ENSMUSG00000072244,0.03917532834720105,20.647612522592716,10.893651673225788,0.001,11.780135582837662,0.001079547502969172,7.914708904816084,100,100
ENSMUSG00000072258,0.8761683947837026,19.759783899140594,9.860606967901287,0.0010047783280247584,1.6306354366003566,0.24976208290386964,904.9688864524264,100,100
ENSMUSG00000072294,0.21324238365807818,17.792987970869536,3.488733818576306,0.030471028939715376,43.7510508436153,0.0010219430798936988,1.1375911062856399,100,100
ENSMUSG00000072295,0.001,62.31581250733508,1.0,0.001,0.001,0.001436600098033035,0.21284156579496288,100,100
ENSMUSG00000072407,1.4675833345903138,34.74726612593537,4.287073577346408,0.29705099940037244,127.83866374329729,0.0017222775715393544,0.5714670035919561,100,100
ENSMUSG00000072419,0.001,61.674132606755,1.0,0.001,0.001,0.001902197861807269,0.10679212579705141,100,100
ENSMUSG00000072423,0.001,62.31581250733508,1.0,0.001,0.0010000000000000005,0.0014932679826036913,0.33601247348732466,100,100
ENSMUSG00000072437,0.12416489087981682,18.307613667699766,7.367168515454428,0.030189843011769642,38.119218953739875,0.0010236322652441149,1.8030746933361055,100,100
ENSMUSG00000072460,0.001,49.8289069611423,1.0,0.001,0.001,0.001582642356708742,0.19473663601538185,100,100
ENSMUSG00000072476,0.34262496639686163,1.0056056068950217,3.083928046708858,0.001,0.5747040858968053,1.9490168004119315,2075.377252976011,100,100
ENSMUSG00000072479,0.001,62.31581250733508,1.0,0.001,0.001,0.001533336164567722,0.1948075295972194,100,100
ENSMUSG00000072487,0.001,66.84427540036525,1.0,0.001,0.001,0.0015042491165481614,0.20007770798930957,100,100
ENSMUSG00000072492,4.146906333238779,999.9999999237627,1.0,0.001,8.212100125036608,0.0013280072746060887,0.1792681320710181,100,100
ENSMUSG00000072494,0.001,61.259704531272526,1.0,0.001,0.001,0.0017162752385635437,0.12767667045370384,100,100
ENSMUSG00000072501,1.3494201500366751,5.464753357414387,3.402128202495081,0.002024727313323195,2.264723904774341,0.33177526631442,932.3510593153472,100,100
ENSMUSG00000072541,0.001,62.31581250733508,1.0,0.001,0.001,0.0016052739477299034,0.2617270085947302,100,100
ENSMUSG00000072568,4.134300499511258,1000.0,1.0,0.001,10.97853365036595,0.0010000000000000707,0.3119591933247482,100,100
ENSMUSG00000072572,0.001,61.259704531272526,1.0,0.001,0.0010000000000000005,0.001652316414269708,0.3068983946072095,100,100
ENSMUSG00000072573,0.001,61.024058264401226,1.0,0.001,0.001,0.0019011666587779208,0.1709629768886414,100,100
ENSMUSG00000072575,0.001,62.31581250733508,1.0,0.001,0.001,0.001822486735106071,0.08138315639308788,100,100
ENSMUSG00000072576,0.001,13.147732610051081,1.0,0.001,0.001,0.14519569712580563,5.328901022834669,100,100
ENSMUSG00000072582,1.1926157503338073,3.0020881407983278,12.258411368714771,0.7861686736119463,3.5063418588366675,1.091758998597061,8.48971232560792,100,100
ENSMUSG00000072584,0.001,62.31581250733508,1.0,0.001,0.001,0.0017732635956757095,0.2930520630475136,100,100
ENSMUSG00000072589,1.9486004592726867,445.2626848295127,1.0,0.001,11.48195207456483,0.0010000000072642081,0.06483955574867689,100,100
ENSMUSG00000072591,0.001,62.31581250733508,1.0,0.001,0.0010000000000000005,0.0015073770098193032,0.4411883039629872,100,100
ENSMUSG00000072592,0.0726202354061842,7.066788485985743,14.170027634537973,0.006392349635787545,0.2589906876906044,0.22838389053354521,9.613897996807665,100,100
ENSMUSG00000072596,0.001,62.31581250733508,1.0,0.001,0.001,0.00198219077281285,0.06018178564537713,100,100
ENSMUSG00000072612,0.001,61.88525872635182,1.0,0.001,0.001,0.0018288903278653908,0.10060440977469944,100,100
ENSMUSG00000072618,0.001,62.31581250733508,1.0,0.001,0.0010000000000000005,0.0016049191844260409,0.2182360159661739,100,100
ENSMUSG00000072620,0.13023707582578936,2.323419543617868,21.75831915682752,0.06549305432278775,0.1678291737431049,6.047741848554475,16.294325595124427,100,100
ENSMUSG00000072621,0.001,61.88525872635182,1.0,0.001,0.001,0.0014629188025489105,0.09190427481097044,100,100
ENSMUSG00000072623,0.6253292704279556,1.4374358143708548,1.9676145774052614,0.0010191496045311218,1.662170131729547,0.37058915888471766,1075.3784405514937,100,100
ENSMUSG00000072640,1.0137129660440818,266.3532222203667,341.66101525441593,0.4263917934195075,1.5160172721837006,0.8078075717057582,5.726518046973755,100,100
ENSMUSG00000072647,9.84584223084236,626.6969005063276,1.1382320865420088,0.4254744274268117,27.83861518599028,0.001,0.008998214088199515,100,100
ENSMUSG00000072653,0.001,47.67601909546025,1.0,0.001,0.0010000000000000005,0.0018661105957113381,0.261554476760617,100,100
ENSMUSG00000072660,0.35561492755461205,17.432899498062504,2.5009199403893936,0.03534875797607634,49.45723242334111,0.001168990904690346,0.7832146309802959,100,100
ENSMUSG00000072662,0.001,62.31581250733508,1.0,0.001,0.001,0.0014868349566812197,0.6090869695828327,100,100
ENSMUSG00000072663,0.013380737226384767,21.05961518189384,32.534535599403426,0.001,1.630623026572447,0.0018750049080324986,29.92374529621021,100,100
ENSMUSG00000072673,0.003198908387085948,9.479116397141851,24.04844202957141,0.001,0.10266434701789595,0.001705766145017149,19.192334224180108,100,100
ENSMUSG00000072679,0.001,62.31581250733508,1.0,0.001,0.001,0.0016805600514920608,0.23390768143266186,100,100
ENSMUSG00000072688,0.11384618112645052,26.95183298160442,1.0,0.001,9.616129812410723,0.0011171240542584408,0.04299009001183447,100,100
ENSMUSG00000072692,0.04006789265204979,0.10044152915623031,3.8865582060890405,0.001,0.1906679123292753,5.936841127676356,1828.0055401413533,100,100
ENSMUSG00000072693,0.11384618112645052,26.95183298160442,1.0,0.001,4.15190085408768,0.0010415357765132362,0.02168609229721232,100,100
ENSMUSG00000072694,0.1420662510098388,0.14356451015244923,3.1655101745580274,0.0014663421862385522,0.5946371938217427,3.241781143129127,2566.192523729138,100,100
ENSMUSG00000072704,2.0169234721821714,139.2791214684201,73.26331002250079,0.8496557012927108,3.988400885948542,0.2697203313864802,2.1408715567944605,100,100
ENSMUSG00000072714,0.001,58.00999307220888,1.0,0.001,0.0010000000000000005,0.0017991760026557667,0.16665300235834873,100,100
ENSMUSG00000072723,0.02746332486617342,22.150833012992816,33.69953677034776,0.001,1.6982168941651368,0.0019969756185570777,56.28337438667384,100,100
ENSMUSG00000072753,0.001,62.31581250733508,1.0,0.001,0.001,0.0019310433314221008,0.1863473460086572,100,100
ENSMUSG00000072754,0.001,62.31581250733508,1.0,0.001,0.001,0.0016719301392475819,0.16313712725977614,100,100
ENSMUSG00000072761,0.028910182984665817,8.771397713693416,37.025221242945435,0.001,0.10482272341851487,0.3935677541656109,168.79112495765088,100,100
ENSMUSG00000072762,0.5149708156128114,28.2158911338258,12.294661419747413,0.2294771856779445,13.713561494456162,0.015108661621726832,1.1109572829721697,100,100
ENSMUSG00000072763,0.2144469890767463,17.616132662497034,6.20597689347677,0.08436964502333807,17.69427587723219,0.0037727272629995926,0.9008131243346289,100,100
ENSMUSG00000072769,0.022121625277735365,2.8542147534402456,6.996849357044001,0.001,1.4456599766362142,0.004140999553394471,41.85560472376431,100,100
ENSMUSG00000072770,0.04354455881267185,0.4663285689111162,1.403158694318926,0.001057642439526471,0.32862795681623147,0.25705469045684426,90.35898746101944,100,100
ENSMUSG00000072772,0.2296825050637356,1.0633141268995352,78.16000416545519,0.07875954383065889,0.34118603812681936,58.3577887696642,339.5515404326966,100,100
ENSMUSG00000072774,6.611193656746529,1000.0,1.008319782818459,0.001,19.324321060404223,0.001,0.085453046182608,100,100
ENSMUSG00000072791,0.001,62.31581250733508,1.0,0.001,0.001,0.0018525109676478598,0.2757663116557088,100,100
ENSMUSG00000072809,0.022784756307243463,20.622971544656835,15.000653845650778,0.001,8.149753605389355,0.0010798974078562683,13.547570787296424,100,100
ENSMUSG00000072812,1.0827276653799993,3.163135185033279,38.273862362478226,0.8746322499974286,1.5422804480131673,6.219643175559435,16.673009420561474,100,100
ENSMUSG00000072825,0.7150305693055372,302.6534993900688,345.26610387538256,0.16712301192141488,0.9872005854996295,0.8328568660621574,8.808765053745645,100,100
ENSMUSG00000072844,22.71872979417427,524.2841626565864,1.0,0.001,55.62191747113836,0.0010493278832105542,0.008949166316721019,100,100
ENSMUSG00000072847,0.23332855356291599,30.67097670790021,9.228288293323809,0.06327945040219836,63.53701936666961,0.0010774045195877748,1.1886456847593783,100,100
ENSMUSG00000072852,12.321233834331812,999.9986030354019,1.0145887494433872,0.001,22.161200607460167,0.001,0.009005833366934887,100,100
ENSMUSG00000072872,0.001,47.03973110858738,1.0,0.001,0.001,0.001983210181198251,0.17025311037114016,100,100
ENSMUSG00000072874,4.244724968850668,506.7409088220291,1.0,0.001,16.886111034627415,0.001,0.042726769540126636,100,100
ENSMUSG00000072875,0.013401671741926371,25.146828861815475,61.14722900576244,0.001,0.3800592910722833,0.00165682227683511,46.93735018346855,100,100
ENSMUSG00000072884,0.03916348891686607,20.466292145163504,10.800211881177743,0.001,22.29100173261003,0.0010000032745507606,23.32085854180854,100,100
ENSMUSG00000072889,0.001044801079403299,0.001,1.0,0.001,1.206598607811123,0.42459521357364327,1112.870334148546,100,100
ENSMUSG00000072893,0.3793967363415039,111.40969677303937,147.73350419951956,0.24726661170817268,0.7818038188762946,0.5536759325689824,2.3208341516871074,100,100
ENSMUSG00000072898,0.19036864688979338,33.61972103908657,16.87453108483448,0.001,7.9519104179366895,0.002887228620909294,3.1465913892186412,100,100
ENSMUSG00000072915,0.04661143920001115,14.72722673181804,26.048261429919524,0.001,0.14682915618119596,0.15508338910953073,125.71262123707689,100,100
ENSMUSG00000072919,0.12596797002741833,28.630295280620615,38.43106585712898,0.001,0.22018082811398804,0.6927798490289443,275.84840441156325,100,100
ENSMUSG00000072934,2.1571940611220364,521.5346265951073,1.0,0.001,9.970342580897817,0.0010000001089082043,0.04273446549825617,100,100
ENSMUSG00000072941,0.8463064339088449,18.385549382907854,1704.084940409591,0.7026688891746358,1.095211175300459,64.23892257084447,136.35537742681075,100,100
ENSMUSG00000072944,0.029646659849498484,0.9680951747313824,7.455509856101073,0.01270503616825322,0.1342717971278378,0.6763338178582414,18.35728157203325,100,100
ENSMUSG00000072946,1.4962181055341222,3.2154113589831783,8.146047663649814,0.4516976653399287,2.869011154270064,0.9506667801241167,15.648452509126006,100,100
ENSMUSG00000072949,0.001,58.8711705984019,1.0,0.001,0.001,0.001697987522118685,0.16652438682070977,100,100
ENSMUSG00000072955,0.05855559698483347,1.5631294002786646,2.6225383296717375,0.001252871720777258,0.4431735905516947,0.21665460897252703,72.30383223874927,100,100
ENSMUSG00000072963,0.060601298648768405,19.460376590013418,7.979759782026903,0.001,24.519043537254767,0.0010830414268525618,2.2349699551639057,100,100
ENSMUSG00000072964,0.26750999609269516,1.3256684908426395,5.612525085286064,0.0769594353215439,0.4264047332326447,2.229870196480326,19.336664362004157,100,100
ENSMUSG00000072966,0.001,62.31581250733508,1.0,0.001,0.001,0.0015188681756389197,0.0929470683865892,100,100
ENSMUSG00000072969,0.4270615475564986,42.23753440946081,42.22359951296044,0.18895057520613384,0.8756739417085704,0.4340294043686895,2.63447233128859,100,100
ENSMUSG00000072972,0.06447117192469058,2.044250111398649,1.0,0.001,24.18092670601247,0.0010046029768854985,1.7217933815739301,100,100
ENSMUSG00000072974,0.001,61.88525872635182,1.0,0.001,0.001,0.001879347823439356,0.1381777768411443,100,100
ENSMUSG00000072980,3.07783631307003,741.2598198343227,1.0,0.001,9.938228030099435,0.001,0.054982714086493106,100,100
ENSMUSG00000072999,0.010881562491766954,19.853310561658233,22.594843132065954,0.001,4.007424718373725,0.0015146529607299132,16.97885983294672,100,100
ENSMUSG00000073000,0.001,62.31581250733508,1.0,0.001,0.0010000000000000005,0.0016257958304857992,0.38191513199261207,100,100
ENSMUSG00000073002,0.6089297411748589,157.81301446315004,571.8678183028305,0.3737580285759927,0.8074848134892765,2.8714670779784592,7.014145234228469,100,100
ENSMUSG00000073010,0.001,62.31581250733508,1.0,0.001,0.001,0.0017887014364192685,0.15349251562330607,100,100
ENSMUSG00000073012,0.11384618112645052,26.95183298160442,1.0,0.001,7.980767325300036,0.001234039666131065,0.054145870792862275,100,100
ENSMUSG00000073016,0.13959644329074236,1.1019204286944613,2.850505929833586,0.03000927207217466,0.42744487498239003,0.6466153954698595,15.59015431320094,100,100
ENSMUSG00000073018,0.4282965282830732,103.14966607220127,1.0,0.001,9.499716448232777,0.0010000405589491567,0.06095880220786138,100,100
ENSMUSG00000073060,0.001,49.61361760249301,1.0,0.001,0.001,0.0020737966756635157,0.23572554017695382,100,100
ENSMUSG00000073062,0.11131289356699532,28.381323940638236,31.348461561628287,0.001,0.17736177862765662,0.5109930494602778,153.14139230003747,100,100
ENSMUSG00000073063,1.904987380173481,512.8252263426539,1.1354335991243487,0.001,10.295529444748794,0.0010000000000008615,0.1257604840520669,100,100
ENSMUSG00000073067,0.001,62.31581250733508,1.0,0.001,0.0010000000000000005,0.0015938930006855496,0.48826131748232077,100,100
ENSMUSG00000073073,1.4264657657904025,341.6272039188167,1.0,0.001,5.090568246280504,0.0011696901365133956,0.1806905293925952,100,100
ENSMUSG00000073077,1.6262619868264967,395.3519615968364,1.004113302142248,0.001,8.338830011535258,0.0010000000000054822,0.043940186987479084,100,100
ENSMUSG00000073079,0.0795610780096031,0.10067362489091479,14.421060352141751,0.001,0.2613248478934867,35.499605500246474,12012.53985151077,100,100
ENSMUSG00000073094,0.001,62.31581250733508,1.0,0.001,0.0010000000000000009,0.0017929151431806825,0.14591350873629105,100,100
ENSMUSG00000073096,0.13051252997314264,0.9791138335821253,5.126649215319687,0.03554786636395378,0.30435798658230107,1.9135225409348577,20.29851444781682,100,100
ENSMUSG00000073102,0.0562809631336162,2.5315981654583215,2.2996691961444125,0.006303498158138682,25.676634577106583,0.0011588440655662855,8.944163073410826,100,100
ENSMUSG00000073125,0.001,61.88525872635182,1.0,0.001,0.0010000000000000009,0.0017472846804392577,0.1832192635358632,100,100
ENSMUSG00000073130,0.058772953454498074,3.893702629914502,1.6950102802209024,0.002444889301475546,19.124701598074047,0.0010000000000182892,1.8477493724030722,100,100
ENSMUSG00000073131,0.10335969120605466,0.08265477028151451,12.508207067059828,0.046032618247663123,0.7134807649743082,11.749199811040857,429.1315227563947,100,100
ENSMUSG00000073139,0.2992692951844254,0.8919495582257347,20.34906195376233,0.16747252444489252,0.3922364934227033,15.499710242231021,47.8023999504276,100,100
ENSMUSG00000073144,4.168917566870232,1000.0,1.0,0.001,9.622912778573589,0.0010000000000023115,0.15602340859444067,100,100
ENSMUSG00000073147,0.0011886043034736557,0.001,1.8503368676140401,0.0011576479045853575,0.9200156643091648,1.2151615041676553,2057.1576861674985,100,100
ENSMUSG00000073155,3.7012194254055752,31.02478665430444,128.40804929177338,3.135745402118336,5.518860274176571,2.5273193545659502,5.4101528265192975,100,100
ENSMUSG00000073158,0.01127847821048678,18.75044988597,21.40130797962615,0.001,4.2821911658322875,0.0013741959097309593,12.247768127179574,100,100
ENSMUSG00000073164,3.3932247421315664,793.6089122185115,1.0,0.001,9.892216426783307,0.0010000017263952416,0.07913037072590644,100,100
ENSMUSG00000073174,16.303420097068695,973.6247456795109,1.0,0.001,20.864257420555525,0.0010000000000352448,0.008910390605539564,100,100
ENSMUSG00000073176,0.20518452585078067,2.0389345779716797,4.507246129165481,0.08231554847663239,0.5064490272304998,0.6746038258154408,5.920228469126353,100,100
ENSMUSG00000073179,3.854855471833357,456.7740875759933,1.0090785927387629,0.001,13.42149749696462,0.0010011162551409622,0.019532034913001824,100,100
ENSMUSG00000073184,0.001,61.259704531272526,1.0,0.001,0.001,0.0018366449195577127,0.09836662990301898,100,100
ENSMUSG00000073197,0.001,56.07238254938317,1.0,0.001,0.001,0.0018511345590705034,0.1923369318531361,100,100
ENSMUSG00000073207,1.827408594187776,433.33200259696997,1.0,0.001,13.479365197080961,0.0010299282581588973,0.062361235303514305,100,100
ENSMUSG00000073233,1.8892836203228325,405.6891119162367,1.0,0.001,8.366624322360353,0.0011868031847378493,0.05675070805497555,100,100
ENSMUSG00000073234,0.01669857563758626,26.251986587279347,45.201487735156306,0.001,3.0408184571881827,0.0018202015945762945,38.07440958833154,100,100
ENSMUSG00000073236,0.02331759983283641,14.75233388476358,16.552091012061922,0.001,3.8147159293551214,0.0017988149384614777,43.32642781732572,100,100
ENSMUSG00000073242,0.001,62.31581250733508,1.0,0.001,0.001,0.0017076449035841766,0.052009693110155686,100,100
ENSMUSG00000073274,0.06465494214065724,0.48352736678257724,1.3948907124438754,0.023137879067077042,0.4157401889239388,0.2825127094132276,6.179754172355871,100,100
ENSMUSG00000073291,0.001,62.31581250733508,1.0,0.001,0.001,0.001967834676492279,0.20932992933467398,100,100
ENSMUSG00000073293,1.0752409784945784,280.3448670159383,1.0844986976483493,0.001,10.193039994256521,0.0010000003988441713,0.047277423821002834,100,100
ENSMUSG00000073295,0.001,61.674132606755,1.0,0.001,0.001,0.0018389871373434693,0.2551383713732017,100,100
ENSMUSG00000073374,0.10751679232814636,1.4170589274579497,1.0,0.005111445322709887,22.77258839970137,0.0016129528158312057,2.0028228119643554,100,100
ENSMUSG00000073375,0.001,62.31581250733508,1.0,0.001,0.001,0.0016608062478708431,0.40641060726394407,100,100
ENSMUSG00000073377,0.001,62.31581250733508,1.0,0.001,0.001,0.001523535298951721,0.07994838755138939,100,100
ENSMUSG00000073380,0.001,62.31581250733508,1.0,0.001,0.001,0.0016839856276163268,0.29400775493756853,100,100
ENSMUSG00000073394,0.5295571939005409,27.751793560328075,3.765689919456327,0.07756628069563118,74.12474748137443,0.0010902724823397111,0.540117408166296,100,100
ENSMUSG00000073400,0.001,62.31581250733508,1.0,0.001,0.0010000000000000009,0.0022050981645268847,0.18589895118173413,100,100
ENSMUSG00000073402,0.310953028723682,0.6014464348859477,2.3910411318735503,0.012377085907426236,0.9686944045706435,0.8452804405420979,294.1063635508041,100,100
ENSMUSG00000073403,0.001,55.64789659794357,1.0,0.001,0.001,0.0019067137965142495,0.14662650133828053,100,100
ENSMUSG00000073405,0.029713880005267115,0.28377856161696086,6.172739148039506,0.0023788546073722798,0.0877817504490461,4.75451110041301,302.73639815179234,100,100
ENSMUSG00000073406,0.001,60.188376913276144,1.0,0.001,0.001,0.0017765551350721353,0.1987368369496388,100,100
ENSMUSG00000073408,4.134300499511258,1000.0,1.0,0.001,9.701553207376703,0.0010000025214693348,0.2777066246672051,100,100
ENSMUSG00000073409,0.001,54.99590512765986,1.0,0.001,0.001,0.001637539970969487,0.20021366096410254,100,100
ENSMUSG00000073411,2.2872632671253115,212.11754477947977,1885.6721095882274,1.8761355927247605,2.860069570907508,6.930721153622311,12.212815514173474,100,100
ENSMUSG00000073412,6.5920263732240505,811.423122439717,1.022319624245742,0.001,19.978979847195028,0.001,0.06927521381209237,100,100
ENSMUSG00000073413,0.019553655036006888,21.9330591407264,41.202060189848545,0.001,0.9771828406781509,0.0018213788947437763,60.6053073574663,100,100
ENSMUSG00000073414,0.001,61.88525872635182,1.0,0.001,0.001,0.0017279558750098254,0.1520132611197904,100,100
ENSMUSG00000073418,0.03485099943697856,5.310282599843812,10.438467265561739,0.001,9.338323496537466,0.0015580454632577064,7.142986634899667,100,100
ENSMUSG00000073421,0.028182629847881908,0.9967856501002135,13.91319862340402,0.015438322273981533,0.08174606176804262,2.2844966398578874,76.00664895941253,100,100
ENSMUSG00000073422,0.10822984022540524,2.198986108263867,3.260894195501923,0.0368192286212414,0.3983915813631102,0.3347826662112673,4.528870092253609,100,100
ENSMUSG00000073423,0.28515989485281645,0.13305323071704148,3.160983048697866,0.02517799452420017,3.7310394297090372,0.5732771170609152,495.7386825159808,100,100
ENSMUSG00000073427,0.3104930215201342,5.924323786905781,5.420318100640803,0.001,0.5365129456467066,0.5307252236863091,406.01552566486316,100,100
ENSMUSG00000073433,0.14262365241785158,0.7031738051971093,6.860509386323812,0.075121977494819,0.24657980700108698,4.7050377702985635,18.13053099559273,100,100
ENSMUSG00000073434,0.1698162301560225,33.09752622489306,29.440711906458073,0.06653146988628791,0.6357406191211121,0.18622024077338917,1.9752093241726547,100,100
ENSMUSG00000073435,0.001,62.31581250733508,1.0,0.001,0.0010000000000000009,0.0020232009247056477,0.3189791974079248,100,100
ENSMUSG00000073436,0.48966006251185074,0.8286225228373364,2.3893530884242478,0.12225924698836749,1.5633301263525905,0.6470193261906779,18.915428097733297,100,100
ENSMUSG00000073437,0.011030477082301454,18.892026799673253,21.585657075260347,0.001,5.489218049212285,0.0012966661880236172,15.298205042828446,100,100
ENSMUSG00000073448,0.001,60.80878088638715,1.0,0.001,0.001,0.0016563252741088382,0.20090916238531076,100,100
ENSMUSG00000073460,0.022700380456482427,20.77726981127997,15.104881961492227,0.001,15.996701518100025,0.0010008705721052092,10.369567088368704,100,100
ENSMUSG00000073468,5.898568172147737,195.7791506305981,529.2852621042351,3.209301416428173,8.790147416539774,1.779366914814071,8.130323216348241,100,100
ENSMUSG00000073471,1.146567292131141,1.307930076431663,7.057457849898622,0.5408374023700768,3.1999189115726,1.02856358773899,19.80184401033975,100,100
ENSMUSG00000073478,0.031580969225045,6.383703615965662,6.1558230524036714,0.001,18.49006586766704,0.0011584460050993173,12.261037469467517,100,100
ENSMUSG00000073481,2.855384872836746,4.698762447938117,4.464010773283356,0.9495079972129918,8.009825065487764,0.22998281388054997,5.810762713797761,100,100
ENSMUSG00000073482,0.0035153189958338324,11.459522831816152,22.638819099550066,0.001,0.029847491559184224,0.0014943492485375103,16.802666923177988,100,100
ENSMUSG00000073485,0.001,10.477906729393675,1170.7118437452057,0.001,0.14260857064346427,0.0017350828703035625,26.30534306261494,100,100
ENSMUSG00000073486,0.001,62.31581250733508,1.0,0.001,0.001,0.0018442882660920168,0.1687189909260865,100,100
ENSMUSG00000073489,0.4594438772597967,1.4433042179993385,24.733000272081064,0.2794140952706693,0.6722204423544025,10.6354192035894,41.42233397340196,100,100
ENSMUSG00000073490,0.005942431441820422,0.051011259613523215,1.8018431643062502,0.001,0.14591006314908125,0.8477911852434247,202.358895997017,100,100
ENSMUSG00000073494,0.001,62.31581250733508,1.0,0.001,0.001,0.001946072849440724,0.05681126198010703,100,100
ENSMUSG00000073528,0.001,62.31581250733508,1.0,0.001,0.001,0.0015601865275400792,0.2293173993627307,100,100
ENSMUSG00000073529,0.001,66.84427540036525,1.0,0.001,0.001,0.0018717640948056626,0.21539247746190773,100,100
ENSMUSG00000073530,0.001,62.31581250733508,1.0,0.001,0.001,0.0017532734287854105,0.1881070991862916,100,100
ENSMUSG00000073535,0.02259764575972466,20.78148064364478,15.11513250900143,0.001,7.268817296215412,0.0013197044272134741,12.269232993739367,100,100
ENSMUSG00000073542,0.3292469218488383,21.1969861016593,12.54489908260271,0.0536883224832016,0.8691681249128567,0.2100694981671831,4.72036655339936,100,100
ENSMUSG00000073551,1.8855242048223924,454.9597606392765,1.0,0.001,5.573488330648862,0.001059975200417241,0.1071650074883291,100,100
ENSMUSG00000073555,0.001,60.80878088638715,1.0,0.001,0.0010000000000000009,0.0014179124368693548,0.1099667611161245,100,100
ENSMUSG00000073557,0.06316570030107643,0.11350460418063228,1.2711901688505307,0.001,0.7812304564464287,0.5346759776427688,809.9377313454805,100,100
ENSMUSG00000073563,0.09411503326409441,0.12256024040110204,2.3477339509209227,0.0010045908338215666,0.5955114117884444,2.064215711395053,1711.9200683201254,100,100
ENSMUSG00000073565,0.010152175696362524,20.915691483442856,51.37702516237658,0.001,2.5700409062742593,0.0021319363043888462,50.30277413415638,100,100
ENSMUSG00000073568,0.001,62.31581250733508,1.0,0.001,0.001,0.0016034568153264427,0.08388673126865881,100,100
ENSMUSG00000073574,0.001,62.31581250733508,1.0,0.001,0.001,0.001694055332873061,0.09272328828158809,100,100
ENSMUSG00000073590,0.27577453075175223,10.73608662692353,13.4725264919884,0.05700875668669012,0.47028187313103764,0.6291791330290881,11.437466735194096,100,100
ENSMUSG00000073591,0.09656645524387704,1.1663937296813744,7.000626327215823,0.056349839803256696,0.19878680846691374,2.403253256528812,9.127029955685632,100,100
ENSMUSG00000073594,0.001,62.31581250733508,1.0,0.001,0.001,0.0016017568036124272,0.1191355208665894,100,100
ENSMUSG00000073598,0.0033290310235633085,9.992716998115611,24.396686795692588,0.001,0.03613861158155267,0.0022116436065865164,17.07194259212075,100,100
ENSMUSG00000073599,0.03163118314335576,0.5276415014233682,11.616674979071872,0.02074134388511141,0.07413257021427208,7.579510853907784,39.324397081734844,100,100
ENSMUSG00000073600,0.14302207408007359,2.6973856633081277,2.4640771655359397,0.06891010790023289,0.7588713080387574,0.13946400567662018,2.6177561904334326,100,100
ENSMUSG00000073607,0.001,61.024058264401226,1.0,0.001,0.001,0.0019219483767088882,0.4456313135196308,100,100
ENSMUSG00000073608,0.001,61.674132606755,1.0,0.001,0.001,0.0016123556020257138,0.08077355766115482,100,100
ENSMUSG00000073609,0.01631209494235494,0.03716745877022225,1.8550390470612492,0.001,0.4050310576349194,1.3416093120828778,1048.0516235542789,100,100
ENSMUSG00000073610,0.001,62.31581250733508,1.0,0.001,0.001,0.0017726401810918592,0.16448825891813143,100,100
ENSMUSG00000073616,0.068505609098608,0.10934082870621326,54.18474244610892,0.001,0.21083462712798073,0.04868780447187203,947.1445786589059,100,100
ENSMUSG00000073627,0.28285025415843823,17.581221799141677,2.93106493972091,0.07150642066245244,52.66575736843957,0.0010473381988288753,0.7581091367102489,100,100
ENSMUSG00000073633,0.055579262780222134,0.19220778380974737,2.38795705139914,0.001,0.3298669688677783,1.6541804418414774,734.9580727343285,100,100
ENSMUSG00000073639,5.448003955195142,171.1557064540368,517.3712908167325,2.848464101414182,7.538743587024898,2.1150125682340923,10.28602621604091,100,100
ENSMUSG00000073640,nan,nan,nan,nan,nan,nan,nan,0,0
ENSMUSG00000073643,2.3213253205867774,70.10713372659053,85.28078036276327,0.8763197832616085,3.1386551988822653,0.8808454992835937,6.830082505537088,100,100
ENSMUSG00000073647,0.001,13.515193736555084,1.0,0.001,0.001,0.0254259655562361,4.073962416388169,100,100
ENSMUSG00000073650,0.18397231492165714,17.522843626605557,6.8124983511959885,0.001,5.142109770932168,0.0029778460674422516,1.7109880508052546,100,100
ENSMUSG00000073652,2.359024246925555,558.8774323514388,1.0126591156832356,0.001,7.208852920214209,0.0011909996981792673,0.11670396995325995,100,100
ENSMUSG00000073656,0.001,62.31581250733508,1.0,0.001,0.001,0.0015098358650588858,0.24206787318775996,100,100
ENSMUSG00000073664,1.1025905357154517,2.996821784568396,4.095801985138563,0.21688136616233622,3.3277677242281816,0.33500478380962884,14.269264112864754,100,100
ENSMUSG00000073676,3.895494927020514,26.527059882808445,284.82097503944505,2.7902583778596117,5.453037416270436,6.863858778569218,18.42046170930513,100,100
ENSMUSG00000073678,0.1709723704645307,3.126550686921771,5.034157445464641,0.07059470589721448,0.4153456161514465,0.5191440213126804,4.249375282377647,100,100
ENSMUSG00000073679,0.001,62.31581250733508,1.0,0.001,0.0010000000000000009,0.0019410899992648397,0.1570449520517358,100,100
ENSMUSG00000073680,6.761043780508342,810.8252603278167,1.0,0.001,14.815033320962531,0.001,0.07180483406502836,100,100
ENSMUSG00000073682,0.001,61.674132606755,1.0,0.001,0.001,0.001454140632611758,0.07121514824044936,100,100
ENSMUSG00000073684,4.931689164695871,543.2740723835774,317.9363335642929,3.1919584165918913,14.768849827794941,0.3035846253184922,88.94222679447289,100,100
ENSMUSG00000073700,0.5464432678089628,3.880619062306169,10.066161445695574,0.3201558279168265,0.8997240059493748,1.4435563843984047,5.0776506943779784,100,100
ENSMUSG00000073705,1.1017310380536072,1.2170971881188766,4.424964286180671,0.332752109408207,3.9024247260944995,0.5556685112329202,26.450420844346603,100,100
ENSMUSG00000073716,0.001,61.88525872635182,1.0,0.001,0.001,0.0016267412633708955,0.07025306773558188,100,100
ENSMUSG00000073725,0.857033028796031,1.142532537221625,6.283032026743972,0.3666699631700492,5.171164321937573,0.5633802687268803,21.245424871712977,100,100
ENSMUSG00000073728,0.001,62.31581250733508,1.0,0.001,0.0010000000000000005,0.0015299455605602623,0.10091386890521989,100,100
ENSMUSG00000073730,0.001,62.31581250733508,1.0,0.001,0.001,0.001908674862623816,0.2209901518346462,100,100
ENSMUSG00000073731,0.001,62.31581250733508,1.0,0.001,0.001,0.001986212901957894,0.1879788154988839,100,100
ENSMUSG00000073733,0.14570388263458814,30.993754550489662,22.804600105401388,0.001,0.43606330104431257,0.1413107629626615,122.63440002225289,100,100
ENSMUSG00000073739,4.239183791072028,1000.0,1.0,0.001,8.476419384184457,0.0010930284820961135,0.06450476430541244,100,100
ENSMUSG00000073747,0.001,62.31581250733508,1.0,0.001,0.0010000000000000009,0.0016748739409990906,0.16272439653370868,100,100
ENSMUSG00000073752,0.001,66.84427540036525,1.0,0.001,0.001,0.0014386537815028549,0.2107204879424199,100,100
ENSMUSG00000073753,0.001,62.31581250733508,1.0,0.001,0.001,0.0014788547701803092,0.19008672007434835,100,100
ENSMUSG00000073755,1.1786793993012998,4.1598466394155995,13.942849748870174,0.5632545606171706,4.284006821613614,0.7411278777664336,10.435935785089953,100,100
ENSMUSG00000073758,0.03524670896079632,6.971974262832225,6.638088733784262,0.0012718735577663853,24.40336981486503,0.0010000000000014299,9.642521038283713,100,100
ENSMUSG00000073761,0.001,66.84427540036525,1.0,0.001,0.0010000000000000009,0.001768978764270299,0.23439595130938984,100,100
ENSMUSG00000073771,0.7522540769202929,1.1539523105651786,4.828886924949108,0.2236207196956844,2.0676019940847548,0.9556845895497883,20.942216731339812,100,100
ENSMUSG00000073775,0.10012358382520399,0.12665415886949932,5.059488487288727,0.001,0.3719913122869135,8.187499191985362,4183.536210009974,100,100
ENSMUSG00000073778,0.001,62.31581250733508,1.0,0.001,0.001,0.0016873636330184821,0.34382423859684597,100,100
ENSMUSG00000073779,0.001,62.31581250733508,1.0,0.001,0.001,0.0015361667265819238,0.07368823232630717,100,100
ENSMUSG00000073787,0.04863529936750096,19.516452488754194,23.746670285070806,0.001,0.2572775790311504,0.0016803668493117455,98.02246755167346,100,100
ENSMUSG00000073791,0.16196234455301503,28.216882274962018,24.13533033689649,0.001,0.404198088254512,0.09151199753188174,141.17372269433744,100,100
ENSMUSG00000073792,0.35076637464481786,38.136400556494316,51.2507024194887,0.16466844785907636,0.584085476002604,0.7563754134677716,3.5607502236367106,100,100
ENSMUSG00000073794,0.001,62.31581250733508,1.0,0.001,0.001,0.001435494504954309,0.2915842053550401,100,100
ENSMUSG00000073795,2.2909001878826274,546.7058370600222,1.0,0.001,8.413726649939138,0.0010000000000207013,0.05271516766052875,100,100
ENSMUSG00000073802,1.6166976408606404,289.66561255373483,2312.2505655017467,1.3670719765019395,5.735775265106341,2.4093250042438825,10.19048534413254,100,100
ENSMUSG00000073805,0.04692675506022103,20.085950375147444,14.141812903006864,0.001,12.866805917915125,0.0012129124988231187,37.427402544441456,100,100
ENSMUSG00000073821,13.281219063544293,1000.0,1.0,0.001,22.331962069851762,0.001,0.027652079918908425,100,100
ENSMUSG00000073838,1.8885752150485675,2.855840132940693,18.986834167610457,1.2202476666924158,6.671509291794403,1.1211560448339217,12.950163560530562,100,100
ENSMUSG00000073843,0.001,62.31581250733508,1.0,0.001,0.001,0.002394810891762655,0.13570969809222666,100,100
ENSMUSG00000073846,0.001,62.31581250733508,1.0,0.001,0.001,0.0017903303985342316,0.06505364118397633,100,100
ENSMUSG00000073856,0.16274629320205786,31.10869710822287,28.758634590707103,0.001,0.2801431595620478,0.5624437327647225,174.30541037493578,100,100
ENSMUSG00000073862,0.001,62.31581250733508,1.0,0.001,0.001,0.0017566527668766436,0.08544779924154544,100,100
ENSMUSG00000073867,0.001,61.674132606755,1.0,0.001,0.001,0.001403435850091608,0.26550735900377753,100,100
ENSMUSG00000073910,4.053698145818247,963.0508682253362,1.0,0.001,8.43021818379064,0.0010000000000070029,0.0530862859297824,100,100
ENSMUSG00000073968,0.7108540222403563,1.9147059858610331,3.019324508634592,0.1551235864031899,1.5233394916539647,0.5805380278975214,14.142717283587373,100,100
ENSMUSG00000073982,2.204676547061328,5.513806851612167,19.345501107921518,0.6749397977530536,7.859963214723631,0.7160558800039387,26.374990095576187,100,100
ENSMUSG00000073985,0.09888395738069589,18.32101017798485,6.0059335143177774,0.001,25.83210817937082,0.0010421346182667604,4.101625472839657,100,100
ENSMUSG00000073987,2.19565871155072,101.50675450578872,281.65651400792234,1.3509906512910597,5.309025327431285,1.1978456004133406,6.320302268814268,100,100
ENSMUSG00000073988,30.406871189141384,881.2864038689484,1.0,0.694643634983654,45.19838680977492,0.0010290803022758755,0.00899315425495113,100,100
ENSMUSG00000073995,0.001,62.31581250733508,1.0,0.001,0.001,0.001422432723322475,0.0969170810615689,100,100
ENSMUSG00000074001,0.001,62.31581250733508,1.0,0.001,0.001,0.001601939078997707,0.16477042734877245,100,100
ENSMUSG00000074003,0.10054289462585048,1.8494881459613233,24.632375133698268,0.065082335541164,0.14969503385950794,7.122378064658251,22.381920577862545,100,100
ENSMUSG00000074004,0.001,62.31581250733508,1.0,0.001,0.001,0.0018174281025203536,0.2749388535157252,100,100
ENSMUSG00000074006,0.001,61.024058264401226,1.0,0.001,0.0010000000000000009,0.0019503909424633428,0.20333213905642084,100,100
ENSMUSG00000074024,0.06029449080859863,0.16433624260588434,1.853506269680714,0.001,0.3906594790691686,1.2768250349498804,715.1820173855863,100,100
ENSMUSG00000074026,0.001,61.45463549419866,1.0,0.001,0.001,0.0016983876716846727,0.20950445147079325,100,100
ENSMUSG00000074028,0.001,66.84427540036525,1.0,0.001,0.001,0.001795283937581042,0.10659767464952644,100,100
ENSMUSG00000074030,0.7506018498038203,31.206536477927965,15.889371078080526,0.0010122626371496855,1.2816634415613413,0.2729849086152749,679.4958840191283,100,100
ENSMUSG00000074034,0.002464196263525962,0.001,38.62587005917522,0.001,12.1797983371683,0.07170120058380236,38163.02307812437,100,100
ENSMUSG00000074039,0.022879931101275813,20.53333888014938,14.935409436174476,0.001,10.04780929540448,0.0012368113610080732,14.902539746291128,100,100
ENSMUSG00000074052,0.001,66.84427540036525,1.0,0.001,0.001,0.001853607585357364,0.2093078007338805,100,100
ENSMUSG00000074059,0.001,62.31581250733508,1.0,0.001,0.0010000000000000009,0.0016775092362552872,0.1908544776064542,100,100
ENSMUSG00000074063,0.3556573978229626,4.963148166199216,4.112895620337852,0.15310007167656609,0.935256832602365,0.2852334005710877,2.13184238945248,100,100
ENSMUSG00000074064,0.4440264248253223,4.291443283502715,4.860372184953356,0.09228803665560706,1.13196515755289,0.3793986714969808,8.940275288541876,100,100
ENSMUSG00000074065,0.001,62.31581250733508,1.0,0.001,0.001,0.0015034472413550711,0.1901770998876925,100,100
ENSMUSG00000074071,0.053286350725143906,17.942273242608515,33.82424303394268,0.001,0.11535739335422204,0.44922879928835835,154.6889880276198,100,100
ENSMUSG00000074088,1.8867717709439376,61.271812381353755,99.16969311967728,1.1802501659530782,2.6367295748314334,1.102969348190137,3.872544162317514,100,100
ENSMUSG00000074092,0.001,43.800753885780274,1.0,0.001,0.001,0.0024105756345556674,0.390646681795878,100,100
ENSMUSG00000074093,3.9839038171815946,947.6616630533084,1.0,0.001,6.635223268937196,0.0011922071942147357,0.43797473711269796,100,100
ENSMUSG00000074102,0.17746586404046216,0.14446203246061343,2.051810073417159,0.0035336607525592494,1.3167993448858442,1.0226243781836006,1191.1650658031442,100,100
ENSMUSG00000074108,2.5797101237766205,323.41216296990757,1.0530055041230406,0.001,16.877360537057143,0.0010000463582461752,0.023007230744220654,100,100
ENSMUSG00000074115,0.0021916533549435056,0.21518438217041527,15.901856973229483,0.001,0.05262854096630916,0.0020436004343605124,246.18107261579763,100,100
ENSMUSG00000074121,0.001,62.31581250733508,1.0,0.001,0.0010000000000000005,0.0017504244732750509,0.15622810004583954,100,100
ENSMUSG00000074127,0.001,62.31581250733508,1.0,0.001,0.001,0.0018244899460003509,0.22460456765547226,100,100
ENSMUSG00000074128,0.001,62.31581250733508,1.0,0.001,0.0010000000000000009,0.0015585713603004099,0.546733938153016,100,100
ENSMUSG00000074129,6.889797261087643,486.98128773206554,1830.1547668073683,5.249581548405732,9.721183305725567,2.6561065465552436,6.705843653853162,100,100
ENSMUSG00000074136,32.41934955469294,835.2029678560826,1.0,2.3220028304139895,50.85305463346913,0.0010046177064879994,0.008931548281349825,100,100
ENSMUSG00000074139,8.303308781579716,999.9982632296175,1.0,0.001,16.681752775091272,0.0010000000000010497,0.02383831269276144,100,100
ENSMUSG00000074141,0.07382099073983879,17.316201051710763,19.6964485356213,0.001,0.1766211477075217,0.3461718929002895,123.41570964428762,100,100
ENSMUSG00000074151,0.0867890454981739,2.8238009101259522,4.280834597716361,0.005291241239860993,0.5208920517961747,0.16327031842217332,51.68995776291973,100,100
ENSMUSG00000074158,0.18465501631695697,4.7708843892850945,2.4085446561793424,0.013938940527544953,21.964500775218767,0.0028247977109767926,2.4486698508674722,100,100
ENSMUSG00000074164,0.001,62.31581250733508,1.0,0.001,0.001,0.0019199762894569952,0.5720668825154807,100,100
ENSMUSG00000074165,0.03796005138999937,0.04100254680925279,1.3867311540323155,0.001,0.9560361289842491,0.7991909401083446,1142.300231057503,100,100
ENSMUSG00000074166,0.4755761222841992,153.0267891043952,111.49702872858569,0.24203010519449542,1.3562669801740246,0.22078919949828363,1.5064939918457465,100,100
ENSMUSG00000074170,0.8715803703967663,2.4184471497874016,13.809850262315821,0.5685952993982895,1.3085455945929159,3.100717679011555,11.498558448633933,100,100
ENSMUSG00000074171,0.06292426008650398,19.4360644042485,11.454159464987436,0.001,20.14017051507014,0.0013636382813105147,18.100582402581896,100,100
ENSMUSG00000074178,7.415291198679722,999.9999999999989,1.1319259243707365,0.001,16.95423835608853,0.0010000000000034777,0.07216537889878277,100,100
ENSMUSG00000074179,0.012039716778757282,17.14411875183802,19.595330473136745,0.001,4.692016036762285,0.001478470296681067,16.71905890110537,100,100
ENSMUSG00000074182,1.1941279071080273,72.91403021285029,153.62299896015486,0.7814101452147617,1.6593290116244064,1.4519677841570713,4.31822748644101,100,100
ENSMUSG00000074194,0.14324131685220165,3.4526088195499867,5.8894667035811725,0.06711861449604675,0.29711347044264486,0.5955699326955614,3.6026783427564473,100,100
ENSMUSG00000074195,0.001,61.88525872635182,1.0,0.001,0.001,0.0017705139815974691,0.10364870786767297,100,100
ENSMUSG00000074196,0.001,60.37820284006485,1.0,0.001,0.001,0.0017573538364031882,0.06449785954084566,100,100
ENSMUSG00000074199,0.001,62.31581250733508,1.0,0.001,0.001,0.0015234372816718103,0.2081673173019588,100,100
ENSMUSG00000074203,12.398233141534964,1000.0,1.0336673830285328,0.001,21.867782368781995,0.001,0.008755277078038987,100,100
ENSMUSG00000074206,0.001,62.31581250733508,1.0,0.001,0.001,0.0017084165126949687,0.37632902820561986,100,100
ENSMUSG00000074207,0.06527648485316707,0.6302875518420965,5.6275839529312925,0.006088632995679435,0.16527549631403327,2.7358390477556003,102.92500523410328,100,100
ENSMUSG00000074210,0.055530348437327647,2.5286437945245246,2.298828990794781,0.0022939563875297563,23.33902932923186,0.0014047553150805026,3.750387914122646,100,100
ENSMUSG00000074211,0.790109434761585,117.34100080826929,96.07031243831261,0.459366150863321,1.3506318113088178,0.44378101487507327,1.6196210264734803,100,100
ENSMUSG00000074212,0.3007523618270216,0.8020022572157928,2.2893212270283865,0.004431311860574409,0.8726927585188748,0.6939503420408899,595.7349086585867,100,100
ENSMUSG00000074213,0.001,66.84427540036525,1.0,0.001,0.0010000000000000002,0.0015982734907578574,0.22429811170273983,100,100
ENSMUSG00000074215,0.1896124522279753,30.866357964153604,20.20321730235096,0.001004736040253893,0.5827956864844401,0.1518888045817064,41.60283978373871,100,100
ENSMUSG00000074217,6.772064408677705,538.8229217243069,1.0,0.001,21.01580730128418,0.001,0.008951316591446599,100,100
ENSMUSG00000074218,0.001,55.211205258015816,1.0,0.001,0.0010000000000000005,0.0017834289787612752,0.07061782431936076,100,100
ENSMUSG00000074219,0.001,61.674132606755,1.0,0.001,0.001,0.001627674259164632,0.08557806846726236,100,100
ENSMUSG00000074220,0.1518131067736022,49.10301952455908,42.02116119086329,0.0550380851728655,1.7228251711428755,0.0612024231801712,2.4728212950339348,100,100
ENSMUSG00000074221,0.6059443212076429,3.256742309679846,4.197562154834825,0.1806050447172493,1.129847726489566,0.5310716066990491,5.830678946175853,100,100
ENSMUSG00000074227,0.033289579189766015,20.896773519660695,18.114215280486686,0.001,12.549881961016002,0.0011793737245978592,19.29377853116426,100,100
ENSMUSG00000074228,0.001,62.31581250733508,1.0,0.001,0.0010000000000000005,0.0017517815780449654,0.1767437790337948,100,100
ENSMUSG00000074232,0.001,62.31581250733508,1.0,0.001,0.001,0.0016957649182206885,0.41641779570012327,100,100
ENSMUSG00000074236,0.001,61.45463549419866,1.0,0.001,0.0010000000000000005,0.0022261162041673738,0.18279186827627972,100,100
ENSMUSG00000074238,0.20270646027102723,0.2977188789889648,4.18942187803085,0.0011306669133095935,0.6464390921236299,3.2981782900578835,2929.6368645285547,100,100
ENSMUSG00000074240,0.001,62.31581250733508,1.0,0.001,0.001,0.0014048157997074641,0.2711586490287424,100,100
ENSMUSG00000074247,1.9416760938188993,6.854512573359796,38.0669190484335,1.4307760592009497,3.0827526665837226,2.8192278161513378,9.919988145180973,100,100
ENSMUSG00000074248,0.001,66.84427540036525,1.0,0.001,0.001,0.0016722432607002191,0.33890534600027494,100,100
ENSMUSG00000074250,16.488819029094575,999.9999999998488,1.0512366557138872,0.001,25.123497985338982,0.001,0.009002104528504678,100,100
ENSMUSG00000074252,0.001,62.31581250733508,1.0,0.001,0.0010000000000000005,0.001626141765672834,0.12616117161266033,100,100
ENSMUSG00000074256,0.001,61.45463549419866,1.0,0.001,0.0010000000000000009,0.0015580028017978449,0.16264343199513312,100,100
ENSMUSG00000074259,0.160562150035028,26.3826606564163,34.42758362350127,0.04018647458475476,1.53746273108077,0.08557460849135709,3.688273831969947,100,100
ENSMUSG00000074261,2.0826313051015224,503.49146876914733,1.0,0.001,11.564980338303767,0.0010000000000010484,0.024818765543522997,100,100
ENSMUSG00000074264,0.005699650950324092,7.583778357316293,57.314037078164446,0.001,3.4215005304794985,0.002018794284502886,113.18365746197242,100,100
ENSMUSG00000074269,0.044821397923514084,17.904052043382304,38.613296850691874,0.001,0.23128969783220296,0.15617931392827977,64.02588563106,100,100
ENSMUSG00000074272,0.08849996939229679,18.762020905262943,6.20922874454269,0.001,24.547586056562828,0.0010306967966686234,3.740381537075076,100,100
ENSMUSG00000074277,0.016804970741566623,13.550073216585258,33.71739029993638,0.001,5.291197308327058,0.0015990811309213337,30.48826857645851,100,100
ENSMUSG00000074281,0.001,62.31581250733508,1.0,0.001,0.001,0.001780726474013456,0.13215296514312275,100,100
ENSMUSG00000074282,0.3491526266335618,24.093469417347336,24.638668452319955,0.001,0.5413122585904755,0.7078534000007084,658.4524383855763,100,100
ENSMUSG00000074283,0.03269793784423761,1.1838388574430132,2.4523203483511833,0.001,0.19337688082524174,0.0871427702997222,84.66971896900208,100,100
ENSMUSG00000074284,2.1832285960476074,516.9280954062883,1.0,0.001,7.645579397321337,0.0012657303907383875,0.057631611269672416,100,100
ENSMUSG00000074305,2.5066543321214203,244.12931819143648,414.69619071783194,0.9727206570754031,4.029538777790561,1.086941434320643,9.973281870604684,100,100
ENSMUSG00000074340,0.0032851991180221163,9.469266802279224,23.804306310191333,0.001,0.051202055380187586,0.003070688774704105,9.439142385218569,100,100
ENSMUSG00000074342,0.001,62.31581250733508,1.0,0.001,0.0010000000000000009,0.0016496945596359313,0.15492436529903408,100,100
ENSMUSG00000074343,0.001,62.31581250733508,1.0,0.001,0.001,0.001930542749590541,0.4409768050564404,100,100
ENSMUSG00000074344,0.001,62.31581250733508,1.0,0.001,0.001,0.0020436819683104803,0.10598709459098064,100,100
ENSMUSG00000074345,0.003366345032855473,9.92303674326363,23.582913446013148,0.001,0.05892385369362889,0.002444872818115594,13.693753481678641,100,100
ENSMUSG00000074354,5.258113088776328,632.3102273632963,1.0,0.001,12.50571234355995,0.001006519800987889,0.016723850204045557,100,100
ENSMUSG00000074355,2.602766185905251,608.5545460260843,1.0,0.001,8.374802806435097,0.0010634802865382882,0.15121724469203782,100,100
ENSMUSG00000074357,0.010954219549669667,19.356883583764038,22.074748844003125,0.001,3.5548890429701645,0.0016119690201890436,10.614644764185954,100,100
ENSMUSG00000074358,0.4022236949387615,1.2155861022049297,4.15386900353063,0.1743562668902221,0.7264630906111087,1.3288205810337304,10.796282792669295,100,100
ENSMUSG00000074361,0.001,62.31581250733508,1.0,0.001,0.001,0.00188777225176986,0.6012128994760881,100,100
ENSMUSG00000074364,1.9574069216111978,4.031002230567198,43.23109109250748,1.3960087727778463,3.3642830130349304,4.2028485185906295,18.644851895745724,100,100
ENSMUSG00000074384,0.2652881453160874,29.14621774362291,25.905727976117465,0.001,0.5086280943369308,0.47030713385843953,280.4418820309321,100,100
ENSMUSG00000074388,0.001,61.674132606755,1.0,0.001,0.001,0.001744081655494971,0.10709991871877085,100,100
ENSMUSG00000074397,8.302194090422104,999.9999999969199,1.0,0.001,16.71627711414017,0.001,0.0592255886190219,100,100
ENSMUSG00000074398,0.001,58.8711705984019,1.0,0.001,0.001,0.001780921874393581,0.3125162890091357,100,100
ENSMUSG00000074403,0.001,62.31581250733508,1.0,0.001,0.001,0.0018234822037969155,0.14776954382490043,100,100
ENSMUSG00000074405,0.08341775877864879,0.4704455116172344,3.765656317201918,0.001,0.2709424863629582,2.041174124271622,1102.5441546246423,100,100
ENSMUSG00000074406,0.017521331698358577,0.036923048267826324,1.6411006275583753,0.001,0.4696598039031872,1.012089855358866,926.875977291312,100,100
ENSMUSG00000074412,0.001,15.041655592791999,1.0,0.001,0.001,0.0065051534713348996,1.980856244067369,100,100
ENSMUSG00000074415,1.8390696721967619,5.00467749967752,19.766874593900912,1.0324727283189707,3.368464986406469,1.586594758302089,10.52027451259957,100,100
ENSMUSG00000074417,0.001,62.31581250733508,1.0,0.001,0.001,0.0020427348891607355,0.22211327599854602,100,100
ENSMUSG00000074452,0.0032626953472102873,10.058364076398906,24.92759517956131,0.001,0.035620772712691616,0.0019003826652829775,16.90000401099885,100,100
ENSMUSG00000074457,0.7703939368341304,2.721635669973231,66.26601398363762,0.5971576969092363,1.379310745820251,11.71292380168467,31.91599372257564,100,100
ENSMUSG00000074461,0.001,62.31581250733508,1.0,0.001,0.001,0.0016985093404569785,0.09744683267353613,100,100
ENSMUSG00000074465,0.001,62.31581250733508,1.0,0.001,0.001,0.0018029301878106513,0.18050227067694175,100,100
ENSMUSG00000074466,0.007863023912456454,0.04662985893191977,2.9254504892372504,0.001,0.1520161266452839,2.5007324857249005,907.7270822948942,100,100
ENSMUSG00000074467,3.029295838839696,717.4471743407762,1.0,0.001,8.47874278265262,0.0010000003492430525,0.1387222573609598,100,100
ENSMUSG00000074472,3.6798704859081064,444.70131365698893,1.0,0.001,19.42530385345931,0.001,0.045086389495415366,100,100
ENSMUSG00000074476,0.06904796184429617,1.8588430323553722,19.455070901672844,0.0425949644915808,0.12202488062279937,4.093491263535839,18.19461586140478,100,100
ENSMUSG00000074480,0.08416570383528407,0.784428196155114,6.60310934999362,0.0012983840307552738,0.18311842825320832,3.0702803198614186,591.6996671280892,100,100
ENSMUSG00000074482,0.04517661838541282,26.691460019142124,42.559163366221334,0.001,0.34743461646503426,0.09780618223451867,114.30008831782084,100,100
ENSMUSG00000074483,0.003279286199371733,9.656800477905469,23.37007818915631,0.001,0.03248869050597246,0.002079550146927875,16.785624337462522,100,100
ENSMUSG00000074486,0.001,61.88525872635182,1.0,0.001,0.001,0.0016904401754720445,0.1991058757561487,100,100
ENSMUSG00000074489,0.001,66.84427540036525,1.0,0.001,0.001,0.0017294520315940017,0.8662907676055442,100,100
ENSMUSG00000074500,0.28395619629989605,33.68084885831853,12.898772337944093,0.001,1.875968061626879,0.0222605238901715,15.208249906918262,100,100
ENSMUSG00000074501,0.001,66.84427540036525,1.0,0.001,0.001,0.0014338952100229727,0.16612997068840224,100,100
ENSMUSG00000074502,0.001,62.31581250733508,1.0,0.001,0.0010000000000000002,0.0016095634064347713,0.3989999220485113,100,100
ENSMUSG00000074505,4.509443260982563,547.2297605730167,1.0,0.001,18.98533571674839,0.001,0.16569130125916964,100,100
ENSMUSG00000074508,0.001,62.31581250733508,1.0,0.001,0.001,0.0016373618841251125,0.21473702661699268,100,100
ENSMUSG00000074513,1.8977008540884366,151.00045198838805,167.20537661321598,0.4454426451119644,3.033109083101249,0.7723391275482079,14.290078014205942,100,100
ENSMUSG00000074521,0.001,24.424527850717574,1.0,0.001,0.001,0.002934124029208963,0.37739399755944,100,100
ENSMUSG00000074527,10.73802691720129,683.4186390832484,1.0100814302711225,0.001,44.11322187576444,0.001,0.14114727651200376,100,100
ENSMUSG00000074529,0.001,57.620632314225304,1.0,0.001,0.001,0.0018724340504617388,0.37194752747261667,100,100
ENSMUSG00000074569,1.421002959611816,340.4393560865186,1.0,0.001,7.2473395761637605,0.001066737404683934,0.04243237597396808,100,100
ENSMUSG00000074570,0.001,62.31581250733508,1.0,0.001,0.0010000000000000009,0.001833226976443739,0.15762886693519237,100,100
ENSMUSG00000074575,0.001,62.31581250733508,1.0,0.001,0.001,0.0016105161422172122,0.15531508921157589,100,100
ENSMUSG00000074576,0.6112851303011192,118.95707996137266,100.88610538014896,0.16223124273357714,0.8888595097707883,0.5536924458047104,4.8695035715306805,100,100
ENSMUSG00000074577,0.006100039738058328,6.55535006038667,51.628917356731534,0.001,1.8898697479426536,0.0016741349475113644,67.73324465826005,100,100
ENSMUSG00000074578,2.8187565217254886,324.58201009717067,1918.8818977516364,2.45162294019677,4.589338948639479,3.683528686858495,6.892652236924656,100,100
ENSMUSG00000074579,0.7485562520950361,17.12797139456723,1.5114474772403819,0.030091042719902095,54.73878918216697,0.0010779703357925558,0.4300967037337069,100,100
ENSMUSG00000074580,0.06071556778437885,13.871402518818098,8.609157124979102,0.008207952470634992,29.256935440857234,0.0012251471789835524,4.422244957923338,100,100
ENSMUSG00000074582,0.42629635845224967,0.49456946270077007,3.3569392585872566,0.15144081115066987,1.141323845408884,1.593547734293727,21.7438319481518,100,100
ENSMUSG00000074591,0.001,62.31581250733508,1.0,0.001,0.001,0.0019232952245310645,0.1544832507540702,100,100
ENSMUSG00000074604,0.7681447602924772,21.28183190363011,78.57611293968709,0.43800412392579313,0.956236138086846,3.0218891928027594,9.423252330792057,100,100
ENSMUSG00000074607,0.001,62.31581250733508,1.0,0.001,0.001,0.0020220687420797632,0.333997817684648,100,100
ENSMUSG00000074619,0.001,66.84427540036525,1.0,0.001,0.001,0.0016402753507688136,0.23771432387836758,100,100
ENSMUSG00000074622,0.04516789539916576,0.3343664917678032,3.3379060168442143,0.001,0.18716768465509911,1.90836547959902,468.9549538587188,100,100
ENSMUSG00000074627,6.953844426431527,837.4621316489132,1.0,0.001,13.09051505429825,0.001,0.05894694945514907,100,100
ENSMUSG00000074628,0.001,61.88525872635182,1.0,0.001,0.001,0.0016836540062075398,0.14310399551991282,100,100
ENSMUSG00000074629,0.1625174469064915,17.97106619156251,6.040307388580657,0.004159628529696138,15.257181269837538,0.001760935151759607,2.8930066361388187,100,100
ENSMUSG00000074634,0.1452458173810555,2.4630844011224218,2.910886498442619,0.0498570632782465,0.5475151197530315,0.24561269589755502,4.261651499485554,100,100
ENSMUSG00000074635,1.1107501984023767,35.656948988915936,3.9503385423061053,0.19013583740259754,100.48529179657342,0.0011651687686376686,0.4181278341028867,100,100
ENSMUSG00000074637,0.001,62.31581250733508,1.0,0.001,0.001,0.0019329916749442695,0.17555788584989968,100,100
ENSMUSG00000074643,9.7761251255391,781.5782472325923,1.0,0.001,21.644192415373745,0.001,0.009929482302598505,100,100
ENSMUSG00000074646,27.182362680178908,509.14697599585105,1.0,1.3732049184143789,59.75204766252476,0.0010519987971489614,0.009054429442241684,100,100
ENSMUSG00000074647,0.001,62.31581250733508,1.0,0.001,0.001,0.002070993096265028,0.19627912095539926,100,100
ENSMUSG00000074649,0.41303424139431577,0.9306715312290486,4.428168043743327,0.12809192379368267,0.7894595229827371,1.7481189664211048,20.984151257931575,100,100
ENSMUSG00000074650,1.8288949419795804,425.63331285444406,1.0,0.001,11.754208623116384,0.001,0.0504130105213042,100,100
ENSMUSG00000074651,0.004310292096965872,10.221340624077442,56.9243778315917,0.001,3.6784840005727224,0.0017203653356874463,33.2240386951134,100,100
ENSMUSG00000074652,4.903744520654201,589.9405285988444,1.0,0.001,20.97069793076281,0.001000000000010444,0.0803577311167329,100,100
ENSMUSG00000074653,0.001,62.31581250733508,1.0,0.001,0.001,0.0018189714511349388,0.22942473873571384,100,100
ENSMUSG00000074656,0.28393792364386067,0.49704030565653,70.18158632845729,0.1840777148659688,0.5845047346213514,51.43323797532089,200.2728512612018,100,100
ENSMUSG00000074657,0.2142798939391842,1.7831875320224873,2.2281086758144197,0.08231622469537098,0.7533845833838411,0.2810001310757275,4.505769905433778,100,100
ENSMUSG00000074671,0.03865114156533679,1.5227345030732065,1.836936292273032,0.0019769495750808813,25.449505588762396,0.0012264060812742159,6.630876690197504,100,100
ENSMUSG00000074673,0.010780676199091352,20.106673474032927,22.91727146683642,0.001,6.403787974340438,0.0012276945834805621,10.68509538159108,100,100
ENSMUSG00000074676,0.1011853548876665,0.425427414482871,2.613832508941036,0.026707661398962412,0.3653066575760405,1.4253993408412933,24.5089357315844,100,100
ENSMUSG00000074677,0.001,62.31581250733508,1.0,0.001,0.001,0.0018885579459925737,0.12057534802355972,100,100
ENSMUSG00000074678,4.811695213214039,879.9651540385779,1.0,0.001,11.80000496750737,0.001000000000001054,0.05887837761516215,100,100
ENSMUSG00000074682,0.10423434331321248,20.936338070446393,33.92006726721237,0.001,0.21319946417969185,0.25093985149710607,134.99594697987106,100,100
ENSMUSG00000074695,0.001,62.31581250733508,1.0,0.001,0.001,0.001541077813443534,0.08760920808397679,100,100
ENSMUSG00000074698,1.0365170077153285,1.3620680737400717,14.554435634942061,0.5877159564751933,2.845272716712111,2.2248473279683365,26.134261891901723,100,100
ENSMUSG00000074715,12.506405151550027,1000.0,1.0,0.001,17.879861703901664,0.0010172926767467087,0.01394878834507985,100,100
ENSMUSG00000074731,0.27213439610239265,65.36421030425801,1.0,0.001,7.852667756169732,0.0010859057216891562,0.07709251562482371,100,100
ENSMUSG00000074733,0.3620826436681628,0.5656348287838043,3.125647478303334,0.024066858691811004,0.9192973523162078,1.3994062922029675,175.62591347138923,100,100
ENSMUSG00000074735,5.069569684487129,600.244274705523,1.0,0.001,17.02343575284595,0.00100000000001406,0.019146750419395182,100,100
ENSMUSG00000074736,0.032762635034293636,16.488493568782268,62.00594163408355,0.001,0.08550641664417638,0.477895758775138,187.66243294390677,100,100
ENSMUSG00000074738,0.2902074177953912,3.3607636876186424,8.122616472657047,0.14529536715462704,0.534929218796492,1.2105281866951911,5.720634954150393,100,100
ENSMUSG00000074743,0.4649845691637943,4.944611826583227,160.90981959497176,0.33175134107449583,0.5984157135712647,23.93945589347029,48.91493456654935,100,100
ENSMUSG00000074748,1.2091614714504808,2.8052529065574703,11.183474584886786,0.7192326155850368,2.1075303302618567,1.632791621154113,9.406681303972896,100,100
ENSMUSG00000074749,0.8950099212782692,1.4028795700311898,2.4105712324857027,0.0028044681037530683,2.300714949264575,0.4888952309606841,1305.0360599203727,100,100
ENSMUSG00000074754,0.02772378950826093,7.634856397153262,51.510843969486324,0.001,0.04589005989923815,0.024786599745054816,426.1199587867093,100,100
ENSMUSG00000074763,0.001,62.31581250733508,1.0,0.001,0.001,0.0016775615620334967,0.1319676645339024,100,100
ENSMUSG00000074766,0.09643777788936012,2.4498561616747327,13.49163722196703,0.056624221351396456,0.1579265890917988,2.9548690341018116,11.448469694407478,100,100
ENSMUSG00000074768,0.001,62.31581250733508,1.0,0.001,0.0010000000000000005,0.0016221588155829851,0.2394977145166945,100,100
ENSMUSG00000074771,0.001,61.88525872635182,1.0,0.001,0.001,0.0016950293718246967,0.19905396733756237,100,100
ENSMUSG00000074781,3.024500012840131,36.63759078660395,163.92082178267736,1.5624597044822923,6.279994511540627,2.1988483347556826,16.165272454477414,100,100
ENSMUSG00000074782,0.003201709695600788,9.736476062790874,25.050723085356804,0.001,0.02154617059644506,0.0020639643069876533,16.010125315354564,100,100
ENSMUSG00000074785,0.012250520779981065,19.987368581236122,63.730172423108684,0.001,8.839945858897888,0.0010927490057250403,66.03615306196144,100,100
ENSMUSG00000074793,13.368472323519313,748.1488086410016,1.0,0.001,27.455436828835758,0.0010000000000030959,0.009526641983798519,100,100
ENSMUSG00000074794,0.35224839710779293,32.092920486673975,78.06796889538279,0.1834434760132398,0.49903058350403495,1.7309545657759136,5.4460220011644225,100,100
ENSMUSG00000074796,0.09649368110189209,8.188805916607746,12.469906646001107,0.054898310252957744,0.3147706353238123,0.2438740079633907,2.561639996816469,100,100
ENSMUSG00000074797,0.9090918875938191,1.2567089388801764,5.4071480982758615,0.23315800810327314,2.277913502789818,1.0325675824882177,27.613902415345414,100,100
ENSMUSG00000074802,0.049355381836250094,18.445332659980956,30.39511419782056,0.001,0.2036615907686284,0.1592231509000906,107.47835117676391,100,100
ENSMUSG00000074804,0.001,62.31581250733508,1.0,0.001,0.0010000000000000005,0.0017834912082878814,0.18807516927154672,100,100
ENSMUSG00000074807,0.04181688931580007,19.50908044441228,10.28327536496318,0.001,18.699627547706953,0.001068693599609761,16.36510835822424,100,100
ENSMUSG00000074811,0.32446416511674714,1.5670074989478695,1.5341044732831877,0.15210500034523866,1.3665468117335977,0.1843131037077862,2.078006406393809,100,100
ENSMUSG00000074813,0.9910390214675578,35.448272425651155,116.56287524806574,0.5105241168976026,1.226006770346018,2.7135623858714606,10.358965433228397,100,100
ENSMUSG00000074817,46.475583598983214,658.8468474175261,1.0,6.632624106157708,89.12337501250451,0.0010380952817351276,0.009146173081855677,100,100
ENSMUSG00000074818,0.001,61.45463549419866,1.0,0.001,0.001,0.001977779880607751,0.2130246908915926,100,100
ENSMUSG00000074824,0.0035153189958338324,11.459522831816152,22.638819099550066,0.001,0.05732545469077463,0.0018478476376930703,8.389207299617766,100,100
ENSMUSG00000074825,0.24862716825750975,2.225594769626559,1.5216641755370508,0.15565729623525343,7.6418783134148,0.026832178817113642,1.0303194283593466,100,100
ENSMUSG00000074826,1.9569017287075705,428.0644336900808,1.0,0.001,12.534281202846476,0.0010022829074290667,0.05880694877950543,100,100
ENSMUSG00000074829,0.10099567683086597,16.303042025614204,18.36041132463595,0.001,0.3653906571294012,0.26516549179349813,194.98458742203695,100,100
ENSMUSG00000074847,0.001,66.84427540036525,1.0,0.001,0.001,0.001840965295219424,0.40911719243284395,100,100
ENSMUSG00000074862,0.0243017316539488,21.983929973006898,52.99285036110442,0.001,0.15832168328955526,0.001715812460862756,96.8431830412438,100,100
ENSMUSG00000074863,0.20342544361690112,28.274898419785174,27.107135543176046,0.018870524582787263,0.4689705186455527,0.3099210335337763,29.917890797936835,100,100
ENSMUSG00000074865,0.0855792051130406,17.038918964740027,16.58982747128314,0.027122944987734838,17.869745940050123,0.0032588823763080236,2.720431729393976,100,100
ENSMUSG00000074867,23.559867916307667,999.9999999947001,1.128026184664284,0.001,36.61602306866526,0.0010017154646349128,0.008923091841687124,100,100
ENSMUSG00000074873,0.1645260224963603,0.9160200045402399,1.9335755801183103,0.0631086245504682,0.6390113696787023,0.43808378912325296,7.9453706963742325,100,100
ENSMUSG00000074874,0.016924064354272,2.0837660814642844,3.1220389160080186,0.0014087406558896906,18.071596161049378,0.0010000002392243437,12.019155343513432,100,100
ENSMUSG00000074876,0.1372391825965284,17.880611546481283,6.785664592424112,0.001,34.34728602346216,0.0010187889871526397,1.9256116279791473,100,100
ENSMUSG00000074881,0.001,62.31581250733508,1.0,0.001,0.001,0.0016449213424233307,0.13159095478432326,100,100
ENSMUSG00000074884,0.7028934100327567,1.9906841021665884,110.5984504161575,0.5055935598741794,1.1146572919008215,27.46071218947209,79.51151854274882,100,100
ENSMUSG00000074886,0.8777575165014169,1.0098001730559334,6.4150199889966855,0.4697692347816051,2.6372976505818744,1.130988215607062,16.282359625616518,100,100
ENSMUSG00000074890,0.5542804705552992,1.2906363187129946,2.5183225634602433,0.12297329435834074,1.3235008509728758,0.563121875482471,13.030052508592107,100,100
ENSMUSG00000074892,0.001,62.31581250733508,1.0,0.001,0.001,0.0018675589409709922,0.21968339242796875,100,100
ENSMUSG00000074895,0.001,62.31581250733508,1.0,0.001,0.001,0.0019807758412858766,0.48807665251969057,100,100
ENSMUSG00000074896,0.00481796527547059,0.2689220635611305,37.193324558075886,0.001,0.07470061684142154,0.003443294451186946,474.69538435002175,100,100
ENSMUSG00000074899,0.001,61.674132606755,1.0,0.001,0.001,0.0017266607859029877,0.28293011740185664,100,100
ENSMUSG00000074909,0.07942197564457686,0.1353322983649177,1.0,0.0026423478071927278,1.710572264409183,0.2105568035416704,274.9074480080235,100,100
ENSMUSG00000074913,0.001,62.31581250733508,1.0,0.001,0.0010000000000000005,0.0024044286615829023,0.26555468593224096,100,100
ENSMUSG00000074916,0.33540239186824483,0.4475965522255492,3.2893623045343157,0.09888053560538161,0.9596726499063779,1.5991996849571413,39.04845893082452,100,100
ENSMUSG00000074918,1.7249142294299025,4.168699056201485,10.062491579285474,0.7645339291272736,7.9158805305273265,0.37891871840978,9.987908334676169,100,100
ENSMUSG00000074919,0.001,62.31581250733508,1.0,0.001,0.0010000000000000005,0.0015642481835878932,0.1697104320479663,100,100
ENSMUSG00000074923,0.022790557993518014,20.710014402232765,15.059952259386858,0.001,12.286837433300441,0.0010000000212688018,26.539316514101785,100,100
ENSMUSG00000074930,0.001,56.50294908788235,1.0,0.001,0.001,0.0017403182985458396,0.1843098179137977,100,100
ENSMUSG00000074934,0.02007189197122256,0.5201500349824615,24.26170762551993,0.009175960322846396,0.06968320218116825,4.052777582631261,97.11639077675167,100,100
ENSMUSG00000074945,0.001,61.674132606755,1.0,0.001,0.001,0.001637583531852393,0.2564422253940971,100,100
ENSMUSG00000074947,1.5409586744888182,369.11848257209584,1.0,0.001,8.407401382537685,0.001,0.19934550724620195,100,100
ENSMUSG00000074968,0.006162167164568701,0.06857885661619796,1.6419119079387048,0.001,0.14973804201341123,0.6345440007171745,172.98412069457112,100,100
ENSMUSG00000074971,0.09626747274855647,11.793655158274749,144.3919610354109,0.06365875077210166,0.1483498303636346,5.397331919098323,19.41409165095874,100,100
ENSMUSG00000074978,0.001,0.001994534005484793,12.007101824451471,0.001,0.5901944545327028,0.13319823602748168,12003.545800406751,100,100
ENSMUSG00000074981,0.001,66.84427540036525,1.0,0.001,0.001,0.001758861347960031,0.10527364170228223,100,100
ENSMUSG00000074991,0.001,62.31581250733508,1.0,0.001,0.001,0.0016105185035750114,0.17483565189708572,100,100
ENSMUSG00000074994,0.11200671931867885,0.10032850150336328,1.544800643780267,0.004589175295763683,1.05545144509995,0.9109482311651099,481.117723664407,100,100
ENSMUSG00000074997,0.001,66.84427540036525,1.0,0.001,0.001,0.0019616145926322623,0.36453364829717805,100,100
ENSMUSG00000074999,0.001,62.31581250733508,1.0,0.001,0.001,0.001857267720483338,0.20134196027820972,100,100
ENSMUSG00000075000,0.3071138856636472,1.8592345219319357,5.914082721745053,0.09657071585048044,0.5858916538754679,1.407231517896801,13.685651808122024,100,100
ENSMUSG00000075006,0.001,62.31581250733508,1.0,0.001,0.001,0.001639784131297257,0.22226066917737647,100,100
ENSMUSG00000075010,0.001,62.31581250733508,1.0,0.001,0.001,0.001885557134960334,0.2692978730104444,100,100
ENSMUSG00000075012,0.1588504081440072,44.37950926051743,52.70454435401417,0.06802123247763779,0.4226399659380015,0.30958749714593714,3.2563689379716765,100,100
ENSMUSG00000075015,0.001,62.31581250733508,1.0,0.001,0.001,0.002075968783013831,0.22464047584107405,100,100
ENSMUSG00000075020,0.02233894244420257,21.931923196346226,24.426404697924298,0.001,5.3840538103987505,0.0015483673621817596,12.211989766143567,100,100
ENSMUSG00000075023,0.001,62.31581250733508,1.0,0.001,0.001,0.00156356859541409,0.0786181020987316,100,100
ENSMUSG00000075028,0.10760586036105801,25.89923251193278,39.29804979428018,0.001,0.19963948829436723,0.7829650691239503,195.4241192850547,100,100
ENSMUSG00000075029,0.001,62.31581250733508,1.0,0.001,0.0010000000000000005,0.001442010526880541,0.07283732381007081,100,100
ENSMUSG00000075031,0.001,61.674132606755,1.0,0.001,0.001,0.002053260827806721,0.2439845023439267,100,100
ENSMUSG00000075033,0.10379214345162631,25.522160708471485,38.07087703356207,0.014951772331719656,0.49880410552617405,0.2651738057240661,9.60682272608344,100,100
ENSMUSG00000075040,1.598851282439393,337.5003520011843,238.83082747176906,0.88111289166227,2.5635530751075946,0.44339781353110874,1.7698545537326218,100,100
ENSMUSG00000075042,0.001,62.31581250733508,1.0,0.001,0.0010000000000000009,0.0016283874661043797,0.43125336236494405,100,100
ENSMUSG00000075054,1.0987376485838731,4.632580395074219,15.564682604182401,0.5259738724596523,2.1411392596672094,1.4925629038529629,11.122095295054738,100,100
ENSMUSG00000075070,0.001,66.84427540036525,1.0,0.001,0.001,0.002123401729953955,0.21478163137439077,100,100
ENSMUSG00000075162,2.684773051267332,649.196933434762,1.0,0.001,8.305836497405025,0.001000000000021237,0.04471811775159759,100,100
ENSMUSG00000075184,1.4794348014843814,357.52131026778807,1.0,0.001,13.753034914934826,0.0010000000000051747,0.11063422863475578,100,100
ENSMUSG00000075224,1.503103188885066,363.25008257950475,1.0,0.001,10.429679195494884,0.001,0.1326861930069124,100,100
ENSMUSG00000075225,0.04594566605632368,23.751671974719304,17.184754093986363,0.001,23.20508776147609,0.0010143593545516203,4.4962757646032925,100,100
ENSMUSG00000075227,0.001,0.00203531021063129,3.131557271927524,0.001,0.23367162659526441,3.8572454995748657,2310.5291389952954,100,100
ENSMUSG00000075229,0.2159123340214203,0.5149793031221934,17.359372548073672,0.0010859737602264817,0.4273180535866798,18.29321225801815,9383.190819397474,100,100
ENSMUSG00000075232,0.013887927960624751,0.12552651785155472,12.02657718073474,0.001,0.06475515724259259,0.059413215691093216,3015.7580245641766,100,100
ENSMUSG00000075245,0.001,61.259704531272526,1.0,0.001,0.001,0.0016274850709783483,0.09312051083190337,100,100
ENSMUSG00000075254,1.0423650146297267,999.9999997543003,2962.9224819290525,0.7886071326075585,1.4796960296591282,2.02127581115906,4.472027709461965,100,100
ENSMUSG00000075256,0.001,61.45463549419866,1.0,0.001,0.001,0.0016677310367195514,0.23890636130198806,100,100
ENSMUSG00000075265,0.001,66.84427540036525,1.0,0.001,0.0010000000000000009,0.0020114668417979395,0.24919631606268938,100,100
ENSMUSG00000075266,0.14647431853614504,83.40698287947704,281.058779606066,0.09084021051078377,0.23355537848146213,1.418765023744507,7.1969447294480275,100,100
ENSMUSG00000075268,2.358746363225545,325.00111439083844,1.0,0.001,14.60607549443197,0.001,0.09956079123957207,100,100
ENSMUSG00000075270,0.001,62.31581250733508,1.0,0.001,0.001,0.002143455274369703,0.08664908888642457,100,100
ENSMUSG00000075271,0.07687028334137004,4.0006106530265475,4.953530267181306,0.011983926313220964,1.868677053333107,0.012035650344077954,6.874583666205519,100,100
ENSMUSG00000075272,1.5850170815257805,375.47753470355826,1.0,0.001,9.348920199920542,0.001,0.04952652285064146,100,100
ENSMUSG00000075273,0.25019772977511623,4.686948959697024,4.877688834668587,0.011481660214511361,0.8478182257479727,0.25136275154683557,29.004427648712475,100,100
ENSMUSG00000075276,0.34390812028616374,32.246709432231974,7.084597182087018,0.06818534599670154,43.5001729392829,0.0013785672179063286,0.8290896174223519,100,100
ENSMUSG00000075284,1.1040520471480586,4.216358759605232,5.502538813363969,0.4108858183298323,2.307179968911547,0.4821035241508106,5.848003641364945,100,100
ENSMUSG00000075289,0.1122472683918373,1.8992079557762762,2.5828220074416968,0.039124898975162754,0.4615125961914418,0.25772149924673515,3.197617066291798,100,100
ENSMUSG00000075296,0.274471701491809,65.11353644473616,1.0,0.001,8.412106459617192,0.0010000000000382108,0.04039929488328184,100,100
ENSMUSG00000075302,0.00697770863663915,15.598859969130032,39.012618319393574,0.001,5.719024981032405,0.001583786212111978,29.593070207154568,100,100
ENSMUSG00000075304,0.001,62.31581250733508,1.0,0.001,0.001,0.0017175475200871349,0.12414731898636275,100,100
ENSMUSG00000075307,0.009989330549639384,21.341815730085028,52.3760293691554,0.001,3.416726493578744,0.0012211748194315703,38.049970145170484,100,100
ENSMUSG00000075318,0.017299026212904703,2.08538265297558,3.121753331138712,0.001876091677085575,17.221299947733236,0.001025407070115815,11.15974387709247,100,100
ENSMUSG00000075324,0.17242142139349442,1.4673178163899632,2.911246290721652,0.001,0.3019065300571654,1.1577489417671247,322.31115448101616,100,100
ENSMUSG00000075325,0.001,66.84427540036525,1.0,0.001,0.0010000000000000009,0.0018710054512744915,0.3255846190014626,100,100
ENSMUSG00000075327,0.13623936630147154,15.96988568100874,40.327046435754426,0.001,0.21366463722618137,1.4374190427398919,475.2784251754191,100,100
ENSMUSG00000075334,0.05777717330858332,33.869547641950845,99.14977462480256,0.011911491517320757,40.423032631112704,0.0015142618043372537,6.856861128545996,100,100
ENSMUSG00000075370,0.001,62.31581250733508,1.0,0.001,0.001,0.0017634051687655226,0.3676250717131158,100,100
ENSMUSG00000075376,0.5901336879903302,0.675428874104017,4.721063508539305,0.12627475537375735,1.2469576867890395,2.099546476055499,54.05726591339433,100,100
ENSMUSG00000075389,0.3425607929696174,66.46655803968792,30.175586024835674,0.0858494221721207,2.2954872389734664,0.036976168699559275,1.5955981274031679,100,100
ENSMUSG00000075394,0.0025644895114231283,0.07326889292154017,2.560512901871837,0.001,0.17988892814229904,0.15526938047328936,170.36542677358523,100,100
ENSMUSG00000075395,0.001,62.31581250733508,1.0,0.001,0.001,0.0018496853437624102,0.1167681919439636,100,100
ENSMUSG00000075402,0.001,62.31581250733508,1.0,0.001,0.001,0.0023559295983897385,0.14715960230171418,100,100
ENSMUSG00000075408,0.001,61.88525872635182,1.0,0.001,0.001,0.0018224080486196573,0.1912426328247198,100,100
ENSMUSG00000075410,9.003696253666076,538.9597098724073,1.016774649921383,0.001,27.137905125068215,0.001,0.009880518518859035,100,100
ENSMUSG00000075415,3.0085117235419965,312.1487375292042,206.12336968722184,1.069779720166664,5.123244685908856,0.3840104139388295,4.73656266837261,100,100
ENSMUSG00000075416,0.24965804014091336,25.855468573857262,25.869294201930646,0.002351224569318869,0.427648799449392,0.5496398067409755,126.09910029053631,100,100
ENSMUSG00000075419,1.2583491784437895,2.507893130970611,7.878297182120718,0.6292922954387525,3.2265168832217155,0.8591422843674938,9.38128706849432,100,100
ENSMUSG00000075420,0.001,61.88525872635182,1.0,0.001,0.0010000000000000005,0.0013307837021332516,0.18526883379954862,100,100
ENSMUSG00000075425,0.001,62.31581250733508,1.0,0.001,0.001,0.0018772039499083538,0.30251715368588855,100,100
ENSMUSG00000075463,0.001,60.80878088638715,1.0,0.001,0.0010000000000000009,0.0015425883447067088,0.1202867231509505,100,100
ENSMUSG00000075467,1.382662754032877,1.5755193268623684,17.974617050631185,0.8943872283098853,4.440095215980866,1.9014856721699966,24.210486176895014,100,100
ENSMUSG00000075470,0.12904823552005162,0.5043444165383735,1.0,0.015741134576284836,0.9349579442470235,0.19181673455383094,29.212087166738772,100,100
ENSMUSG00000075478,0.001,62.31581250733508,1.0,0.001,0.0010000000000000009,0.0019126834321352934,0.30282122066384787,100,100
ENSMUSG00000075485,0.001,62.31581250733508,1.0,0.001,0.0010000000000000009,0.0017949988637816858,0.2885113048092738,100,100
ENSMUSG00000075486,2.491742640560474,3.0134082762091015,16.033018826219134,1.2317289275696706,7.158599366192215,1.0666911776829302,19.14794875288475,100,100
ENSMUSG00000075502,0.001,62.31581250733508,1.0,0.001,0.001,0.0018117296519362517,0.14813723273824214,100,100
ENSMUSG00000075511,2.1382378948522933,477.125953700386,1.0,0.001,11.309550306257055,0.001,0.0431274783152915,100,100
ENSMUSG00000075514,0.20916961867002196,0.11468477431875718,2.053013918251557,0.004850387189142319,1.6059033082338883,0.9991838012896114,1108.9218947165073,100,100
ENSMUSG00000075520,0.0766137652575707,0.7248100972764308,2.381117089334,0.02620971172719673,0.2469218687369269,0.7637420607101391,10.685340216945175,100,100
ENSMUSG00000075528,0.49233129247876384,7.309420874194348,2.887349958193996,0.16844182581830802,5.537537132878071,0.04017497283384418,1.2065974643541504,100,100
ENSMUSG00000075538,0.001,62.31581250733508,1.0,0.001,0.001,0.0015139123467918895,0.11805228613333732,100,100
ENSMUSG00000075549,0.001,61.88525872635182,1.0,0.001,0.001,0.0014306736003115439,0.3555354799976639,100,100
ENSMUSG00000075555,0.006229272710172921,9.964901910391415,48.340334898127686,0.001,3.9278696749266517,0.0013520694868096052,35.86126120467551,100,100
ENSMUSG00000075558,0.001,62.31581250733508,1.0,0.001,0.0010000000000000009,0.0020599584740705057,0.6873577865934644,100,100
ENSMUSG00000075566,0.001,62.31581250733508,1.0,0.001,0.001,0.0016814988664187345,0.14291006139370038,100,100
ENSMUSG00000075569,1.934364854771269,463.7482684073294,1.0,0.001,10.781385761390831,0.001,0.023666730229672063,100,100
ENSMUSG00000075571,0.001,62.31581250733508,1.0,0.001,0.001,0.0018893451051313229,0.36944967891850705,100,100
ENSMUSG00000075572,0.001,62.31581250733508,1.0,0.001,0.001,0.0014512642352375266,0.20641151011156955,100,100
ENSMUSG00000075573,0.001,62.31581250733508,1.0,0.001,0.0010000000000000005,0.001890828141929707,0.09709510157779991,100,100
ENSMUSG00000075574,1.4275905501715376,345.13246017114864,1.0,0.001,8.121482250328807,0.001069276550229285,0.039158803044050165,100,100
ENSMUSG00000075576,1.2820171876976274,312.5979982767532,1.016120712349006,0.001,12.558126567694236,0.0010000000000213037,0.08049850372628149,100,100
ENSMUSG00000075585,0.014425011106608527,0.03623046284949768,1.9632925797786973,0.001,0.3191279620639616,1.6382480290127428,871.6331236367803,100,100
ENSMUSG00000075587,0.001,57.79469271457354,1.0,0.001,0.001,0.002221724432921797,0.3711385944746474,100,100
ENSMUSG00000075588,0.3168151100826112,0.477141053507747,3.397206621417965,0.0018831813585405974,1.0874702017405462,1.4101496708791392,1931.098449821721,100,100
ENSMUSG00000075589,0.001,61.024058264401226,1.0,0.001,0.001,0.001608841668599276,0.20431624472312826,100,100
ENSMUSG00000075590,0.06670261809208561,1.0571040439971764,1.1936158909523922,0.011396707294297322,6.439440124019619,0.00888271363018486,9.225788549227044,100,100
ENSMUSG00000075591,16.467669291484228,999.9999999999998,1.0177180250659517,0.001,21.19352358172305,0.001,0.012115335031465519,100,100
ENSMUSG00000075592,0.2160625798573384,0.8916481253999297,6.970465632902831,0.0486453709093105,0.3501716178409564,3.9875880432322823,43.52301246719928,100,100
ENSMUSG00000075595,0.9788712725473547,3.7724887980438604,9.802055369021812,0.46455050373028406,1.5357484085013051,1.2655070742180223,8.353036804164905,100,100
ENSMUSG00000075596,10.884722259478984,870.7936760974085,1.0056353550357153,0.001,20.847344487393308,0.0010000000000009355,0.014707402923495923,100,100
ENSMUSG00000075600,0.06106748001547818,0.23782573063922757,4.075256472327682,0.002647705140676316,0.1933037132400951,3.4671132156530593,461.76863094702145,100,100
ENSMUSG00000075602,1.3415820634308329,3.9608355127377375,348.8660706459991,0.04806130768661229,2.030388818394735,45.83809839689019,8861.564228082134,100,100
ENSMUSG00000075604,0.001,66.84427540036525,1.0,0.001,0.0010000000000000009,0.0013791935712321288,0.09476873928018219,100,100
ENSMUSG00000075605,0.001,62.31581250733508,1.0,0.001,0.001,0.0015943568070130622,0.23740374041426843,100,100
ENSMUSG00000075700,4.214540854994431,46.21874126376571,128.51270084223117,2.080067345007551,7.3973451631076514,1.4430032362404872,10.154777071303378,100,100
ENSMUSG00000075701,3.3309162679253714,256.95883470930113,1124.3176583791592,2.742025885800296,6.448158020856088,2.1403730510715238,6.493450900548684,100,100
ENSMUSG00000075702,3.159059639587908,29.40429143854937,189.70062172813337,2.2528750708235963,4.857415434977214,4.018426056804092,10.67252202403871,100,100
ENSMUSG00000075703,0.7764206058564591,4.723057095435112,5.242498972984528,0.001021216392274633,1.0032862453180913,0.796776250275161,1451.9210857806354,100,100
ENSMUSG00000075704,0.47421887543834995,4.869348874652741,10.567687240223457,0.001,0.7656147694049883,1.431803211579737,2085.2919562498414,100,100
ENSMUSG00000075705,2.828442859534049,527.1216109398193,994.9752849685442,1.8655718487724764,8.109371521596003,0.6600652027529356,5.19753396703505,100,100
ENSMUSG00000075706,0.11750933437102633,0.34241152666192687,144.8152401895665,0.001,0.1667755682567792,0.006953240732475008,545.9460258730882,100,100
ENSMUSG00000075707,0.24174982797542255,4.975957969438737,505.1469165032189,0.08022648697740821,0.3108329657320244,80.8846473193762,247806.77078399019,100,100
ENSMUSG00000075837,2.8043454615252004,678.1527302530274,1.0,0.001,8.651858369460555,0.0010000000022359875,0.03685027054765281,100,100
ENSMUSG00000075903,0.001,62.31581250733508,1.0,0.001,0.001,0.001706100704747878,0.07257979666673449,100,100
ENSMUSG00000076010,0.001,62.31581250733508,1.0,0.001,0.001,0.0019114399200894194,0.06740258472706825,100,100
ENSMUSG00000076011,0.001,62.31581250733508,1.0,0.001,0.001,0.0015480421876135216,0.1867849311257693,100,100
ENSMUSG00000076039,0.001,62.31581250733508,1.0,0.001,0.001,0.0019273451550519208,0.08932365148202083,100,100
ENSMUSG00000076119,0.881564516204355,212.83947995384116,1.0,0.001,8.303123794879928,0.0010489268297650934,0.043735272267094394,100,100
ENSMUSG00000076121,0.001,62.31581250733508,1.0,0.001,0.001,0.0018523080182326315,0.11624060010677123,100,100
ENSMUSG00000076122,0.04265249026508109,3.184417506018905,22.405816219216845,0.018731259414933064,0.12280218857500383,0.8479494507482809,25.16065590840886,100,100
ENSMUSG00000076123,0.001,62.31581250733508,1.0,0.001,0.001,0.001778815369715316,0.17127296498748434,100,100
ENSMUSG00000076136,0.001,66.84427540036525,1.0,0.001,0.001,0.0016698096240562578,0.17317082789157656,100,100
ENSMUSG00000076143,0.001,62.31581250733508,1.0,0.001,0.001,0.0017954411308244915,0.12521972428976713,100,100
ENSMUSG00000076145,2.0826313051015224,503.49146876914733,1.0,0.001,8.30367971276327,0.0011559233222831812,0.18186318655738898,100,100
ENSMUSG00000076216,0.001,62.31581250733508,1.0,0.001,0.0010000000000000005,0.0017274099259275144,0.6304810096446873,100,100
ENSMUSG00000076241,0.001,62.31581250733508,1.0,0.001,0.001,0.001637159658446635,0.08730817487642278,100,100
ENSMUSG00000076251,12.506271806126199,1000.0,1.0,0.001,27.104773341531022,0.001,0.011958125351998364,100,100
ENSMUSG00000076252,0.001,62.31581250733508,1.0,0.001,0.001,0.0016312925764469081,0.5625778523549594,100,100
ENSMUSG00000076269,0.001,61.259704531272526,1.0,0.001,0.001,0.0016491976315535872,0.28044795720101534,100,100
ENSMUSG00000076271,0.001,66.84427540036525,1.0,0.001,0.0010000000000000009,0.00165649735496858,0.6136606802113949,100,100
ENSMUSG00000076272,0.001,62.31581250733508,1.0,0.001,0.001,0.0014104870023043427,0.1888399355359437,100,100
ENSMUSG00000076281,0.001,57.20236353089962,1.0,0.001,0.0010000000000000005,0.001461463363555052,0.17526761849867753,100,100
ENSMUSG00000076284,0.001,66.84427540036525,1.0,0.001,0.001,0.0017026519080546388,0.1342678118398851,100,100
ENSMUSG00000076287,0.001,62.31581250733508,1.0,0.001,0.0010000000000000005,0.0017239216141967653,0.11796609119012445,100,100
ENSMUSG00000076300,0.001,62.31581250733508,1.0,0.001,0.001,0.0016662116173645953,0.24849554246514444,100,100
ENSMUSG00000076303,0.001,62.31581250733508,1.0,0.001,0.0010000000000000005,0.001633441672002251,0.07744483731698436,100,100
ENSMUSG00000076316,0.001,62.31581250733508,1.0,0.001,0.001,0.0016922365747223055,0.19337685633632523,100,100
ENSMUSG00000076333,0.001,62.31581250733508,1.0,0.001,0.001,0.0017508945081769628,0.14641022308692084,100,100
ENSMUSG00000076364,0.001,62.31581250733508,1.0,0.001,0.001,0.0015781784170202635,0.19567980391522521,100,100
ENSMUSG00000076376,28.98295124041086,847.2459606494507,1.0,3.5530087125708523,41.91930012943759,0.0010096584542372338,0.008887326218778444,100,100
ENSMUSG00000076379,0.001,62.31581250733508,1.0,0.001,0.001,0.0017336229971436344,0.097580822546452,100,100
ENSMUSG00000076396,2.0813166845897446,503.1765750646759,1.0,0.001,6.987199218364546,0.001000560208917027,0.08341556094567137,100,100
ENSMUSG00000076430,0.6437621963837976,154.64850262092747,1.0,0.001,4.195665750737389,0.0010000000000473293,0.07279289955659327,100,100
ENSMUSG00000076431,0.0966039075694755,0.3628678166367618,7.492359902126262,0.020145610337391835,0.1909293270455601,8.05559356478891,133.07268764455088,100,100
ENSMUSG00000076432,1.6633379356536222,3.60323745841867,78.23110457820813,1.2419464968685023,3.3223476636708855,7.645404252737258,31.41901599711386,100,100
ENSMUSG00000076433,0.03177874984926203,0.07370704857478401,2.1665546339197372,0.001,0.3577816457337393,1.8398263614655055,1044.0242133641123,100,100
ENSMUSG00000076434,0.0101602143424464,21.25678347677948,52.16592336257491,0.001,1.1313655226938812,0.0015021695360360738,54.13318055104212,100,100
ENSMUSG00000076435,0.2595893895392939,4.101056338709273,3.5684645824866514,0.06032109935787955,0.8039263237317333,0.22545598213229293,3.5654165058502403,100,100
ENSMUSG00000076437,0.01600284959252719,0.19160004523852617,5.509809001629592,0.001,56.02051786442851,0.0012801347031261943,906.0355088731878,100,100
ENSMUSG00000076439,0.001,62.31581250733508,1.0,0.001,0.001,0.001829022908899375,0.22552807849929346,100,100
ENSMUSG00000076441,0.15667141021224104,11.156400029002876,890.6648380397831,0.01864461345912438,0.19087907826770406,60.350622493232436,7861.787622554654,100,100
ENSMUSG00000076448,0.052699701803300074,11.198522862910016,31.77841697592551,0.001,0.10797647312517175,1.1344899035687175,223.52280761661095,100,100
ENSMUSG00000076460,0.001,62.31581250733508,1.0,0.001,0.001,0.001563900430839533,0.1868334734222244,100,100
ENSMUSG00000076494,0.001,62.31581250733508,1.0,0.001,0.001,0.001731776398385657,0.2697322146436427,100,100
ENSMUSG00000076497,2.8043454615252004,678.1527302530274,1.0,0.001,8.202157133534914,0.0012532079596800354,0.0659051649337028,100,100
ENSMUSG00000076498,2.8043454615252004,678.1527302530274,1.0,0.001,4.112025339437191,0.0010843330479750912,0.2510081419264961,100,100
ENSMUSG00000076499,0.001,62.31581250733508,1.0,0.001,0.001,0.0018076934285491415,0.18602270031513524,100,100
ENSMUSG00000076501,0.001,62.31581250733508,1.0,0.001,0.001,0.0015040761960912828,0.10249939610325552,100,100
ENSMUSG00000076612,0.001,62.31581250733508,1.0,0.001,0.001,0.0015727820080280559,0.20714005321313017,100,100
ENSMUSG00000076846,0.001,62.31581250733508,1.0,0.001,0.001,0.001730126163705552,0.3558572895132387,100,100
ENSMUSG00000076897,38.838261939982594,900.51485589096,1.0,1.401286444138524,56.60088677261824,0.0010471949505996706,0.008998474705590774,100,100
ENSMUSG00000076902,0.001,62.31581250733508,1.0,0.001,0.001,0.001696005394254116,0.1841617063582901,100,100
ENSMUSG00000076928,0.1500092428087292,17.61861986022799,10.343784741111751,0.001,0.4279836157181776,0.09621016403086054,28.369340853577576,100,100
ENSMUSG00000076937,0.001,62.31581250733508,1.0,0.001,0.001,0.0016100690659752743,0.07960247373137178,100,100
ENSMUSG00000076944,0.001,62.31581250733508,1.0,0.001,0.001,0.0019146309801643107,0.11536126308144931,100,100
ENSMUSG00000076961,0.001,54.78719670450446,1.0,0.001,0.0010000000000000005,0.0017720352301034096,0.11668923878876397,100,100
ENSMUSG00000076972,0.001,62.31581250733508,1.0,0.001,0.001,0.0017778616969138707,0.18421268747660277,100,100
ENSMUSG00000077004,0.001,62.31581250733508,1.0,0.001,0.001,0.0016706454340089123,0.19178791336446593,100,100
ENSMUSG00000077042,5.070753975073745,612.8668166265716,1.0041799128000455,0.001,15.400264442377438,0.001000003474422679,0.027021094345433552,100,100
ENSMUSG00000077082,0.001,61.88525872635182,1.0,0.001,0.001,0.00168908875029677,0.0368377533445193,100,100
ENSMUSG00000077148,0.001,62.31581250733508,1.0,0.001,0.001,0.0020087401226498653,0.23712069298934463,100,100
ENSMUSG00000077167,0.010790712943552445,19.468224573854933,22.258077678332842,0.001,4.1548684146598,0.0013637859021989355,18.196032215376267,100,100
ENSMUSG00000077192,9.576946207948351,765.6508340271583,1.0,0.001,21.02011004861829,0.001,0.011816076708091656,100,100
ENSMUSG00000077200,0.001,62.31581250733508,1.0,0.001,0.001,0.0017807012875827289,0.12518316326551487,100,100
ENSMUSG00000077202,0.001,62.31581250733508,1.0,0.001,0.0010000000000000002,0.0013505000670078896,0.713653647019883,100,100
ENSMUSG00000077221,0.001,62.31581250733508,1.0,0.001,0.001,0.002254553205593474,0.296687755556261,100,100
ENSMUSG00000077222,0.001,61.674132606755,1.0,0.001,0.001,0.0015764998923808392,0.1341715361429673,100,100
ENSMUSG00000077227,0.001,62.31581250733508,1.0,0.001,0.001,0.001593427533862931,0.29953238345508437,100,100
ENSMUSG00000077239,0.001,66.84427540036525,1.0,0.001,0.001,0.0019279056650762473,0.18986064812399014,100,100
ENSMUSG00000077248,0.001,66.84427540036525,1.0,0.001,0.001,0.002065093955112055,0.14055891053976421,100,100
ENSMUSG00000077257,0.001,62.31581250733508,1.0,0.001,0.001,0.0018308760122731807,0.13285420754401073,100,100
ENSMUSG00000077271,0.001,62.31581250733508,1.0,0.001,0.001,0.0019247582803942663,0.1394154442745414,100,100
ENSMUSG00000077274,2.684773051267332,649.196933434762,1.0,0.001,6.2199212477091255,0.0010000004962760736,0.04033165613036971,100,100
ENSMUSG00000077283,7.586739917687032,596.3173809113571,1.0,0.001,21.377968173858914,0.0010000000000004055,0.00900776155905219,100,100
ENSMUSG00000077285,0.001,62.31581250733508,1.0,0.001,0.001,0.001409345106944378,0.30276007679809774,100,100
ENSMUSG00000077287,0.001,62.31581250733508,1.0,0.001,0.001,0.0019077357473386322,0.21673544264049863,100,100
ENSMUSG00000077323,0.001,62.31581250733508,1.0,0.001,0.001,0.001506628819731517,0.09062108123596163,100,100
ENSMUSG00000077338,0.001,62.31581250733508,1.0,0.001,0.001,0.001561072389962473,0.2126103863248959,100,100
ENSMUSG00000077345,0.001,62.31581250733508,1.0,0.001,0.001,0.0015965743619289101,0.2403974047280345,100,100
ENSMUSG00000077349,0.001,62.31581250733508,1.0,0.001,0.001,0.0017603360349188978,0.30477788038122655,100,100
ENSMUSG00000077350,0.001,62.31581250733508,1.0,0.001,0.0010000000000000005,0.0017946223806439912,0.7564121001609363,100,100
ENSMUSG00000077367,0.001,62.31581250733508,1.0,0.001,0.001,0.0016746363896332026,0.19545529153337293,100,100
ENSMUSG00000077380,0.001,62.31581250733508,1.0,0.001,0.001,0.0020833353761197737,0.19192226091689168,100,100
ENSMUSG00000077382,0.001,66.84427540036525,1.0,0.001,0.0010000000000000005,0.0019126977866583492,0.28173736697061247,100,100
ENSMUSG00000077385,0.001,62.31581250733508,1.0,0.001,0.001,0.0017981862878906282,0.13305259177433074,100,100
ENSMUSG00000077391,0.19473818743288593,17.77459311814564,5.313777506168404,0.04292241479900859,35.189315733806254,0.0014028300970357242,1.2315915779365012,100,100
ENSMUSG00000077394,0.001,66.84427540036525,1.0,0.001,0.001,0.0015686587747558525,0.17577676819922566,100,100
ENSMUSG00000077416,0.001,62.31581250733508,1.0,0.001,0.001,0.0018809123100691641,0.21066519757624713,100,100
ENSMUSG00000077419,0.001,62.31581250733508,1.0,0.001,0.001,0.001541915496056988,0.1365310350705356,100,100
ENSMUSG00000077420,0.001,62.31581250733508,1.0,0.001,0.001,0.0016649530622764694,0.15619249521465745,100,100
ENSMUSG00000077426,1.503103188885066,363.25008257950475,1.0,0.001,12.510797502409023,0.0010000000000133088,0.10005235807377269,100,100
ENSMUSG00000077438,0.001,62.31581250733508,1.0,0.001,0.001,0.0015926446483131291,0.171723231587881,100,100
ENSMUSG00000077450,1.3401537484748232,3.947336425713203,49.333456997168526,0.9540570056569853,2.3306950700821574,5.698932428651176,21.67094700902407,100,100
ENSMUSG00000077457,0.001,61.45463549419866,1.0,0.001,0.001,0.0020391304135096394,0.2975952521711386,100,100
ENSMUSG00000077460,0.001,62.31581250733508,1.0,0.001,0.001,0.0016624140809591453,0.1238146114485065,100,100
ENSMUSG00000077476,0.001,62.31581250733508,1.0,0.001,0.001,0.0016604651707745259,0.21466144937855636,100,100
ENSMUSG00000077493,0.001,62.31581250733508,1.0,0.001,0.001,0.0015781767160239497,0.15052220564662225,100,100
ENSMUSG00000077505,2.1505155831353595,560.8317307299595,1.0847189835481421,0.001,9.803167249676079,0.0012354671535184146,0.06888708349559722,100,100
ENSMUSG00000077516,0.001,62.31581250733508,1.0,0.001,0.001,0.0019097022090773298,0.38320843233191415,100,100
ENSMUSG00000077524,0.001,62.31581250733508,1.0,0.001,0.001,0.0020078854365560414,0.11892741651099369,100,100
ENSMUSG00000077526,0.029510472055482437,5.479816919059189,5.381209912743483,0.001,17.02283155613067,0.0010000000000289638,7.489245201664723,100,100
ENSMUSG00000077542,0.001,62.31581250733508,1.0,0.001,0.001,0.0014169849671356368,0.18373373446924732,100,100
ENSMUSG00000077545,0.001,62.31581250733508,1.0,0.001,0.001,0.0015568724215253426,0.19786999240939018,100,100
ENSMUSG00000077549,0.001,62.31581250733508,1.0,0.001,0.001,0.0018869015708511054,0.6006258293093693,100,100
ENSMUSG00000077557,0.001,62.31581250733508,1.0,0.001,0.001,0.0016831609634272477,0.13001971798581569,100,100
ENSMUSG00000077561,0.001,62.31581250733508,1.0,0.001,0.001,0.0016303228480422155,0.1757854519226459,100,100
ENSMUSG00000077564,0.001,62.31581250733508,1.0,0.001,0.001,0.002014853300698702,0.08407440053960581,100,100
ENSMUSG00000077569,0.001,62.31581250733508,1.0,0.001,0.001,0.0016422224679364904,0.128431467979922,100,100
ENSMUSG00000077577,0.001,62.31581250733508,1.0,0.001,0.001,0.0016675812151213483,0.09088538370402302,100,100
ENSMUSG00000077602,10.07587974966315,617.3426234210248,1.0248314199795199,0.001,28.797379762493172,0.001,0.00896957687410991,100,100
ENSMUSG00000077607,0.001,62.31581250733508,1.0,0.001,0.001,0.0020305541432771687,0.1471838517956386,100,100
ENSMUSG00000077611,2.337569118418018,573.9891342931422,1.0176277045143687,0.001,9.937051737276802,0.0010000000001975703,0.07458103243789521,100,100
ENSMUSG00000077613,0.001,62.31581250733508,1.0,0.001,0.001,0.0019203414441286521,0.19710168500431158,100,100
ENSMUSG00000077617,0.001,62.31581250733508,1.0,0.001,0.001,0.0017544205706168463,0.07227794055816919,100,100
ENSMUSG00000077621,4.132577005576439,999.9999999828615,1.0,0.001,7.731296068342072,0.0010000000112528706,0.08622500684436474,100,100
ENSMUSG00000077625,0.001,58.8711705984019,1.0,0.001,0.0010000000000000009,0.0016408840671147365,0.2122350645843878,100,100
ENSMUSG00000077637,1.4264657657904025,341.6272039188167,1.0,0.001,12.404655071964775,0.0010000000000145873,0.08679886163688318,100,100
ENSMUSG00000077639,0.001,62.31581250733508,1.0,0.001,0.001,0.001344727463996072,0.25485596869470195,100,100
ENSMUSG00000077649,0.001,62.31581250733508,1.0,0.001,0.001,0.0018612324538901655,0.12121697270113663,100,100
ENSMUSG00000077652,0.001,62.31581250733508,1.0,0.001,0.0010000000000000009,0.0018836396524359476,0.19242194477197588,100,100
ENSMUSG00000077667,0.001,62.31581250733508,1.0,0.001,0.001,0.0014204878067648127,0.2094740940740208,100,100
ENSMUSG00000077677,4.165242867676982,993.2841871673811,1.0110861425037663,0.001,12.03765289831427,0.0010000000000021164,0.033938432187714876,100,100
ENSMUSG00000077689,0.001,62.31581250733508,1.0,0.001,0.001,0.0017632216971628296,0.35780827295439294,100,100
ENSMUSG00000077704,0.07093312508026323,3.0781189344499613,1.2826134280317125,0.001,24.285421331947333,0.001,3.2932678416301573,100,100
ENSMUSG00000077705,0.001,62.31581250733508,1.0,0.001,0.0010000000000000005,0.0014256200911537801,0.10387165714390481,100,100
ENSMUSG00000077711,19.286798405132355,918.8507619159226,1.0008567733051754,0.001,35.70475495640842,0.001,0.009146762730486759,100,100
ENSMUSG00000077733,0.001,62.31581250733508,1.0,0.001,0.0010000000000000009,0.00197614112160966,0.7165317854459888,100,100
ENSMUSG00000077734,0.18383381267234666,4.791008997999193,2.418532165332754,0.05601318473951529,22.529615491243632,0.002619194821671462,1.3679845953281025,100,100
ENSMUSG00000077737,0.001,62.31581250733508,1.0,0.001,0.001,0.001938016068198757,0.19171231920959164,100,100
ENSMUSG00000077756,0.001,62.31581250733508,1.0,0.001,0.0010000000000000009,0.0019698730089847375,0.14783943021483864,100,100
ENSMUSG00000077758,0.001,62.31581250733508,1.0,0.001,0.001,0.0014929114922024628,0.10829074696976489,100,100
ENSMUSG00000077780,0.001,62.31581250733508,1.0,0.001,0.001,0.0014781702965740021,0.1897909692318604,100,100
ENSMUSG00000077785,0.001,62.31581250733508,1.0,0.001,0.001,0.0017288888258736174,0.07882789342369469,100,100
ENSMUSG00000077802,0.001,62.31581250733508,1.0,0.001,0.001,0.0018815586198852304,0.5816469667359631,100,100
ENSMUSG00000077821,0.001,61.674132606755,1.0,0.001,0.001,0.0018289453029666333,0.1815905017802577,100,100
ENSMUSG00000077830,0.001,62.31581250733508,1.0,0.001,0.001,0.0015633901616294498,0.15790374076247182,100,100
ENSMUSG00000077846,0.001,62.31581250733508,1.0,0.001,0.001,0.0017688937515580147,0.5751239571999793,100,100
ENSMUSG00000077879,0.001,62.31581250733508,1.0,0.001,0.001,0.0015232165266888657,0.10965819109953191,100,100
ENSMUSG00000077884,0.001,62.31581250733508,1.0,0.001,0.001,0.0019087219648108752,0.09671723640066801,100,100
ENSMUSG00000077890,0.001,62.31581250733508,1.0,0.001,0.001,0.0017086473166445788,0.12847999565324808,100,100
ENSMUSG00000077897,1.4275905501715376,345.13246017114864,1.0,0.001,5.573581624155564,0.0012684577220209215,0.07596204998406728,100,100
ENSMUSG00000077925,0.001,62.31581250733508,1.0,0.001,0.001,0.0014327876253695242,0.09269939452342738,100,100
ENSMUSG00000078006,0.001,62.31581250733508,1.0,0.001,0.001,0.001874137466298391,0.2163064613212204,100,100
ENSMUSG00000078091,0.001,62.31581250733508,1.0,0.001,0.001,0.0017217484026887807,0.18122181475286564,100,100
ENSMUSG00000078122,0.001,62.31581250733508,1.0,0.001,0.001,0.0019836043015966755,0.06748930505323897,100,100
ENSMUSG00000078125,0.001,57.620632314225304,1.0,0.001,0.001,0.0017825551832896433,0.14714275588629785,100,100
ENSMUSG00000078128,0.001,62.31581250733508,1.0,0.001,0.001,0.001872763178672059,0.21194297138666418,100,100
ENSMUSG00000078129,0.002872881686472232,9.430275012139496,29.048237628812767,0.001,0.10319183878433176,0.002000390928267392,12.44313296562295,100,100
ENSMUSG00000078137,0.001,62.31581250733508,1.0,0.001,0.001,0.0014943857552883013,0.14611891722790926,100,100
ENSMUSG00000078139,0.3183455703575201,0.1312224749325907,3.980703708970131,0.04727857233368592,4.418469495896124,0.6851589316726018,306.90711763847116,100,100
ENSMUSG00000078143,0.3019424040340002,64.7707429816079,1.0,0.001,8.124828997745562,0.0011609339999585255,0.08883205311575532,100,100
ENSMUSG00000078157,0.001,61.024058264401226,1.0,0.001,0.001,0.0018896951909961848,0.11610400481412717,100,100
ENSMUSG00000078160,0.001,62.31581250733508,1.0,0.001,0.001,0.0017538112250203351,0.17502654301963977,100,100
ENSMUSG00000078173,0.001,62.31581250733508,1.0,0.001,0.001,0.0015808443928459464,0.20273502634037527,100,100
ENSMUSG00000078177,0.001,62.31581250733508,1.0,0.001,0.001,0.001983872881377029,0.08509932571684661,100,100
ENSMUSG00000078182,0.001,62.31581250733508,1.0,0.001,0.001,0.0015628151647068553,0.555766666816384,100,100
ENSMUSG00000078183,0.29590127398015165,0.12288942433068732,7.2122483215971105,0.003543569526554502,3.87822340850602,1.330202164744687,6396.5348192783285,100,100
ENSMUSG00000078184,0.14598481047838166,12.446586203058505,4.632284397527375,0.007183050150686718,33.834209435165036,0.0011246447309874517,3.3122227566627025,100,100
ENSMUSG00000078185,0.2029016902016218,17.666020133556287,5.244268175029673,0.02547200013312049,40.07278823030144,0.0012609186199904255,0.8662769501788872,100,100
ENSMUSG00000078190,0.4116468058392182,11.257406842153454,26.291291600898028,0.17381748252419688,0.5954408788815874,1.4473155574994796,7.09613771120357,100,100
ENSMUSG00000078197,0.001,62.31581250733508,1.0,0.001,0.001,0.0018227067301599712,0.1718449911283024,100,100
ENSMUSG00000078201,0.3869038752176397,3.371229914801118,6.447582909615694,0.18124533023311257,0.650626705102018,1.0494333733828223,5.038691824148942,100,100
ENSMUSG00000078202,0.001,61.674132606755,1.0,0.001,0.001,0.0016313081866888585,0.12241338156734129,100,100
ENSMUSG00000078234,0.9175671651252996,220.60414164730648,1.0263039117429216,0.001,8.44333889930057,0.001000000000020528,0.12352932702258368,100,100
ENSMUSG00000078238,0.001,14.865209855449534,1.0,0.001,0.001,0.006763776036494801,1.2167480729683389,100,100
ENSMUSG00000078240,0.001,55.42650537347377,1.0,0.001,0.001,0.0014208435556855314,0.17275819849034535,100,100
ENSMUSG00000078247,0.001,57.79469271457354,1.0,0.001,0.001,0.0019282948490816562,0.14995888837685828,100,100
ENSMUSG00000078289,0.001,61.88525872635182,1.0,0.001,0.0010000000000000005,0.0015931049473610858,0.08727703132155581,100,100
ENSMUSG00000078300,0.001,13.990984787371328,1.0,0.001,0.001,0.009316563473479046,2.4861710185630277,100,100
ENSMUSG00000078302,0.033644011506081394,10.296210939912052,37.171652948980984,0.001,0.22732068624373614,0.36285341726585707,204.12837986977053,100,100
ENSMUSG00000078307,0.02260044630639634,20.81441324182044,15.136702156720592,0.001,4.487387388148897,0.0015147771553693924,22.681882658265557,100,100
ENSMUSG00000078308,0.001,62.31581250733508,1.0,0.001,0.001,0.0018682522548108022,0.22068527080486505,100,100
ENSMUSG00000078317,0.11950791882770566,0.6753709884257738,2.740037889868083,0.0013274610690081616,0.3337345895615375,0.9696477981785254,380.6426242496691,100,100
ENSMUSG00000078348,2.0153905031382235,6.809639177401284,22.199757122612088,1.370705017040677,5.1039726028417105,1.0827176945936683,5.957950110634432,100,100
ENSMUSG00000078349,0.08209257677227277,29.558953589897836,34.35901127603682,0.006672448768578956,20.470052700931703,0.0014637235209466718,4.752399429326499,100,100
ENSMUSG00000078350,0.17512427734876532,2.02365406792811,15.554645875241722,0.1033573253210594,0.24303790311232287,5.114993992080308,15.41997814140877,100,100
ENSMUSG00000078365,2.8043454615252004,678.1527302530274,1.0,0.001,6.744469291313722,0.0010618515883195788,0.1013906031339385,100,100
ENSMUSG00000078370,0.001,34.13110421827449,1.0,0.001,0.001,0.0030788002744064125,0.3310795527444885,100,100
ENSMUSG00000078380,0.001,62.31581250733508,1.0,0.001,0.0010000000000000009,0.0015156914884061619,0.3787540576529486,100,100
ENSMUSG00000078427,0.5613165725066357,2.032140494226469,13.176421732232159,0.35987842998433994,0.7934102159109245,4.3789380876931485,11.815788365116315,100,100
ENSMUSG00000078429,1.8968002700272875,26.621888690767808,52.034062227696346,1.223445922919516,4.120688937441759,0.9187057299783252,4.080502350791189,100,100
ENSMUSG00000078435,0.03486902266775046,0.37253681181937964,1.0,0.001,27.178577883608778,0.0015560757629045408,113.80153656075382,100,100
ENSMUSG00000078439,0.001,66.84427540036525,1.0,0.001,0.001,0.0017657206770010346,0.15973109725311396,100,100
ENSMUSG00000078440,0.07061286056896907,0.22175070911428843,6.042448062339267,0.0010350956580775959,0.20692238397847068,6.590957905046379,1741.3872241047366,100,100
ENSMUSG00000078442,2.134303477002954,511.7325357528449,1.0,0.001,8.174053543885439,0.0010249121155500207,0.09274146566602458,100,100
ENSMUSG00000078444,0.10219240227216124,2.1321436214977387,2.0786818115333023,0.0026624249210445857,1.9628462990155668,0.004979967121033772,3.0443315879826347,100,100
ENSMUSG00000078451,0.4282406452621643,34.32606998564085,12.12071125942764,0.1525847520362633,21.064133494201858,0.00916728209663394,1.2343868650046965,100,100
ENSMUSG00000078453,2.1783638340402427,18.123212138900346,113.14193429686665,1.4027998182423382,5.599343910201551,2.5900994679515303,12.827728270694095,100,100
ENSMUSG00000078480,0.04552943749837396,9.248820316690388,30.682924874594242,0.001,0.14356177043518908,0.8710464901988545,189.39310190665776,100,100
ENSMUSG00000078485,0.973155933260871,41.07716559751864,23.489667147794673,0.026774667324684816,2.3490258967137443,0.22204774637150007,50.81913646398416,100,100
ENSMUSG00000078486,0.001,62.31581250733508,1.0,0.001,0.0010000000000000005,0.0017893870355908314,0.186859768810967,100,100
ENSMUSG00000078487,0.010774175475755807,19.595546588705144,22.34935965848754,0.001,3.0446736017090377,0.0014417769806483287,19.00557742650235,100,100
ENSMUSG00000078489,0.0033695483249891883,9.512282601442651,23.542736586352017,0.001,0.117487812358156,0.002004846326130279,16.95067838779782,100,100
ENSMUSG00000078490,0.02615347454142196,18.300759109347997,13.313730909079204,0.001,13.446677585173617,0.00106816458719189,19.51844218976129,100,100
ENSMUSG00000078492,0.001,62.31581250733508,1.0,0.001,0.001,0.0014487086530610299,0.14868354062000405,100,100
ENSMUSG00000078494,0.001,62.31581250733508,1.0,0.001,0.001,0.0017076158332178077,0.2885589488522775,100,100
ENSMUSG00000078495,0.001,55.42650537347377,1.0,0.001,0.001,0.0017425356725711471,0.21285700930111692,100,100
ENSMUSG00000078496,0.001,66.84427540036525,1.0,0.001,0.001,0.001762369081323452,0.4365359520535044,100,100
ENSMUSG00000078497,0.001,61.45463549419866,1.0,0.001,0.001,0.0015059099601035229,0.09861791593957542,100,100
ENSMUSG00000078502,0.001,57.620632314225304,1.0,0.001,0.0010000000000000005,0.0019793387835503177,0.19962183284989607,100,100
ENSMUSG00000078503,0.001,66.84427540036525,1.0,0.001,0.001,0.0016831640668821886,0.3223602198557082,100,100
ENSMUSG00000078504,0.001,62.31581250733508,1.0,0.001,0.001,0.0016293162635278666,0.21899530017296204,100,100
ENSMUSG00000078515,0.8804497773333542,1.6386764062547057,5.678418112703177,0.22898416588843754,1.9363353816903497,1.0325188060748904,28.094038683281894,100,100
ENSMUSG00000078517,1.2414585047239342,4.969110047381059,8.676262059052172,0.15563526340484396,2.319245684147366,0.7241202732155718,30.089883057311503,100,100
ENSMUSG00000078519,0.0010363110750338945,0.19406786550022703,1.3809121969852245,0.001,0.09676887634293746,0.001714653667787062,8.239116446234982,100,100
ENSMUSG00000078521,0.04240040977397575,0.9704274737343623,1.0,0.001,27.379207141102803,0.0011141233210218591,13.475741836124985,100,100
ENSMUSG00000078528,7.0281467086224065,842.8856851334747,1.0,0.001,13.310648193903464,0.0010000000002550588,0.02214360889322281,100,100
ENSMUSG00000078531,0.001,62.31581250733508,1.0,0.001,0.001,0.0017700138660746438,0.19787210897599267,100,100
ENSMUSG00000078532,1.2365833526985068,13.182682640666187,37.726645430131256,0.7699818848158897,1.723801091539546,1.918449204461007,6.211719580736267,100,100
ENSMUSG00000078546,0.16113035675492068,2.3386983853758525,2.5863338011957624,0.057238426388654375,0.7232812410838638,0.2355032468980115,2.780083815664905,100,100
ENSMUSG00000078552,0.038983751319414554,20.300868847098066,10.719972695874429,0.001,11.657928433940187,0.0013269479401899977,21.10398461856311,100,100
ENSMUSG00000078566,1.0236511602555423,21.581003999801535,366.23132694627,0.8746636952398132,3.927951474991997,3.8173320143133815,23.10851567531007,100,100
ENSMUSG00000078570,0.019084413189079514,8.00281293691938,27.480604682099123,0.001,10.586656347528976,0.0012564747395515962,147.25343747766408,100,100
ENSMUSG00000078572,1.1525666450715888,0.8975198835767417,6.348113840858096,0.1803590202747981,4.145278298059471,0.8839176783392093,122.01247320879631,100,100
ENSMUSG00000078577,0.001,62.31581250733508,1.0,0.001,0.001,0.0019502097375861437,0.08443654651679397,100,100
ENSMUSG00000078578,0.39959443510464193,1.130314127722267,73.25676000159244,0.29722975696541454,0.5824233347976103,35.69043544648531,95.02153189109401,100,100
ENSMUSG00000078580,0.03567500173710263,0.07761865199566997,1.6613804060409376,0.001,0.39770110547489446,1.2766067820595872,999.9705435732992,100,100
ENSMUSG00000078584,1.1211766616287555,2.782345783429541,8.379789301097595,0.6227943233442872,2.1133225017585655,1.1725069202381597,8.092720344733657,100,100
ENSMUSG00000078588,0.023977316602733247,19.652578225317043,14.297335296608486,0.001,9.085074693083317,0.0012851867924911506,25.28663589220901,100,100
ENSMUSG00000078590,0.001,62.31581250733508,1.0,0.001,0.001,0.0015851821111864048,0.06684201089945963,100,100
ENSMUSG00000078593,0.001,62.31581250733508,1.0,0.001,0.0010000000000000005,0.001964840783439808,0.25538183220469945,100,100
ENSMUSG00000078607,44.5631329938526,784.480896687339,1.0,0.001,67.3702519589327,0.0010614787912394323,0.009022666718974092,100,100
ENSMUSG00000078611,0.001,66.84427540036525,1.0,0.001,0.001,0.0015574150529479027,0.24794702974055036,100,100
ENSMUSG00000078612,0.15384460222215232,1.2647698960706864,2.8490016235320685,0.08114247706964928,0.46991041083359275,0.5903512516757823,5.211325068807707,100,100
ENSMUSG00000078618,0.001,62.31581250733508,1.0,0.001,0.001,0.0017932581831510749,0.33093492687292136,100,100
ENSMUSG00000078619,0.07279348774699936,0.08936298765004493,1.6874223259317118,0.001,0.9090969938814257,0.9581466220753282,1606.7146561550342,100,100
ENSMUSG00000078620,0.001,62.31581250733508,1.0,0.001,0.0010000000000000005,0.0020023023484539424,0.291518840550841,100,100
ENSMUSG00000078622,1.0246716151572866,2.449695782531467,9.869048778807347,0.5330730289917175,2.7687559396025607,1.1008067382239044,9.968870088609188,100,100
ENSMUSG00000078627,1.827408594187776,433.33200259696997,1.0,0.001,8.302643470826869,0.001,0.06152509817566159,100,100
ENSMUSG00000078630,4.165242867676982,993.2841871673811,1.0110861425037663,0.001,5.365304703575276,0.0010002693786678952,0.06460508452322791,100,100
ENSMUSG00000078635,0.001,59.52330063774062,1.0,0.001,0.001,0.001756084550261374,0.0760457321364312,100,100
ENSMUSG00000078640,0.08386111653713352,18.96655879129539,13.978997098636029,0.001,0.7211822093767147,0.04827820034970266,52.671634414271445,100,100
ENSMUSG00000078648,0.0017767683701575931,14.38232071404108,128.44936520488835,0.001,0.0166014801836335,0.0018367670524298424,34.724653191564144,100,100
ENSMUSG00000078651,0.30661516727538135,30.78242707189973,19.57491405580575,0.1256148734551769,1.231803085909288,0.14830165182700777,1.8440217566722419,100,100
ENSMUSG00000078652,0.7513641528535814,1.8257471795638334,12.054837479596882,0.47907882609560515,1.027674194899303,4.044419857319108,12.03825146633472,100,100
ENSMUSG00000078653,0.001,61.45463549419866,1.0,0.001,0.001,0.001631600281028513,0.4373364195112417,100,100
ENSMUSG00000078655,0.001,62.31581250733508,1.0,0.001,0.0010000000000000005,0.001855951181385618,0.15215006505889594,100,100
ENSMUSG00000078656,0.24180641622844198,26.868498046985334,25.96079515905228,0.0037647836358696077,0.42264566266246917,0.48248823854838374,102.17653128768113,100,100
ENSMUSG00000078657,0.001,62.31581250733508,1.0,0.001,0.001,0.0015066298482377118,0.5913177766491999,100,100
ENSMUSG00000078670,0.243474948885141,30.682040260151666,24.73917848436573,0.001,0.3764455016715801,0.38213930417518316,221.45714332640011,100,100
ENSMUSG00000078671,0.39165207434884897,0.6594400002863551,3.8203646710699264,0.15535835653123056,0.9689444905483066,1.4679762064938564,19.149510666696244,100,100
ENSMUSG00000078676,0.9180748011535796,1.0164015103213981,8.334968010640873,0.3679912983919011,4.407857069228622,0.933298860699504,35.44427256933101,100,100
ENSMUSG00000078681,0.6264266804573847,1.0435689631150944,5.91959250492999,0.13393067415031928,2.290612351640236,1.0259533676690231,46.54495295076323,100,100
ENSMUSG00000078684,0.05832955726326426,0.17337497302215937,2.491750083824495,0.001,0.3479297249324084,1.651753271484103,685.3260828671055,100,100
ENSMUSG00000078691,0.001,62.31581250733508,1.0,0.001,0.001,0.0018559412706099757,0.07302318105018993,100,100
ENSMUSG00000078695,2.251621122906274,1000.0,3382.9925904062898,1.7235591659062028,5.434647610039195,1.3260214695114203,5.34394291874356,100,100
ENSMUSG00000078700,0.060391225164479194,1.2243830670564384,1.9581208857579502,0.002052063650376126,0.5135240720066858,0.06448300405478516,11.046351046867635,100,100
ENSMUSG00000078706,0.25673274340070834,0.287301892163835,3.1796979064955133,0.06671033947360497,0.8813536498855634,2.333095309283321,44.09855443371795,100,100
ENSMUSG00000078713,0.22467431218849948,0.6397256520590489,50.64161023417056,0.06349070760359002,0.4118408253447273,42.19000010194456,348.3957791390101,100,100
ENSMUSG00000078716,0.3823208159101949,17.42373769160406,2.4510919757949474,0.07242279968638929,39.30927872923613,0.0011840311461858001,0.48191587574597816,100,100
ENSMUSG00000078719,5.863241672670163,462.68663509396583,1.0,0.001,22.459587145628536,0.0010540468523148317,0.01160967672225005,100,100
ENSMUSG00000078762,0.13099650729241744,30.585689542647607,29.491679618598255,0.001,0.27767559134329556,0.31404095455768566,198.64173165172934,100,100
ENSMUSG00000078765,0.046392515507724684,15.491550281937673,21.896023405142515,0.001,22.39528972596174,0.0012152505449704192,91.31044814714036,100,100
ENSMUSG00000078768,0.25284007783232,94.91713654714059,98.02303116114632,0.11309249083788217,0.6846761526396914,0.30458923019850326,3.2304129515679563,100,100
ENSMUSG00000078771,0.592489017994798,3.237618506157779,9.77644461337529,0.14615643841513426,0.950495445288164,1.657452179558164,16.926916136596745,100,100
ENSMUSG00000078772,1.77889767106868,435.05565630393556,1.0337441480290168,0.001,8.090600503491766,0.001,0.025745076385469606,100,100
ENSMUSG00000078773,0.052842198431814175,5.539332632500727,7.518387516455838,0.01450120494734181,35.72951370765245,0.0011452761940046298,4.701724914229315,100,100
ENSMUSG00000078776,0.020125761269832818,0.26393205297740735,1.4364275767974435,0.0010358729380269575,0.2113982176310258,0.32927987634642225,38.35068547821985,100,100
ENSMUSG00000078779,0.08737105235473328,17.814681436832608,17.264972540670495,0.0037581989003454925,0.3572327097352182,0.19692337383722136,23.685836266714414,100,100
ENSMUSG00000078780,0.001,62.31581250733508,1.0,0.001,0.001,0.001480953172748621,0.06525883422815174,100,100
ENSMUSG00000078784,0.04794181560330992,0.34778677557528387,45.61678343273554,0.014177670670216878,0.07586413962784808,48.04480027881482,222.4114013163055,100,100
ENSMUSG00000078786,0.45111716092166193,2.651150372051167,2.452956885748606,0.001,0.8990822826370019,0.48519624698871966,685.7733920503044,100,100
ENSMUSG00000078787,0.022793401134681056,20.724345254145593,15.067586475355336,0.001,6.151624197658097,0.0011032379676339625,8.038345814858745,100,100
ENSMUSG00000078789,0.8084129162333049,0.8357645263360809,2.9139433560905768,0.17165709928906694,2.611351181735628,0.6036923932399747,31.33330862371973,100,100
ENSMUSG00000078794,0.6843191220212989,30.269325007444337,23.38057915351349,0.001,1.0458292952468908,0.5089513475965615,1017.9263521860532,100,100
ENSMUSG00000078796,4.168917566870232,1000.0,1.0,0.001,11.915934269767037,0.001000000000884105,0.2402328508681959,100,100
ENSMUSG00000078810,0.001,62.31581250733508,1.0,0.001,0.001,0.001536290863546642,0.1605718107469556,100,100
ENSMUSG00000078812,0.0727163492218895,0.15699316128135976,168.9058345273525,0.001,0.05731574844562944,0.008499038232283283,1950.5025876980371,100,100
ENSMUSG00000078813,0.22314164275083853,0.7876698839480991,9.541174665553621,0.08305314195285977,0.3614682116711355,6.598551782729994,39.70969784308966,100,100
ENSMUSG00000078815,0.01663846609837664,2.0826662612203,3.120567083499717,0.001,12.505715150927744,0.0010003541422974626,12.026764901253944,100,100
ENSMUSG00000078816,0.09636913825467427,17.760830628490883,17.156647623742675,0.001,0.3126108778559298,0.17927894451133458,97.66634657145741,100,100
ENSMUSG00000078817,1.8855242048223924,454.9597606392765,1.0,0.001,5.854856859777125,0.0010035660708073069,0.0651520783723978,100,100
ENSMUSG00000078838,0.001,61.88525872635182,1.0,0.001,0.001,0.002032596465218433,0.0631089202520826,100,100
ENSMUSG00000078847,0.001,62.31581250733508,1.0,0.001,0.001,0.0015050322089182294,0.11721710313722605,100,100
ENSMUSG00000078850,0.001,62.31581250733508,1.0,0.001,0.001,0.001801534156921841,0.1334757793920226,100,100
ENSMUSG00000078851,0.4161191615885308,1.4943766681441069,4.785984731525703,0.26017513714691726,0.756635790359608,1.2570440001098633,6.8717940015869,100,100
ENSMUSG00000078861,0.001,25.95530602999134,1.0,0.001,0.001,0.0036717357274986843,0.360065778273274,100,100
ENSMUSG00000078869,0.001,61.88525872635182,1.0,0.001,0.0010000000000000005,0.0016370014539586581,0.17802168907584093,100,100
ENSMUSG00000078877,0.001,46.16895283772983,1.0,0.001,0.001,0.0023582222577959618,0.4726793338899121,100,100
ENSMUSG00000078887,0.001,13.27963821034474,1.0,0.001,0.001,0.05080636581301283,3.8033676875722753,100,100
ENSMUSG00000078902,0.001,59.32355257794531,1.0,0.001,0.001,0.00205405332757277,0.11010667056602974,100,100
ENSMUSG00000078903,0.001,23.993938845402674,1.0,0.001,0.001,0.003594403899706439,1.0164686373948821,100,100
ENSMUSG00000078905,0.001,61.88525872635182,1.0,0.001,0.0010000000000000005,0.0019582373579318355,0.15372872733996606,100,100
ENSMUSG00000078907,0.001,60.188376913276144,1.0,0.001,0.0010000000000000005,0.0017548027346430744,0.13939795194707988,100,100
ENSMUSG00000078908,0.45904140197313403,0.5742960021636444,2.382834955521071,0.08388204390055289,1.6501425356911001,0.6707712807106336,29.128104883048195,100,100
ENSMUSG00000078917,1.83302084009983,450.71221849226544,1.0412196463980667,0.001,8.772164520433599,0.0010000000000238301,0.039239868690777016,100,100
ENSMUSG00000078919,0.01443945674925403,5.577117109151685,30.48436198287617,0.001,0.08371766151222995,0.5026477953309163,193.55697144150514,100,100
ENSMUSG00000078920,7.84979329816461,937.5141107056008,1.0,0.001,15.25473749033467,0.0010091646975322213,0.07043322531431168,100,100
ENSMUSG00000078922,0.001,62.31581250733508,1.0,0.001,0.001,0.001830035155781373,0.16245620358914273,100,100
ENSMUSG00000078923,0.001,20.55157350998307,1.0,0.001,0.001,0.004529418595416799,0.40972115165582074,100,100
ENSMUSG00000078925,0.001,62.31581250733508,1.0,0.001,0.0010000000000000005,0.001425002585442235,0.30420177690295047,100,100
ENSMUSG00000078931,0.11384618112645052,26.95183298160442,1.0,0.001,8.337086258661113,0.001,0.05960443805894313,100,100
ENSMUSG00000078938,0.001,62.31581250733508,1.0,0.001,0.001,0.0016396700324920513,0.22809390445305602,100,100
ENSMUSG00000078941,3.772140344471514,141.68455624773947,329.2353252009534,2.185147193723305,5.614753005051962,1.5176037956234376,5.673301570137383,100,100
ENSMUSG00000078945,0.001,62.31581250733508,1.0,0.001,0.001,0.0015876632570010775,0.09732658285198183,100,100
ENSMUSG00000078949,0.0010363110750338945,0.19406786550022703,1.3809121969852245,0.001,0.05694324098124777,0.0021405733470655176,13.565777956779781,100,100
ENSMUSG00000078952,0.001,61.88525872635182,1.0,0.001,0.001,0.0014907306819082905,0.14257233076441586,100,100
ENSMUSG00000078954,0.024654418502201302,12.36554378876888,82.56788892583096,0.0040112420603030064,26.70208985930759,0.001472308449198093,39.71370164937289,100,100
ENSMUSG00000078955,0.001,62.31581250733508,1.0,0.001,0.001,0.0017804806977897423,0.09774183402787903,100,100
ENSMUSG00000078956,0.2130131354096341,1.138366873737971,2.6762654583057324,0.08478313210462424,0.5169271800040315,0.7287285052757201,6.982998825636811,100,100
ENSMUSG00000078958,0.001,62.31581250733508,1.0,0.001,0.001,0.0016108994925033383,0.2066884037865364,100,100
ENSMUSG00000078963,0.014428760604548162,21.463933682004562,52.018947457769634,0.001,0.2595558255267381,0.0019197369118346174,59.627565074609706,100,100
ENSMUSG00000078965,nan,nan,nan,nan,nan,nan,nan,0,0
ENSMUSG00000078970,0.4239143444755464,2.528852364361916,4.684429623941856,0.001,0.7317058097283211,0.9543120571278795,1231.7901445832085,100,100
ENSMUSG00000078974,6.53199963880651,99.46927730906852,498.42369866830165,4.286925116317287,8.516967908976135,3.6948016609909247,10.084956191698666,100,100
ENSMUSG00000078994,0.07681526992613584,0.37476819357399366,1.393421165275427,0.001061511710411227,0.5707392932980293,0.346650758059185,283.44105980151755,100,100
ENSMUSG00000078995,0.03591290334328372,20.454799139457695,26.129967531153504,0.001,5.180417459510499,0.004617574798089671,50.41737281237077,100,100
ENSMUSG00000079000,0.001,62.31581250733508,1.0,0.001,0.0010000000000000005,0.0018574858067150145,0.19480697893023885,100,100
ENSMUSG00000079003,0.28470567646186634,9.74783406997604,22.515087960096572,0.08931608871972664,0.450564190080721,1.2965081073493496,9.576244066723778,100,100
ENSMUSG00000079008,0.001,61.674132606755,1.0,0.001,0.001,0.0017737457946524584,0.23995780869182926,100,100
ENSMUSG00000079012,0.001,62.31581250733508,1.0,0.001,0.001,0.0018971154445399663,0.2546945606435428,100,100
ENSMUSG00000079013,0.001,62.31581250733508,1.0,0.001,0.0010000000000000005,0.001664729078366547,0.42121960343838366,100,100
ENSMUSG00000079014,0.06623571217512102,7.712266925358583,40.02309798265,0.0037649737826995367,0.11572034168042827,1.9144002151100064,96.92693267585246,100,100
ENSMUSG00000079017,0.009148559888622319,1.7131793834959907,29.27286518235701,0.001,5.294649905085558,0.001715596404313152,76.87682376048012,100,100
ENSMUSG00000079018,0.06721426846829293,0.742113221155363,139.0445258504924,0.001,0.11684958419322511,0.012768373212633004,10661.02952420277,100,100
ENSMUSG00000079019,0.001,66.84427540036525,1.0,0.001,0.001,0.0016892712183196124,0.11759569117821167,100,100
ENSMUSG00000079020,0.5118021034808404,1.272565253217034,5.226681810606258,0.15783419173436042,0.9296169571183965,1.8477736266959508,18.685414460315755,100,100
ENSMUSG00000079022,0.001,61.88525872635182,1.0,0.001,0.0010000000000000005,0.0014570606540825564,0.2722654378467563,100,100
ENSMUSG00000079033,0.6929120873771311,166.48605762337863,1.0,0.001,8.338048574228937,0.00100000000001755,0.09850954905266898,100,100
ENSMUSG00000079036,0.28977732165614883,0.13777659405297338,2.9679531693245056,0.0231647426043472,5.046402543472933,0.38809993115627284,271.4286350863779,100,100
ENSMUSG00000079037,4.83871998940498,220.74072322005958,2056.8571218462425,4.016310538674483,5.834792717749123,7.408141659371146,11.171600113991872,100,100
ENSMUSG00000079038,13.642972481461296,749.861259559379,1.0,0.001,25.153286434894632,0.001,0.01004173932985966,100,100
ENSMUSG00000079042,0.001,62.31581250733508,1.0,0.001,0.0010000000000000009,0.0016992797226300191,0.3499203845055574,100,100
ENSMUSG00000079043,0.28925870772760354,0.5474311449788954,2.573925109506096,0.0019623034097165917,0.912175386757107,1.0804965892229141,1244.0881356173345,100,100
ENSMUSG00000079045,0.001,62.31581250733508,1.0,0.001,0.0010000000000000009,0.0017517933542621333,0.1632073522273535,100,100
ENSMUSG00000079051,2.1571940611220364,521.5346265951073,1.0,0.001,6.661775722307127,0.0010000000000585743,0.09267088828847786,100,100
ENSMUSG00000079053,0.001,62.31581250733508,1.0,0.001,0.001,0.0016634304437463379,0.24283715960267538,100,100
ENSMUSG00000079055,0.001,62.31581250733508,1.0,0.001,0.001,0.0016419208459406325,0.5154120521309998,100,100
ENSMUSG00000079056,0.08893329291845425,18.833514759702123,6.228442460651416,0.001,26.18210480024047,0.0010087499015078165,5.062502166312431,100,100
ENSMUSG00000079057,0.6085589879307749,1.3266199778958205,3.235724012818367,0.019473842964685822,0.9755265740703624,1.3124559528213946,258.90272175239636,100,100
ENSMUSG00000079065,0.03450646577251378,1.3127361030059328,7.243222910460049,0.001184288661974951,0.1069946806999363,1.432789930814903,101.60547021649538,100,100
ENSMUSG00000079069,0.08933668894117754,18.789996361043038,6.212118050337303,0.001,21.59829041653019,0.0010000001618481569,1.4238600176053762,100,100
ENSMUSG00000079070,0.001,62.31581250733508,1.0,0.001,0.001,0.0015527385848220973,0.06585975977783473,100,100
ENSMUSG00000079076,0.001,62.31581250733508,1.0,0.001,0.001,0.0017929609097545257,0.10886779334008287,100,100
ENSMUSG00000079084,0.01385877858412868,1.1851118471611037,13.74549025912711,0.001,28.698918362019217,0.0011427406438303958,69.0112213842547,100,100
ENSMUSG00000079103,0.001,62.31581250733508,1.0,0.001,0.001,0.001566528113217213,0.189638339750676,100,100
ENSMUSG00000079104,0.4249438773923761,0.6440822781292058,3.195511886093146,0.14115467409568525,1.0540572771830814,1.3899249901193782,26.38094204705132,100,100
ENSMUSG00000079105,0.0055473011566631565,0.4254715317101917,10.639276042201322,0.001,20.533185564181586,0.0010131369605706503,54.356220949479294,100,100
ENSMUSG00000079108,nan,nan,nan,nan,nan,nan,nan,0,0
ENSMUSG00000079109,0.2215557002519379,1.2747582258351404,2.827666040552545,0.007969995406638567,0.5783354234154254,0.6604687577499683,228.45182574983602,100,100
ENSMUSG00000079110,0.001,62.31581250733508,1.0,0.001,0.001,0.0015563536237203262,0.11705038946351141,100,100
ENSMUSG00000079111,2.929499611974532,13.759739791428748,75.02586998606427,2.4348442008253897,4.320361385579181,2.931841433923354,8.070907491997982,100,100
ENSMUSG00000079137,0.001,50.044206733394134,1.0,0.001,0.001,0.0021153520839554134,0.25851057116086157,100,100
ENSMUSG00000079138,4.6950053512253875,558.1865294991538,1.0,0.001,15.649432047169402,0.001,0.06879369142884448,100,100
ENSMUSG00000079139,0.001,22.70597574901184,1.0,0.001,0.001,0.003902295241854775,0.300248154443027,100,100
ENSMUSG00000079143,0.001,66.84427540036525,1.0,0.001,0.001,0.0016630061015683142,0.12652347127333252,100,100
ENSMUSG00000079144,0.16891239694603818,17.045202884472374,9.250721699678484,0.0018909835199681646,1.5835629439455792,0.04724865043029949,54.90581655251599,100,100
ENSMUSG00000079146,0.001,62.31581250733508,1.0,0.001,0.001,0.0017062858545350175,0.1519232045983587,100,100
ENSMUSG00000079162,0.001,61.88525872635182,1.0,0.001,0.001,0.0015509540078690615,0.19632817466610653,100,100
ENSMUSG00000079163,0.001,62.31581250733508,1.0,0.001,0.001,0.0018029917512250699,0.20334307675192986,100,100
ENSMUSG00000079164,3.9611545094696083,910.5698261046941,1.0,0.001,10.816779417585952,0.001000000000464451,0.12395297809086832,100,100
ENSMUSG00000079165,0.4282965282830732,103.14966607220127,1.0,0.001,5.2703284206625725,0.0011050298644806394,0.024526712115576506,100,100
ENSMUSG00000079173,0.001,61.674132606755,1.0,0.001,0.0010000000000000005,0.0016104656390360185,0.4424375345424302,100,100
ENSMUSG00000079177,0.013674677048543474,20.467414720022713,31.581758266853242,0.001,1.11120128346519,0.001966321434590969,37.47482523927039,100,100
ENSMUSG00000079179,0.9738054461733302,3.223070044825612,3.6430772386289494,0.3189648433727583,2.5927412784368107,0.3419947250980979,6.8554071356757555,100,100
ENSMUSG00000079184,0.6889040437944969,0.9050364682331253,7.172226695336059,0.09240441235968422,1.727886694805637,1.9378055837546415,137.50720443970297,100,100
ENSMUSG00000079186,0.008617725583087427,0.35179230132102,3.9054846584561433,0.001,0.12114557851044114,0.05006817300448381,95.82823833996088,100,100
ENSMUSG00000079197,3.114028005629525,430.8262658132355,1608.493667172277,2.2975997684177822,4.997766214924692,2.455139486874483,5.920734460012876,100,100
ENSMUSG00000079215,1.472333519520855,4.125333193228289,19.95137541426558,0.9611537576849789,2.818859854030639,1.9543243853633336,9.516650114065936,100,100
ENSMUSG00000079235,0.002132255261640563,5.997059999574964,39.355042855680075,0.001,0.0844312688142682,0.0023383596602782183,38.38224339110667,100,100
ENSMUSG00000079242,0.015906864545923573,76.22398348822506,465.1716667792816,0.001,5.170527068299642,0.0014941775951064018,74.89642216967414,100,100
ENSMUSG00000079243,0.001,62.31581250733508,1.0,0.001,0.001,0.002245439167098429,0.20125782433267245,100,100
ENSMUSG00000079259,0.005153309120083958,16.34680651802933,64.15291646391752,0.001,0.06768294289410401,0.0019181273909673721,49.70315194074573,100,100
ENSMUSG00000079260,4.259793488856862,999.9891579726464,1.0867456304416008,0.001,9.272491100467933,0.001000000000025196,0.06051052188677214,100,100
ENSMUSG00000079264,0.001,62.31581250733508,1.0,0.001,0.001,0.001720432194209134,0.29124597207266173,100,100
ENSMUSG00000079283,0.04800406432706366,0.16077484854070517,4.982333765321889,0.007240388450596146,0.1742637037850996,6.1123951453659,222.38404068460852,100,100
ENSMUSG00000079286,0.001,62.31581250733508,1.0,0.001,0.001,0.0019018688930595683,0.12341395704672484,100,100
ENSMUSG00000079293,0.001,62.31581250733508,1.0,0.001,0.001,0.0018238010064108975,0.17113244246577197,100,100
ENSMUSG00000079299,0.001,62.31581250733508,1.0,0.001,0.001,0.0019058628280887676,0.2341204687156386,100,100
ENSMUSG00000079311,0.001,22.70597574901184,1.0,0.001,0.001,0.004058776841987937,0.7638664373072804,100,100
ENSMUSG00000079316,0.08857967266516373,0.08990926827592101,6.077091204888733,0.006339084563594714,0.28227194059637534,15.111078936949074,1096.4746923441044,100,100
ENSMUSG00000079317,0.08450280482719157,0.0877903725914113,6.5501539118234025,0.001268942884629315,0.22861143335443734,24.21390735480002,5840.925291971869,100,100
ENSMUSG00000079323,0.001,62.31581250733508,1.0,0.001,0.0010000000000000009,0.0016738982271645563,0.22377666668628052,100,100
ENSMUSG00000079330,0.008358412538900165,20.484289906023065,69.78290478002847,0.001,0.06980826065120377,0.009323110503368428,70.97367347073732,100,100
ENSMUSG00000079334,0.001637444263634101,0.0010205986391480808,1.0001840945579683,0.001,1.1360475776396433,0.6303540820254868,1422.1545957484836,100,100
ENSMUSG00000079339,0.001,61.88525872635182,1.0,0.001,0.001,0.001817765276146239,0.18015018754083084,100,100
ENSMUSG00000079343,0.001,52.59577466895392,1.0,0.001,0.003799359882769386,0.0020019549292960804,32.43787748234408,100,100
ENSMUSG00000079355,0.001,61.88525872635182,1.0,0.001,0.001,0.0013374195564186129,0.21531453090418173,100,100
ENSMUSG00000079356,0.001,66.84427540036525,1.0,0.001,0.001,0.001510103895924643,0.14648185600363225,100,100
ENSMUSG00000079357,0.6437621963837976,154.64850262092747,1.0,0.001,7.712130855682966,0.0011038255146408552,0.11454547725216147,100,100
ENSMUSG00000079388,0.001,61.88525872635182,1.0,0.001,0.0010000000000000002,0.0017643114409285642,0.32452196995580906,100,100
ENSMUSG00000079414,0.06862975165000883,0.5980688159401736,2.573504540172921,0.0074399084078921734,0.22533271964899476,0.8561092241206778,39.74983952684891,100,100
ENSMUSG00000079415,3.971276562774701,462.149078168821,1.0,0.001,17.33000190984214,0.0010000000000100452,0.05098916097879208,100,100
ENSMUSG00000079418,0.03296062697229413,0.0283499675413383,3.8818853408824436,0.001133723890841013,0.22665487531771522,13.64789847252294,3973.5337743569726,100,100
ENSMUSG00000079419,0.001,62.31581250733508,1.0,0.001,0.001,0.0017780411957445722,0.09260341874719458,100,100
ENSMUSG00000079426,1.1263213830731107,2.1138423235604797,33.115248206075655,0.7789525973673908,2.1842159408881034,5.551663244040489,23.49890295669924,100,100
ENSMUSG00000079427,0.001,13.935759263158086,1.0,0.001,0.00876093283894076,0.022310040932101333,3651.0615778950814,100,100
ENSMUSG00000079429,0.006552795049949583,16.85337179726646,42.11416988052979,0.001,2.6370288115544662,0.0015972303264616987,44.544339308392495,100,100
ENSMUSG00000079435,0.025298124295203915,0.06056876210885597,102.47704993018343,0.001,0.001,0.05778741074782727,5.349483817705269,100,100
ENSMUSG00000079436,0.001,61.88525872635182,1.0,0.001,0.0010000000000000005,0.0019093769295535734,0.30021141640319804,100,100
ENSMUSG00000079442,0.2986910613221904,0.5063660107408408,7.276083967684227,0.1960368558266853,0.4783473165452853,8.00923636416532,24.81604380377686,100,100
ENSMUSG00000079444,0.19664006276422158,17.686461009443896,5.280763524785585,0.04919023155987241,32.677912755072484,0.0012750854244919815,1.359753621308723,100,100
ENSMUSG00000079445,5.397841873277492,647.3558835958307,1.0,0.001,9.61023844211814,0.001000000000009433,0.03186724964998759,100,100
ENSMUSG00000079450,0.006128059019398956,11.118618062525496,42.16458097640017,0.001,0.062234662242121416,0.003591498739587989,48.2272205351973,100,100
ENSMUSG00000079465,0.001,62.31581250733508,1.0,0.001,0.001,0.001639498640896525,0.06430950261319571,100,100
ENSMUSG00000079467,0.001,0.008428180668435021,1.0,0.001,0.20425674926372248,0.41964252068908375,133.87706172714263,100,100
ENSMUSG00000079469,1.2049923459263086,20.784220318426073,20.14147811707603,0.3990231243708823,2.301875239109653,0.45519351007374487,5.5056460000013345,100,100
ENSMUSG00000079470,0.1688269294419449,1.8069718469846856,2.9916070766121603,0.042021703030401245,0.4588799839119869,0.5268225232711347,7.041475326343253,100,100
ENSMUSG00000079477,6.508681334951038,403.32824485428677,1513.6899285777602,4.528448066911432,8.816191348385143,2.7316956874511846,7.245216400409175,100,100
ENSMUSG00000079478,1.760272404953282,9.689015634326251,20.768424059168993,0.8151155611608734,3.008162567060111,1.0527082912146086,7.1737656679884285,100,100
ENSMUSG00000079480,0.0016533499824717371,0.001,12.809006013039454,0.001,6.044990142719527,1.6186616634486886,15539.222470132594,100,100
ENSMUSG00000079481,0.06676725698592686,2.4248977471170763,8.17004461161142,0.0011403832746224242,0.13878494754242832,1.2858560663657042,128.13159802011805,100,100
ENSMUSG00000079484,0.044760632022803656,1.143851046054764,2.6250772824755844,0.006670031094337892,0.517305848103768,0.1625265275229879,23.99159702050978,100,100
ENSMUSG00000079487,0.3678389660586032,0.8335122259438462,5.051946053165934,0.16596315929011812,0.7056743075017948,2.774799740820289,16.728052260328965,100,100
ENSMUSG00000079491,0.17413752212946282,36.52966054286234,521.0581055630711,0.10970659481255823,0.22534461989521762,8.816799551643065,22.2881998790343,100,100
ENSMUSG00000079497,0.001,62.31581250733508,1.0,0.001,0.001,0.00204684994576152,0.10814451134051672,100,100
ENSMUSG00000079499,0.2250233870453009,7.088149765604166,8.82654343872115,0.010275388764878327,0.48903957934651754,0.4906957334964904,47.53072370911953,100,100
ENSMUSG00000079502,0.001,62.31581250733508,1.0,0.001,0.0010000000000000009,0.0016712298464825492,0.13252257748388754,100,100
ENSMUSG00000079505,0.001,66.84427540036525,1.0,0.001,0.0010000000000000005,0.001518868214246284,0.2620053685446074,100,100
ENSMUSG00000079507,0.02008289336936146,9.189391234546278,22.86918249607559,0.001,9.620175221537236,0.0012044754585698314,93.55169381295028,100,100
ENSMUSG00000079508,0.01643911750348464,0.037620725375881896,6.116548967256925,0.001,0.1424819661483504,11.871386159960647,3474.9087197841986,100,100
ENSMUSG00000079509,0.33496724004076656,4.488939444435892,15.149276913868427,0.001,0.4406262993417084,2.5126888314528397,2126.479684670685,100,100
ENSMUSG00000079511,0.01541493432683878,0.08243412226927016,1.0,0.001,0.3904789690566822,0.31832718934831106,154.50613042796158,100,100
ENSMUSG00000079523,1.2370223719537126,2.4581243650679623,523.7733903600166,0.001,1.9244762856390156,0.2059257116951629,31674.534445700552,100,100
ENSMUSG00000079524,4.366887314747318,523.526940021857,1.0,0.001,16.982457741689856,0.0010000175841570025,0.07144443706463455,100,100
ENSMUSG00000079536,0.06157063247199136,19.04842624879896,7.764691847156624,0.0013799613531577997,19.27945203836924,0.001066729755741692,2.3490172422927778,100,100
ENSMUSG00000079547,0.11159632713601456,0.9274609156378952,8.494590115962485,0.060411718094092695,0.17628551465522907,4.72745649162222,18.82120228317473,100,100
ENSMUSG00000079550,0.001,61.674132606755,1.0,0.001,0.001,0.0016612778871906166,0.07089054410481768,100,100
ENSMUSG00000079553,0.04088147577961132,1.5114253464361547,24.874137845315953,0.018735246541106438,0.07145232978510212,6.221344758489269,37.83623391488488,100,100
ENSMUSG00000079554,3.338165727611042,807.3831051292377,1.0,0.001,8.102948002046904,0.001004217145190289,0.05394612359518985,100,100
ENSMUSG00000079555,0.1794468168306569,0.2638774480477133,1.3589120619223398,0.001,1.074579088121013,0.5272725301352668,1082.6259342653227,100,100
ENSMUSG00000079557,0.001,0.013091964592551348,1.6121233383614406,0.001,21.138362757462012,0.0014524334889499265,197.2123801422953,100,100
ENSMUSG00000079559,0.017075790929186343,0.08290543795046626,1.3725736759261837,0.001,0.30795540643233293,0.7512545686200514,283.673201404094,100,100
ENSMUSG00000079560,0.013729242799748258,20.382482897679118,31.457122711894932,0.001,2.491117749177599,0.0024513711315980245,47.02618177837444,100,100
ENSMUSG00000079562,3.246849876844989,28.30978220582376,98.94561646872535,2.065849252526231,5.598727782739327,1.8139839283234813,7.882788037469357,100,100
ENSMUSG00000079564,7.939386829847908,457.9898318684855,1.0,0.001,24.82956874679141,0.001,0.008437989882725986,100,100
ENSMUSG00000079580,0.001,66.84427540036525,1.0,0.001,0.001,0.0017773420081774018,0.3038820656624566,100,100
ENSMUSG00000079584,0.001,62.31581250733508,1.0,0.001,0.001,0.0017267832640835636,0.11804805098824389,100,100
ENSMUSG00000079593,0.001,62.31581250733508,1.0,0.001,0.001,0.001537244908632004,0.3113979091363125,100,100
ENSMUSG00000079598,0.001,66.84427540036525,1.0,0.001,0.001,0.001609349971989292,0.12527432932299248,100,100
ENSMUSG00000079603,0.001,62.31581250733508,1.0,0.001,0.0010000000000000009,0.0016388991099489665,0.2409740248106049,100,100
ENSMUSG00000079608,0.19260743473556322,1.1824508515020764,2.163439815634873,0.0010020160642968206,0.5225989847378707,0.500604473691884,470.90315721700824,100,100
ENSMUSG00000079610,0.11281871537281193,0.2373692647723357,2.225632605082619,0.0012917808205756853,0.675781242782034,1.1655520962404593,845.1406880278496,100,100
ENSMUSG00000079614,0.5552134401850343,0.46052280504554455,4.132969069579967,0.15730809263259377,2.622135802772431,0.8216643517213673,42.42538202428663,100,100
ENSMUSG00000079620,0.001,62.31581250733508,1.0,0.001,0.001,0.0016946027001431489,0.14927713904012463,100,100
ENSMUSG00000079625,1.9084349789585087,457.80829610882074,1.0,0.001,9.5584718580694,0.001,0.04708104584789616,100,100
ENSMUSG00000079654,0.08826184532999415,5.499163868416916,5.457878731941932,0.0037239830348269466,1.2510991740048303,0.053287446577141795,27.735528260210156,100,100
ENSMUSG00000079657,0.03123942640789015,0.7120228521705412,1.1696594096598072,0.001,12.195490971373113,0.0016459041758122754,59.10691584735093,100,100
ENSMUSG00000079658,2.722743104402297,8.134952995042156,75.13380422741747,2.156170043501192,4.881956786429733,3.81212734566354,13.823567217400363,100,100
ENSMUSG00000079659,0.11779880983765947,4.953075863074332,5.495775421469994,0.001,0.3929938600628349,0.2119220355342799,117.10033356621048,100,100
ENSMUSG00000079666,0.001,66.84427540036525,1.0,0.001,0.001,0.0020750757852925003,0.24324879894235785,100,100
ENSMUSG00000079669,0.24940106585452484,21.696262255299747,25.83415381817788,0.011827581674440988,0.5313407716226848,0.5478682487338599,29.83276465533131,100,100
ENSMUSG00000079671,0.10818658252003535,1.1895047231150806,2.5616243629328235,0.0011219867447583307,0.2677347705519478,0.7925688728731053,245.6214951971341,100,100
ENSMUSG00000079677,0.001,61.024058264401226,1.0,0.001,0.001,0.0018116378814082533,0.17987092598242632,100,100
ENSMUSG00000079679,0.001,62.31581250733508,1.0,0.001,0.001,0.0016324069547519922,0.1413908236179815,100,100
ENSMUSG00000079681,0.001,62.31581250733508,1.0,0.001,0.001,0.0018280160244264268,0.15763856676967739,100,100
ENSMUSG00000079685,0.3580893349518565,4.7184236414152,9.08953671789259,0.12376963660126827,0.5912049745304382,1.0912202303914875,6.6603727337351515,100,100
ENSMUSG00000079694,0.001,62.31581250733508,1.0,0.001,0.001,0.0017297552744502398,0.3072586941538312,100,100
ENSMUSG00000079697,0.001,66.84427540036525,1.0,0.001,0.001,0.0019790217079620567,0.1716318207954983,100,100
ENSMUSG00000079711,0.001,61.88525872635182,1.0,0.001,0.001,0.0015867290250772565,0.14694935920213628,100,100
ENSMUSG00000079737,0.519881599316169,32.36072594214395,10.734737102060683,0.16518744713852035,36.195758383954036,0.004654808207519949,1.071743789671669,100,100
ENSMUSG00000079852,0.07173622685040304,4.452390273302955,59.66621718563952,0.01746066820969288,0.09864505755584178,8.7637858870818,63.16956916736669,100,100
ENSMUSG00000079853,0.001,66.84427540036525,1.0,0.001,0.001,0.0017363788177688039,0.20104266562085027,100,100
ENSMUSG00000079871,0.001,62.31581250733508,1.0,0.001,0.0010000000000000005,0.0023864836630946252,0.1986763762631406,100,100
ENSMUSG00000079889,0.001,40.36104267363414,1.0,0.001,0.001,0.0024338545452535177,0.2820061839126887,100,100
ENSMUSG00000079906,0.001,62.31581250733508,1.0,0.001,0.001,0.0015503295564076123,0.1864611612093803,100,100
ENSMUSG00000079915,2.4151339621154553,369.08463332706145,1.1138742526529528,0.001,22.068067386064254,0.001,0.20497739543933052,100,100
ENSMUSG00000079965,15.74100066183177,714.1333115106466,1.0,0.36525656565723297,31.54760385615342,0.001000515500799644,0.010151706689437118,100,100
ENSMUSG00000079993,0.001,62.31581250733508,1.0,0.001,0.0010000000000000009,0.001566444072911915,0.36960663218886086,100,100
ENSMUSG00000080002,0.001,13.515193736555084,1.0,0.001,0.001,0.025364286969099113,3.972323315671332,100,100
ENSMUSG00000080006,0.001,62.31581250733508,1.0,0.001,0.001,0.0017514707134629402,0.2054489593617304,100,100
ENSMUSG00000080054,0.001,62.31581250733508,1.0,0.001,0.0010000000000000009,0.0015554740009041084,0.07291352064965359,100,100
ENSMUSG00000080058,3.9276406581767263,942.1623723314058,1.0,0.001,7.12584160172369,0.0010000000000198505,0.037386179812731506,100,100
ENSMUSG00000080059,0.30348054622138204,2.4244422218190422,2.9832601907411345,0.12934456198482225,0.8352281931246113,0.3595448414635408,3.728792826458193,100,100
ENSMUSG00000080076,1.3852081881343388,321.45383095684684,1.0,0.001,7.312701495863831,0.001325778037639756,0.0529161670057921,100,100
ENSMUSG00000080115,0.001,0.0026564613280141004,1.2979636077379821,0.001,0.4144554570185448,0.9062957571376203,506.27348689510444,100,100
ENSMUSG00000080152,0.001,62.31581250733508,1.0,0.001,0.0010000000000000007,0.0015457059871821083,0.4426671381050021,100,100
ENSMUSG00000080180,0.001,66.84427540036525,1.0,0.001,0.0010000000000000009,0.0013182292388402724,0.12031687676032907,100,100
ENSMUSG00000080198,0.001,31.87081816361115,1.0,0.001,0.001,0.003139985325223917,0.21721297524856692,100,100
ENSMUSG00000080237,0.001,61.88525872635182,1.0,0.001,0.001,0.001704448147957175,0.21589718628067914,100,100
ENSMUSG00000080268,0.09653455649652454,0.7651344384328003,23.114071179465448,0.001,0.1785655488210886,14.20205259736149,2074.9750597585885,100,100
ENSMUSG00000080298,0.001,62.31581250733508,1.0,0.001,0.001,0.001840499921559901,0.13180076490275267,100,100
ENSMUSG00000080303,0.001,61.674132606755,1.0,0.001,0.0010000000000000009,0.0016036996556899367,0.22717971942075654,100,100
ENSMUSG00000080316,0.9272877424181077,2.522880472993724,7.657128847140685,0.372307532533498,1.5741259466394273,1.337212493187543,11.911952457443569,100,100
ENSMUSG00000080364,28.337474678721808,715.9251427236767,1.0015851976346293,0.001,47.259611673767836,0.001036954428735271,0.008825093518703022,100,100
ENSMUSG00000080370,0.001,62.31581250733508,1.0,0.001,0.001,0.0015046360864806405,0.09379907510004326,100,100
ENSMUSG00000080396,0.001,62.31581250733508,1.0,0.001,0.001,0.0015478426150500372,0.18459467115682676,100,100
ENSMUSG00000080411,0.001,62.31581250733508,1.0,0.001,0.001,0.0016112797310356749,0.1843491765259721,100,100
ENSMUSG00000080454,0.001,66.84427540036525,1.0,0.001,0.001,0.0019105343650198466,0.20969387717851434,100,100
ENSMUSG00000080455,0.8851908330809943,212.44662419193685,1.0,0.001,8.083292311578969,0.0011317595583779992,0.029359216903254624,100,100
ENSMUSG00000080461,0.001,62.31581250733508,1.0,0.001,0.001,0.0016893066115602484,0.16893010459888785,100,100
ENSMUSG00000080465,8.366926113781126,999.34441829198,1.0,0.001,16.911219696291184,0.0010000000386447493,0.04820606370778516,100,100
ENSMUSG00000080468,1.0752409784945784,280.3448670159383,1.0844986976483493,0.001,9.006775026712365,0.0010005377565703063,0.06190116647917347,100,100
ENSMUSG00000080469,0.001,66.84427540036525,1.0,0.001,0.0010000000000000005,0.0015648363910359608,0.10276557077146548,100,100
ENSMUSG00000080478,0.001,62.31581250733508,1.0,0.001,0.001,0.0018283873888468756,0.18503117155499577,100,100
ENSMUSG00000080485,0.001,62.31581250733508,1.0,0.001,0.001,0.0016155634670601106,0.1972555736189608,100,100
ENSMUSG00000080530,0.001,62.31581250733508,1.0,0.001,0.001,0.0016196771855993628,0.19595451548522577,100,100
ENSMUSG00000080538,0.001,61.259704531272526,1.0,0.001,0.001,0.0015859788279440196,0.13129902440004337,100,100
ENSMUSG00000080543,0.001,66.84427540036525,1.0,0.001,0.001,0.001478519140286164,0.13568337772882888,100,100
ENSMUSG00000080544,0.04610990072101563,15.825372918239342,24.088244871534712,0.001,0.25702025357382463,0.08027717309629542,104.74656778469702,100,100
ENSMUSG00000080573,0.036371723886450553,4.96974603219816,2.948493021079493,0.001,19.17102716970234,0.001,5.465839809590873,100,100
ENSMUSG00000080574,0.001,62.31581250733508,1.0,0.001,0.001,0.0018801545497370237,0.06663318422567113,100,100
ENSMUSG00000080582,0.001,62.31581250733508,1.0,0.001,0.001,0.0019324424512317548,0.27257180016940324,100,100
ENSMUSG00000080595,0.001,62.31581250733508,1.0,0.001,0.0010000000000000009,0.0017450037559190441,0.07888067775192663,100,100
ENSMUSG00000080610,0.001,62.31581250733508,1.0,0.001,0.001,0.0015773764981979006,0.34422685058512603,100,100
ENSMUSG00000080626,0.001,62.31581250733508,1.0,0.001,0.001,0.0017815922799686939,0.18456750662324845,100,100
ENSMUSG00000080645,16.86365002286619,999.9999999969082,1.001354239743323,0.001,23.809269337771987,0.0010000000000013405,0.008971888442630138,100,100
ENSMUSG00000080662,0.001,66.84427540036525,1.0,0.001,0.001,0.0018247241009968092,0.13749812618796659,100,100
ENSMUSG00000080681,0.001,62.31581250733508,1.0,0.001,0.001,0.0019037972132122747,0.25585408037369756,100,100
ENSMUSG00000080701,0.001,62.31581250733508,1.0,0.001,0.001,0.002361769882726517,0.28908847545526706,100,100
ENSMUSG00000080712,0.001,61.88525872635182,1.0,0.001,0.001,0.001486023521233878,0.23966497441427848,100,100
ENSMUSG00000080715,0.001,55.64789659794357,1.0,0.001,0.0010000000000000005,0.0020647978846336304,0.2047270761678802,100,100
ENSMUSG00000080717,0.9635860648724306,2.516865533185447,3.689358079948392,0.008560088286548653,1.110215953713586,1.1016080522369642,517.6316115750797,100,100
ENSMUSG00000080723,0.06066125539550557,2.0355524222113783,1.0,0.001,27.53949716880394,0.0010018594549685185,1.3564211173898402,100,100
ENSMUSG00000080727,0.024522712424984716,19.405986941915017,14.112371791665364,0.001,13.31889547407879,0.0011731106989768018,18.31366183449984,100,100
ENSMUSG00000080731,0.09544270523227735,0.24160709255112042,1.1406763013893801,0.03643003309364984,0.7752565861403369,0.35137229901868966,13.200431769053623,100,100
ENSMUSG00000080743,0.001,62.31581250733508,1.0,0.001,0.001,0.002009474963530384,0.06452986341413705,100,100
ENSMUSG00000080744,0.001,61.45463549419866,1.0,0.001,0.0010000000000000005,0.0017171440142209542,0.36369861904582723,100,100
ENSMUSG00000080746,0.18607595190604437,26.789208603584665,18.541938101867327,0.001,0.4249995320316139,0.2731764916757694,145.61644458784647,100,100
ENSMUSG00000080747,0.001,54.565350386356194,1.0,0.001,0.001,0.0020990992066450467,0.15483703883047373,100,100
ENSMUSG00000080759,0.001,62.31581250733508,1.0,0.001,0.001,0.0016823849807564356,0.22297445501396512,100,100
ENSMUSG00000080763,0.001,60.80878088638715,1.0,0.001,0.001,0.0018902422732745108,0.13547610160554668,100,100
ENSMUSG00000080768,0.001,66.84427540036525,1.0,0.001,0.001,0.0021617368333186086,0.15772994365442672,100,100
ENSMUSG00000080772,8.443083998379985,999.9881249351163,1.0,0.001,17.028432570443854,0.001,0.01671410592705457,100,100
ENSMUSG00000080773,3.3467679826601007,809.4058638924901,1.0,0.001,7.505712362430107,0.0010277743123001443,0.06913047467917828,100,100
ENSMUSG00000080775,0.001,54.350050264241744,1.0,0.001,0.001,0.001805909003341521,0.14651143059483646,100,100
ENSMUSG00000080776,3.466558296656561,7.660838900368679,77.66757135521857,2.3073676739972537,7.04816587099446,3.4450623118612045,19.067134836619935,100,100
ENSMUSG00000080783,0.001,61.674132606755,1.0,0.001,0.001,0.0019080484051234364,0.1841795876548658,100,100
ENSMUSG00000080789,0.001,62.31581250733508,1.0,0.001,0.001,0.0014192444967276142,0.19849685107122245,100,100
ENSMUSG00000080791,0.001,61.88525872635182,1.0,0.001,0.0010000000000000005,0.0016787553181101616,0.12895879070403696,100,100
ENSMUSG00000080797,0.001,62.31581250733508,1.0,0.001,0.0010000000000000005,0.001804630313116977,0.12971520881090853,100,100
ENSMUSG00000080800,0.001,61.88525872635182,1.0,0.001,0.001,0.001775364588962671,0.19533534407002118,100,100
ENSMUSG00000080801,0.001,62.31581250733508,1.0,0.001,0.001,0.0018737080820397018,0.1983322090578923,100,100
ENSMUSG00000080808,0.10701605170080065,1.8972258832452733,1.0,0.034652082951142686,31.386143598291824,0.0010808769695564375,1.561945477907646,100,100
ENSMUSG00000080810,0.002158241946308151,6.884080058683147,37.282589176260494,0.001,0.07369834995337411,0.0028832853357644676,23.389234428389166,100,100
ENSMUSG00000080811,13.141829755113857,797.662935465397,1.0188622403162615,0.33110345102990624,24.270861785824753,0.001,0.008804591625913155,100,100
ENSMUSG00000080815,0.001,62.31581250733508,1.0,0.001,0.001,0.001593798535578424,0.0782690845565314,100,100
ENSMUSG00000080816,0.003021675867397525,3.8181602370390926,20.49369707738737,0.001,0.03222657640368652,0.0036536527208666093,53.22032162594506,100,100
ENSMUSG00000080831,0.001,62.31581250733508,1.0,0.001,0.0010000000000000005,0.001472062412409384,0.1852564309444844,100,100
ENSMUSG00000080832,0.21982365115764416,2.6928710571500165,11.867066317266117,0.10638071897533243,0.48220629885853605,1.3760141140761029,11.434487793964454,100,100
ENSMUSG00000080834,0.001,61.259704531272526,1.0,0.001,0.001,0.0019176312326304712,0.09568290659816743,100,100
ENSMUSG00000080836,13.220366959992008,876.4462011455588,1.0,0.001,23.662521045268953,0.001,0.020525252610549775,100,100
ENSMUSG00000080848,0.03747464064608089,14.296900678582006,10.388130230405867,0.001,19.315702405634532,0.0011110142633991133,43.37249903911088,100,100
ENSMUSG00000080850,0.022699908545229873,20.637983659570107,15.001658802042284,0.001,6.7369695577163835,0.0012985732981922755,11.227383590275336,100,100
ENSMUSG00000080851,0.001,61.259704531272526,1.0,0.001,0.001,0.0020143240690324465,0.3006937777045295,100,100
ENSMUSG00000080862,0.001,61.674132606755,1.0,0.001,0.001,0.0017015803607673817,0.3807540831921925,100,100
ENSMUSG00000080866,0.001,37.56958603453568,1.0,0.001,0.001,0.002614603315998041,0.2733263598004192,100,100
ENSMUSG00000080868,0.001,62.31581250733508,1.0,0.001,0.001,0.0020342911821227523,0.1879601542256597,100,100
ENSMUSG00000080885,nan,nan,nan,nan,nan,nan,nan,0,0
ENSMUSG00000080893,0.001,39.93455743398977,1.0,0.001,0.001,0.001886341692643663,0.1463206769560581,100,100
ENSMUSG00000080895,0.001,62.31581250733508,1.0,0.001,0.001,0.0016711758938186283,0.20568851183696568,100,100
ENSMUSG00000080907,0.001,62.31581250733508,1.0,0.001,0.001,0.0018819150286884495,0.170930847329402,100,100
ENSMUSG00000080914,0.001,61.674132606755,1.0,0.001,0.001,0.0016123205499902976,0.46835218345033625,100,100
ENSMUSG00000080916,0.001,61.674132606755,1.0,0.001,0.001,0.0018181820488537208,0.08989733464355618,100,100
ENSMUSG00000080921,0.001,13.186998118948347,1.0,0.001,0.001,0.08914513685925221,5.120357972705845,100,100
ENSMUSG00000080922,2.7968977494920817,670.7392088866607,1.0,0.001,10.560766838500163,0.001,0.017146814664309576,100,100
ENSMUSG00000080928,0.001,37.34991030425479,1.0,0.001,0.001,0.002407234135001414,0.34070198303448074,100,100
ENSMUSG00000080929,0.001,66.84427540036525,1.0,0.001,0.001,0.0016555755106794545,0.1730560176675444,100,100
ENSMUSG00000080932,nan,nan,nan,nan,nan,nan,nan,0,0
ENSMUSG00000080935,0.0859505961224993,0.4983634412998596,9.355414935300686,0.012793145445283708,0.20175071439920636,6.549947759793133,107.69933324327467,100,100
ENSMUSG00000080937,0.001,62.31581250733508,1.0,0.001,0.0010000000000000005,0.0016775574915505994,0.06414761895343879,100,100
ENSMUSG00000080944,3.88183066178235,467.2544250428876,1.0,0.001,12.903875012173836,0.0010000000000105584,0.019599615653975812,100,100
ENSMUSG00000080950,7.949530106228615,999.9999998004935,1.05205412198684,0.001,16.220374308079165,0.001,0.009511292708004116,100,100
ENSMUSG00000080951,0.001,62.31581250733508,1.0,0.001,0.001,0.0016563179799333777,0.11825042496068361,100,100
ENSMUSG00000080956,8.30977989064807,1000.0,1.0,0.001,19.458258135514193,0.0010000000042214045,0.06778591717766533,100,100
ENSMUSG00000080957,0.001,62.31581250733508,1.0,0.001,0.001,0.0018746975296247076,0.21029508605275785,100,100
ENSMUSG00000080966,0.001,61.45463549419866,1.0,0.001,0.001,0.0018139543457553987,0.26834629759418754,100,100
ENSMUSG00000080971,0.001,62.31581250733508,1.0,0.001,0.001,0.001523799785425016,0.16370697513877075,100,100
ENSMUSG00000080972,7.907093629679459,985.825710638683,1.1373496135651375,0.001,13.76868474020629,0.001,0.011671552508060151,100,100
ENSMUSG00000080974,0.001,61.88525872635182,1.0,0.001,0.001,0.0015054187312694197,0.0610622992105818,100,100
ENSMUSG00000080989,0.01542508698390184,17.254055061660544,26.668072371305943,0.001,1.9435891129954328,0.0016569893820346804,37.25590292144244,100,100
ENSMUSG00000080993,1.827408594187776,433.33200259696997,1.0,0.001,7.244676001877293,0.0010000033692119557,0.09236015917288831,100,100
ENSMUSG00000080995,0.001,62.31581250733508,1.0,0.001,0.0010000000000000009,0.0014537571413552868,0.20806317340301078,100,100
ENSMUSG00000080997,0.001,62.31581250733508,1.0,0.001,0.001,0.0016551906233383744,0.18424981743177082,100,100
ENSMUSG00000080999,0.001,62.31581250733508,1.0,0.001,0.001,0.0016106590357484328,0.3779280013208219,100,100
ENSMUSG00000081004,16.744249451236588,1000.0,1.0,0.001,26.023965048763138,0.001,0.014877382981335242,100,100
ENSMUSG00000081010,0.001,58.655869952050985,1.0,0.001,0.001,0.0016365119786557031,0.2588862248611452,100,100
ENSMUSG00000081013,5.031955738329996,602.7421421672777,1.0,0.001,14.700257574100704,0.0010000679024810579,0.019000194726524634,100,100
ENSMUSG00000081021,0.001,57.79469271457354,1.0,0.001,0.0010000000000000005,0.0015774686503744278,0.4820172664411472,100,100
ENSMUSG00000081023,0.001,62.31581250733508,1.0,0.001,0.001,0.0016421760764550862,0.1967479486967233,100,100
ENSMUSG00000081025,0.001,62.31581250733508,1.0,0.001,0.001,0.0018461378544583455,0.28614676731639854,100,100
ENSMUSG00000081042,0.001,66.84427540036525,1.0,0.001,0.001,0.0016805458306431488,0.17916552749707804,100,100
ENSMUSG00000081043,0.001,61.88525872635182,1.0,0.001,0.001,0.0016199177374764777,0.057189381800121966,100,100
ENSMUSG00000081046,1.2107757427200323,287.553808868097,1.0,0.001,7.379193388533246,0.001048490478172563,0.021928907723304202,100,100
ENSMUSG00000081048,0.001,66.84427540036525,1.0,0.001,0.001,0.002054504701846948,0.20157040640337132,100,100
ENSMUSG00000081049,2.6155842167043484,280.7842043843946,330.619562273487,2.112291924106146,5.6004149174460185,0.5173364861402698,1.5525432628557545,100,100
ENSMUSG00000081052,0.001,62.31581250733508,1.0,0.001,0.001,0.00140437454838646,0.07923953011642529,100,100
ENSMUSG00000081056,2.2847492689943922,578.7622526003178,1.0770843335328297,0.001,5.317557586769135,0.001,0.018816635095332608,100,100
ENSMUSG00000081059,0.001,66.84427540036525,1.0,0.001,0.0010000000000000005,0.001763530876879328,0.6696868700970373,100,100
ENSMUSG00000081062,0.001,62.31581250733508,1.0,0.001,0.001,0.001671186186361113,0.07733933163295327,100,100
ENSMUSG00000081067,0.01594414623722287,16.310183567792173,25.24063981535337,0.001,4.445624290157474,0.002176411615542599,41.233362467412746,100,100
ENSMUSG00000081070,0.001,56.71823759891341,1.0,0.001,0.0010000000000000005,0.0017424940389963693,0.3151518302786588,100,100
ENSMUSG00000081076,5.271807951052446,682.4236056252166,1.0203679650119784,0.001,18.989408570225436,0.001,0.16927839970995726,100,100
ENSMUSG00000081094,5.756024071416199,63.38829461806336,1020.2920523522188,0.27888973870381556,7.068664220132916,2.9237490271785687,32.784282958215755,100,100
ENSMUSG00000081103,6.394225757575972,766.7728922658332,1.0,0.001,17.340159608079727,0.0010000006951801231,0.034027567533763556,100,100
ENSMUSG00000081104,0.001,62.31581250733508,1.0,0.001,0.001,0.0017489098046339694,0.17162935682016278,100,100
ENSMUSG00000081106,0.001,62.31581250733508,1.0,0.001,0.001,0.0015319647886277094,0.07956498976276496,100,100
ENSMUSG00000081107,0.001,62.31581250733508,1.0,0.001,0.001,0.0018732167533590722,0.39529000343099385,100,100
ENSMUSG00000081110,12.35343345915289,999.9999999966411,1.01223254413008,0.001,21.02137787063913,0.001,0.01792295353360258,100,100
ENSMUSG00000081111,0.02459689918745147,0.012323978106448839,1.3216142208588952,0.009171306382525907,2.3513921662229826,0.4542090025026888,308.6779330518932,100,100
ENSMUSG00000081113,0.001,57.620632314225304,1.0,0.001,0.001,0.0020170718193467576,0.09304351249951116,100,100
ENSMUSG00000081118,1.5419921157371577,359.44062089088845,1.0091181508351743,0.001,9.574792335747336,0.0010242096637016432,0.04982648341694007,100,100
ENSMUSG00000081121,0.001,57.20236353089962,1.0,0.001,0.001,0.0017756461977413863,0.1848690822152227,100,100
ENSMUSG00000081136,0.001,66.84427540036525,1.0,0.001,0.001,0.0016338284304431604,0.13607002514741826,100,100
ENSMUSG00000081137,20.599330032160623,688.1110872985474,1.0,1.029979636763954,36.21448679351905,0.0010000000000045931,0.009166252617440212,100,100
ENSMUSG00000081142,0.005670043525045765,29.641157070014366,104.53437107381396,0.001,0.06573134897601494,0.004113300252515533,67.2916514341887,100,100
ENSMUSG00000081143,2.684773051267332,649.196933434762,1.0,0.001,8.481163153030348,0.0010293627704775527,0.05776808327957954,100,100
ENSMUSG00000081151,0.001,61.88525872635182,1.0,0.001,0.001,0.0020266753443477364,0.1060590441263552,100,100
ENSMUSG00000081152,0.001,60.188376913276144,1.0,0.001,0.0010000000000000005,0.0016203254309293219,0.34339626804521783,100,100
ENSMUSG00000081153,1.4138911147118405,35.166817756968,3.788873314318897,0.3693429322150926,107.94158660664488,0.0013862066324302072,0.41144977009952255,100,100
ENSMUSG00000081156,0.001,62.31581250733508,1.0,0.001,0.001,0.001742334531193233,0.1638863649936157,100,100
ENSMUSG00000081161,0.001,62.31581250733508,1.0,0.001,0.001,0.0016752479750594656,0.15953309979745414,100,100
ENSMUSG00000081169,0.001,60.188376913276144,1.0,0.001,0.001,0.0014868737565092685,0.19279907850230937,100,100
ENSMUSG00000081187,0.006587071624057255,17.212022625825053,42.95152471311108,0.001,4.593703337320824,0.0016776674720789821,39.36095183756301,100,100
ENSMUSG00000081189,0.002038590599010953,0.03377694733118359,1.8948165098473,0.001,0.11880388154292965,0.485649500069427,146.48062058946238,100,100
ENSMUSG00000081194,0.001,62.31581250733508,1.0,0.001,0.0010000000000000005,0.0018145551130142356,0.06603925191142349,100,100
ENSMUSG00000081206,0.001,62.31581250733508,1.0,0.001,0.001,0.001892107888479455,0.30657408582584567,100,100
ENSMUSG00000081208,0.027114813659291866,0.7364947644565111,2.760007714078455,0.004247262696016247,26.630895098044334,0.001286328181067985,34.66924762687388,100,100
ENSMUSG00000081210,9.307247701225824,1000.0,1.0,0.001,18.798719068155787,0.001,0.021135670857092587,100,100
ENSMUSG00000081217,0.001,66.84427540036525,1.0,0.001,0.0010000000000000005,0.001973438733712823,0.23400785808170715,100,100
ENSMUSG00000081219,0.06035313929722135,19.546741553869165,8.014570724421105,0.001,21.120102100637546,0.001,6.8203297342872755,100,100
ENSMUSG00000081222,0.001,62.31581250733508,1.0,0.001,0.001,0.0016258921055057624,0.17141323216624182,100,100
ENSMUSG00000081225,0.001,62.31581250733508,1.0,0.001,0.0010000000000000005,0.0015929038334333782,0.23670775738668293,100,100
ENSMUSG00000081226,3.911252269710252,958.3332849426147,1.0208715821848182,0.001,7.524831823826729,0.001,0.07471171439889887,100,100
ENSMUSG00000081236,0.001,62.31581250733508,1.0,0.001,0.001,0.001728829588896302,0.2191647245654816,100,100
ENSMUSG00000081239,4.156826589299356,67.49968452759332,152.78247543194593,3.274709837135245,7.378729834409471,1.231184071423302,3.781356944928619,100,100
ENSMUSG00000081242,0.001,62.31581250733508,1.0,0.001,0.001,0.0015816702353842775,0.22180111954509368,100,100
ENSMUSG00000081248,0.14915677359315263,3.129906557787854,1.879179814191874,0.015554447927607185,33.361312044485246,0.0015200370352851321,2.843011849192765,100,100
ENSMUSG00000081249,1.8029215128838363,432.19960906037096,1.0,0.001,6.846422871893914,0.0010000000000275396,0.06856989856152694,100,100
ENSMUSG00000081256,0.001,62.31581250733508,1.0,0.001,0.001,0.0018688859244529123,0.13018855534834417,100,100
ENSMUSG00000081257,0.001,62.31581250733508,1.0,0.001,0.001,0.0017055728786060046,0.12568046505825178,100,100
ENSMUSG00000081261,4.132577005576439,999.9999999828615,1.0,0.001,7.803333311532704,0.001,0.06640662771262473,100,100
ENSMUSG00000081262,0.001,62.31581250733508,1.0,0.001,0.001,0.0018232378655921875,0.2017772067609696,100,100
ENSMUSG00000081265,0.001,62.31581250733508,1.0,0.001,0.001,0.0018040388967925608,0.345524974094065,100,100
ENSMUSG00000081270,0.001,62.31581250733508,1.0,0.001,0.0010000000000000005,0.0019066207886466275,0.14354977552556383,100,100
ENSMUSG00000081282,0.004073384651961597,11.149609488685988,22.34353119129369,0.001,0.02378064704628948,0.0020136412143280996,16.878785579507362,100,100
ENSMUSG00000081285,0.5555987854799406,65.34250950853306,1.0,0.001,17.691491629547883,0.001000000000005747,0.013222543787335806,100,100
ENSMUSG00000081301,0.001,62.31581250733508,1.0,0.001,0.0010000000000000009,0.0019915134627852037,0.18199224519513935,100,100
ENSMUSG00000081303,0.001,62.31581250733508,1.0,0.001,0.001,0.001888292864238231,0.10641481868407306,100,100
ENSMUSG00000081304,0.001,62.31581250733508,1.0,0.001,0.001,0.0016898879793323565,0.36454050086679823,100,100
ENSMUSG00000081314,0.001,62.31581250733508,1.0,0.001,0.001,0.0018910335471598694,0.17811222744488295,100,100
ENSMUSG00000081318,0.001,62.31581250733508,1.0,0.001,0.001,0.0015273615839738117,0.16467938649029215,100,100
ENSMUSG00000081323,8.37229454435931,1000.0,1.0,0.001,12.524487960196748,0.001000444919371711,0.012885484468583612,100,100
ENSMUSG00000081329,0.001,61.88525872635182,1.0,0.001,0.001,0.0019677869649740295,0.1220768437681645,100,100
ENSMUSG00000081339,0.001,62.31581250733508,1.0,0.001,0.0010000000000000005,0.001782946734819821,0.12624476978595395,100,100
ENSMUSG00000081340,0.001,62.31581250733508,1.0,0.001,0.0010000000000000005,0.0017000551907663704,0.4970018369767052,100,100
ENSMUSG00000081343,0.001,62.31581250733508,1.0,0.001,0.001,0.0017085615759110957,0.17542108335051365,100,100
ENSMUSG00000081346,0.001,62.31581250733508,1.0,0.001,0.0010000000000000009,0.0017243745436537666,0.18925357233628665,100,100
ENSMUSG00000081348,0.001,62.31581250733508,1.0,0.001,0.001,0.001710247075484058,0.12860217583784844,100,100
ENSMUSG00000081353,0.001,62.31581250733508,1.0,0.001,0.001,0.0016854699835961843,0.230881120029171,100,100
ENSMUSG00000081355,0.0016639213960407402,0.23385742189610392,16.821421777959074,0.001,0.08476945126117716,0.002528516651574945,90.74635718076934,100,100
ENSMUSG00000081359,0.001,56.71823759891341,1.0,0.001,0.001,0.0022241258535520545,0.12087158531546784,100,100
ENSMUSG00000081360,0.001,62.31581250733508,1.0,0.001,0.001,0.0018363030113646619,0.23507967342187963,100,100
ENSMUSG00000081367,0.001,62.31581250733508,1.0,0.001,0.001,0.0015027333254479026,0.1302805918215778,100,100
ENSMUSG00000081378,0.001,23.834486553503965,1.0,0.001,0.001,0.003916923213204119,0.8853382372821998,100,100
ENSMUSG00000081382,0.001,37.34991030425479,1.0,0.001,0.001,0.0020252117179116935,0.2251364090906854,100,100
ENSMUSG00000081392,1.8919350210788073,445.1132588648499,1.0,0.001,8.348628577711079,0.0010000000046407286,0.02505538188332701,100,100
ENSMUSG00000081402,0.013405222657726834,20.607754811097166,32.457845642252636,0.001,9.916009621608428,0.0010047256494952568,15.989600585023808,100,100
ENSMUSG00000081413,0.001,61.88525872635182,1.0,0.001,0.001,0.0018933291590739008,0.22275624907439726,100,100
ENSMUSG00000081423,0.001,62.31581250733508,1.0,0.001,0.001,0.0016884605257964376,0.19039705948639335,100,100
ENSMUSG00000081426,0.001,61.88525872635182,1.0,0.001,0.001,0.0015641546654973223,0.2529756206404517,100,100
ENSMUSG00000081431,0.001,61.024058264401226,1.0,0.001,0.001,0.0019016509801360474,0.34600214719134986,100,100
ENSMUSG00000081434,0.001,14.865209855449534,1.0,0.001,0.001,0.013084755797384648,2.320152880010273,100,100
ENSMUSG00000081440,2.684773051267332,649.196933434762,1.0,0.001,6.529562531403088,0.0010917931167970082,0.06599545563821,100,100
ENSMUSG00000081441,0.001,13.390426730109503,1.0,0.001,0.001,0.045241126892318684,5.307070880498378,100,100
ENSMUSG00000081444,0.001,62.31581250733508,1.0,0.001,0.001,0.0016907685425274007,0.1629162595145356,100,100
ENSMUSG00000081451,0.001,58.00999307220888,1.0,0.001,0.0010000000000000005,0.0018579623194877252,0.2562903222980649,100,100
ENSMUSG00000081453,0.030284305689645487,7.06900784186859,29.559401709297287,0.001,0.12225036397851125,0.5070416265574393,251.46661893871368,100,100
ENSMUSG00000081459,0.02270705894245838,0.012028987101012027,3.2938730430390155,0.001606985415203854,1.0113137662571303,3.861507345891213,3293.057296142259,100,100
ENSMUSG00000081461,12.956628149259162,115.49984852413522,1.0,0.432414325595928,101.96704059340203,0.0010825537741140498,0.18305705578617248,100,100
ENSMUSG00000081463,2.0813166845897446,503.1765750646759,1.0,0.001,7.690910806662683,0.0011194793311032425,0.04779542318699838,100,100
ENSMUSG00000081473,0.001,61.45463549419866,1.0,0.001,0.001,0.0016256694210157688,0.14399763554664757,100,100
ENSMUSG00000081476,0.8839880744627291,0.6076169558577723,6.300827756122805,0.23880895366894023,9.96261529670293,0.37507480211291044,60.24574288794803,100,100
ENSMUSG00000081485,nan,nan,nan,nan,nan,nan,nan,0,0
ENSMUSG00000081487,0.001,66.84427540036525,1.0,0.001,0.0010000000000000005,0.0019310139361045785,0.23412812808789402,100,100
ENSMUSG00000081488,2.1571940611220364,521.5346265951073,1.0,0.001,8.229206802440999,0.0010242365384820604,0.055646522285509425,100,100
ENSMUSG00000081491,1.8461457727692505,6.67339408996803,2.148146900037846,0.0014365966768557959,89.38570693538648,0.013590660436282698,813.9110533869398,100,100
ENSMUSG00000081492,0.001,66.84427540036525,1.0,0.001,0.001,0.001584033015775141,0.30825375127411764,100,100
ENSMUSG00000081496,0.0050321901014496375,16.835258002644466,67.69986046970065,0.001,0.0695847751610289,0.0017792221941895562,29.99694722155275,100,100
ENSMUSG00000081497,0.001,62.31581250733508,1.0,0.001,0.001,0.0018464252456903804,0.0835819629328666,100,100
ENSMUSG00000081499,0.001,66.84427540036525,1.0,0.001,0.001,0.0017185498423657089,0.17567601049842577,100,100
ENSMUSG00000081504,0.001,61.88525872635182,1.0,0.001,0.001,0.001984547903755111,0.3266774472864823,100,100
ENSMUSG00000081511,0.001,61.88525872635182,1.0,0.001,0.001,0.0018013794190803903,0.20068616503186693,100,100
ENSMUSG00000081512,4.131519129298434,1000.0,1.000247281024765,0.001,9.123539266502608,0.001000000079926864,0.06092879805937064,100,100
ENSMUSG00000081513,8.324226797105986,999.999999999719,1.0,0.001,21.19769330519754,0.001,0.040718193482550576,100,100
ENSMUSG00000081516,0.001,66.84427540036525,1.0,0.001,0.001,0.001900172330629658,0.24277037043465785,100,100
ENSMUSG00000081519,0.001,57.620632314225304,1.0,0.001,0.001,0.0016566164032866227,0.14200225420017956,100,100
ENSMUSG00000081524,0.001,66.84427540036525,1.0,0.001,0.0010000000000000005,0.0015999733325882683,0.12935803695826822,100,100
ENSMUSG00000081529,0.001,62.31581250733508,1.0,0.001,0.001,0.001808882207444773,0.22913351631722395,100,100
ENSMUSG00000081532,0.001,62.31581250733508,1.0,0.001,0.001,0.0016510587781436586,0.17128768657173837,100,100
ENSMUSG00000081534,2.1798014287525898,204.12537476547902,2400.3254124059786,1.7701112533885393,3.6201430703765727,6.8075914925176235,15.313074496358645,100,100
ENSMUSG00000081541,0.022980569579204045,20.50596072503864,14.911808931404734,0.001,12.656910672061139,0.0013244373160556057,22.17761553351349,100,100
ENSMUSG00000081544,2.5852839622765096,617.2738366179137,1.0,0.001,8.578882188236019,0.001,0.2685379462221985,100,100
ENSMUSG00000081562,0.001,41.64784354092108,1.0,0.001,0.001,0.0019756514557963114,0.34678554967914593,100,100
ENSMUSG00000081564,17.638072262352647,452.1942256784824,1.0,1.3378934582637945,55.46194925848263,0.0010330951202300112,0.00897246491883076,100,100
ENSMUSG00000081565,0.001,46.16895283772983,1.0,0.001,0.001,0.002027624584998403,0.1527366281317818,100,100
ENSMUSG00000081568,0.001,66.84427540036525,1.0,0.001,0.0010000000000000009,0.0015297139329367208,0.4350831066635377,100,100
ENSMUSG00000081570,0.001,66.84427540036525,1.0,0.001,0.0010000000000000005,0.0015364233484985897,0.3012125268083094,100,100
ENSMUSG00000081572,0.001,54.78719670450446,1.0,0.001,0.0010000000000000005,0.001730485128524558,0.07357517522500892,100,100
ENSMUSG00000081575,0.001,61.45463549419866,1.0,0.001,0.0010000000000000005,0.0020212070516073726,0.1826701919203711,100,100
ENSMUSG00000081578,0.001,61.024058264401226,1.0,0.001,0.001,0.002005752844468603,0.5060190577531107,100,100
ENSMUSG00000081585,0.001,62.31581250733508,1.0,0.001,0.001,0.0015333129411852383,0.10641857343358122,100,100
ENSMUSG00000081593,2.934049311782694,333.55536484504273,1.0,0.001,22.09865578790511,0.0010000000000066158,0.030954126934485373,100,100
ENSMUSG00000081594,0.001,62.31581250733508,1.0,0.001,0.0010000000000000009,0.001578822413065715,0.2152027758001966,100,100
ENSMUSG00000081597,0.001,66.84427540036525,1.0,0.001,0.001,0.0018657321017853104,0.14481509527271774,100,100
ENSMUSG00000081600,0.001,31.11997332389757,1.0,0.001,0.001,0.002735349284658012,0.7479051807683317,100,100
ENSMUSG00000081604,0.001,13.461561904265809,1.0,0.001,0.001,0.03168770339315304,2.9292954980496857,100,100
ENSMUSG00000081607,0.001,62.31581250733508,1.0,0.001,0.001,0.0021848385507429544,0.2650275556596527,100,100
ENSMUSG00000081608,12.306292516540614,479.8551092279213,1.0066536450234154,0.001,35.957498700309145,0.0010000000000029714,0.008844640797761158,100,100
ENSMUSG00000081611,0.001,55.86744339634488,1.0,0.001,0.001,0.002070169865197937,0.19715050478334312,100,100
ENSMUSG00000081613,0.001,61.88525872635182,1.0,0.001,0.001,0.0017168800417703624,0.1671401828923112,100,100
ENSMUSG00000081615,0.001,62.31581250733508,1.0,0.001,0.001,0.0017015871291078451,0.12728811057380182,100,100
ENSMUSG00000081617,0.001,62.31581250733508,1.0,0.001,0.001,0.002009864251255906,0.07032823833046094,100,100
ENSMUSG00000081618,0.001,62.31581250733508,1.0,0.001,0.001,0.001683477190088285,0.13824560329189728,100,100
ENSMUSG00000081619,0.31322194648463075,1.512404384971095,1.9514863230095183,0.06153272037206263,1.1567246781262526,0.2711112473737871,8.683674999329757,100,100
ENSMUSG00000081620,0.001,61.674132606755,1.0,0.001,0.001,0.0018483765817249526,0.17740039052739257,100,100
ENSMUSG00000081621,0.001,62.31581250733508,1.0,0.001,0.001,0.0015746853050774316,0.48186566529173436,100,100
ENSMUSG00000081631,0.8036940133926195,29.051668506345667,8.057586526003695,0.14717585625430085,53.73473264382771,0.005135785094913092,2.1691087338480837,100,100
ENSMUSG00000081633,0.001,62.31581250733508,1.0,0.001,0.001,0.0017371757325724316,0.2441036938473511,100,100
ENSMUSG00000081636,0.001,62.31581250733508,1.0,0.001,0.001,0.0014866458877707694,0.16954123912299016,100,100
ENSMUSG00000081640,0.01129839271483765,0.014216575275839827,4.512356683507612,0.001,0.37417475561156593,7.286349102239392,4941.009517214108,100,100
ENSMUSG00000081643,16.85170585737233,603.3540534589848,1.0,1.718045240461655,40.49969461302904,0.001,0.009063296214302331,100,100
ENSMUSG00000081648,0.04710032590953467,20.02545152317919,14.109604134813846,0.001,8.663512163501508,0.0013046584704578936,13.445269278953159,100,100
ENSMUSG00000081650,0.001,62.31581250733508,1.0,0.001,0.001,0.0015423416725337262,0.08165565850746495,100,100
ENSMUSG00000081657,0.06085774864973297,19.388961301597405,7.9498135093139135,0.003461366001857263,17.450184702015633,0.0010489572364094635,1.7899393350172337,100,100
ENSMUSG00000081664,6.647784405881735,818.2980060940822,1.0254193893937231,0.001,16.066310155530566,0.001,0.02618379997381954,100,100
ENSMUSG00000081670,0.001,61.674132606755,1.0,0.001,0.0010000000000000009,0.0019552849532879727,0.2371167918031586,100,100
ENSMUSG00000081674,0.001,62.31581250733508,1.0,0.001,0.001,0.001695588286387112,0.08325672326386047,100,100
ENSMUSG00000081677,0.19389942991721484,25.868907779205312,32.81206840805571,0.001098732833840032,0.34473864309152624,0.6381404307639347,261.7816518782011,100,100
ENSMUSG00000081678,0.001,62.31581250733508,1.0,0.001,0.001,0.0017201984475807472,0.21653321860257418,100,100
ENSMUSG00000081679,0.2766278025120522,17.53909252510332,2.9393185942263145,0.030860138208606686,41.895325297747874,0.0011039941517154844,1.0141565226347624,100,100
ENSMUSG00000081683,0.001,62.31581250733508,1.0,0.001,0.001,0.0017340835158450255,0.0638915323192691,100,100
ENSMUSG00000081695,0.012546520132911623,16.469601254789563,18.850300416711992,0.001,9.930347083036104,0.0011817549901595127,19.120722761032276,100,100
ENSMUSG00000081707,0.001,62.31581250733508,1.0,0.001,0.001,0.0015063357503177438,0.13870588495337105,100,100
ENSMUSG00000081712,0.001,66.84427540036525,1.0,0.001,0.001,0.0017760031172628838,0.12314928941214767,100,100
ENSMUSG00000081715,8.47833401616304,999.9887320584965,1.0,0.001,17.10398424969898,0.001000000000000426,0.03471816699443854,100,100
ENSMUSG00000081722,0.001,62.31581250733508,1.0,0.001,0.001,0.0017347115638956757,0.19857784051454164,100,100
ENSMUSG00000081729,1.7860207694055923,418.78507830526405,1.011248197851586,0.001,6.602996343471162,0.0010493628592680815,0.1185544395071482,100,100
ENSMUSG00000081730,0.001,62.31581250733508,1.0,0.001,0.0010000000000000005,0.0018460808666819683,0.3505988533865678,100,100
ENSMUSG00000081732,0.001,62.31581250733508,1.0,0.001,0.001,0.0018727459273777363,0.1105096626666077,100,100
ENSMUSG00000081733,0.001,66.84427540036525,1.0,0.001,0.001,0.0014456950460021017,0.09736646293322827,100,100
ENSMUSG00000081738,0.001,35.848363551018835,1.0,0.001,0.0010000000000000005,0.00247737702173861,0.6545758479596091,100,100
ENSMUSG00000081739,0.001,61.024058264401226,1.0,0.001,0.001,0.0017863534273890747,0.34018138298590506,100,100
ENSMUSG00000081745,0.001,62.31581250733508,1.0,0.001,0.001,0.0016721404302631037,0.09031734081444275,100,100
ENSMUSG00000081747,0.001,66.84427540036525,1.0,0.001,0.001,0.0016367992638102345,0.16639474553177386,100,100
ENSMUSG00000081748,0.001,66.84427540036525,1.0,0.001,0.001,0.0017030385962944518,0.5172277250893221,100,100
ENSMUSG00000081751,3.890032533040587,913.646855868236,1.0,0.001,9.454102056991747,0.0010002425422639162,0.03507545907220666,100,100
ENSMUSG00000081757,0.001,62.31581250733508,1.0,0.001,0.001,0.001972851186850813,0.886572766818559,100,100
ENSMUSG00000081769,0.36886142823078416,6.242795517415683,3.554768351322351,0.16090330922773932,1.657837424897047,0.10633249874767128,1.37845037068855,100,100
ENSMUSG00000081778,0.06664628717800988,3.7145399478404824,29.998426660667686,0.03963602315507183,0.11932290021835586,3.037947442337467,16.057350295113316,100,100
ENSMUSG00000081783,0.001,61.88525872635182,1.0,0.001,0.001,0.001903907299142455,0.21132468573277285,100,100
ENSMUSG00000081789,0.001,56.28768294784985,1.0,0.001,0.001,0.0022321033178527927,0.18487492596641256,100,100
ENSMUSG00000081792,0.001,0.13580119689014689,2.96698469177885,0.001,0.07595478157103368,0.003994830137272379,49.00489044429692,100,100
ENSMUSG00000081793,0.001,62.31581250733508,1.0,0.001,0.001,0.0018431926427938052,0.3007923864223477,100,100
ENSMUSG00000081797,0.04963916243396771,19.032216873363392,13.393019945060441,0.001,13.281356250822878,0.0011760520413529425,21.32544260676781,100,100
ENSMUSG00000081798,0.001,62.31581250733508,1.0,0.001,0.001,0.0019275370991121972,0.1331915316881223,100,100
ENSMUSG00000081805,0.001,33.03619149116789,1.0,0.001,0.001,0.002501724187603615,0.5122954114950018,100,100
ENSMUSG00000081809,7.04357168772503,853.0079519777136,1.0056152705151828,0.001,14.731524640591047,0.0010000000051108033,0.020123682794067593,100,100
ENSMUSG00000081811,0.001,62.31581250733508,1.0,0.001,0.001,0.001808343875227901,0.174006459110166,100,100
ENSMUSG00000081817,0.001,62.31581250733508,1.0,0.001,0.001,0.0017980439066138548,0.4239498411266024,100,100
ENSMUSG00000081828,0.001,62.31581250733508,1.0,0.001,0.0010000000000000005,0.0018221682193972568,0.19696140506258936,100,100
ENSMUSG00000081829,7.435491354997606,608.5057909216997,1.0229765965697324,0.001,20.804880789251065,0.001,0.06690220649650912,100,100
ENSMUSG00000081833,0.001,0.08071329500068053,8.497620172261373,0.001,0.01997686921080028,0.0031716955006722393,258.88235994201546,100,100
ENSMUSG00000081838,0.001,62.31581250733508,1.0,0.001,0.001,0.002462527911712008,0.15711100742410605,100,100
ENSMUSG00000081843,0.001,62.31581250733508,1.0,0.001,0.001,0.0015001201214481777,0.14519348469710092,100,100
ENSMUSG00000081860,0.001,66.84427540036525,1.0,0.001,0.001,0.0016421182296255195,0.1524491432370869,100,100
ENSMUSG00000081861,0.001,61.45463549419866,1.0,0.001,0.0010000000000000005,0.002061632123754266,0.24857364372210644,100,100
ENSMUSG00000081865,2.1649058074001775,252.79220931214593,1.0,0.001,19.266595538638647,0.0010000000000188938,0.017716112414997508,100,100
ENSMUSG00000081872,0.001,62.31581250733508,1.0,0.001,0.001,0.0017212914435766656,0.17710934982094328,100,100
ENSMUSG00000081873,0.6929120873771311,166.48605762337863,1.0,0.001,9.154395420400304,0.0010000000032782369,0.09059129386959186,100,100
ENSMUSG00000081884,10.546967692403856,843.262427678389,1.0,0.001,21.01947734856528,0.001,0.009386487846405726,100,100
ENSMUSG00000081885,0.001,61.45463549419866,1.0,0.001,0.001,0.0016615410581785235,0.1373372455773108,100,100
ENSMUSG00000081887,0.06141443755961858,19.408460907235202,7.951927255825781,0.001,20.375023440331994,0.0010302078080102642,3.821339981640229,100,100
ENSMUSG00000081892,0.001,61.88525872635182,1.0,0.001,0.001,0.0018438479477739097,0.21473076342199304,100,100
ENSMUSG00000081893,0.001,62.31581250733508,1.0,0.001,0.001,0.0017896133976822515,0.11336881157564688,100,100
ENSMUSG00000081894,0.003187314744809363,11.008311262188817,28.254790821369774,0.001,0.023881165424930868,0.0018717780921994798,16.3070362496808,100,100
ENSMUSG00000081895,3.716340479947006,17.288451265950847,350.11299099259537,0.3688837961708544,6.417253124090488,1.011735816323733,59.027777584636965,100,100
ENSMUSG00000081897,0.001,62.31581250733508,1.0,0.001,0.001,0.0016626897434231388,0.21938616295491908,100,100
ENSMUSG00000081906,0.001,62.31581250733508,1.0,0.001,0.001,0.0019252435886718759,0.08572413936604156,100,100
ENSMUSG00000081911,1.7932015621888362,392.1633667950199,1.0,0.001,9.33062188239777,0.001000000000000548,0.07506862199492843,100,100
ENSMUSG00000081916,0.001,62.31581250733508,1.0,0.001,0.001,0.0018937070184249561,0.4112177597108279,100,100
ENSMUSG00000081921,0.001,66.84427540036525,1.0,0.001,0.001,0.0021568043805280258,0.13303117455357935,100,100
ENSMUSG00000081928,0.001,62.31581250733508,1.0,0.001,0.001,0.0017661717288381584,0.17232426874801568,100,100
ENSMUSG00000081929,3.4814884623780804,32.95242199982682,7.214388052522354,0.618015614844298,383.52996234074504,0.0036854782207015064,4.311373075598125,100,100
ENSMUSG00000081933,0.001,62.31581250733508,1.0,0.001,0.001,0.0017878420016553917,0.18481283386589648,100,100
ENSMUSG00000081934,0.001,62.31581250733508,1.0,0.001,0.001,0.0016907366828870277,0.21448223545835085,100,100
ENSMUSG00000081941,7.001558807333086,842.2491660574899,1.0,0.001,14.587443781670828,0.001030707959342542,0.018006973093013336,100,100
ENSMUSG00000081944,0.006546202675791573,17.021488057774125,42.57707944664271,0.001,3.8892195566216,0.0018817003083643807,28.0364156079669,100,100
ENSMUSG00000081950,2.0813166845897446,503.1765750646759,1.0,0.001,7.307773292865014,0.0011042856640216007,0.10905517188317808,100,100
ENSMUSG00000081954,0.010776802763798674,20.010318071820933,22.80431551359354,0.001,5.460754868536381,0.0014582614162242744,17.37684302316974,100,100
ENSMUSG00000081957,0.021429772258593074,13.530747688739018,33.5759502518532,0.001,19.21707181594736,0.0011907877274933373,14.882575313750529,100,100
ENSMUSG00000081965,0.0035153189958338324,11.459522831816152,22.638819099550066,0.001,0.07182781712652729,0.0015481267978439909,16.827263141708432,100,100
ENSMUSG00000081967,2.2025929736633953,511.05930671717675,1.0674476362595127,0.001,14.312334149257497,0.001,0.06440678299466396,100,100
ENSMUSG00000081968,12.664819984109394,1000.0,1.0,0.001,19.993083432688046,0.001,0.00890819530393578,100,100
ENSMUSG00000081969,0.001,62.31581250733508,1.0,0.001,0.0010000000000000005,0.0015626405027421475,0.16485430224895437,100,100
ENSMUSG00000081974,15.416678865051946,844.2655133972933,1.0138476612796692,0.001,33.01492572288143,0.001,0.009486527458880453,100,100
ENSMUSG00000081979,0.001,62.31581250733508,1.0,0.001,0.001,0.0017107605702735562,0.570964502554612,100,100
ENSMUSG00000081984,0.034317443845790364,13.565371110193837,32.27095993150349,0.001,0.25940483551585125,0.1639653583605792,138.72358617426178,100,100
ENSMUSG00000081992,0.017517712541708936,15.728817971759698,37.567772119446545,0.001,0.10520296502504703,0.010661107400525942,115.77887697135358,100,100
ENSMUSG00000081996,0.001,61.674132606755,1.0,0.001,0.001,0.00195236506563614,0.11570132823797585,100,100
ENSMUSG00000082001,0.16268782772434698,18.06661830881833,4.166235872952032,0.004129141154565158,31.418512521737988,0.0010217412538774456,1.9391732231559602,100,100
ENSMUSG00000082002,0.001,59.94762576822368,1.0,0.001,0.001,0.0018286131825346618,0.216822208960595,100,100
ENSMUSG00000082006,0.001,62.31581250733508,1.0,0.001,0.001,0.0015198721995650188,0.1817255838263679,100,100
ENSMUSG00000082008,0.001,62.31581250733508,1.0,0.001,0.001,0.0013486061574451988,0.07404042693845367,100,100
ENSMUSG00000082013,0.001,58.655869952050985,1.0,0.001,0.0010000000000000005,0.002083607203374265,0.11809109738540638,100,100
ENSMUSG00000082018,0.001,62.31581250733508,1.0,0.001,0.001,0.0015566221851469123,0.15947882242695488,100,100
ENSMUSG00000082029,0.11675011863745177,25.093707591905993,24.85222978741975,0.001,0.3083222741361609,0.1944682105986448,121.90790911372723,100,100
ENSMUSG00000082031,0.001,62.31581250733508,1.0,0.001,0.001,0.0019076530697628544,0.07237425705672162,100,100
ENSMUSG00000082043,1.9436899174801565,467.0695388708544,1.0,0.001,11.714756811728344,0.001,0.1504524508281778,100,100
ENSMUSG00000082044,0.23365684624158845,0.6488869580427633,4.365448443394158,0.001037830064536486,0.6360798618146528,2.4045094691998448,2233.8210167837533,100,100
ENSMUSG00000082051,0.001,61.674132606755,1.0,0.001,0.001,0.0017589009408424156,0.22351983364152248,100,100
ENSMUSG00000082052,0.001,61.88525872635182,1.0,0.001,0.0010000000000000009,0.0017559644932309071,0.26001394434510816,100,100
ENSMUSG00000082054,0.001,61.45463549419866,1.0,0.001,0.001,0.0018527001117772941,0.2323097465911253,100,100
ENSMUSG00000082057,0.001,62.31581250733508,1.0,0.001,0.0010000000000000009,0.0015707249403218407,0.4284479134605275,100,100
ENSMUSG00000082061,0.2426465721599987,32.398564867086925,10.854903879676062,0.05355019939852959,23.96037492812772,0.0019647886637861574,0.8903177301472438,100,100
ENSMUSG00000082064,4.691460701943061,679.7498384898697,1.0,0.001,13.905239854201445,0.0010000000000009827,0.09838799356949683,100,100
ENSMUSG00000082076,0.001,60.60768216058454,1.0,0.001,0.0010000000000000009,0.0016736624044910908,0.4261885651585861,100,100
ENSMUSG00000082078,11.180249765900996,893.8070524363688,1.0,0.001,16.57342845358619,0.0010028528521839164,0.009322044425452182,100,100
ENSMUSG00000082079,0.001,66.84427540036525,1.0,0.001,0.0010000000000000009,0.0017294087459977943,0.4006934474843124,100,100
ENSMUSG00000082082,4.131519129298434,1000.0,1.000247281024765,0.001,7.511228405751394,0.0011219408324917423,0.09236910318068947,100,100
ENSMUSG00000082087,2.6135500190703223,341.4446578807115,630.1752380685599,0.7089837733840597,5.554786853237405,0.8369160307332386,24.505730692740727,100,100
ENSMUSG00000082088,0.001,66.84427540036525,1.0,0.001,0.001,0.0012925256818444282,0.19564606128684708,100,100
ENSMUSG00000082090,0.001,62.31581250733508,1.0,0.001,0.0010000000000000009,0.0016288226355207322,0.16898769596504065,100,100
ENSMUSG00000082099,0.001,61.88525872635182,1.0,0.001,0.001,0.0018032946781809341,0.2277440988344398,100,100
ENSMUSG00000082100,0.001,60.188376913276144,1.0,0.001,0.001,0.001964646821455271,0.0690095860871219,100,100
ENSMUSG00000082101,0.001,62.31581250733508,1.0,0.001,0.001,0.0015788847397584086,0.14428497634552429,100,100
ENSMUSG00000082107,0.001,62.31581250733508,1.0,0.001,0.0010000000000000005,0.0020773610242209124,0.30173866069128596,100,100
ENSMUSG00000082108,0.001,62.31581250733508,1.0,0.001,0.001,0.0025547364836355597,0.17753321803328873,100,100
ENSMUSG00000082110,0.001,52.84301763644715,1.0,0.001,0.001,0.0017895385991385817,0.11672603196512332,100,100
ENSMUSG00000082111,0.001,62.31581250733508,1.0,0.001,0.001,0.001525138806377341,0.1683901674502047,100,100
ENSMUSG00000082116,0.001,62.31581250733508,1.0,0.001,0.001,0.0017690172777298585,0.23392752951059798,100,100
ENSMUSG00000082118,0.001,66.84427540036525,1.0,0.001,0.001,0.002366314595624842,0.6171498556876844,100,100
ENSMUSG00000082120,1.4567771929458773,342.86552954263067,1.0,0.001,11.198135623442923,0.0010653108329438479,0.031127816051342953,100,100
ENSMUSG00000082130,0.001,66.84427540036525,1.0,0.001,0.001,0.0015877075119382212,0.14454449835799654,100,100
ENSMUSG00000082132,0.001,62.31581250733508,1.0,0.001,0.0010000000000000009,0.0016037521423486437,0.24659145837778018,100,100
ENSMUSG00000082140,12.661061140483431,744.9752800532492,1.0,0.001,26.664112018717347,0.001,0.010517538637146225,100,100
ENSMUSG00000082144,0.001,62.31581250733508,1.0,0.001,0.001,0.0016322337606562666,0.3918524597206686,100,100
ENSMUSG00000082148,0.001,62.31581250733508,1.0,0.001,0.001,0.001979513778730633,0.1059136458480015,100,100
ENSMUSG00000082152,0.001,62.31581250733508,1.0,0.001,0.001,0.002151711607403862,0.08837686254154292,100,100
ENSMUSG00000082163,21.47008571772619,1000.0,1.0,0.1387549701441167,28.30753988377601,0.001,0.013183824515757258,100,100
ENSMUSG00000082171,0.001,61.88525872635182,1.0,0.001,0.001,0.0018098471056785036,0.34643865558824116,100,100
ENSMUSG00000082179,15.800484749862397,999.9999999975342,1.02136723822967,0.001,29.584519214249063,0.001,0.01745855921157569,100,100
ENSMUSG00000082180,0.001,61.88525872635182,1.0,0.001,0.001,0.0018114044009830668,0.43898627593423806,100,100
ENSMUSG00000082186,7.988912368222881,999.9999999611534,1.0499074608056147,0.001,14.642889964744516,0.001000000000000331,0.02922252936805758,100,100
ENSMUSG00000082190,0.03358649048480108,1.5408135610524891,4.365485795131619,0.001,1.2922620048141849,0.07306113660936682,57.44649249790473,100,100
ENSMUSG00000082192,0.35676829623696116,0.4708539194404475,1.5534717546016907,0.0011401154533238005,2.0567988488103484,0.31156761110873454,1061.1282632979073,100,100
ENSMUSG00000082196,0.001,66.84427540036525,1.0,0.001,0.001,0.0015563803065645927,0.07211947825057437,100,100
ENSMUSG00000082197,0.001,61.88525872635182,1.0,0.001,0.001,0.0018648612044978824,0.19772605965730183,100,100
ENSMUSG00000082203,0.001,62.31581250733508,1.0,0.001,0.001,0.0017437685374682302,0.07737152302522571,100,100
ENSMUSG00000082208,0.001,61.88525872635182,1.0,0.001,0.001,0.0016849470353380738,0.16415770444910116,100,100
ENSMUSG00000082217,0.001,62.31581250733508,1.0,0.001,0.0010000000000000009,0.0016485877456413453,0.19814669158636872,100,100
ENSMUSG00000082220,0.001,66.84427540036525,1.0,0.001,0.001,0.0019467708820341545,0.0639947821911857,100,100
ENSMUSG00000082226,3.605362360419091,868.4115063134839,1.0,0.001,7.079649126325808,0.0011236390937554197,0.0341740879087336,100,100
ENSMUSG00000082229,0.022810183576412922,2.7173144889477268,5.14341363936025,0.001,9.602143137117018,0.0013005477558111131,35.319071562575765,100,100
ENSMUSG00000082233,1.3852081881343388,321.45383095684684,1.0,0.001,10.426102994347202,0.0010006407834205928,0.16009944561300066,100,100
ENSMUSG00000082240,0.001,62.31581250733508,1.0,0.001,0.0010000000000000005,0.0016105337201205029,0.555193175050868,100,100
ENSMUSG00000082244,0.001,0.08255096004313599,3.6686467767703883,0.001,0.06633908741955545,0.002540447156017368,61.30853284477243,100,100
ENSMUSG00000082246,0.001,46.16895283772983,1.0,0.001,0.001,0.0020200846115686457,0.18683476333985236,100,100
ENSMUSG00000082247,0.001,62.31581250733508,1.0,0.001,0.001,0.0017571821963990855,0.12253120687707095,100,100
ENSMUSG00000082248,0.001,61.024058264401226,1.0,0.001,0.001,0.0016873902665240298,0.09600203731101695,100,100
ENSMUSG00000082253,22.345278310236548,870.9624023473058,1.0,0.001,31.733304390642964,0.0010000000000047575,0.008532256307283083,100,100
ENSMUSG00000082258,0.001,66.84427540036525,1.0,0.001,0.001,0.0018338431441375079,0.2626007194049816,100,100
ENSMUSG00000082264,0.001,44.66190887290126,1.0,0.001,0.0010000000000000009,0.0022281089468290886,0.6484125938693892,100,100
ENSMUSG00000082266,0.001,66.84427540036525,1.0,0.001,0.0010000000000000005,0.0016081192579548874,0.06727511306552145,100,100
ENSMUSG00000082272,106.33961070847107,758.7695793683793,1.0,1.1295290510354867,138.66217955997837,0.0011865625329351647,0.0944450002261491,100,100
ENSMUSG00000082279,0.001,62.31581250733508,1.0,0.001,0.001,0.0015713807901461129,0.21383757615866683,100,100
ENSMUSG00000082280,3.5246580367360685,388.97784576126696,1.0,0.001,18.274365236807803,0.001,0.01169492347008198,100,100
ENSMUSG00000082283,0.005559712252201737,12.212682620113895,21.111289952293568,0.001,0.05359798987986576,0.0016664918465621077,18.706932715992075,100,100
ENSMUSG00000082286,0.001,15.753850757729339,1.0,0.001,0.001,0.00724327674174763,741.9586070593591,100,100
ENSMUSG00000082304,0.001,62.31581250733508,1.0,0.001,0.0010000000000000005,0.0018231788898662262,0.183065656658182,100,100
ENSMUSG00000082305,0.001,59.101841166386166,1.0,0.001,0.001,0.0017916575977369635,0.550008897482998,100,100
ENSMUSG00000082307,0.001,61.674132606755,1.0,0.001,0.001,0.0015481134798732848,0.12373141976189947,100,100
ENSMUSG00000082308,0.001,61.674132606755,1.0,0.001,0.001,0.0017362503512734512,0.17099150422112752,100,100
ENSMUSG00000082309,3.8033066429468203,465.725341809668,1.0079409655452678,0.001,14.01661197617473,0.0010000000000162002,0.04638197468406277,100,100
ENSMUSG00000082314,0.001,62.31581250733508,1.0,0.001,0.001,0.0015913224759042041,0.2943062022207015,100,100
ENSMUSG00000082315,0.006789034639846433,16.55744984169998,40.75322186220989,0.001,0.14163795762705905,0.0024901951690327866,26.00536360961662,100,100
ENSMUSG00000082318,0.001,66.84427540036525,1.0,0.001,0.0010000000000000009,0.002078821145799545,0.16382612064246763,100,100
ENSMUSG00000082319,0.14612832522999228,21.983807243633706,1.0067949969567003,0.001,13.481943767912059,0.0010000000000367259,0.07969037377455515,100,100
ENSMUSG00000082321,0.3340875961028245,0.30800223593547166,4.029606569056841,0.001496912914479887,1.2534745857534026,1.9202939200830915,3613.4347084236388,100,100
ENSMUSG00000082325,0.001,62.31581250733508,1.0,0.001,0.001,0.0017612590913339207,0.3388912233880292,100,100
ENSMUSG00000082330,1.0166586510150448,4.105072183268455,8.084548096417945,0.002849712162229869,1.5682375988460264,1.4011962154073527,2147.5390557245464,100,100
ENSMUSG00000082332,0.001,62.31581250733508,1.0,0.001,0.001,0.002258734333822801,0.14246945145728507,100,100
ENSMUSG00000082336,0.001,62.31581250733508,1.0,0.001,0.001,0.0020151372850583395,0.16548004834834895,100,100
ENSMUSG00000082345,0.003217271249029099,6.9905889119644415,23.154273547768543,0.001,0.11087945045922712,0.0018412460134286485,9.77068821609807,100,100
ENSMUSG00000082357,0.001,66.84427540036525,1.0,0.001,0.001,0.0018247743882005996,0.19709491825611605,100,100
ENSMUSG00000082360,3.3467679826601007,809.4058638924901,1.0,0.001,6.768668434251952,0.0010055569012822718,0.0821621052065173,100,100
ENSMUSG00000082361,1.8145822829794953,434.3402381094074,1.0,0.001,7.2099357058189,0.0014128824837945273,0.11484831196478318,100,100
ENSMUSG00000082373,0.001,62.31581250733508,1.0,0.001,0.001,0.0015899836246072658,0.07890959618627783,100,100
ENSMUSG00000082374,0.001,62.31581250733508,1.0,0.001,0.001,0.0017546881570438834,0.5865691929724948,100,100
ENSMUSG00000082379,0.001,62.31581250733508,1.0,0.001,0.001,0.0013400829269527245,0.17354322752596057,100,100
ENSMUSG00000082383,0.001,60.80878088638715,1.0,0.001,0.001,0.0019410766448620712,0.18470675339154394,100,100
ENSMUSG00000082394,0.001,61.45463549419866,1.0,0.001,0.001,0.002240819558899997,0.545094254889343,100,100
ENSMUSG00000082395,0.001,62.31581250733508,1.0,0.001,0.001,0.001974754340106603,0.10568280538070562,100,100
ENSMUSG00000082396,0.010814260122223366,19.640834712583324,22.418294090990972,0.001,5.081567633062425,0.001756348607028654,16.862848707348633,100,100
ENSMUSG00000082400,0.001,62.31581250733508,1.0,0.001,0.0010000000000000005,0.00147669946958988,0.1699325140141726,100,100
ENSMUSG00000082406,0.001,62.31581250733508,1.0,0.001,0.001,0.0013999530504393651,0.22265869755057088,100,100
ENSMUSG00000082419,0.001,44.446620010032944,1.0,0.001,0.001,0.002179591318249808,0.30680965220769374,100,100
ENSMUSG00000082423,0.001,61.45463549419866,1.0,0.001,0.001,0.0020458237194300073,0.49405092748390367,100,100
ENSMUSG00000082429,0.001,62.31581250733508,1.0,0.001,0.001,0.0016470578337829428,0.09848595361225485,100,100
ENSMUSG00000082431,0.001,0.00526063727182129,6.018143401088925,0.001,0.05817282623270263,8.607853832788747,2909.1025438108595,100,100
ENSMUSG00000082436,0.001,62.31581250733508,1.0,0.001,0.001,0.001698471763431734,0.3045092235371627,100,100
ENSMUSG00000082454,0.09317320707086818,12.083849713333867,199.7769658149113,0.001,0.11801470060452782,2.8070203695353264,1946.0084151403453,100,100
ENSMUSG00000082455,2.17383216946989,511.6587691372641,1.0,0.001,7.840897819882464,0.0010906214626441525,0.047283310336487666,100,100
ENSMUSG00000082457,0.001,62.31581250733508,1.0,0.001,0.001,0.0016814842207427613,0.11717889528046341,100,100
ENSMUSG00000082463,0.001,62.31581250733508,1.0,0.001,0.001,0.0015225785614160574,0.6624059898175388,100,100
ENSMUSG00000082465,0.001,16.685594492980314,1.0,0.001,0.001,0.007175105134497241,0.6675827115814366,100,100
ENSMUSG00000082474,3.543663271141584,454.5892852758104,1.1014392496862966,0.001,17.28295870631503,0.001,0.01956262936280633,100,100
ENSMUSG00000082475,4.568171628271396,999.9999999489864,1.0,0.001,12.144522611650334,0.001,0.03541927169246653,100,100
ENSMUSG00000082476,0.001,60.37820284006485,1.0,0.001,0.0010000000000000005,0.0016165941912365989,0.3761633359871742,100,100
ENSMUSG00000082480,nan,nan,nan,nan,nan,nan,nan,0,0
ENSMUSG00000082481,0.001,59.101841166386166,1.0,0.001,0.001,0.0021072265938952687,0.14347375483408611,100,100
ENSMUSG00000082483,0.001,62.31581250733508,1.0,0.001,0.0010000000000000005,0.001822548999196249,0.11537757918949743,100,100
ENSMUSG00000082487,0.19526735559958097,30.183644582309736,23.08128767077549,0.0016543908116101852,0.5941237198178395,0.21160394898915613,114.53647972852616,100,100
ENSMUSG00000082491,0.001,54.1347501554312,1.0,0.001,0.001,0.00149002287611963,0.19467116732376835,100,100
ENSMUSG00000082494,0.13865536615687452,17.91660050811405,6.789267980505528,0.004323034865328584,35.25575076865742,0.001180163499546439,1.9223292967349201,100,100
ENSMUSG00000082497,0.001,62.31581250733508,1.0,0.001,0.0010000000000000005,0.0018902201983440469,1.56234795595206,100,100
ENSMUSG00000082503,0.001,62.31581250733508,1.0,0.001,0.001,0.002144818754514576,0.18213096083467598,100,100
ENSMUSG00000082507,0.7799924437785465,176.558134647324,1.0,0.001,5.010193167121121,0.001008680930344495,0.08259601935686389,100,100
ENSMUSG00000082508,0.001,62.31581250733508,1.0,0.001,0.001,0.0016784363677424985,0.13772483153928292,100,100
ENSMUSG00000082515,0.001,62.31581250733508,1.0,0.001,0.0010000000000000005,0.002103225513195396,0.07765912218669305,100,100
ENSMUSG00000082520,0.022602196600082655,20.87438956113088,15.179993251291188,0.001,8.012785587271322,0.0011227643383143414,12.960180195450391,100,100
ENSMUSG00000082528,0.001,62.31581250733508,1.0,0.001,0.001,0.0018108112702260168,0.27944562089933705,100,100
ENSMUSG00000082529,0.001,62.31581250733508,1.0,0.001,0.0010000000000000005,0.0017426699071407487,0.13455924416734044,100,100
ENSMUSG00000082530,0.001,52.51336921168107,1.0,0.001,0.001,0.001626360333058281,0.16734737334688674,100,100
ENSMUSG00000082532,0.001,60.60768216058454,1.0,0.001,0.0010000000000000007,0.0016248988994202684,0.2359326799843714,100,100
ENSMUSG00000082535,0.0032165469161897493,9.162666173967539,23.672403917828717,0.001,0.06001999061503536,0.0016103801371727996,12.545249514942082,100,100
ENSMUSG00000082545,0.001,62.31581250733508,1.0,0.001,0.0010000000000000009,0.001542079935182328,0.21665998942614234,100,100
ENSMUSG00000082550,0.00961905225743204,0.04010211398745838,1.0388192566587362,0.0019888991346830327,0.3738455207451993,0.5172593022637906,157.07155122384734,100,100
ENSMUSG00000082554,0.001,62.31581250733508,1.0,0.001,0.001,0.0016823639215897232,0.11080891898162626,100,100
ENSMUSG00000082560,0.001,62.31581250733508,1.0,0.001,0.001,0.001703700159184272,0.14528278464864847,100,100
ENSMUSG00000082561,0.001,61.88525872635182,1.0,0.001,0.001,0.0017306647461537525,0.13317181867042538,100,100
ENSMUSG00000082575,0.001,13.186998118948347,1.0,0.001,0.001,0.08136233698443676,7.510174861084158,100,100
ENSMUSG00000082579,0.001,62.31581250733508,1.0,0.001,0.0010000000000000005,0.0016241054215222258,0.209816207666915,100,100
ENSMUSG00000082592,0.001,62.31581250733508,1.0,0.001,0.001,0.0017456837549707214,0.2146690209636577,100,100
ENSMUSG00000082596,0.15122862437754025,1.089256275034049,1.586668208175854,0.0457746167734029,0.6886146242216321,0.2672429267820988,7.568305691867106,100,100
ENSMUSG00000082600,0.001,62.31581250733508,1.0,0.001,0.001,0.001942728658297209,0.18228666484374073,100,100
ENSMUSG00000082604,0.001,62.31581250733508,1.0,0.001,0.0010000000000000005,0.002006409566570319,0.1425441511248733,100,100
ENSMUSG00000082605,0.001,66.84427540036525,1.0,0.001,0.001,0.002071120271359339,0.10814509761438579,100,100
ENSMUSG00000082608,0.001,62.31581250733508,1.0,0.001,0.001,0.0016130358821377544,0.09109266936852403,100,100
ENSMUSG00000082609,0.001,54.78719670450446,1.0,0.001,0.0010000000000000005,0.0016880540561075262,0.11360186457248471,100,100
ENSMUSG00000082610,0.881564516204355,212.83947995384116,1.0,0.001,7.900243926227686,0.0010094255674421646,0.2842489282593662,100,100
ENSMUSG00000082614,4.1336179629762935,999.9999943156627,1.0,0.001,8.300070678574603,0.0010000000000072893,0.05873174308881039,100,100
ENSMUSG00000082626,0.001,61.45463549419866,1.0,0.001,0.001,0.002031134821522926,0.11731841358470424,100,100
ENSMUSG00000082645,0.10808709930047103,2.694041025426403,1.0,0.028550554732976935,29.551390103677836,0.0010000000000008854,0.9591592592508374,100,100
ENSMUSG00000082646,0.08236061676256749,18.87397311110368,9.496568420778036,0.001,17.7041184446849,0.0014116060413931959,20.796617007294252,100,100
ENSMUSG00000082649,1.503103188885066,363.25008257950475,1.0,0.001,10.506386409153889,0.001000000025954373,0.02186068047291275,100,100
ENSMUSG00000082651,0.001,62.31581250733508,1.0,0.001,0.001,0.0020448378915251583,0.1990315091983288,100,100
ENSMUSG00000082658,0.001,62.31581250733508,1.0,0.001,0.001,0.00159834689850934,0.15306045924087613,100,100
ENSMUSG00000082676,0.001,61.674132606755,1.0,0.001,0.0010000000000000005,0.0017735217469316694,0.20559460672187427,100,100
ENSMUSG00000082677,0.001,66.84427540036525,1.0,0.001,0.001,0.001685818878269625,0.21587662428688664,100,100
ENSMUSG00000082684,4.146906333238779,999.9999999237627,1.0,0.001,11.833279421245042,0.00102481178571344,0.14377514324229085,100,100
ENSMUSG00000082686,0.001,61.674132606755,1.0,0.001,0.0010000000000000009,0.0017994131968661069,0.5124554662145492,100,100
ENSMUSG00000082687,0.014022655443562054,19.62220919217824,30.303780230942184,0.001,1.5224883373268268,0.0017214062010175689,40.85494763076625,100,100
ENSMUSG00000082693,0.7166325860494729,2.1173792102297035,2.038465653866422,0.11705662910949047,2.6825871608444523,0.19674741900937842,7.466850741526413,100,100
ENSMUSG00000082699,0.001,62.31581250733508,1.0,0.001,0.001,0.0017404558945086517,0.10941372347690585,100,100
ENSMUSG00000082703,0.001,62.31581250733508,1.0,0.001,0.001,0.0017450718275798098,0.10886655225267192,100,100
ENSMUSG00000082706,0.001,57.20236353089962,1.0,0.001,0.0010000000000000005,0.0016273185576044995,0.0501683844203475,100,100
ENSMUSG00000082709,12.692607236135256,999.9999999780857,1.0148264526741613,0.001,28.7990608444283,0.001,0.009731169395473018,100,100
ENSMUSG00000082711,0.002282742526353962,6.729575419890414,32.476872782626074,0.001,0.06057273489023508,0.001820146975189843,8.460159897924104,100,100
ENSMUSG00000082715,0.001,61.45463549419866,1.0,0.001,0.001,0.001642842632597775,0.26019271062527405,100,100
ENSMUSG00000082716,0.001,66.84427540036525,1.0,0.001,0.001,0.001545101918658211,0.06114309567224617,100,100
ENSMUSG00000082726,0.06059929108701401,19.45591275092607,7.9780798897315615,0.001,16.811472412069765,0.0010000000283561428,2.2494636322725245,100,100
ENSMUSG00000082729,0.0026267656587739083,5.404498212940324,28.451429830521203,0.001,0.058281741431824845,0.002235826632478749,40.66704088976137,100,100
ENSMUSG00000082740,0.001,61.45463549419866,1.0,0.001,0.0010000000000000005,0.0015865775850981683,0.12445286465998392,100,100
ENSMUSG00000082741,0.9615327710961211,26.238584231930442,2.5332527477070985,0.11742010822115871,99.54638922572937,0.0010965806788176013,0.6994179180319391,100,100
ENSMUSG00000082749,0.001,60.80878088638715,1.0,0.001,0.0010000000000000009,0.0021944128511834364,0.09454620887737658,100,100
ENSMUSG00000082762,0.001,13.515193736555084,1.0,0.001,0.001,0.029134430666305146,3.0652585191133923,100,100
ENSMUSG00000082765,0.001,62.31581250733508,1.0,0.001,0.001,0.0019926393092649574,0.19894509521347117,100,100
ENSMUSG00000082766,0.001,62.31581250733508,1.0,0.001,0.001,0.00154959713242089,0.4445802227308756,100,100
ENSMUSG00000082768,5.573313604813145,648.7692728428079,1.0,0.001,15.954588402813119,0.001,0.048880692919158066,100,100
ENSMUSG00000082769,0.001,59.52330063774062,1.0,0.001,0.001,0.00200720069928629,0.135975877192987,100,100
ENSMUSG00000082774,0.001,66.84427540036525,1.0,0.001,0.001,0.0018557190120058783,0.1821313403402729,100,100
ENSMUSG00000082776,1.6262619868264967,395.3519615968364,1.004113302142248,0.001,9.128254478998478,0.0011850977598114806,0.0786686706833847,100,100
ENSMUSG00000082779,0.001,61.024058264401226,1.0,0.001,0.001,0.001515965121222391,0.1446561323987145,100,100
ENSMUSG00000082791,0.001,51.55123971933564,1.0,0.001,0.001,0.0015748614685334558,0.07276845158115429,100,100
ENSMUSG00000082794,0.001,62.31581250733508,1.0,0.001,0.001,0.0017697062996762775,0.0706616584892786,100,100
ENSMUSG00000082806,0.001,66.84427540036525,1.0,0.001,0.001,0.0016295871425085883,0.2334907685647279,100,100
ENSMUSG00000082809,0.001,13.147732610051081,1.0,0.001,0.001,0.16092111041878537,7.611588729470059,100,100
ENSMUSG00000082812,0.001,62.31581250733508,1.0,0.001,0.0010000000000000009,0.00147404185460836,0.08324246865891877,100,100
ENSMUSG00000082816,0.001,0.03303375526494782,1.6492681292727243,0.001,5.5049634086509664,0.001487176498098436,101.5763459258182,100,100
ENSMUSG00000082820,0.48683802259282405,17.209240255762076,2.901489989119774,0.05778930661233327,67.42467334722154,0.0013730409265124148,0.6827501536672397,100,100
ENSMUSG00000082826,2.4842547690358217,32.13553139070779,9.912134895537577,0.3138999386579044,163.9455578777044,0.010222078142482119,7.8772511628972115,100,100
ENSMUSG00000082829,0.001,62.31581250733508,1.0,0.001,0.001,0.001672536235074796,0.20663806050131805,100,100
ENSMUSG00000082833,0.001,62.31581250733508,1.0,0.001,0.001,0.0019209459449715798,0.1861604598811029,100,100
ENSMUSG00000082838,0.001,66.84427540036525,1.0,0.001,0.001,0.0015661726926368884,0.25647656303823774,100,100
ENSMUSG00000082848,0.001,62.31581250733508,1.0,0.001,0.0010000000000000009,0.0017224237150716675,0.10846608966680676,100,100
ENSMUSG00000082855,5.000068349922787,602.2031340226669,1.0,0.001,13.26696604182353,0.0010000005487732526,0.030437472024301415,100,100
ENSMUSG00000082860,0.001,62.31581250733508,1.0,0.001,0.001,0.00177888633107868,0.1062360969653603,100,100
ENSMUSG00000082861,0.001,66.84427540036525,1.0,0.001,0.001,0.0016961452756732154,0.14828796569694935,100,100
ENSMUSG00000082870,1.6951184992399486,434.6310646958758,1.0591007154072447,0.001,11.32184037223277,0.001000017031807048,0.036396241650348035,100,100
ENSMUSG00000082874,0.001,54.1347501554312,1.0,0.001,0.001,0.0014265003279138274,0.1050609286579498,100,100
ENSMUSG00000082879,0.001,62.31581250733508,1.0,0.001,0.0010000000000000005,0.0016846182276170148,0.18822283150250796,100,100
ENSMUSG00000082884,6.718845816778733,923.5201674336384,2650.9983625033915,4.9382485373147365,9.432753136921075,2.0654502356474747,4.250348853594104,100,100
ENSMUSG00000082888,0.001,62.31581250733508,1.0,0.001,0.001,0.0018863482232770912,0.1253421787896437,100,100
ENSMUSG00000082895,4.889239186068673,176.7064487148671,978.0129251171248,1.9628913993158947,13.300818108866903,1.957878656930681,37.4215108754917,100,100
ENSMUSG00000082900,0.001,60.188376913276144,1.0,0.001,0.001,0.0019306762330789271,0.10251886272191682,100,100
ENSMUSG00000082917,0.001,62.31581250733508,1.0,0.001,0.001,0.0017188217193140796,0.24814901507828818,100,100
ENSMUSG00000082920,0.001,53.96529354175793,1.0,0.001,0.001,0.0016723480687866618,0.5020721607189579,100,100
ENSMUSG00000082922,0.001,62.31581250733508,1.0,0.001,0.001,0.00164531507297696,0.09730359754929302,100,100
ENSMUSG00000082926,10.0,10.0,10.0,0.024457569073217247,0.9887340009971217,1.6131565602432576,164.12198298836785,100,100
ENSMUSG00000082928,0.001,62.31581250733508,1.0,0.001,0.001,0.0014640802450055826,0.20923713323115237,100,100
ENSMUSG00000082931,7.9435160214537195,629.6902204303999,1.0,0.001,17.00937084510572,0.0010000000000000005,0.02422140780762018,100,100
ENSMUSG00000082936,0.001,61.674132606755,1.0,0.001,0.001,0.0015967212360472921,0.1446486102768726,100,100
ENSMUSG00000082938,0.08951262892867885,16.33417201390199,9.420773559896732,0.001,32.90647120531335,0.0011825314911384564,67.21597073825419,100,100
ENSMUSG00000082941,0.001,62.31581250733508,1.0,0.001,0.001,0.001354704334608453,0.2765327880610897,100,100
ENSMUSG00000082954,0.001,62.31581250733508,1.0,0.001,0.001,0.0017003730367699272,0.0994438947468102,100,100
ENSMUSG00000082960,0.001,62.31581250733508,1.0,0.001,0.0010000000000000005,0.0015034071848286914,0.24007262214750708,100,100
ENSMUSG00000082964,0.001,62.31581250733508,1.0,0.001,0.0010000000000000005,0.0016737608164699583,0.18554200327177667,100,100
ENSMUSG00000082969,0.001,66.84427540036525,1.0,0.001,0.001,0.001722705712869265,0.5754942359570219,100,100
ENSMUSG00000082978,0.001,34.13110421827449,1.0,0.001,0.001,0.0025719451867222444,0.4926444319501371,100,100
ENSMUSG00000082981,0.001,66.84427540036525,1.0,0.001,0.0010000000000000005,0.001674600126013764,0.36752880554273015,100,100
ENSMUSG00000082990,0.001,56.93353796528001,1.0,0.001,0.001,0.001865106557802323,0.22873099333887098,100,100
ENSMUSG00000082996,0.001,62.31581250733508,1.0,0.001,0.001,0.0015075544555178772,0.27688281589185915,100,100
ENSMUSG00000082998,1.2900418741961623,34.236125729078296,4.529997859206761,0.33940443068245424,90.02940476510673,0.0018581291187542421,0.5538632700365883,100,100
ENSMUSG00000083006,0.001,62.31581250733508,1.0,0.001,0.001,0.0015195141350430072,0.2710584132759141,100,100
ENSMUSG00000083009,0.001,62.31581250733508,1.0,0.001,0.0010000000000000009,0.0017451053681589446,0.22527191494396565,100,100
ENSMUSG00000083012,0.7035799023974874,9.928694168972457,11.074021402242286,0.30977085704459145,1.2195915561154798,0.5648871550468774,2.85682910302146,100,100
ENSMUSG00000083014,0.6271465480030781,154.92719237319113,1.0725811857353496,0.001,8.296137126581133,0.0010007983810170241,0.12213291057539333,100,100
ENSMUSG00000083015,0.001,62.31581250733508,1.0,0.001,0.0010000000000000005,0.0014970758328692972,0.1350856631518444,100,100
ENSMUSG00000083016,0.001,61.674132606755,1.0,0.001,0.001,0.0013719514280677888,0.1076815022170039,100,100
ENSMUSG00000083019,0.001,66.84427540036525,1.0,0.001,0.001,0.0021414880469767346,0.24080007018903798,100,100
ENSMUSG00000083022,0.001,25.72221252476514,1.0,0.001,0.001,0.003988731395173905,0.5380001384537945,100,100
ENSMUSG00000083025,0.001,62.31581250733508,1.0,0.001,0.0010000000000000005,0.0019989474231052453,0.1397193856577137,100,100
ENSMUSG00000083027,0.001,61.024058264401226,1.0,0.001,0.001,0.0019209512642307516,0.1428757522848625,100,100
ENSMUSG00000083033,0.001,39.83236008677109,1.0,0.001,0.001,0.002329049440985744,0.2952429996379913,100,100
ENSMUSG00000083036,0.001,66.84427540036525,1.0,0.001,0.0010000000000000009,0.0018021376393533358,0.08073028367413249,100,100
ENSMUSG00000083043,0.001,62.31581250733508,1.0,0.001,0.001,0.0017255847552201308,0.26739812494974813,100,100
ENSMUSG00000083061,0.001,13.596412732960566,1.0,0.001,0.001,0.02747143248116414,2.888484180756437,100,100
ENSMUSG00000083064,0.008841752707644597,7.541906082511458,25.15199792686265,0.001,0.11495122574518948,0.003028648371794909,41.16477016054448,100,100
ENSMUSG00000083066,0.001,62.31581250733508,1.0,0.001,0.001,0.0018947567010203933,0.07469276447535544,100,100
ENSMUSG00000083070,0.001,62.31581250733508,1.0,0.001,0.001,0.0015336426507483213,0.19697940792961594,100,100
ENSMUSG00000083086,2.398468794745146,577.0230940414881,1.0,0.001,8.31482075834518,0.0010000000000035428,0.02599080353958355,100,100
ENSMUSG00000083090,1.8855242048223924,454.9597606392765,1.0,0.001,12.104063390260512,0.0010032955900579133,0.046902957204984635,100,100
ENSMUSG00000083093,0.001,62.31581250733508,1.0,0.001,0.001,0.0017853320211284182,0.1506425518780885,100,100
ENSMUSG00000083100,1.9751834003142985,475.50700159073045,1.0,0.001,9.287107115397681,0.0010279182198732082,0.08728633039099173,100,100
ENSMUSG00000083104,2.3992539462854334,631.6350691373558,1.0917831779394422,0.001,6.265505810889137,0.001449796822235718,0.06993431491580297,100,100
ENSMUSG00000083107,0.001,66.84427540036525,1.0,0.001,0.001,0.0018021140287537128,0.6994534458462949,100,100
ENSMUSG00000083120,1.5172437438947775,363.64103982169183,1.0,0.001,4.16887556290455,0.001030891647567751,0.03482306288033543,100,100
ENSMUSG00000083121,92.11498990259172,924.9979472635858,1.0,9.670553854082293,108.2101481533926,0.001089148700118133,0.009055863217667999,100,100
ENSMUSG00000083149,0.001,62.31581250733508,1.0,0.001,0.001,0.0018007213033861221,0.09135611946564502,100,100
ENSMUSG00000083152,2.1461883628863268,516.8437340473623,1.0,0.001,7.591868736062866,0.0010413680611421068,0.09489554993541256,100,100
ENSMUSG00000083157,3.07783631307003,741.2598198343227,1.0,0.001,9.842457037926811,0.0010001891503380173,0.06018841250439415,100,100
ENSMUSG00000083165,0.001,62.31581250733508,1.0,0.001,0.0010000000000000005,0.0018448985005576155,0.28548148233858517,100,100
ENSMUSG00000083169,0.001,49.39835225148649,1.0,0.001,0.001,0.0017205149653051325,0.4351486779120748,100,100
ENSMUSG00000083178,0.001,62.31581250733508,1.0,0.001,0.001,0.0015858723796014114,0.13322504963889908,100,100
ENSMUSG00000083186,1.6262619868264967,395.3519615968364,1.004113302142248,0.001,7.332636553125915,0.0010000000031604914,0.12085102619439678,100,100
ENSMUSG00000083191,0.001,62.31581250733508,1.0,0.001,0.001,0.0020978440035109057,0.26930944356802894,100,100
ENSMUSG00000083192,0.001,13.24437027100208,1.0,0.001,0.001,0.03865272309396657,4.620603733302123,100,100
ENSMUSG00000083193,0.001,62.31581250733508,1.0,0.001,0.001,0.001899653585160296,0.5131251258039073,100,100
ENSMUSG00000083200,0.001,61.88525872635182,1.0,0.001,0.001,0.0018212065856996456,0.23900436255636373,100,100
ENSMUSG00000083207,0.001,62.31581250733508,1.0,0.001,0.001,0.0019715440948545986,0.17317269747727257,100,100
ENSMUSG00000083208,0.001,62.31581250733508,1.0,0.001,0.001,0.0015920337170070458,0.15884711442340765,100,100
ENSMUSG00000083209,0.003152375789089701,9.389929231126672,24.416147148488815,0.001,0.08667376159221346,0.0015582746741381335,16.80924443638469,100,100
ENSMUSG00000083210,8.562138832519583,999.9999999954418,1.0006275834996499,0.001,16.069324405323556,0.001,0.03975996066075208,100,100
ENSMUSG00000083213,0.001,62.31581250733508,1.0,0.001,0.001,0.0017503735631154561,0.18319699125624772,100,100
ENSMUSG00000083215,0.13201960554243453,33.124111296552535,1.00000000000535,0.001,7.288189680346165,0.0013030166274955487,0.06098081964941748,100,100
ENSMUSG00000083219,2.817787310983245,11.89529299628479,16.641930486388265,1.2719028182878964,4.644723326357772,0.6836332650068688,4.696809766032364,100,100
ENSMUSG00000083220,0.3656303414437335,0.4429436069926056,1.8483067628266832,0.002855853995376159,1.8561572612667312,0.44013655436766785,859.9616721624878,100,100
ENSMUSG00000083223,0.001,62.31581250733508,1.0,0.001,0.001,0.0016243144330580748,0.11926977758494378,100,100
ENSMUSG00000083228,0.001,62.31581250733508,1.0,0.001,0.001,0.0018643671721626043,0.21679865819899222,100,100
ENSMUSG00000083230,0.001,62.31581250733508,1.0,0.001,0.0010000000000000005,0.0016305741736281844,0.13632455398889842,100,100
ENSMUSG00000083236,1.355819176371755,328.0735537411803,1.0066363793788677,0.001,7.37401922994297,0.0011592822343347363,0.09005271442971291,100,100
ENSMUSG00000083241,0.001,62.31581250733508,1.0,0.001,0.001,0.0019248438931640324,0.10676693619510663,100,100
ENSMUSG00000083245,0.001,58.440570410729244,1.0,0.001,0.001,0.002151050176448375,0.1780856766381625,100,100
ENSMUSG00000083246,0.001,57.620632314225304,1.0,0.001,0.001,0.0020391898842367986,0.09165334715515155,100,100
ENSMUSG00000083258,0.001,61.45463549419866,1.0,0.001,0.001,0.0016578108050089872,0.1635876379078179,100,100
ENSMUSG00000083261,0.004587075653197408,0.09444642058819049,2.3691646019323085,0.001,0.05206068178910607,0.022738746257682914,224.37132263693584,100,100
ENSMUSG00000083263,0.001,62.31581250733508,1.0,0.001,0.001,0.0015623534859439034,0.25521504912879195,100,100
ENSMUSG00000083268,4.298649720474448,506.74536262701923,1.0,0.001,16.821480690533043,0.0010000000006870602,0.03254102792987336,100,100
ENSMUSG00000083270,0.001,55.42650537347377,1.0,0.001,0.0010000000000000009,0.0018378501916466957,0.1563388204357648,100,100
ENSMUSG00000083272,0.001,62.31581250733508,1.0,0.001,0.001,0.0017709278030876084,0.1850240731404915,100,100
ENSMUSG00000083280,0.001,66.84427540036525,1.0,0.001,0.001,0.0018015707780173556,0.1897766279932154,100,100
ENSMUSG00000083282,1.3582506159043017,21.85811502338126,79.63859342966175,0.9133189122794889,1.8483229541208201,2.458281424173805,6.796290258546946,100,100
ENSMUSG00000083283,0.001,47.24541930748484,1.0,0.001,0.001,0.0021118096508565306,0.35133507588292756,100,100
ENSMUSG00000083300,0.001,62.31581250733508,1.0,0.001,0.0010000000000000005,0.0017804519668845357,0.19262484208122443,100,100
ENSMUSG00000083306,0.001,62.31581250733508,1.0,0.001,0.001,0.001569257789926866,0.2839353155189068,100,100
ENSMUSG00000083307,0.1567898200889789,1.1658364224596178,6.2374105091074865,0.07855696479085575,0.2987330923745275,2.199922358879958,13.957847891910781,100,100
ENSMUSG00000083332,0.001,62.31581250733508,1.0,0.001,0.001,0.00182696459940656,0.3639599818942747,100,100
ENSMUSG00000083337,0.001,13.390426730109503,1.0,0.001,0.001,0.03549872150449527,3.4231138994497363,100,100
ENSMUSG00000083339,0.001,62.31581250733508,1.0,0.001,0.001,0.001970058681089777,0.05894496617787057,100,100
ENSMUSG00000083340,0.001,66.84427540036525,1.0,0.001,0.0010000000000000009,0.0017741731708747236,0.3511135162033747,100,100
ENSMUSG00000083353,0.001,66.84427540036525,1.0,0.001,0.001,0.0017331869173198404,0.22993105878586234,100,100
ENSMUSG00000083355,0.001,62.31581250733508,1.0,0.001,0.001,0.0016743809561237245,0.2011069026744038,100,100
ENSMUSG00000083364,0.8367051533390545,0.6456267788570816,6.876113305220677,0.04989152176076058,6.35744973485815,0.6268217360217669,413.92770746563866,100,100
ENSMUSG00000083367,0.004141312146375188,0.006909322632277686,1.4427340734052818,0.001,0.5825849347644504,0.9212134943737056,1050.6866152895982,100,100
ENSMUSG00000083379,7.968650658225455,641.8274768272571,1.002965283174795,0.001,19.39691691481179,0.001,0.0222626187521068,100,100
ENSMUSG00000083390,0.001,61.88525872635182,1.0,0.001,0.001,0.0016625335208465208,0.1991457851382866,100,100
ENSMUSG00000083391,0.001,60.188376913276144,1.0,0.001,0.0010000000000000005,0.0017027782450767196,0.12638334785831243,100,100
ENSMUSG00000083395,0.001,62.31581250733508,1.0,0.001,0.001,0.001584649366587878,0.07675708336849038,100,100
ENSMUSG00000083396,0.001,0.003984133621746758,10.012283933044598,0.001,0.00392889674822657,0.058053709857939714,8426.092411710963,100,100
ENSMUSG00000083411,0.7575344133926292,0.5893662493813413,13.360205323958096,0.004089547034551744,7.098769585643289,1.1138157655013046,9330.636124426055,100,100
ENSMUSG00000083429,0.001,61.024058264401226,1.0,0.001,0.001,0.0016457763029363525,0.2251815336823073,100,100
ENSMUSG00000083435,0.001,62.31581250733508,1.0,0.001,0.001,0.0017112703442849707,0.08655955668470328,100,100
ENSMUSG00000083438,0.001,61.45463549419866,1.0,0.001,0.0010000000000000005,0.0018161003230554964,0.1318751173346026,100,100
ENSMUSG00000083449,0.001,62.31581250733508,1.0,0.001,0.001,0.001605575632390332,0.17680740628782118,100,100
ENSMUSG00000083460,0.001,66.84427540036525,1.0,0.001,0.001,0.0015710055767237776,0.2848357888284156,100,100
ENSMUSG00000083461,5.749762898092981,692.3450668691397,1.0,0.001,14.442117999018194,0.001000000000008455,0.028777965412788938,100,100
ENSMUSG00000083462,0.001,61.674132606755,1.0,0.001,0.001,0.0018100349847408347,0.22076472595508045,100,100
ENSMUSG00000083465,0.001,56.07238254938317,1.0,0.001,0.001,0.0015500750318445534,0.11911190272722447,100,100
ENSMUSG00000083468,0.001,61.674132606755,1.0,0.001,0.001,0.001858011921854958,0.09799182619520153,100,100
ENSMUSG00000083471,0.001,62.31581250733508,1.0,0.001,0.001,0.0019067314688486084,0.10454989048899074,100,100
ENSMUSG00000083473,0.001,62.31581250733508,1.0,0.001,0.0010000000000000009,0.0018309462019393107,0.06720443228357816,100,100
ENSMUSG00000083474,0.001,59.32355257794531,1.0,0.001,0.001,0.0016797984529880801,0.14968679042403363,100,100
ENSMUSG00000083483,nan,nan,nan,nan,nan,nan,nan,0,0
ENSMUSG00000083500,0.001,61.45463549419866,1.0,0.001,0.001,0.0016280851517520415,0.1805735372832158,100,100
ENSMUSG00000083502,0.001,62.31581250733508,1.0,0.001,0.001,0.0017095544487210582,0.22504979666589484,100,100
ENSMUSG00000083503,0.001,62.31581250733508,1.0,0.001,0.001,0.0017980897084123849,0.1016467074763944,100,100
ENSMUSG00000083505,0.02268490896812652,20.67164355434531,15.040378537645148,0.001,8.899748498034242,0.0010170137064859862,17.0703799093198,100,100
ENSMUSG00000083507,0.001,62.31581250733508,1.0,0.001,0.001,0.0014583743042579358,0.1583838021651535,100,100
ENSMUSG00000083512,3.010759037361597,696.650934517422,1.0,0.001,10.300945451847637,0.0010620986481796857,0.09839955041996977,100,100
ENSMUSG00000083516,0.001,62.31581250733508,1.0,0.001,0.001,0.0016561410704533435,0.17611182075383597,100,100
ENSMUSG00000083518,0.001,62.31581250733508,1.0,0.001,0.0010000000000000009,0.0017460218283577623,0.1253283666803306,100,100
ENSMUSG00000083528,0.001,66.84427540036525,1.0,0.001,0.001,0.00191974650979924,0.1910655455580126,100,100
ENSMUSG00000083533,4.141926210004022,999.9999999715094,1.0,0.001,9.344989450531003,0.001000559736166571,0.1994871647129119,100,100
ENSMUSG00000083534,0.001,62.194818857642325,1.0269298908490005,0.001,0.003849877770650569,0.001473034854703049,43.92946020878139,100,100
ENSMUSG00000083538,0.001,62.31581250733508,1.0,0.001,0.001,0.0015693451291184592,0.12673408996372243,100,100
ENSMUSG00000083548,0.001,62.31581250733508,1.0,0.001,0.001,0.00166219768576085,0.21316848824295875,100,100
ENSMUSG00000083553,0.001,59.94762576822368,1.0,0.001,0.001,0.002131726499569505,0.3604308126847497,100,100
ENSMUSG00000083555,0.35106277481185166,18.322587282087767,13.192509264661904,0.07691854483656042,0.946926402186913,0.266560776705264,4.441267088871941,100,100
ENSMUSG00000083557,0.001,55.42650537347377,1.0,0.001,0.001,0.0017869559072706976,0.3600543886855642,100,100
ENSMUSG00000083563,10.0,10.0,10.0,0.009836004325015801,0.9729985355680844,1.4777031090607808,144.54311694241912,100,100
ENSMUSG00000083569,0.001,61.024058264401226,1.0,0.001,0.001,0.002285654957599508,0.47739391550206295,100,100
ENSMUSG00000083576,0.001,62.31581250733508,1.0,0.001,0.001,0.0017781792920378034,0.08917403440954956,100,100
ENSMUSG00000083579,0.001,60.188376913276144,1.0,0.001,0.001,0.0018087130832314274,0.08655698216687097,100,100
ENSMUSG00000083582,0.001,62.31581250733508,1.0,0.001,0.001,0.0015337791357560968,0.1965338945906478,100,100
ENSMUSG00000083585,0.001,62.31581250733508,1.0,0.001,0.001,0.002061842242075391,0.23011852999745108,100,100
ENSMUSG00000083588,0.001,62.31581250733508,1.0,0.001,0.001,0.001922063623223278,0.6149946400390756,100,100
ENSMUSG00000083596,nan,nan,nan,nan,nan,nan,nan,0,0
ENSMUSG00000083606,0.001,62.31581250733508,1.0,0.001,0.001,0.0016654688929973963,0.13396755748287528,100,100
ENSMUSG00000083610,0.001,49.189649470338075,1.0,0.001,0.0010000000000000005,0.0021002829178368657,0.3695812335243361,100,100
ENSMUSG00000083618,0.001,62.31581250733508,1.0,0.001,0.001,0.0019160726403248769,0.12009357592577835,100,100
ENSMUSG00000083626,0.019884996993061888,0.0246402477286504,4.641209198057946,0.001,0.14811108662929218,20.296703506984162,4383.757812990587,100,100
ENSMUSG00000083633,0.001,62.31581250733508,1.0,0.001,0.001,0.0017430355068229213,0.12658020760497785,100,100
ENSMUSG00000083636,0.001,62.31581250733508,1.0,0.001,0.001,0.0016781211459012098,0.1458091384817549,100,100
ENSMUSG00000083649,2.8043454615252004,678.1527302530274,1.0,0.001,4.61708411368895,0.0011849704510875168,0.07676220105647656,100,100
ENSMUSG00000083650,0.001,62.31581250733508,1.0,0.001,0.001,0.0018349335133783717,0.1857946100396623,100,100
ENSMUSG00000083655,0.5564049991568387,64.88228269585741,1.0,0.001,17.122790905422022,0.0010000000021236862,0.014469390537428534,100,100
ENSMUSG00000083658,0.001,66.84427540036525,1.0,0.001,0.001,0.001493803853893949,0.07727182452767929,100,100
ENSMUSG00000083661,0.001,62.31581250733508,1.0,0.001,0.001,0.0016701262138996828,0.1255333443997509,100,100
ENSMUSG00000083668,0.001,66.84427540036525,1.0,0.001,0.001,0.0021658135762332746,0.22005401949850006,100,100
ENSMUSG00000083669,0.342731992517649,0.489706345437841,81.31736896701055,0.001,0.9496906253586704,0.08176384441636853,2002318.9024618717,100,100
ENSMUSG00000083670,0.001,61.024058264401226,1.0,0.001,0.0010000000000000009,0.0013884388968552102,0.06489381554565868,100,100
ENSMUSG00000083672,16.22592412862068,765.3599953522184,1.0,0.7061657595085542,27.99346303390269,0.001,0.009167228635364587,100,100
ENSMUSG00000083677,0.001,62.31581250733508,1.0,0.001,0.001,0.001596743308988184,0.08380851068128975,100,100
ENSMUSG00000083679,0.03653610714129157,19.49996364930723,16.871205137526054,0.001,14.267636706577987,0.0014485315230919702,52.097337834152654,100,100
ENSMUSG00000083689,0.001,61.674132606755,1.0,0.001,0.0010000000000000005,0.0017934446782720583,0.09205706385990747,100,100
ENSMUSG00000083693,0.001,59.75744064589286,1.0,0.001,0.001,0.00194072578362683,0.21781733592205846,100,100
ENSMUSG00000083695,0.001,62.31581250733508,1.0,0.001,0.001,0.0017526713701132496,0.17779809711734482,100,100
ENSMUSG00000083700,0.12249380420176706,18.342368028560916,5.022974339470056,0.0041596850844513745,31.61216044804653,0.0010006215742780545,1.5476169760161258,100,100
ENSMUSG00000083705,6.9586617429701825,569.9279528613883,1.0,0.001,24.701128764786546,0.001,0.18316064479901004,100,100
ENSMUSG00000083713,0.001,54.99590512765986,1.0,0.001,0.001,0.001881457524823306,0.1437140042816797,100,100
ENSMUSG00000083718,2.3992539462854334,631.6350691373558,1.0917831779394422,0.001,7.376485240571503,0.0010064470313420203,0.0458127733584576,100,100
ENSMUSG00000083720,0.001,53.96529354175793,1.0,0.001,0.001,0.002011736078105988,0.1401916489748894,100,100
ENSMUSG00000083722,0.001,62.31581250733508,1.0,0.001,0.001,0.0017253962617601896,0.13540829605231638,100,100
ENSMUSG00000083728,0.001,61.45463549419866,1.0,0.001,0.001,0.0016831629752255823,0.19633641297023574,100,100
ENSMUSG00000083731,0.001,62.31581250733508,1.0,0.001,0.001,0.0018261614649476617,0.12118101936314178,100,100
ENSMUSG00000083734,0.001,56.28768294784985,1.0,0.001,0.001,0.0015858678392057148,0.2104821089625051,100,100
ENSMUSG00000083736,0.001,60.60768216058454,1.0,0.001,0.001,0.001815203763637841,0.142204488170152,100,100
ENSMUSG00000083743,6.934673968738583,835.2533952299555,1.0,0.001,18.635044979519847,0.001,0.0553008099965623,100,100
ENSMUSG00000083745,0.001,62.31581250733508,1.0,0.001,0.001,0.001437504263231557,0.4715114491960045,100,100
ENSMUSG00000083750,0.001,66.84427540036525,1.0,0.001,0.0010000000000000009,0.001671493130407634,0.14612133224279825,100,100
ENSMUSG00000083757,7.020275806737864,673.8724285738809,1.1742041984234168,0.001,25.653743401835094,0.001,0.22562086563766845,100,100
ENSMUSG00000083771,0.001,62.31581250733508,1.0,0.001,0.001,0.001765715530043557,0.3052864149272858,100,100
ENSMUSG00000083773,nan,nan,nan,nan,nan,nan,nan,0,0
ENSMUSG00000083774,0.06338362745645723,19.213044132895728,7.858484234892783,0.001,25.831944347698723,0.0011732904599689774,2.9314529199676915,100,100
ENSMUSG00000083777,0.001,62.31581250733508,1.0,0.001,0.001,0.0019296632411916793,0.2251284254315527,100,100
ENSMUSG00000083780,0.001,60.188376913276144,1.0,0.001,0.001,0.001633801866591565,0.3571466270705157,100,100
ENSMUSG00000083782,0.001,62.31581250733508,1.0,0.001,0.001,0.0016994091255560207,0.12523225833312873,100,100
ENSMUSG00000083783,0.001,62.31581250733508,1.0,0.001,0.001,0.0017039566723155261,0.21859338416585808,100,100
ENSMUSG00000083785,0.001,62.31581250733508,1.0,0.001,0.001,0.0017422260423132795,0.08552463822535887,100,100
ENSMUSG00000083794,0.001,61.88525872635182,1.0,0.001,0.001,0.0015966925653664783,0.48469114189650037,100,100
ENSMUSG00000083796,0.042586032645593276,19.387455271630603,10.215385646151919,0.001,22.15882965047643,0.0010000019721537314,23.793548670126555,100,100
ENSMUSG00000083808,0.001,62.31581250733508,1.0,0.001,0.001,0.002039485106061797,0.20546737295472856,100,100
ENSMUSG00000083811,2.0813166845897446,503.1765750646759,1.0,0.001,5.407640167828127,0.0010000000000511579,0.09955060996248424,100,100
ENSMUSG00000083812,0.001,62.31581250733508,1.0,0.001,0.001,0.0017264740900437801,0.07659261779414533,100,100
ENSMUSG00000083813,0.001,62.31581250733508,1.0,0.001,0.001,0.0018101510975687598,0.22244918145331133,100,100
ENSMUSG00000083816,9.33558999041084,443.8629891476751,1.0,0.8642421816500514,29.325371501466044,0.001000000012013081,0.007969226178050917,100,100
ENSMUSG00000083817,0.001,61.45463549419866,1.0,0.001,0.0010000000000000005,0.001730933612931939,0.07554951455929419,100,100
ENSMUSG00000083820,4.292884855571942,999.9999999885903,1.0121007680588006,0.001,10.692406244875329,0.0010173291808150636,0.04657060663220035,100,100
ENSMUSG00000083822,0.001,62.31581250733508,1.0,0.001,0.001,0.0015946358387684957,0.21413460444088692,100,100
ENSMUSG00000083826,1.421002959611816,340.4393560865186,1.0,0.001,4.1687652899588326,0.0011160939448626745,0.15894469791999444,100,100
ENSMUSG00000083827,0.001,61.88525872635182,1.0,0.001,0.001,0.0018925891548454135,0.18640268451672337,100,100
ENSMUSG00000083831,0.001,61.259704531272526,1.0,0.001,0.001,0.0016060744798813433,0.19814856610100712,100,100
ENSMUSG00000083834,12.447283366930707,478.7052417862756,1.0,0.001,36.299995958352824,0.0010042243705943614,0.008924953432667582,100,100
ENSMUSG00000083836,0.0321055017217942,14.569110951335984,16.252759163429694,0.001,5.7389142120456915,0.001613770897650503,61.18097867970661,100,100
ENSMUSG00000083841,0.001,66.84427540036525,1.0,0.001,0.001,0.0017345317327983065,0.1841532078469798,100,100
ENSMUSG00000083844,0.7377051685937938,2.685946123414159,3.298959932819732,0.19157753936685065,1.8291641972376285,0.40417872521655895,7.263897480996523,100,100
ENSMUSG00000083847,0.001,62.31581250733508,1.0,0.001,0.001,0.001522238610928519,0.20192827261225382,100,100
ENSMUSG00000083849,0.001,62.31581250733508,1.0,0.001,0.0010000000000000005,0.001843176062406839,0.07017617835797353,100,100
ENSMUSG00000083856,0.001,61.45463549419866,1.0,0.001,0.001,0.0015501231266238453,0.17153436295435237,100,100
ENSMUSG00000083859,0.001,62.31581250733508,1.0,0.001,0.001,0.0018401012285841096,0.23108272894955412,100,100
ENSMUSG00000083860,0.001,62.31581250733508,1.0,0.001,0.001,0.001728532930161249,0.13282920992667993,100,100
ENSMUSG00000083863,10.0,10.0,10.0,0.03354120863473417,0.9690731325939546,1.173266967673568,615.2256234445945,100,100
ENSMUSG00000083870,0.001,62.31581250733508,1.0,0.001,0.001,0.0015949756171685001,0.3477458582345918,100,100
ENSMUSG00000083875,12.988852059634427,999.9999999995324,1.0091510620133564,0.001,24.40343176829205,0.001,0.00896474715909848,100,100
ENSMUSG00000083876,0.001,62.31581250733508,1.0,0.001,0.001,0.0013810559689833232,0.07595395641493677,100,100
ENSMUSG00000083879,0.09390114387237525,0.1624679669899626,4.132573139725675,0.001,0.2814546159941598,7.5200171435635275,2966.027546405514,100,100
ENSMUSG00000083887,0.001,61.674132606755,1.0,0.001,0.001,0.0015417934972550653,0.3929999518649713,100,100
ENSMUSG00000083892,0.001,59.32355257794531,1.0,0.001,0.0010000000000000009,0.0023202904782658592,0.2009501353246319,100,100
ENSMUSG00000083893,4.1336179629762935,999.9999943156627,1.0,0.001,7.412970443877243,0.0012929754207965352,0.07705918835651843,100,100
ENSMUSG00000083897,13.219143774983875,521.2778072167911,1.0,0.001,38.65152373239553,0.0010000916710635323,0.009712610932210635,100,100
ENSMUSG00000083899,0.001,14.587887468818117,1.0,0.001,0.001,0.015278248744022043,1.3850408712452769,100,100
ENSMUSG00000083906,0.010380922813546137,1.128045052533816,5.098631133533878,0.001,15.347361926218596,0.0012257600378108482,20.52412600928117,100,100
ENSMUSG00000083907,1.4264657657904025,341.6272039188167,1.0,0.001,8.288349095070052,0.0010000000000009337,0.057947437588747513,100,100
ENSMUSG00000083910,0.001,46.81484166841121,1.0,0.001,0.0010000000000000005,0.0025169076912562463,0.3069305205577456,100,100
ENSMUSG00000083911,4.31535429387146,435.3210135178127,1.0,0.001,20.35158060873805,0.0010000011907211359,0.06418481385779118,100,100
ENSMUSG00000083917,0.001,62.31581250733508,1.0,0.001,0.0010000000000000005,0.001793481098541492,0.1344099106682899,100,100
ENSMUSG00000083921,16.144675814134224,764.740141089633,1.0,0.001,30.228333906011436,0.001,0.009020219221363354,100,100
ENSMUSG00000083930,0.001,62.31581250733508,1.0,0.001,0.001,0.0017160705656079046,0.4055190698180229,100,100
ENSMUSG00000083935,0.001,61.674132606755,1.0,0.001,0.0010000000000000005,0.001636039022770076,0.3825507503005673,100,100
ENSMUSG00000083951,0.001,62.31581250733508,1.0,0.001,0.001,0.0015927854760477535,0.15397667757813127,100,100
ENSMUSG00000083953,0.001,60.60768216058454,1.0,0.001,0.001,0.0018839157265901306,0.1731440826986074,100,100
ENSMUSG00000083964,0.05699287722222694,3.7228187783350326,2.543878936818545,0.001,23.79506001389224,0.001139546097172432,9.372585337985058,100,100
ENSMUSG00000083974,0.001,66.84427540036525,1.0,0.001,0.001,0.0018712177852985333,0.15839878535135765,100,100
ENSMUSG00000083979,1.4264657657904025,341.6272039188167,1.0,0.001,9.753130445032557,0.001000000179176552,0.04494454362007817,100,100
ENSMUSG00000083988,2.712723350184565,326.3854149527598,1.0,0.001,16.644869607187385,0.00100627818199347,0.032337256095144505,100,100
ENSMUSG00000083989,0.001,57.79469271457354,1.0,0.001,0.001,0.0019755517910504386,0.1470583251213759,100,100
ENSMUSG00000083991,0.001,62.31581250733508,1.0,0.001,0.001,0.002360888305432472,0.31716580094668656,100,100
ENSMUSG00000083992,10.0,10.0,10.0,0.03204063813792912,0.9549008145173472,1.6464523446057648,231.63517919114935,100,100
ENSMUSG00000083995,0.4282965282830732,103.14966607220127,1.0,0.001,9.38679841807264,0.001217731623660059,0.15034647392748046,100,100
ENSMUSG00000084007,0.001,62.31581250733508,1.0,0.001,0.001,0.0016639197160644753,0.20511448573035282,100,100
ENSMUSG00000084009,0.001,62.31581250733508,1.0,0.001,0.001,0.0018792834033500385,0.19034875300076173,100,100
ENSMUSG00000084017,0.001,62.31581250733508,1.0,0.001,0.001,0.0018006572425491984,0.19296567865993597,100,100
ENSMUSG00000084018,0.001,62.31581250733508,1.0,0.001,0.001,0.001633461574897144,0.667694734030305,100,100
ENSMUSG00000084020,0.001,60.37820284006485,1.0,0.001,0.001,0.0016215323412930337,0.2514155486392694,100,100
ENSMUSG00000084022,5.116493483909461,608.277868381464,1.0,0.001,12.62370801446199,0.0010006120335882187,0.03406421932318692,100,100
ENSMUSG00000084024,5.707387803322598,700.6673278335435,1.0195940799805034,0.001,14.731380932982816,0.0010000004932870258,0.0281661834889793,100,100
ENSMUSG00000084025,0.016635322401965635,2.0815464410156053,3.11940569521128,0.001,19.008738274491805,0.0010013327233543213,4.300294091106589,100,100
ENSMUSG00000084033,0.001,59.52330063774062,1.0,0.001,0.0010000000000000005,0.001837164454905891,0.14073170750557606,100,100
ENSMUSG00000084047,0.001,62.31581250733508,1.0,0.001,0.001,0.001691422793294943,0.203465851726289,100,100
ENSMUSG00000084048,0.001,62.31581250733508,1.0,0.001,0.001,0.0017005396785800446,0.20764848048247148,100,100
ENSMUSG00000084052,0.001,62.31581250733508,1.0,0.001,0.001,0.0018992519337725493,0.210625234014491,100,100
ENSMUSG00000084072,1.503103188885066,363.25008257950475,1.0,0.001,4.334971899286941,0.001585407271259903,0.075096731160919,100,100
ENSMUSG00000084081,1.457749481852015,407.6017385509011,1.170393506276041,0.001,10.898397547963569,0.001,0.06485428744155457,100,100
ENSMUSG00000084083,0.001,62.31581250733508,1.0,0.001,0.001,0.0018167572473411341,0.20070714554109875,100,100
ENSMUSG00000084085,0.001,60.80878088638715,1.0,0.001,0.001,0.001563185671121283,0.15309531889151662,100,100
ENSMUSG00000084087,0.001,61.88525872635182,1.0,0.001,0.001,0.0019178881853482816,0.14364122101899457,100,100
ENSMUSG00000084088,0.001,62.31581250733508,1.0,0.001,0.001,0.0018807187107547287,0.19880083596901782,100,100
ENSMUSG00000084098,0.001,61.88525872635182,1.0,0.001,0.001,0.0018812135542516152,0.13645423283218305,100,100
ENSMUSG00000084099,0.001,60.80878088638715,1.0,0.001,0.001,0.0018618325890825537,0.11800375844166994,100,100
ENSMUSG00000084104,0.001,56.71823759891341,1.0,0.001,0.001,0.001520156134319869,0.2749014004953756,100,100
ENSMUSG00000084105,0.001,62.31581250733508,1.0,0.001,0.001,0.0023508397506935294,0.42821496404972703,100,100
ENSMUSG00000084113,0.025311251333761626,18.840187227599287,13.70411299397883,0.001,14.729361877136064,0.0010541450897035912,21.716785809796733,100,100
ENSMUSG00000084118,0.001,66.84427540036525,1.0,0.001,0.0010000000000000009,0.0015056420620862586,0.09337432934695866,100,100
ENSMUSG00000084126,0.001,62.31581250733508,1.0,0.001,0.0010000000000000009,0.002016315903708435,0.27279937416848465,100,100
ENSMUSG00000084128,0.001,60.37820284006485,1.0,0.001,0.001,0.0020054003465117733,0.09258053962158329,100,100
ENSMUSG00000084131,0.17389037851020345,0.11942353965514342,22.72652874628214,0.001,22.950575630260555,0.5467195182896134,24371.404642466678,100,100
ENSMUSG00000084132,0.001,66.84427540036525,1.0,0.001,0.001,0.001638146294056975,0.2216290643661965,100,100
ENSMUSG00000084137,0.001,62.31581250733508,1.0,0.001,0.001,0.0018253902901011069,0.23489441803618244,100,100
ENSMUSG00000084139,0.001,61.674132606755,1.0,0.001,0.001,0.0018619073576468075,0.10326288084515782,100,100
ENSMUSG00000084140,0.001,66.84427540036525,1.0,0.001,0.001,0.0020833198076214855,0.11732923883727177,100,100
ENSMUSG00000084142,0.001,59.32355257794531,1.0,0.001,0.001,0.0019497623251582756,0.2583409839894053,100,100
ENSMUSG00000084143,0.001,62.31581250733508,1.0,0.001,0.001,0.001731906473908514,0.10347257693503979,100,100
ENSMUSG00000084144,0.11384618112645052,26.95183298160442,1.0,0.001,8.121736993472606,0.0010000007250651442,0.05506464665280131,100,100
ENSMUSG00000084145,1.457749481852015,407.6017385509011,1.170393506276041,0.001,8.304964347049282,0.0011009303078277828,0.14504416226458006,100,100
ENSMUSG00000084146,0.001,62.31581250733508,1.0,0.001,0.001,0.001623735307461236,0.22228723404667206,100,100
ENSMUSG00000084149,8.268857720738565,958.6164081901655,1.0,0.001,18.47031081706013,0.001,0.06640271862228336,100,100
ENSMUSG00000084151,0.001,62.31581250733508,1.0,0.001,0.001,0.0018455487023336613,0.12590553771791232,100,100
ENSMUSG00000084154,0.001,59.101841166386166,1.0,0.001,0.001,0.001878814615358576,0.2601568077393674,100,100
ENSMUSG00000084157,0.001,61.674132606755,1.0,0.001,0.0010000000000000005,0.0018372041376956874,0.14388761723888677,100,100
ENSMUSG00000084159,0.04181170826992055,19.544768232259564,10.303469665852955,0.0048328156916055895,20.248665097278113,0.001,1.927264922179816,100,100
ENSMUSG00000084168,0.001,54.350050264241744,1.0,0.001,0.001,0.0017522866969844463,0.4407815896478031,100,100
ENSMUSG00000084169,1.5409586744888182,369.11848257209584,1.0,0.001,9.47482324790135,0.001,0.09224613597951692,100,100
ENSMUSG00000084170,0.001,60.37820284006485,1.0,0.001,0.0010000000000000009,0.001922510068150049,0.19789634024116132,100,100
ENSMUSG00000084183,0.001,29.51267909311305,1.0,0.001,0.001,0.0031173179129445642,0.3617204105421353,100,100
ENSMUSG00000084184,0.010771447741441892,19.567409633138958,22.325809074751387,0.001,5.321960538506309,0.0017635648570463866,14.587298703677584,100,100
ENSMUSG00000084185,0.001,61.88525872635182,1.0,0.001,0.001,0.0016995899940315882,0.19251619094803524,100,100
ENSMUSG00000084186,2.2909001878826274,546.7058370600222,1.0,0.001,7.99429231229287,0.0011221988081109694,0.11899404911805381,100,100
ENSMUSG00000084188,0.001,62.31581250733508,1.0,0.001,0.001,0.001638491764078347,0.044987765888217686,100,100
ENSMUSG00000084190,0.001,62.31581250733508,1.0,0.001,0.001,0.0015436560447012857,0.06567096335630512,100,100
ENSMUSG00000084193,0.001,62.31581250733508,1.0,0.001,0.0010000000000000009,0.0017229472876446963,0.30626010825200334,100,100
ENSMUSG00000084199,0.001,66.84427540036525,1.0,0.001,0.001,0.0014351703085259547,0.3145309899654086,100,100
ENSMUSG00000084201,0.001,62.31581250733508,1.0,0.001,0.001,0.0020279876919171947,0.19522978551330708,100,100
ENSMUSG00000084203,1.8919350210788073,445.1132588648499,1.0,0.001,8.344033034933679,0.0010000000000479734,0.178892416219669,100,100
ENSMUSG00000084204,0.001,62.31581250733508,1.0,0.001,0.0010000000000000009,0.00201333928066255,0.30104262740734217,100,100
ENSMUSG00000084211,0.001,66.84427540036525,1.0,0.001,0.001,0.0019398356005897956,0.09962340279682835,100,100
ENSMUSG00000084213,6.386652823710869,747.4912037617123,1.0,0.001,12.486829326031435,0.0010000000026158683,0.05653587848083742,100,100
ENSMUSG00000084215,0.001,27.008037995836734,1.0,0.001,0.001,0.0024270085884560283,0.8567240948111244,100,100
ENSMUSG00000084217,0.001,62.31581250733508,1.0,0.001,0.001,0.001579047817056646,0.28172794707594395,100,100
ENSMUSG00000084223,0.001,66.84427540036525,1.0,0.001,0.001,0.0015545191539893272,0.6305946828797857,100,100
ENSMUSG00000084231,0.001,62.31581250733508,1.0,0.001,0.0010000000000000005,0.0015357276947497653,0.07188431109945517,100,100
ENSMUSG00000084235,0.001,39.38248570070345,1.0,0.001,0.001,0.002155040244144081,0.4264257468939,100,100
ENSMUSG00000084241,0.001,66.84427540036525,1.0,0.001,0.001,0.0017079425329554658,0.47122424743991254,100,100
ENSMUSG00000084249,0.001,61.88525872635182,1.0,0.001,0.001,0.0023283278580306112,0.06913481016645273,100,100
ENSMUSG00000084252,0.001,62.31581250733508,1.0,0.001,0.001,0.0019664668536169792,0.08174165893784008,100,100
ENSMUSG00000084260,0.001,28.0933570152704,1.0,0.001,0.001,0.0028549192405131684,0.6057082646339669,100,100
ENSMUSG00000084261,0.001,66.84427540036525,1.0,0.001,0.001,0.001494461664142941,0.10389268539542587,100,100
ENSMUSG00000084274,12.88739795622044,688.9703803909703,1.0,0.001,25.93658972129877,0.001,0.009247105773725495,100,100
ENSMUSG00000084276,0.001,66.84427540036525,1.0,0.001,0.0010000000000000009,0.0016801672279193563,0.06902913189705882,100,100
ENSMUSG00000084284,0.001,58.8711705984019,1.0,0.001,0.001,0.002178307027896503,0.16554158655749768,100,100
ENSMUSG00000084288,0.001,61.88525872635182,1.0,0.001,0.001,0.0016760446179429947,0.07119194553684872,100,100
ENSMUSG00000084291,0.9622298801112752,0.40380528120452264,4.940104642042972,0.21222384269620165,10.441730053422397,0.3486392343154923,88.40148890902589,100,100
ENSMUSG00000084300,0.001,62.31581250733508,1.0,0.001,0.001,0.0014604378301511008,0.07310071702947274,100,100
ENSMUSG00000084301,0.001,62.31581250733508,1.0,0.001,0.001,0.0016142251830852604,0.22484036205951655,100,100
ENSMUSG00000084304,3.2108810093005635,2.844675889389794,9.51130029800518,1.318737784937991,11.8543864455193,0.44010459998132073,13.21745428267614,100,100
ENSMUSG00000084310,0.001,62.31581250733508,1.0,0.001,0.0010000000000000005,0.0015700666208451949,0.2092624428865029,100,100
ENSMUSG00000084316,0.001,62.31581250733508,1.0,0.001,0.001,0.001865152389327745,0.135542392999299,100,100
ENSMUSG00000084319,0.3838673341680919,0.22953218115852117,8.035740123212426,0.001942131013644637,3.033149314442505,2.096311875972029,7028.985991206788,100,100
ENSMUSG00000084320,0.001,62.31581250733508,1.0,0.001,0.001,0.0017879324094603097,0.07275377240510641,100,100
ENSMUSG00000084331,2.6340129424632517,605.4190523597342,1.0,0.001,8.648950208764578,0.0010000264606248829,0.06754429398675874,100,100
ENSMUSG00000084332,0.001,61.88525872635182,1.0,0.001,0.001,0.0016975324120831752,0.1578537786727862,100,100
ENSMUSG00000084333,0.001,59.32355257794531,1.0,0.001,0.001,0.0020047695336325357,0.14762393309981828,100,100
ENSMUSG00000084342,7.726877689491755,572.6031708716096,1.0380379255287853,0.001,26.50034731543524,0.001,0.015546893564394853,100,100
ENSMUSG00000084349,nan,nan,nan,nan,nan,nan,nan,0,0
ENSMUSG00000084362,0.001,62.31581250733508,1.0,0.001,0.001,0.002119515269233577,0.1791056412388548,100,100
ENSMUSG00000084370,0.001,61.88525872635182,1.0,0.001,0.001,0.0016505980528717995,0.08868551660207694,100,100
ENSMUSG00000084373,1.742414561095981,386.318510125807,1.0,0.001,6.45378574364461,0.0012120582209714146,0.03334322703255166,100,100
ENSMUSG00000084381,0.17410079698387537,4.050839339188426,1.0,0.001,36.08239396853375,0.0010280405189133268,1.7524772121672174,100,100
ENSMUSG00000084382,0.001,62.31581250733508,1.0,0.001,0.001,0.0017430349785714466,0.05627453621788456,100,100
ENSMUSG00000084383,0.001,13.186998118948347,1.0,0.001,0.001,0.11748841681347258,5.853525676005702,100,100
ENSMUSG00000084390,1.421002959611816,340.4393560865186,1.0,0.001,9.50690891149827,0.001000000000004489,0.11688543200196864,100,100
ENSMUSG00000084392,0.001,62.31581250733508,1.0,0.001,0.0010000000000000005,0.001574417498006206,0.2658217910099818,100,100
ENSMUSG00000084399,1.4264657657904025,341.6272039188167,1.0,0.001,4.765085148049043,0.0015204064183201912,0.039068786190018835,100,100
ENSMUSG00000084400,0.4282965282830732,103.14966607220127,1.0,0.001,8.294595603340031,0.0010007701640703482,0.04566040770203584,100,100
ENSMUSG00000084407,0.001,62.31581250733508,1.0,0.001,0.001,0.0015596188512632875,0.28728798329524086,100,100
ENSMUSG00000084411,0.01663580323431452,2.0815006264594853,3.11921607390099,0.001,16.525378515719854,0.0010133377883847505,12.25843214652879,100,100
ENSMUSG00000084413,5.087381207952031,612.5350120705614,1.0,0.001,13.084338485356106,0.0010000000000001301,0.019267748169138472,100,100
ENSMUSG00000084419,0.001,61.674132606755,1.0,0.001,0.001,0.0016319989418394037,0.32513556907665386,100,100
ENSMUSG00000084422,0.001,62.31581250733508,1.0,0.001,0.001,0.001758456429668852,0.6703524113482564,100,100
ENSMUSG00000084423,0.001,62.31581250733508,1.0,0.001,0.001,0.0023987509796319743,0.212102996952992,100,100
ENSMUSG00000084432,0.001,62.31581250733508,1.0,0.001,0.001,0.001408599165316992,0.15632656174016743,100,100
ENSMUSG00000084433,0.001,62.31581250733508,1.0,0.001,0.001,0.001515179992872422,0.25714403547386017,100,100
ENSMUSG00000084437,0.001,62.31581250733508,1.0,0.001,0.001,0.001595081747396864,0.1684762919686299,100,100
ENSMUSG00000084440,0.001,62.31581250733508,1.0,0.001,0.0010000000000000009,0.0015153963745192058,0.33117112131026627,100,100
ENSMUSG00000084453,0.001,62.31581250733508,1.0,0.001,0.0010000000000000009,0.0016076244820812204,0.2534766999977906,100,100
ENSMUSG00000084454,0.001,62.31581250733508,1.0,0.001,0.0010000000000000005,0.001646439518631337,0.20920360282867811,100,100
ENSMUSG00000084462,0.001,62.31581250733508,1.0,0.001,0.001,0.00177184642239594,0.0681817372725157,100,100
ENSMUSG00000084465,0.001,62.31581250733508,1.0,0.001,0.001,0.0015985517487481684,0.4655371580845142,100,100
ENSMUSG00000084466,0.001,62.31581250733508,1.0,0.001,0.001,0.0018730961549591114,0.12868477129621642,100,100
ENSMUSG00000084477,2.8043454615252004,678.1527302530274,1.0,0.001,8.25232724972401,0.0010958086388524273,0.08718858472814509,100,100
ENSMUSG00000084487,0.001,66.84427540036525,1.0,0.001,0.0010000000000000005,0.0018388827147162415,0.16977480534979425,100,100
ENSMUSG00000084497,2.4117783141451428,546.8406957515016,1.0,0.001,9.747460170019565,0.001,0.19774869920213764,100,100
ENSMUSG00000084504,0.001,62.31581250733508,1.0,0.001,0.001,0.0016484572618935087,0.06584941769575366,100,100
ENSMUSG00000084507,2.1571940611220364,521.5346265951073,1.0,0.001,9.938934758981564,0.0010524878622697029,0.2020061626001628,100,100
ENSMUSG00000084519,8.302896006093981,1000.0,1.0,0.001,17.565789800327924,0.0010000000000196599,0.012078944496193449,100,100
ENSMUSG00000084522,0.001,62.31581250733508,1.0,0.001,0.001,0.0015768831978310654,0.10150191081273507,100,100
ENSMUSG00000084526,0.001,62.31581250733508,1.0,0.001,0.0010000000000000009,0.0020913215966325074,0.3531100283742587,100,100
ENSMUSG00000084544,0.001,66.84427540036525,1.0,0.001,0.001,0.0018015609018328942,0.2215140717616903,100,100
ENSMUSG00000084545,0.001,62.31581250733508,1.0,0.001,0.001,0.0015141519359185532,0.07106556146664061,100,100
ENSMUSG00000084552,0.001,62.31581250733508,1.0,0.001,0.0010000000000000005,0.0020358500455718524,0.21879527291841902,100,100
ENSMUSG00000084562,0.001,62.31581250733508,1.0,0.001,0.0010000000000000005,0.001708479723804114,0.21303283565000117,100,100
ENSMUSG00000084572,21.019135578095884,1000.0,1.0,0.001,25.282431574039634,0.001,0.010535937632277552,100,100
ENSMUSG00000084575,0.001,62.31581250733508,1.0,0.001,0.001,0.0015927668573529957,0.08669917736924773,100,100
ENSMUSG00000084592,8.099898580897097,633.4947706454735,1.0,0.09882148128824725,25.58690807224692,0.0010000000000001466,0.009487209213337663,100,100
ENSMUSG00000084593,0.001,61.88525872635182,1.0,0.001,0.001,0.0017914520540091654,0.15591885916924197,100,100
ENSMUSG00000084603,0.001,62.31581250733508,1.0,0.001,0.001,0.0020309081877603235,0.43523144463619384,100,100
ENSMUSG00000084604,0.001,66.84427540036525,1.0,0.001,0.001,0.0021359288156708478,0.10744605191679121,100,100
ENSMUSG00000084611,0.001,62.31581250733508,1.0,0.001,0.001,0.0019723001114365733,0.5182352423162806,100,100
ENSMUSG00000084613,0.001,62.31581250733508,1.0,0.001,0.001,0.0019491826048930105,0.0710950282527739,100,100
ENSMUSG00000084624,0.001,62.31581250733508,1.0,0.001,0.001,0.0016743563221524459,0.2990565398333155,100,100
ENSMUSG00000084628,5.786752106800555,685.2268015709761,1.0,0.001,12.296066015939644,0.001000000000052002,0.018156321420300974,100,100
ENSMUSG00000084632,0.001,62.31581250733508,1.0,0.001,0.0010000000000000009,0.0017558974970747448,0.22739682940090095,100,100
ENSMUSG00000084641,0.001,62.31581250733508,1.0,0.001,0.001,0.0021398863113567456,0.2088383288572253,100,100
ENSMUSG00000084642,4.61904412498772,556.0950992581902,1.0,0.001,17.477966296668757,0.0010000000000339026,0.050114705797984965,100,100
ENSMUSG00000084644,8.302584699966415,1000.0,1.0,0.001,16.75222665452593,0.001,0.044649268901910934,100,100
ENSMUSG00000084651,0.001,62.31581250733508,1.0,0.001,0.0010000000000000005,0.0018835658034862895,0.1882588408052126,100,100
ENSMUSG00000084658,0.001,62.31581250733508,1.0,0.001,0.0010000000000000009,0.0018319540449162057,0.0949318708087171,100,100
ENSMUSG00000084659,0.001,62.31581250733508,1.0,0.001,0.0010000000000000005,0.0012499395164249697,0.0726776947538175,100,100
ENSMUSG00000084674,0.001,62.31581250733508,1.0,0.001,0.001,0.0016750755337146613,0.20173270593500003,100,100
ENSMUSG00000084678,16.871829044420718,999.9999999634103,1.0000000000007747,0.001,27.42960603564144,0.001,0.00970491174952906,100,100
ENSMUSG00000084694,0.001,62.31581250733508,1.0,0.001,0.0010000000000000005,0.001571908274738839,0.20579000001255277,100,100
ENSMUSG00000084701,0.001,62.31581250733508,1.0,0.001,0.001,0.0018131783312387998,0.28258451811196555,100,100
ENSMUSG00000084711,0.001,66.84427540036525,1.0,0.001,0.001,0.0016798086574588615,0.07275630958746944,100,100
ENSMUSG00000084717,0.001,62.31581250733508,1.0,0.001,0.0010000000000000009,0.0019498209540440184,0.06538519411016058,100,100
ENSMUSG00000084728,0.010867223176319548,19.853944313166235,22.639162424269035,0.001,2.826987875044769,0.0015674209235588491,12.92388076928149,100,100
ENSMUSG00000084738,0.001,62.31581250733508,1.0,0.001,0.0010000000000000005,0.001871836891698033,0.582312725733127,100,100
ENSMUSG00000084739,0.001,62.31581250733508,1.0,0.001,0.001,0.0016187790269738826,0.18990803360816172,100,100
ENSMUSG00000084744,0.001,66.84427540036525,1.0,0.001,0.001,0.001652509896525674,0.30839433342075084,100,100
ENSMUSG00000084748,0.001,62.31581250733508,1.0,0.001,0.001,0.0018617102170415992,0.06291725797576717,100,100
ENSMUSG00000084749,0.001,61.88525872635182,1.0,0.001,0.001,0.0016521814066574926,0.17706313542757257,100,100
ENSMUSG00000084754,0.001,62.31581250733508,1.0,0.001,0.001,0.0014960382813869653,0.20005795195903142,100,100
ENSMUSG00000084755,0.13934320072773387,2.219899314836105,1.0,0.035418971416702257,25.7872021762976,0.0014292362008678859,1.5278956138068978,100,100
ENSMUSG00000084758,0.001,62.31581250733508,1.0,0.001,0.0010000000000000005,0.002082415517381411,0.08848347112745672,100,100
ENSMUSG00000084760,11.480756613198198,904.5853108216024,1.0015422122296618,0.001,21.944382055119032,0.001,0.017896152803084608,100,100
ENSMUSG00000084762,0.001,62.31581250733508,1.0,0.001,0.001,0.0018446949943648843,0.2723202630117768,100,100
ENSMUSG00000084766,0.001,62.31581250733508,1.0,0.001,0.001,0.0017720043570737761,0.15356973293845236,100,100
ENSMUSG00000084768,0.001,62.31581250733508,1.0,0.001,0.001,0.00190786044452541,0.15025412885204426,100,100
ENSMUSG00000084771,21.19695818202487,1000.0,1.0,0.001,31.069461861870458,0.0010000281554426297,0.013140302015304178,100,100
ENSMUSG00000084772,0.01421630562798585,0.2927488778150837,1.083358676445729,0.001,0.3283919102337497,0.0016610540433378985,45.37455254269854,100,100
ENSMUSG00000084775,0.001,66.84427540036525,1.0,0.001,0.001,0.0019166638487436083,0.10157303651266121,100,100
ENSMUSG00000084780,0.001,66.84427540036525,1.0,0.001,0.001,0.0017580307988314609,0.1966261277749745,100,100
ENSMUSG00000084781,1.8855242048223924,454.9597606392765,1.0,0.001,7.7574486794334305,0.0010421545051492297,0.1577749308561202,100,100
ENSMUSG00000084783,0.001,66.84427540036525,1.0,0.001,0.001,0.0020326089817693294,0.07481276973710504,100,100
ENSMUSG00000084785,0.001,62.31581250733508,1.0,0.001,0.001,0.0017205718204546755,0.6609280206491701,100,100
ENSMUSG00000084786,0.21738886358095377,0.3287382097856015,67.16578613337956,0.12943153166250182,0.42468698370846675,68.0203260524327,340.8271095757641,100,100
ENSMUSG00000084789,0.001,62.31581250733508,1.0,0.001,0.001,0.002033703569114619,0.32868827989873906,100,100
ENSMUSG00000084790,14.55276610766009,668.9268873974333,1.0,0.001,31.548897915813406,0.001,0.008986207085539582,100,100
ENSMUSG00000084792,0.06034656485615103,19.53612546122807,8.010911186377719,0.001,21.01620227193577,0.001000003813107253,2.208434627503964,100,100
ENSMUSG00000084796,0.001,62.31581250733508,1.0,0.001,0.001,0.0014926481774173632,0.1449092788306299,100,100
ENSMUSG00000084797,0.001,60.60768216058454,1.0,0.001,0.001,0.0015370782670651281,0.18541735943613896,100,100
ENSMUSG00000084798,0.024139973441591113,22.80025656796307,31.235896036737426,0.001,3.43688383290284,0.0014212833423109066,38.66114165876475,100,100
ENSMUSG00000084799,44.88052453843501,872.5905296023311,1.0,5.695167209782961,68.44489406663402,0.0010214360459524876,0.00721915945317032,100,100
ENSMUSG00000084803,0.001,62.31581250733508,1.0,0.001,0.001,0.001999558925720444,0.18094064966143772,100,100
ENSMUSG00000084804,0.001,61.674132606755,1.0,0.001,0.001,0.0019373628206354003,0.22455534063224242,100,100
ENSMUSG00000084806,0.001,66.84427540036525,1.0,0.001,0.001,0.0016719208815551708,0.2020303324147638,100,100
ENSMUSG00000084809,0.001,62.31581250733508,1.0,0.001,0.001,0.001718448717650519,0.3950272377472726,100,100
ENSMUSG00000084816,0.03017294357939935,6.3502522861160875,6.134627174683161,0.001,21.176335211841206,0.0011544051282486297,5.696561166708921,100,100
ENSMUSG00000084817,0.001,13.186998118948347,1.0,0.001,0.001,0.03348724753989604,5.6244883066896945,100,100
ENSMUSG00000084821,1.934364854771269,463.7482684073294,1.0,0.001,5.54571043327884,0.001040849689576261,0.1533047642060702,100,100
ENSMUSG00000084826,0.001,62.31581250733508,1.0,0.001,0.0010000000000000009,0.002101323380356262,0.1280555848960626,100,100
ENSMUSG00000084828,3.605362360419091,868.4115063134839,1.0,0.001,9.407975494119878,0.0010000015034025912,0.07339423575884009,100,100
ENSMUSG00000084830,7.650324440397578,307.84013518395534,1451.8748120557186,5.256326664265616,9.400039797078378,3.6932742980009197,9.471379310800973,100,100
ENSMUSG00000084835,0.001,60.37820284006485,1.0,0.001,0.0010000000000000005,0.0015913542870768375,0.2022040992818753,100,100
ENSMUSG00000084838,0.001,13.461561904265809,1.0,0.001,0.001,0.029323216595126288,3.1029063590207002,100,100
ENSMUSG00000084839,1.77889767106868,435.05565630393556,1.0337441480290168,0.001,7.726524425630746,0.0012037912388824924,0.08396382823169739,100,100
ENSMUSG00000084844,0.01279086707524815,16.175876162239696,18.514494225587402,0.001,4.606740246477034,0.0013080837379809123,30.9064756401372,100,100
ENSMUSG00000084845,0.09501481296265021,18.497049755874873,6.08452463255428,0.001,25.35366521398901,0.0010000000000026082,1.5832045686423344,100,100
ENSMUSG00000084846,1.7901289323472376,406.85702837711074,1.0,0.001,8.006413475882725,0.0010183227250231512,0.06393350080140761,100,100
ENSMUSG00000084848,0.001,60.60768216058454,1.0,0.001,0.001,0.0014588732793435403,0.29510926399615317,100,100
ENSMUSG00000084849,0.001,62.31581250733508,1.0,0.001,0.001,0.0016265319438633597,0.2784924365029089,100,100
ENSMUSG00000084850,7.2287514674414535,999.9144531956351,1.161729184447872,0.001,12.66444371428024,0.001,0.020650399745234048,100,100
ENSMUSG00000084855,0.001,61.259704531272526,1.0,0.001,0.001,0.0019101504836104243,0.1830665486804044,100,100
ENSMUSG00000084860,1.9436899174801565,467.0695388708544,1.0,0.001,7.426728528784142,0.001,0.05107613783610475,100,100
ENSMUSG00000084861,0.001,61.674132606755,1.0,0.001,0.001,0.002034375105564103,0.24049240738155414,100,100
ENSMUSG00000084862,0.001,61.88525872635182,1.0,0.001,0.001,0.0016787436776024237,0.16790177394142825,100,100
ENSMUSG00000084864,6.504961234486479,773.5885957458199,1.0,0.001,16.959840798021723,0.001,0.014013044115042356,100,100
ENSMUSG00000084865,0.001,62.31581250733508,1.0,0.001,0.001,0.0018987137175759696,0.2792317172121959,100,100
ENSMUSG00000084866,11.203229395274176,892.0176588240801,1.0,0.001,24.381677686795527,0.001,0.009002858623838844,100,100
ENSMUSG00000084874,0.5119941768171153,33.80193194463703,7.900738117929557,0.10273923659445275,30.854210409682082,0.004227095530035602,0.9872262449621401,100,100
ENSMUSG00000084875,0.001,62.31581250733508,1.0,0.001,0.0010000000000000005,0.0022711162625585063,0.30031898824141245,100,100
ENSMUSG00000084876,1.0412593922483107,249.40287378335123,1.0,0.001,9.438431436648557,0.0010002763800977877,0.08007753628060167,100,100
ENSMUSG00000084878,0.002872881686472232,9.430275012139496,29.048237628812767,0.001,0.06450374813007834,0.0017396199910734837,10.395288555394163,100,100
ENSMUSG00000084880,0.0477222177859512,19.943841126108392,14.04505509689723,0.001,21.14438269269928,0.001027447861907922,36.54782025586468,100,100
ENSMUSG00000084881,0.001,62.31581250733508,1.0,0.001,0.001,0.00164942089943222,0.08950072440265526,100,100
ENSMUSG00000084883,0.25228033021163715,1.5541654470829733,1.0,0.17447925397857583,31.81029421686858,0.005340226939242908,0.9918804330532799,100,100
ENSMUSG00000084884,0.001,62.31581250733508,1.0,0.001,0.001,0.0017222243487156573,0.1795021649107456,100,100
ENSMUSG00000084889,0.001,62.31581250733508,1.0,0.001,0.001,0.0019039934131626747,0.1339339764444585,100,100
ENSMUSG00000084890,0.001,62.31581250733508,1.0,0.001,0.001,0.0015752588730610895,0.13942067366933902,100,100
ENSMUSG00000084892,0.01693909483441937,2.093457098129941,3.1329909562420375,0.001,21.321818076445034,0.0010000000000000063,12.26010758110198,100,100
ENSMUSG00000084894,0.19247957947317745,5.875929804394765,4.308932238585435,0.0036124047295682817,8.933203167216668,0.0023284885118916385,2.043955028545205,100,100
ENSMUSG00000084898,0.001,62.31581250733508,1.0,0.001,0.001,0.0016099674651201621,0.0790811414594118,100,100
ENSMUSG00000084899,0.001,62.31581250733508,1.0,0.001,0.0010000000000000005,0.002005978636627892,0.34334536169189234,100,100
ENSMUSG00000084902,0.001,62.31581250733508,1.0,0.001,0.0010000000000000005,0.0017019934332915998,0.13004131574301392,100,100
ENSMUSG00000084904,0.001,59.94762576822368,1.0,0.001,0.001,0.0016824151815037149,0.12989024080853212,100,100
ENSMUSG00000084908,0.001,66.84427540036525,1.0,0.001,0.001,0.0022285114850645023,0.10359200593592632,100,100
ENSMUSG00000084910,0.039735558024711556,2.6948038970354067,4.137647314624584,0.001,5.7165125463074915,0.002015360509634681,35.03273650749665,100,100
ENSMUSG00000084911,0.001,58.440570410729244,1.0,0.001,0.001,0.0017336235408910083,0.13377480469367478,100,100
ENSMUSG00000084913,0.001,62.31581250733508,1.0,0.001,0.001,0.0015541220937198984,0.4667683901905545,100,100
ENSMUSG00000084915,1.3532376732398288,256.6457274702968,1.0,0.001,15.809561246065524,0.001,0.04518261610464179,100,100
ENSMUSG00000084917,2.6672646172950873,315.5674850746907,1.0,0.001,13.713942415400378,0.001,0.06087818168025537,100,100
ENSMUSG00000084918,0.001,62.31581250733508,1.0,0.001,0.001,0.0015828202719026935,0.16624086952174194,100,100
ENSMUSG00000084921,0.001,62.31581250733508,1.0,0.001,0.0010000000000000005,0.0014760434862831162,0.4115497211936581,100,100
ENSMUSG00000084925,0.06358520863477372,16.786857280318443,29.218488398572934,0.001,0.17647487436837603,0.5415566572616344,184.79597258694776,100,100
ENSMUSG00000084927,0.001,62.31581250733508,1.0,0.001,0.0010000000000000005,0.001728824808721878,0.23371971083006898,100,100
ENSMUSG00000084930,0.02260162828411514,20.887860130152845,15.189767810646371,0.001,13.434177122988832,0.0013934729164521134,33.9288985655499,100,100
ENSMUSG00000084936,0.001,61.259704531272526,1.0,0.001,0.0010000000000000005,0.0015938643118882444,0.20025098599878993,100,100
ENSMUSG00000084938,15.75817363931184,750.1671199732817,1.0000441247106737,0.001,24.9884853228237,0.001,0.009823100861903461,100,100
ENSMUSG00000084940,0.001,62.31581250733508,1.0,0.001,0.001,0.0016985571587208067,0.18336831598024836,100,100
ENSMUSG00000084941,0.010774718588150288,19.83217469352139,22.618077659866916,0.001,6.321341834917778,0.0010000000000523796,20.929529486718167,100,100
ENSMUSG00000084946,0.001,66.84427540036525,1.0,0.001,0.001,0.001713528872287603,0.20510208531446544,100,100
ENSMUSG00000084948,0.001,62.31581250733508,1.0,0.001,0.001,0.0017919800614019312,0.16797528192933578,100,100
ENSMUSG00000084950,0.0475119186133966,19.965283888097883,14.059846714662337,0.001,22.781038041590698,0.0013201430055363996,42.25365159287891,100,100
ENSMUSG00000084951,0.001,62.31581250733508,1.0,0.001,0.001,0.0016376671010178776,0.17791234283975826,100,100
ENSMUSG00000084954,0.27213439610239265,65.36421030425801,1.0,0.001,4.378928376100921,0.0012385537328884304,0.067402209440388,100,100
ENSMUSG00000084956,0.022605852664542136,20.934659730424602,15.22064923690054,0.001,8.592592177754016,0.0014143140777969577,10.66792993890068,100,100
ENSMUSG00000084957,2.3561053888823738,94.74418383656251,134.78268257357806,0.556408320906266,3.450656040561761,0.9622276160391707,16.058191504230994,100,100
ENSMUSG00000084960,0.09871698252482905,18.647453901260015,12.645517723021872,0.001,26.638383540976164,0.0015320947233550064,9.850451434732346,100,100
ENSMUSG00000084964,1.4275905501715376,345.13246017114864,1.0,0.001,8.300479474600815,0.0010017216765758436,0.05586119207909966,100,100
ENSMUSG00000084965,0.001,62.31581250733508,1.0,0.001,0.001,0.0015672089996150434,0.1823322243714422,100,100
ENSMUSG00000084968,0.03579065993874597,2.1413677448914132,3.1380078029265355,0.001,18.004186422880586,0.0014998941646901843,3.0097124661019237,100,100
ENSMUSG00000084969,0.001,62.31581250733508,1.0,0.001,0.001,0.00170483708612528,0.28361069576777603,100,100
ENSMUSG00000084970,0.001,66.84427540036525,1.0,0.001,0.0010000000000000009,0.0017886527706226472,0.1322336847035062,100,100
ENSMUSG00000084971,0.001,62.31581250733508,1.0,0.001,0.001,0.0016501845006032492,0.3641009607845404,100,100
ENSMUSG00000084973,4.937708448236195,594.5058846164644,1.0,0.001,12.507759357151205,0.0010000000000000278,0.029234115258193062,100,100
ENSMUSG00000084974,0.001,66.84427540036525,1.0,0.001,0.001,0.0014208021619413953,0.10301082180031229,100,100
ENSMUSG00000084978,0.003207854322711785,10.353985893480228,26.27662992682541,0.001,0.05746438490128866,0.0017657962275995668,21.239633050529378,100,100
ENSMUSG00000084979,0.001,62.31581250733508,1.0,0.001,0.001,0.0016291299589155977,0.32980775388040856,100,100
ENSMUSG00000084983,2.8043454615252004,678.1527302530274,1.0,0.001,4.989945827664455,0.001729478709929308,0.0611519890041613,100,100
ENSMUSG00000084984,0.001,66.84427540036525,1.0,0.001,0.001,0.0016289988180287172,0.16057638072240926,100,100
ENSMUSG00000084985,0.001,66.84427540036525,1.0,0.001,0.001,0.0015977217102793818,0.5187434202802852,100,100
ENSMUSG00000084989,17.249697183730593,1000.0,1.0,0.001,28.329863682589348,0.001,0.008358118699903168,100,100
ENSMUSG00000084990,0.001,62.31581250733508,1.0,0.001,0.001,0.0016021629934533847,0.10529627824784808,100,100
ENSMUSG00000084995,0.001,62.31581250733508,1.0,0.001,0.001,0.0015154973150694662,0.12774456549734461,100,100
ENSMUSG00000084996,0.001,62.31581250733508,1.0,0.001,0.0010000000000000009,0.00180821297361886,0.3327364461960582,100,100
ENSMUSG00000084997,0.001,62.31581250733508,1.0,0.001,0.001,0.0014831218184939835,0.25961154132010067,100,100
ENSMUSG00000084998,0.001,61.259704531272526,1.0,0.001,0.001,0.0016203668484482082,0.18765580476147456,100,100
ENSMUSG00000084999,1.2376808717085583,295.4495942554862,1.029948899840649,0.001,8.529629113228516,0.0010229477086512065,0.06564027721599802,100,100
ENSMUSG00000085001,0.001,62.31581250733508,1.0,0.001,0.001,0.0014724018599206498,0.08031222600626392,100,100
ENSMUSG00000085002,0.001,62.31581250733508,1.0,0.001,0.001,0.0014049286064178731,0.08385005352263164,100,100
ENSMUSG00000085004,0.001,66.84427540036525,1.0,0.001,0.001,0.00154543184358208,0.11090774722093262,100,100
ENSMUSG00000085006,1.618864577899538,432.24481884438677,1.1086793463881914,0.001,8.286606498969281,0.0010000000000068112,0.06887831484317299,100,100
ENSMUSG00000085007,0.001,62.31581250733508,1.0,0.001,0.0010000000000000009,0.0014407391246221125,0.3124846609572596,100,100
ENSMUSG00000085009,0.001,62.31581250733508,1.0,0.001,0.001,0.0017065448798325809,0.09032525051849893,100,100
ENSMUSG00000085010,0.001,62.31581250733508,1.0,0.001,0.001,0.0018720762880714348,0.14730999872326017,100,100
ENSMUSG00000085012,12.664221529659825,999.9997111834646,1.0,0.001,17.441749899546522,0.001020237329686696,0.017493921190140843,100,100
ENSMUSG00000085019,0.001,62.31581250733508,1.0,0.001,0.001,0.0021438598179666585,0.11493924677295536,100,100
ENSMUSG00000085023,0.001,66.84427540036525,1.0,0.001,0.001,0.0016541276700170323,0.23757461621126974,100,100
ENSMUSG00000085024,0.001,57.79469271457354,1.0,0.001,0.001,0.0017754200090026111,0.2023008667289355,100,100
ENSMUSG00000085025,1.8568847358530476,424.7194454657821,1.0,0.001,5.175037432124565,0.00124044356242606,0.20449045795811327,100,100
ENSMUSG00000085028,0.2175314278735725,0.6018036361947379,1.117226505715354,0.09083843217889961,1.2007778570679752,0.2737761066693716,4.680090335007058,100,100
ENSMUSG00000085030,0.02423411791987213,22.63246319080831,31.015144220635747,0.001,11.206231691622964,0.0015594723765412163,55.991858077757726,100,100
ENSMUSG00000085033,0.001,62.31581250733508,1.0,0.001,0.0010000000000000005,0.001621526895203648,0.1236027950483643,100,100
ENSMUSG00000085035,0.001,62.31581250733508,1.0,0.001,0.0010000000000000005,0.001446307569885693,0.11857659282482591,100,100
ENSMUSG00000085037,1.0277458049944457,35.60005959008063,3.4152208935771933,0.19953085743346968,71.78338766937179,0.0014192427439287919,0.5366957481056407,100,100
ENSMUSG00000085039,3.807834684435034,457.27362833557095,1.009707826152618,0.001,13.873190930734374,0.0010000000000289816,0.050985117467866374,100,100
ENSMUSG00000085042,0.001,61.259704531272526,1.0,0.001,0.001,0.0017444203692951743,0.14230814187022306,100,100
ENSMUSG00000085043,0.001,66.84427540036525,1.0,0.001,0.0010000000000000005,0.0015329367001810112,0.16484133422858832,100,100
ENSMUSG00000085048,0.001,66.84427540036525,1.0,0.001,0.0010000000000000009,0.001711137887636696,0.16336413643910233,100,100
ENSMUSG00000085049,2.1461883628863268,516.8437340473623,1.0,0.001,5.419542040570455,0.0010262774905150686,0.04905995800284793,100,100
ENSMUSG00000085051,1.9751834003142985,475.50700159073045,1.0,0.001,12.55854476673131,0.0010000000001097547,0.1321410609662881,100,100
ENSMUSG00000085054,3.524707756049314,37.201712375811766,1.0,0.14321059442955386,92.32226515398773,0.0011118359051521358,0.18868220027922855,100,100
ENSMUSG00000085055,11.812695406391164,911.5803432232426,1.0,0.001,21.038189760783986,0.001,0.01205439353147117,100,100
ENSMUSG00000085057,0.030638956513436878,6.689380669402829,6.333888836623335,0.001,22.045712792616268,0.0010000004672773145,3.7905072839285414,100,100
ENSMUSG00000085058,0.001,62.31581250733508,1.0,0.001,0.001,0.001443466409370619,0.089449374950722,100,100
ENSMUSG00000085063,0.001,62.31581250733508,1.0,0.001,0.0010000000000000009,0.0016557697247971954,0.5596711146823781,100,100
ENSMUSG00000085071,0.001,66.84427540036525,1.0,0.001,0.0010000000000000005,0.0019272990307629427,0.10086378563675708,100,100
ENSMUSG00000085072,0.001,62.31581250733508,1.0,0.001,0.001,0.0017276201907809499,0.2447066026781417,100,100
ENSMUSG00000085078,0.017226266693052064,2.086980983920494,3.1237946985744296,0.001,15.319624730190695,0.0011893549774977456,13.787504697083062,100,100
ENSMUSG00000085080,0.001,62.31581250733508,1.0,0.001,0.001,0.0015121858956914716,0.5699162941993988,100,100
ENSMUSG00000085081,0.001,62.31581250733508,1.0,0.001,0.001,0.0016414093981062098,0.14485386139546944,100,100
ENSMUSG00000085083,0.001,62.31581250733508,1.0,0.001,0.0010000000000000005,0.0016365548290938983,0.1902906442270589,100,100
ENSMUSG00000085084,0.001,62.31581250733508,1.0,0.001,0.001,0.0013256933465814742,0.20106527056170737,100,100
ENSMUSG00000085085,1.2942464081253242,312.7073817864961,1.0,0.001,10.850423567817995,0.001,0.060693239122613526,100,100
ENSMUSG00000085087,0.027233500062984597,22.228442092628523,44.58646936420291,0.001,0.22369010587169968,0.0046328971340785455,94.2317312629686,100,100
ENSMUSG00000085088,0.001,62.31581250733508,1.0,0.001,0.001,0.0015469506832614076,0.20472808751276417,100,100
ENSMUSG00000085090,4.391023945844924,528.5651279734651,1.0,0.001,15.189189643907842,0.001,0.3002343566558573,100,100
ENSMUSG00000085091,17.605241348292243,837.490841965128,1.0,0.001,28.428882670015852,0.001,0.008935477504691106,100,100
ENSMUSG00000085093,0.001,62.31581250733508,1.0,0.001,0.001,0.0017529253198916286,0.15483809447131835,100,100
ENSMUSG00000085095,0.001,62.31581250733508,1.0,0.001,0.0010000000000000009,0.0019470533908528403,0.1578794387941914,100,100
ENSMUSG00000085099,0.001,61.88525872635182,1.0,0.001,0.001,0.0017952994166125708,0.07790379448111102,100,100
ENSMUSG00000085101,0.001,62.31581250733508,1.0,0.001,0.001,0.0015923457553551853,0.1092467225071832,100,100
ENSMUSG00000085102,0.022685061945482723,20.59573752479547,14.984632763011222,0.001,4.506953847696488,0.001292938857488162,23.885935554491834,100,100
ENSMUSG00000085105,0.0633775481113544,18.943406885591337,78.4248793367666,0.003813703140051018,0.4265116947308376,0.3632138498807268,130.74530707344468,100,100
ENSMUSG00000085106,0.001,61.45463549419866,1.0,0.001,0.0010000000000000005,0.0015348569803627977,0.23415482577929658,100,100
ENSMUSG00000085110,0.001,62.31581250733508,1.0,0.001,0.001,0.0017977655084072909,0.6492050934082149,100,100
ENSMUSG00000085112,0.3561737551256366,28.171833487957628,20.84862117983823,0.003981778708945881,0.5929881218450661,0.3914017116804337,100.57666561309584,100,100
ENSMUSG00000085114,0.1656588662673191,39.53920567850924,1.0,0.001,6.976293888201271,0.0014083346253176625,0.17840258052963354,100,100
ENSMUSG00000085116,0.001,66.84427540036525,1.0,0.001,0.001,0.002222752055152739,0.13884372052429572,100,100
ENSMUSG00000085118,0.001,66.84427540036525,1.0,0.001,0.001,0.0017876341516810052,0.22954894137977938,100,100
ENSMUSG00000085124,0.001,62.31581250733508,1.0,0.001,0.001,0.0016599532730554156,0.32086313055514276,100,100
ENSMUSG00000085126,0.001,62.31581250733508,1.0,0.001,0.001,0.0015431886628592276,0.13657963155925099,100,100
ENSMUSG00000085129,0.001,62.31581250733508,1.0,0.001,0.001,0.001587288459043469,0.29678080631945714,100,100
ENSMUSG00000085132,8.47959540755599,680.7966219715826,1.019198501334544,0.001,21.287400619055532,0.0010000000000902486,0.022198840930348185,100,100
ENSMUSG00000085133,0.6806588319653257,32.49003657639079,16.58733815930938,0.305681629411342,2.7832273709763484,0.10347048638938636,1.334697229983701,100,100
ENSMUSG00000085134,0.001,62.31581250733508,1.0,0.001,0.001,0.0017043596778020121,0.18455838978518563,100,100
ENSMUSG00000085135,4.132577005576439,999.9999999828615,1.0,0.001,12.078661393695103,0.0010003046438868068,0.06977524509305971,100,100
ENSMUSG00000085143,0.12043500287466599,8.103388515092394,9.674131445383104,0.005866389291593012,0.3222089371264246,0.2706683803134689,14.767285216545522,100,100
ENSMUSG00000085145,0.001,62.31581250733508,1.0,0.001,0.001,0.0015222413369566194,0.323881349764221,100,100
ENSMUSG00000085147,1.2942464081253242,312.7073817864961,1.0,0.001,8.240596996833014,0.0010076105342736437,0.07075358642302619,100,100
ENSMUSG00000085148,1.4068964051297286,4.2191821789837185,13.295514669298202,0.8876239993994828,4.169802573481379,0.8580320115868159,6.582612796901586,100,100
ENSMUSG00000085152,0.001,58.655869952050985,1.0,0.001,0.001,0.001368931783368913,0.1807317140364377,100,100
ENSMUSG00000085154,0.001,60.80878088638715,1.0,0.001,0.0010000000000000005,0.0016842003341033225,0.11342205240920906,100,100
ENSMUSG00000085156,0.34031420651922395,1.406143483991445,5.334510912606558,0.17466455805356754,0.5824389950305491,1.9604218815172505,8.284131208141666,100,100
ENSMUSG00000085161,0.001,62.31581250733508,1.0,0.001,0.001,0.0015888475784852478,0.09971192685062077,100,100
ENSMUSG00000085162,0.001,62.31581250733508,1.0,0.001,0.001,0.00164530921058627,0.15796359987612912,100,100
ENSMUSG00000085165,0.04220423088329705,5.38559617355152,4.342469997258928,0.001,27.257856659974323,0.001077573857723023,3.360922049401102,100,100
ENSMUSG00000085166,0.001,61.88525872635182,1.0,0.001,0.001,0.001713783751277557,0.4772359441407046,100,100
ENSMUSG00000085168,0.001,62.31581250733508,1.0,0.001,0.001,0.0019035833314149935,0.1780697720798985,100,100
ENSMUSG00000085169,3.8345883698239174,457.7436036468011,1.0,0.001,15.188530817565981,0.001,0.02170010818698174,100,100
ENSMUSG00000085170,0.001,61.88525872635182,1.0,0.001,0.001,0.0017755763555247952,0.20155442763441211,100,100
ENSMUSG00000085171,0.13201960554243453,33.124111296552535,1.00000000000535,0.001,8.411536018483751,0.0011355489895884655,0.22738348744737064,100,100
ENSMUSG00000085172,0.21482961654014884,2.8547809346391633,4.300398115865298,0.001,0.46607003384319856,0.6390227007608035,564.2207436055023,100,100
ENSMUSG00000085174,0.001,62.31581250733508,1.0,0.001,0.0010000000000000005,0.001854847075487544,0.29488374852271093,100,100
ENSMUSG00000085175,0.2561566891628941,32.455713805102846,22.23989182285311,0.003162817159023711,0.5767590363782302,0.28093388795339624,123.80304837742908,100,100
ENSMUSG00000085178,1.8029215128838363,432.19960906037096,1.0,0.001,4.5649234094464415,0.0010000010665125575,0.13548213607822213,100,100
ENSMUSG00000085179,0.001,62.31581250733508,1.0,0.001,0.001,0.0015468664482796205,0.15682350752734348,100,100
ENSMUSG00000085180,0.001,62.31581250733508,1.0,0.001,0.001,0.00199771473401225,0.22099439815919686,100,100
ENSMUSG00000085181,0.001,62.31581250733508,1.0,0.001,0.0010000000000000009,0.0014252721776083846,0.03398419680808833,100,100
ENSMUSG00000085183,0.08164694282225125,18.64367430174047,16.136372049385493,0.001,0.6982753085859394,0.0029612728924523993,87.6078279452889,100,100
ENSMUSG00000085184,0.001,61.88525872635182,1.0,0.001,0.001,0.0017465274115684658,0.1416963406113961,100,100
ENSMUSG00000085187,0.001,66.84427540036525,1.0,0.001,0.001,0.0015071968826610408,0.5134594948632027,100,100
ENSMUSG00000085189,0.001,61.88525872635182,1.0,0.001,0.001,0.0014797372104657677,0.1984762996677986,100,100
ENSMUSG00000085192,0.001,62.31581250733508,1.0,0.001,0.001,0.0018843545357499197,0.12859365172360976,100,100
ENSMUSG00000085196,0.001,61.024058264401226,1.0,0.001,0.001,0.0017591916248885368,0.10207099170985892,100,100
ENSMUSG00000085197,2.2909001878826274,546.7058370600222,1.0,0.001,8.407274095292426,0.0010000000000265831,0.052064477366168704,100,100
ENSMUSG00000085199,0.001,62.31581250733508,1.0,0.001,0.001,0.0019508554312232002,0.16383060811417044,100,100
ENSMUSG00000085201,8.66594543706416,497.7791509982461,1.0,0.001,26.425924512095754,0.001,0.009900568320567254,100,100
ENSMUSG00000085203,0.001,62.31581250733508,1.0,0.001,0.0010000000000000009,0.0016564792273910727,0.12050001508981037,100,100
ENSMUSG00000085204,0.001,62.31581250733508,1.0,0.001,0.001,0.0016435024443170962,0.09430475064574183,100,100
ENSMUSG00000085205,0.001,62.31581250733508,1.0,0.001,0.0010000000000000009,0.0015972330687601874,0.1312088473423404,100,100
ENSMUSG00000085206,3.605362360419091,868.4115063134839,1.0,0.001,6.58530215135927,0.001,0.035141001391539396,100,100
ENSMUSG00000085207,0.001,61.674132606755,1.0,0.001,0.0010000000000000005,0.001647048741607207,0.16914913509270219,100,100
ENSMUSG00000085208,0.8462428457623078,5.2397689257053175,15.473703068816665,0.4812136756784453,1.3389346961068425,1.6239684673950032,9.266453608882408,100,100
ENSMUSG00000085211,0.001,61.024058264401226,1.0,0.001,0.0010000000000000009,0.0019021231039179644,0.11872764423961095,100,100
ENSMUSG00000085213,0.016786228982877655,2.085270700492086,3.122411145038847,0.001,15.961166544632682,0.0012827160315942094,12.850944680757475,100,100
ENSMUSG00000085218,0.001,62.31581250733508,1.0,0.001,0.001,0.0019095811083169097,0.15333854401739894,100,100
ENSMUSG00000085227,0.18761709171287644,2.358166192454489,4.751449693131562,0.04852378148497686,0.4312107016071904,0.7829900024292942,46.15779146545564,100,100
ENSMUSG00000085228,1.8313100340425117,434.42234650126426,1.0,0.001,9.259994589644336,0.0010000472686896732,0.02293940206463984,100,100
ENSMUSG00000085229,4.257672045934543,999.9998133618201,1.0,0.001,8.528093178693204,0.0010027196802513236,0.0571748153236836,100,100
ENSMUSG00000085232,0.001,62.31581250733508,1.0,0.001,0.0010000000000000005,0.0018637673709968896,0.057972983421137256,100,100
ENSMUSG00000085234,4.293871583736224,999.9889054260726,1.0,0.001,11.830534292843364,0.0010000000000296863,0.16906380323179762,100,100
ENSMUSG00000085236,0.001,66.84427540036525,1.0,0.001,0.001,0.001717496348426703,0.23111518515691792,100,100
ENSMUSG00000085237,9.115790790989847,713.8734361496666,1.0,0.001,22.068796425998592,0.001,0.009005838294055893,100,100
ENSMUSG00000085238,0.001,62.31581250733508,1.0,0.001,0.0010000000000000009,0.001950578335948762,0.21829213769094694,100,100
ENSMUSG00000085239,0.001,62.31581250733508,1.0,0.001,0.001,0.0019420958211436232,0.09251972573122699,100,100
ENSMUSG00000085241,0.9115700631970587,3.849409067743964,14.593767973668179,0.6219514878739294,1.6336589079445298,1.6417006220942465,7.404453894724932,100,100
ENSMUSG00000085242,0.001,61.88525872635182,1.0,0.001,0.001,0.0017742875930979898,0.11896078141139443,100,100
ENSMUSG00000085245,0.09179957070894997,1.5177808247825246,1.3489422756796172,0.016543007358828174,32.08026331056998,0.0013089766177997817,4.239268585760676,100,100
ENSMUSG00000085246,0.001,62.31581250733508,1.0,0.001,0.001,0.0017444229939248867,0.07410199408779403,100,100
ENSMUSG00000085247,0.001,62.31581250733508,1.0,0.001,0.001,0.0016323182099787508,0.06396584863235134,100,100
ENSMUSG00000085249,0.001,61.88525872635182,1.0,0.001,0.001,0.0015704059808563276,0.10878545194723446,100,100
ENSMUSG00000085250,0.016712194547591912,2.0843237076131245,3.1221066358825085,0.001,12.323566552755148,0.0012330655937474236,10.745137854016864,100,100
ENSMUSG00000085253,0.09593683224939863,33.07383446989327,26.149604517713243,0.012156246979108179,9.944465028904371,0.0023522881431092706,3.3135534703455907,100,100
ENSMUSG00000085255,0.1774165572984004,17.90963245322276,4.0769846309886235,0.011961357943412472,36.92878972531955,0.0010284607919553274,1.1049909148933872,100,100
ENSMUSG00000085256,0.001,62.31581250733508,1.0,0.001,0.001,0.0017612775595360014,0.17698465124446394,100,100
ENSMUSG00000085260,8.302855051665173,1000.0,1.0,0.001,14.456650029476318,0.001,0.04544656530716393,100,100
ENSMUSG00000085262,1.2942464081253242,312.7073817864961,1.0,0.001,8.306870187852551,0.001000000000025222,0.042946929003152376,100,100
ENSMUSG00000085264,0.001,62.31581250733508,1.0,0.001,0.001,0.001680174296979032,0.08059538146970706,100,100
ENSMUSG00000085269,0.001,62.31581250733508,1.0,0.001,0.0010000000000000009,0.0016182536118139548,0.20324293495594722,100,100
ENSMUSG00000085271,0.001,66.84427540036525,1.0,0.001,0.0010000000000000005,0.0015881787920931849,0.13406514262652694,100,100
ENSMUSG00000085272,0.001,62.31581250733508,1.0,0.001,0.0010000000000000005,0.001754190953779734,0.07033415970108327,100,100
ENSMUSG00000085274,1.1417630919727113,268.95454653579736,1.0,0.001,9.974711179374946,0.0010011161802407752,0.05877484778473868,100,100
ENSMUSG00000085275,0.001,62.31581250733508,1.0,0.001,0.001,0.0014157858650432926,0.13250033631356423,100,100
ENSMUSG00000085278,0.001,66.84427540036525,1.0,0.001,0.0010000000000000005,0.001483534257954742,0.8406153395039876,100,100
ENSMUSG00000085279,0.001,61.45463549419866,1.0,0.001,0.001,0.0018741035560057942,0.2347158026994327,100,100
ENSMUSG00000085280,0.001,61.674132606755,1.0,0.001,0.0010000000000000009,0.0018759706341159935,0.24439639457138082,100,100
ENSMUSG00000085282,0.06939541637010764,19.092686595738012,13.972110879242573,0.001,39.80989228675461,0.0010252089796984624,2.8209196493137387,100,100
ENSMUSG00000085284,0.001,62.31581250733508,1.0,0.001,0.001,0.0016370219096675436,0.18196437741599708,100,100
ENSMUSG00000085286,0.001,62.31581250733508,1.0,0.001,0.001,0.002009477933570896,0.21691859255691928,100,100
ENSMUSG00000085287,0.18339482744197694,25.57396509122651,34.01760523498555,0.001,0.31273867080465245,0.7850890232380513,288.4311917793993,100,100
ENSMUSG00000085289,0.09581238744753302,17.137744421520136,16.359551571138127,0.001,0.30306833121258553,0.18096922490892697,133.47215608931606,100,100
ENSMUSG00000085292,0.001,62.31581250733508,1.0,0.001,0.001,0.001682265163423262,0.08041180512435703,100,100
ENSMUSG00000085295,0.001,62.31581250733508,1.0,0.001,0.0010000000000000009,0.0016669641127921447,0.1816594258260001,100,100
ENSMUSG00000085303,0.001,62.31581250733508,1.0,0.001,0.001,0.0017156711667174504,0.45141563430367393,100,100
ENSMUSG00000085304,0.003278745494802053,11.907628964341697,29.167348987211728,0.001,0.09680476995987279,0.002023616081496385,16.82004979082315,100,100
ENSMUSG00000085307,1.4275905501715376,345.13246017114864,1.0,0.001,10.508522944187952,0.001000094499344866,0.06900797203908574,100,100
ENSMUSG00000085310,12.143094473017234,999.9999999850126,1.0332730123855993,0.001,22.135532834322657,0.001,0.008737053257696827,100,100
ENSMUSG00000085311,9.437560135207086,738.2738494275023,1.001686637646141,0.001,21.56315039499739,0.001,0.008879706989890018,100,100
ENSMUSG00000085315,0.046897860730048056,20.117184006059144,14.176536953249418,0.001,19.19152785436598,0.0012026066962590974,52.33143469348517,100,100
ENSMUSG00000085316,0.05668802302072132,23.330326785255785,37.44925153085307,0.015604972822720577,0.6329130839081702,0.05008985060069575,6.344151285447819,100,100
ENSMUSG00000085317,0.003278745494802053,11.907628964341697,29.167348987211728,0.001,0.04000260200586432,0.0021340868270327967,8.425333733194282,100,100
ENSMUSG00000085321,0.001,62.31581250733508,1.0,0.001,0.001,0.0017256961088540934,0.08592257761714775,100,100
ENSMUSG00000085326,0.001,62.31581250733508,1.0,0.001,0.001,0.0017060586827917358,0.07531482590763626,100,100
ENSMUSG00000085327,0.001,61.88525872635182,1.0,0.001,0.001,0.0021439848415983195,0.40167813045330714,100,100
ENSMUSG00000085330,0.001,62.31581250733508,1.0,0.001,0.001,0.001476965348664577,0.06108107138474125,100,100
ENSMUSG00000085331,0.001,62.31581250733508,1.0,0.001,0.001,0.0017310437407763628,0.15733752336831702,100,100
ENSMUSG00000085334,0.3388248639336821,29.684875565233956,7.069384835078825,0.014350504785017839,43.86009425467941,0.001235258360688636,0.9866378838381681,100,100
ENSMUSG00000085335,1.2713990456225448,306.23830823351676,1.0,0.001,8.945917018674677,0.0010683901933337832,0.043737647760366566,100,100
ENSMUSG00000085337,0.001,62.31581250733508,1.0,0.001,0.001,0.0018812269412857457,1.2824887293535012,100,100
ENSMUSG00000085338,0.001,66.84427540036525,1.0,0.001,0.0010000000000000009,0.0015826952930311626,0.09611380935883637,100,100
ENSMUSG00000085340,0.001,61.88525872635182,1.0,0.001,0.001,0.001792463084068047,0.2680157335778174,100,100
ENSMUSG00000085347,0.48564286272209506,11.528716181474156,5.980473559165471,0.06360747160213837,2.5735338272143258,0.11131803758693481,4.785308536041177,100,100
ENSMUSG00000085352,1.503103188885066,363.25008257950475,1.0,0.001,10.336122363011238,0.001000000028404156,0.06907498418864866,100,100
ENSMUSG00000085354,0.001,61.45463549419866,1.0,0.001,0.0010000000000000005,0.0017929949060295266,0.07960506609002219,100,100
ENSMUSG00000085355,0.014074694799060778,25.565959955571234,60.0740087736656,0.001,7.501978293332446,0.0011424730916727449,32.73704550103829,100,100
ENSMUSG00000085359,0.001,61.88525872635182,1.0,0.001,0.001,0.001516067390712623,0.11829697754070848,100,100
ENSMUSG00000085360,0.006604570603338855,17.76875091941505,43.922219627254435,0.001,0.2940723420805865,0.0015677272977010154,25.253373823641937,100,100
ENSMUSG00000085361,0.001,66.84427540036525,1.0,0.001,0.001,0.0018004152324571563,0.19618898878893315,100,100
ENSMUSG00000085375,0.001,66.84427540036525,1.0,0.001,0.001,0.0016166779927814495,0.6065075318745448,100,100
ENSMUSG00000085376,0.001,62.31581250733508,1.0,0.001,0.001,0.0019809333250456794,0.2306756412620415,100,100
ENSMUSG00000085377,0.001,61.88525872635182,1.0,0.001,0.001,0.002060575415800779,0.41252526668839784,100,100
ENSMUSG00000085379,0.09250646615291945,0.11635147899103378,1.2414949028576034,0.001,1.1714325811042774,0.5006668453012204,1131.7274411074673,100,100
ENSMUSG00000085382,0.001,66.84427540036525,1.0,0.001,0.0010000000000000005,0.0017362454274827486,0.2181969649538881,100,100
ENSMUSG00000085385,0.5226520829630444,1.2546809886357368,5.6384078961471245,0.11281244892310452,0.9703087770229375,1.8477376329854078,29.529170764323034,100,100
ENSMUSG00000085389,0.09506540913897166,7.198532123154853,7.574824714349799,0.027436404363679008,0.5514606482959048,0.10095074090993653,3.8115594317804247,100,100
ENSMUSG00000085393,0.001,66.84427540036525,1.0,0.001,0.0010000000000000005,0.0019484776819860788,0.14083027299791984,100,100
ENSMUSG00000085395,0.5797683935043645,1.6921442976113177,1.9183242383878034,0.0012466608053335654,2.563840396835981,0.16639044423310206,815.2784991893312,100,100
ENSMUSG00000085396,0.1982249459578893,3.6009650214223736,3.1515065753184826,0.04272750067221741,1.0079969059366267,0.12946016099825275,3.692899206451017,100,100
ENSMUSG00000085398,0.001,62.31581250733508,1.0,0.001,0.001,0.0017160906956394638,0.39464430676182616,100,100
ENSMUSG00000085399,0.0757238149110085,16.24586585693264,44.983072693920526,0.001,0.13652714379420572,1.497463320011386,213.09306535128616,100,100
ENSMUSG00000085400,0.001,61.88525872635182,1.0,0.001,0.001,0.001780708134692628,0.1300655050122393,100,100
ENSMUSG00000085403,0.001,62.31581250733508,1.0,0.001,0.0010000000000000005,0.0017303265430168662,0.1876563810575889,100,100
ENSMUSG00000085407,0.001,62.31581250733508,1.0,0.001,0.001,0.002285069079202725,0.19766144145498976,100,100
ENSMUSG00000085408,8.333892728913215,999.9999999839383,1.0,0.001,16.820964258272593,0.0010000000000028968,0.07984695435902062,100,100
ENSMUSG00000085411,0.001,62.31581250733508,1.0,0.001,0.0010000000000000009,0.0015477209831411582,0.18039623352198209,100,100
ENSMUSG00000085412,0.013281741258047257,21.596265639605125,33.32345395613715,0.001,1.4006019023521856,0.0021913762694013004,47.11002367297894,100,100
ENSMUSG00000085413,0.001,62.31581250733508,1.0,0.001,0.001,0.0013563257414059106,0.09685036937826526,100,100
ENSMUSG00000085415,1.723887096681834,402.89002048942854,1.0,0.001,7.138253255176933,0.001147116459172033,0.05300886837418539,100,100
ENSMUSG00000085416,0.001,62.31581250733508,1.0,0.001,0.001,0.0016927017738773936,0.22568550911668134,100,100
ENSMUSG00000085417,0.001,62.31581250733508,1.0,0.001,0.0010000000000000005,0.0016309180916084666,0.09763667721925619,100,100
ENSMUSG00000085419,0.001,61.88525872635182,1.0,0.001,0.001,0.002121323540964985,0.14694827062826704,100,100
ENSMUSG00000085421,0.001,66.84427540036525,1.0,0.001,0.001,0.0018204204830294056,0.18167470583633577,100,100
ENSMUSG00000085423,5.490381821063961,658.5325141366689,1.0,0.001,16.60173790400867,0.0010000000000120219,0.012616434005447168,100,100
ENSMUSG00000085425,2.018411678437292,483.99366341008954,1.0,0.001,8.584235400450995,0.001070600303990802,0.09971834134285701,100,100
ENSMUSG00000085427,0.001,62.31581250733508,1.0,0.001,0.001,0.001694578395833494,0.15834120242337577,100,100
ENSMUSG00000085430,0.001,62.31581250733508,1.0,0.001,0.0010000000000000005,0.0014651162480828843,0.13703647710390784,100,100
ENSMUSG00000085431,0.001,62.31581250733508,1.0,0.001,0.0010000000000000009,0.001866908411586534,0.3941152957853093,100,100
ENSMUSG00000085433,0.15436214213516306,32.06235700912702,27.556880969593532,0.001,0.41433250432311897,0.3266720021435219,173.81151421344595,100,100
ENSMUSG00000085434,0.001,62.31581250733508,1.0,0.001,0.001,0.0018355139256773585,0.20021499251334524,100,100
ENSMUSG00000085436,0.21348065831375637,1.5774609181400772,2.0416541425899544,0.0023064874310167764,0.7113071015514012,0.3219212596324349,181.02880733790295,100,100
ENSMUSG00000085437,0.001,61.45463549419866,1.0,0.001,0.0010000000000000005,0.0017111401408165512,0.13121319984776342,100,100
ENSMUSG00000085438,0.35855507920285656,0.38653654771912005,4.304675101134119,0.10942686498683138,0.9885634268021954,2.216118296080502,58.80499883898516,100,100
ENSMUSG00000085440,0.001,62.31581250733508,1.0,0.001,0.001,0.0018091248141285593,0.22884001864368986,100,100
ENSMUSG00000085442,0.07513486781977032,0.03140223281006091,12.208395051567681,0.0019829039435673235,3.0032997377778328,3.810363225768329,12737.477531432956,100,100
ENSMUSG00000085443,0.08202010544908682,18.629033925437366,16.117411704395785,0.001,0.47171914298437734,0.0067494135462886455,55.57183797177892,100,100
ENSMUSG00000085444,0.001,61.674132606755,1.0,0.001,0.001,0.0016215952827893104,0.2804407074817683,100,100
ENSMUSG00000085445,0.001,62.31581250733508,1.0,0.001,0.0010000000000000009,0.001905539296850106,0.1732450644953123,100,100
ENSMUSG00000085448,0.01080846477635479,19.144651319460177,21.85917447475493,0.001,7.121111305496037,0.0012041994800366487,16.111947565828544,100,100
ENSMUSG00000085451,0.001,62.31581250733508,1.0,0.001,0.001,0.0016071442631908372,0.15427459527200163,100,100
ENSMUSG00000085453,0.001,62.31581250733508,1.0,0.001,0.001,0.0016929594658515992,0.08882329068004349,100,100
ENSMUSG00000085454,0.001,62.31581250733508,1.0,0.001,0.0010000000000000009,0.001953550011801743,0.1449249058440226,100,100
ENSMUSG00000085457,19.00323683006127,885.0341830442517,1.0,0.001,32.04209679344241,0.001,0.008132613589831887,100,100
ENSMUSG00000085464,0.001,62.31581250733508,1.0,0.001,0.001,0.0016901241580654946,0.23507649473486003,100,100
ENSMUSG00000085465,5.199726425932051,618.2572257781195,1.0,0.001,15.36917100017199,0.0010000002654433043,0.011974296910276547,100,100
ENSMUSG00000085467,0.001,62.31581250733508,1.0,0.001,0.0010000000000000005,0.00199388025323681,0.321968539256248,100,100
ENSMUSG00000085470,2.134303477002954,511.7325357528449,1.0,0.001,7.876013357967831,0.0010408978927758253,0.0636226667380387,100,100
ENSMUSG00000085472,0.001,62.31581250733508,1.0,0.001,0.0010000000000000005,0.0016457548134243517,0.1349644907262832,100,100
ENSMUSG00000085482,0.001,66.84427540036525,1.0,0.001,0.001,0.0016747817229530596,0.22371998461423953,100,100
ENSMUSG00000085483,0.001,62.31581250733508,1.0,0.001,0.001,0.0017802802019172702,0.10297946512449124,100,100
ENSMUSG00000085485,0.001,62.31581250733508,1.0,0.001,0.001,0.001769896248355998,0.31311045005586025,100,100
ENSMUSG00000085486,0.001,62.31581250733508,1.0,0.001,0.001,0.0015451004347656282,0.20575662651943405,100,100
ENSMUSG00000085487,0.001,62.31581250733508,1.0,0.001,0.001,0.001800333543732453,0.09870642358575057,100,100
ENSMUSG00000085491,0.001,62.31581250733508,1.0,0.001,0.001,0.0017064273008837866,0.06860894155004033,100,100
ENSMUSG00000085492,0.42966013988146373,3.8277921045700687,3.9169095438325408,0.001,0.9802819623341807,0.37739775637744694,781.052578651856,100,100
ENSMUSG00000085495,0.061122729197144045,19.33048631886851,7.924746608407767,0.001,23.90544417085543,0.0010442428582611695,23.790205714232115,100,100
ENSMUSG00000085497,0.001,62.31581250733508,1.0,0.001,0.0010000000000000005,0.0017281334797863512,0.15181529747438527,100,100
ENSMUSG00000085498,0.016782129310364834,2.0842721227114827,3.1222849765485163,0.001,20.300589961342993,0.0010000003309607506,18.844272375933052,100,100
ENSMUSG00000085499,0.001,61.88525872635182,1.0,0.001,0.001,0.001560983830664379,0.25277764903957933,100,100
ENSMUSG00000085501,0.05395359617900479,18.88532449320734,26.553857866011043,0.001,0.3391295052926022,0.1193454276624342,112.09832927226947,100,100
ENSMUSG00000085502,0.001,62.31581250733508,1.0,0.001,0.0010000000000000005,0.0016614762820072308,0.21674416724244716,100,100
ENSMUSG00000085504,0.001,62.31581250733508,1.0,0.001,0.0010000000000000005,0.0016190438181129224,0.12854490942073585,100,100
ENSMUSG00000085505,3.7499259495948567,447.03027170898594,1.0,0.001,13.893665944267674,0.001,0.0913650686717337,100,100
ENSMUSG00000085509,0.003187314744809363,11.008311262188817,28.254790821369774,0.001,0.0668606992732704,0.0019966162081054683,16.805251248572272,100,100
ENSMUSG00000085511,0.001,62.31581250733508,1.0,0.001,0.0010000000000000009,0.0019065344853720066,0.24720357821491734,100,100
ENSMUSG00000085514,0.001,62.31581250733508,1.0,0.001,0.001,0.0014974331040050722,0.25687954883161723,100,100
ENSMUSG00000085517,0.11143260186154166,17.56804977550304,14.084599024265087,0.001,0.25009308854473977,0.1456886222581949,91.22348320873046,100,100
ENSMUSG00000085519,0.02260238387939861,20.818541883044947,15.13828679010934,0.001,11.380469240810422,0.0012694192774836133,11.933267480373592,100,100
ENSMUSG00000085521,0.001,59.75744064589286,1.0,0.001,0.001,0.0019624362253752715,0.1741055188620535,100,100
ENSMUSG00000085525,0.001,30.669887122862463,1.0,0.001,0.001,0.0028291172032265124,0.7246800154021609,100,100
ENSMUSG00000085526,0.06429274650112464,19.23735464415972,11.330473684848647,0.003119527748583891,13.80415794214283,0.0014873952116429335,6.849859535984896,100,100
ENSMUSG00000085527,0.01316786761778699,13.58693687217458,34.885825359742235,0.001,25.094001191368157,0.0010168784169100296,14.141807816770902,100,100
ENSMUSG00000085531,0.001,62.31581250733508,1.0,0.001,0.001,0.0016815138386934905,0.13017230724094753,100,100
ENSMUSG00000085532,0.001,66.84427540036525,1.0,0.001,0.001,0.001482318581978429,0.14673909662675735,100,100
ENSMUSG00000085538,0.001,62.31581250733508,1.0,0.001,0.0010000000000000005,0.0015946580490334432,0.44519375535770495,100,100
ENSMUSG00000085539,0.001,62.31581250733508,1.0,0.001,0.0010000000000000009,0.0016627160406853373,0.2179685503052432,100,100
ENSMUSG00000085543,0.11384618112645052,26.95183298160442,1.0,0.001,7.282467193126751,0.001131646442903902,0.08515586430142583,100,100
ENSMUSG00000085546,0.001,66.84427540036525,1.0,0.001,0.001,0.0017756490486234362,0.07281641670551148,100,100
ENSMUSG00000085549,0.001,62.31581250733508,1.0,0.001,0.001,0.0017066884855945555,0.2364794131856544,100,100
ENSMUSG00000085550,1.9436899174801565,467.0695388708544,1.0,0.001,9.071426453279317,0.0011721898023946955,0.15704845060767897,100,100
ENSMUSG00000085558,0.013974888157225666,23.316274130466745,56.26494532513337,0.001,0.5179925511116069,0.001806350131847365,53.23350265920081,100,100
ENSMUSG00000085560,0.011315988603866116,0.29136308754694623,1.5830181785342785,0.001,0.18133695172129896,0.04368596222579231,96.6569955277953,100,100
ENSMUSG00000085562,0.001,66.84427540036525,1.0,0.001,0.0010000000000000005,0.0016787661966227228,0.15683795526500746,100,100
ENSMUSG00000085563,0.001,60.188376913276144,1.0,0.001,0.001,0.0018427783975102866,0.1854832177247838,100,100
ENSMUSG00000085564,0.04556407368461892,21.110236947961813,15.34105784474478,0.004985283569991757,20.882538204007915,0.0010107266188886285,5.3154632367986485,100,100
ENSMUSG00000085566,0.001,59.94762576822368,1.0,0.001,0.0010000000000000009,0.0019833753315964,0.18024256063110664,100,100
ENSMUSG00000085568,0.001,62.31581250733508,1.0,0.001,0.001,0.0021635930151046173,0.3547244120299762,100,100
ENSMUSG00000085569,0.16936499748673273,26.72552499572606,31.56069254435832,0.001,0.3168519890335404,0.6051306626759179,286.5400400657936,100,100
ENSMUSG00000085572,0.001,62.31581250733508,1.0,0.001,0.001,0.0016766062440176552,0.20616752172521152,100,100
ENSMUSG00000085573,0.11384618112645052,26.95183298160442,1.0,0.001,8.208070065613278,0.0010001304325615806,0.11860163203990706,100,100
ENSMUSG00000085575,7.219020326832117,869.2752506767204,1.0,0.001,12.50133811158175,0.0010067922373596045,0.04963570692831657,100,100
ENSMUSG00000085578,0.001,61.88525872635182,1.0,0.001,0.001,0.0016560181128186116,0.16425873127932702,100,100
ENSMUSG00000085581,0.001,62.31581250733508,1.0,0.001,0.001,0.0018493713498002775,0.16271628699117763,100,100
ENSMUSG00000085586,0.21431651642359872,17.7681881039716,3.4810880629833063,0.024983802283175163,43.627287965026,0.0010550253807648283,1.2329504385377748,100,100
ENSMUSG00000085589,3.338165727611042,807.3831051292377,1.0,0.001,4.8249011777742075,0.0011161118344793185,0.07504982295233045,100,100
ENSMUSG00000085595,0.001,62.31581250733508,1.0,0.001,0.001,0.001540647503030974,0.22623864853394257,100,100
ENSMUSG00000085596,0.03045057804175869,0.665471909191583,5.156490323078543,0.005607926086242944,0.12059910963705336,1.1870132525667763,54.73169732731098,100,100
ENSMUSG00000085600,0.001,62.31581250733508,1.0,0.001,0.001,0.002288008984688882,0.09307877042589749,100,100
ENSMUSG00000085601,0.001,62.31581250733508,1.0,0.001,0.001,0.0014898649844596406,0.4129716125227142,100,100
ENSMUSG00000085604,0.03447340450476433,19.172842773682063,45.6194689682788,0.001,0.1646981645077874,0.22006375677750867,85.22571063674275,100,100
ENSMUSG00000085606,0.001,62.31581250733508,1.0,0.001,0.001,0.001827884011042385,0.10335850048027209,100,100
ENSMUSG00000085608,0.001,62.31581250733508,1.0,0.001,0.0010000000000000009,0.0015343113251113706,0.18535374479944666,100,100
ENSMUSG00000085609,0.014118922034750316,1.6406764612039912,8.97797510545974,0.001,20.542205874927994,0.0010774112947476834,21.642953960468745,100,100
ENSMUSG00000085612,0.001,62.31581250733508,1.0,0.001,0.0010000000000000009,0.0018220871130875606,0.07436777405839165,100,100
ENSMUSG00000085614,0.06918761698965573,19.539440606164487,18.754794488341865,0.001,0.34662817078024366,0.0015800474691254045,85.60002582915405,100,100
ENSMUSG00000085615,0.21326972537647299,17.580742482277156,6.202124207133668,0.020987397747495674,24.844098610523982,0.0017511679515615584,2.5496206621424156,100,100
ENSMUSG00000085622,0.3983168901256914,28.703923337999683,19.998989397779248,0.0010190252239714035,0.9272291936054993,0.2965411691914286,334.6819653980525,100,100
ENSMUSG00000085626,0.007544499362450884,10.714269141916606,29.40299643873972,0.001,0.17933963150720522,0.004178714201236907,32.600924455910175,100,100
ENSMUSG00000085627,0.001,52.51336921168107,1.0,0.001,0.001,0.0017858091208412807,0.22596255717199942,100,100
ENSMUSG00000085628,0.001,66.84427540036525,1.0,0.001,0.001,0.0016016371058101891,0.2474214558927591,100,100
ENSMUSG00000085629,0.001,62.31581250733508,1.0,0.001,0.001,0.0015651510343553479,0.06814313525313728,100,100
ENSMUSG00000085630,0.001,66.84427540036525,1.0,0.001,0.001,0.0016269668958428009,0.20006913884313876,100,100
ENSMUSG00000085631,0.001,62.31581250733508,1.0,0.001,0.0010000000000000009,0.0015423948600646205,0.05691254852289934,100,100
ENSMUSG00000085633,1.2107757427200323,287.553808868097,1.0,0.001,9.93184178982827,0.0010003234722712549,0.024586103583889928,100,100
ENSMUSG00000085634,0.001,62.31581250733508,1.0,0.001,0.001,0.001657046991830526,0.10090329293842676,100,100
ENSMUSG00000085636,0.46437097322544696,17.345956799253972,2.121958579350106,0.06503062418183583,56.07574924462138,0.0010964876111541834,0.45344776315810836,100,100
ENSMUSG00000085637,0.001,62.31581250733508,1.0,0.001,0.001,0.0018420433219719658,0.11242371481593672,100,100
ENSMUSG00000085639,0.001,62.31581250733508,1.0,0.001,0.001,0.0018295844790371797,0.16648217885641256,100,100
ENSMUSG00000085642,0.006933878618576301,14.605413846213606,37.169902952806396,0.001,6.793639258557654,0.0012205055678576658,31.399875771109805,100,100
ENSMUSG00000085645,0.023805890909661023,0.17086693734338645,5.387917788073679,0.009053093816507152,0.1006298925479978,5.723521684594568,94.55554142946795,100,100
ENSMUSG00000085654,0.001,62.31581250733508,1.0,0.001,0.001,0.0018357993188324465,0.0957359681305039,100,100
ENSMUSG00000085655,6.601597687179867,781.7973181157776,1.0,0.001,17.029098949317614,0.001,0.07315206058052366,100,100
ENSMUSG00000085656,0.001,62.31581250733508,1.0,0.001,0.001,0.002448963945861587,0.1276546648090577,100,100
ENSMUSG00000085658,0.001,61.674132606755,1.0,0.001,0.001,0.0015325810996034313,0.1620406467643904,100,100
ENSMUSG00000085663,0.001,66.84427540036525,1.0,0.001,0.001,0.00170151804847107,0.10592876246662056,100,100
ENSMUSG00000085664,0.001,62.31581250733508,1.0,0.001,0.001,0.0012644542350466325,0.2561943122396819,100,100
ENSMUSG00000085665,0.0036298547363128398,10.102109422502199,24.26294258798837,0.001,0.07075149052566723,0.0029937893453691918,21.349300623739133,100,100
ENSMUSG00000085666,0.049231256607323144,31.709479429626274,45.7697419898582,0.007890984633069895,24.085495820080915,0.0012115391773607066,4.957228518213176,100,100
ENSMUSG00000085667,0.010913311349200403,19.873419709490083,22.659340992950266,0.001,4.186208202145491,0.0010000000331575943,14.338334180793067,100,100
ENSMUSG00000085668,0.001,62.31581250733508,1.0,0.001,0.001,0.0020754319757333196,0.46588929244176946,100,100
ENSMUSG00000085669,0.010860064541355307,19.29570703154541,22.013276646809466,0.001,12.611469580611992,0.001,17.34128586973732,100,100
ENSMUSG00000085672,0.001,62.31581250733508,1.0,0.001,0.001,0.0016952375259479463,0.2127861648167225,100,100
ENSMUSG00000085673,0.001,61.88525872635182,1.0,0.001,0.0010000000000000005,0.0016777792016976166,0.15534411643367171,100,100
ENSMUSG00000085675,0.0331622285966725,21.101968834266145,18.28650818970049,0.001,4.977591391611826,0.0018065998896461095,40.20591640151933,100,100
ENSMUSG00000085678,0.001,62.31581250733508,1.0,0.001,0.001,0.0020710215859694207,0.3798831561812282,100,100
ENSMUSG00000085679,0.001,62.31581250733508,1.0,0.001,0.0010000000000000005,0.0015466665550316321,0.0572109756508924,100,100
ENSMUSG00000085682,0.001,66.84427540036525,1.0,0.001,0.001,0.001803508230073607,0.22980218949937292,100,100
ENSMUSG00000085687,3.2868855720162915,390.63861151219237,1.0,0.001,17.958042392188354,0.001,0.10292676200086222,100,100
ENSMUSG00000085689,0.06121683424200054,17.275233164040106,10.664228176891964,0.004058207763780982,29.830162028349527,0.0010000000000175407,2.6764709350644136,100,100
ENSMUSG00000085695,2.961200185399535,721.6290393901162,1.0064427689282454,0.001,7.849942006790542,0.0010086463563483501,0.0587371496314798,100,100
ENSMUSG00000085696,7.997936403648576,625.983424119139,1.0,0.001,23.90452110200041,0.001,0.010650468673677173,100,100
ENSMUSG00000085701,0.001,62.31581250733508,1.0,0.001,0.001,0.001334328044582033,0.5357394848788097,100,100
ENSMUSG00000085702,0.001,66.84427540036525,1.0,0.001,0.001,0.0018044041574302536,0.13102596783202397,100,100
ENSMUSG00000085704,0.10007861060152763,18.476559274702296,12.517883509517713,0.002544138912501671,11.053190908262323,0.005651585632672113,15.266181817955959,100,100
ENSMUSG00000085705,0.01372374539792866,20.242845264809944,31.263522619635154,0.001,1.7212039218065063,0.001861538266857526,30.955735265453352,100,100
ENSMUSG00000085707,0.001,66.84427540036525,1.0,0.001,0.001,0.0016698465158311764,0.26981437817470155,100,100
ENSMUSG00000085708,0.001,62.31581250733508,1.0,0.001,0.001,0.0016118074967811724,0.1677145947966477,100,100
ENSMUSG00000085714,0.08812492786644431,18.859590031401133,6.241683583294367,0.001,21.14851617146146,0.0010865891048038871,1.3615777754648641,100,100
ENSMUSG00000085715,0.001,62.31581250733508,1.0,0.001,0.001,0.0017426231799919675,0.21423477788961828,100,100
ENSMUSG00000085716,0.001,62.31581250733508,1.0,0.001,0.001,0.0014217325076287162,0.12742869970487783,100,100
ENSMUSG00000085719,0.001,66.84427540036525,1.0,0.001,0.0010000000000000005,0.0019113716515957095,0.15145872636977484,100,100
ENSMUSG00000085720,0.001,66.84427540036525,1.0,0.001,0.001,0.001699600656480377,0.08783168786634676,100,100
ENSMUSG00000085721,4.3116592305118715,999.9999999981275,1.0,0.001,10.965875221121763,0.001,0.048633707771647564,100,100
ENSMUSG00000085723,0.001,66.84427540036525,1.0,0.001,0.001,0.0014247478056268487,0.23537598621993128,100,100
ENSMUSG00000085725,0.001,66.84427540036525,1.0,0.001,0.001,0.0013662356600723478,0.15382050984927978,100,100
ENSMUSG00000085731,0.001,61.88525872635182,1.0,0.001,0.001,0.0016212213909354088,0.1139566111013936,100,100
ENSMUSG00000085732,0.001,62.31581250733508,1.0,0.001,0.0010000000000000005,0.0015794582463751507,0.19896994024651354,100,100
ENSMUSG00000085733,4.185987715338416,1000.0,1.0,0.001,8.406862317688471,0.0010000000000001722,0.03108809185184516,100,100
ENSMUSG00000085734,0.001,62.31581250733508,1.0,0.001,0.001,0.001538429544535422,0.129834807346222,100,100
ENSMUSG00000085738,0.001,55.211205258015816,1.0,0.001,0.0010000000000000005,0.001780160676223121,0.6652471834437272,100,100
ENSMUSG00000085739,0.001,62.31581250733508,1.0,0.001,0.001,0.0016401605022062344,0.052763982411404536,100,100
ENSMUSG00000085741,0.49885879718329007,1.313194340191473,3.335443081607421,0.0011456100048770604,1.1913316938721092,0.9659132299975806,1642.9023089963175,100,100
ENSMUSG00000085749,7.988912368222881,999.9999999611534,1.0499074608056147,0.001,16.2472437121282,0.0010000052547740593,0.012495677165792956,100,100
ENSMUSG00000085750,0.001,62.31581250733508,1.0,0.001,0.001,0.0016823628908018905,0.1040280891345553,100,100
ENSMUSG00000085751,0.001,62.31581250733508,1.0,0.001,0.001,0.001970806330476772,0.3284961433914525,100,100
ENSMUSG00000085754,6.3417821800043095,502.6100132791901,1.0,0.001,16.66629359313874,0.001000000010631488,0.03126984823007672,100,100
ENSMUSG00000085755,5.790055516167406,693.7021333446635,1.0,0.001,16.237657676862774,0.001000000000047949,0.011016379543555293,100,100
ENSMUSG00000085757,3.3467679826601007,809.4058638924901,1.0,0.001,7.037901518232157,0.0010000000000248265,0.07629185969811123,100,100
ENSMUSG00000085760,0.001,62.31581250733508,1.0,0.001,0.001,0.0018317052923054284,0.41206374754296676,100,100
ENSMUSG00000085761,0.001,62.31581250733508,1.0,0.001,0.001,0.0016215206792752858,0.5728191364177373,100,100
ENSMUSG00000085762,0.001,62.31581250733508,1.0,0.001,0.001,0.001587575322876838,0.30935864476078007,100,100
ENSMUSG00000085763,0.001,62.31581250733508,1.0,0.001,0.001,0.0019569717708505198,0.31962652253054036,100,100
ENSMUSG00000085765,1.9751834003142985,475.50700159073045,1.0,0.001,8.11693537537905,0.00100000653463897,0.10807177311945985,100,100
ENSMUSG00000085766,0.059836432153628445,1.073633671431124,5.510616537821336,0.03254576686095433,0.14123387964528994,1.460238786597038,9.909943941531012,100,100
ENSMUSG00000085767,0.001,66.84427540036525,1.0,0.001,0.0010000000000000005,0.0015114535624906756,0.6104564016386252,100,100
ENSMUSG00000085768,0.001,62.31581250733508,1.0,0.001,0.001,0.001717371680008347,0.32890343769468455,100,100
ENSMUSG00000085772,0.001,66.84427540036525,1.0,0.001,0.001,0.0018123156924871012,0.18174079729086667,100,100
ENSMUSG00000085773,0.001,62.31581250733508,1.0,0.001,0.001,0.0014721244513525172,0.1230037584359225,100,100
ENSMUSG00000085774,0.001,66.84427540036525,1.0,0.001,0.001,0.001641314571682257,0.23538084633874085,100,100
ENSMUSG00000085776,21.10847200721972,999.9999985789157,1.0,0.049989845623449256,30.724233772592065,0.0010003538130652085,0.008992682323939419,100,100
ENSMUSG00000085779,0.001,62.31581250733508,1.0,0.001,0.001,0.0016119840570462084,0.21381318637543212,100,100
ENSMUSG00000085781,0.001,60.80878088638715,1.0,0.001,0.001,0.001583314257988579,0.21073807098554365,100,100
ENSMUSG00000085784,0.4282965282830732,103.14966607220127,1.0,0.001,5.453643284093911,0.0013284148814884508,0.4217978285403689,100,100
ENSMUSG00000085786,0.001,54.350050264241744,1.0,0.001,0.001,0.0020832414930816515,0.16990354748722464,100,100
ENSMUSG00000085787,0.012967659479887731,15.721800653507715,18.018365418306157,0.001,14.57358869098877,0.0010000000637889316,28.117935924093924,100,100
ENSMUSG00000085788,21.75173681815678,999.9999999955917,1.0,0.70501408639716,36.857954464040475,0.0010000000000012245,0.00943960222430127,100,100
ENSMUSG00000085793,0.0011806258872590458,0.0013628921815065816,1.0,0.001,0.8901497096582702,0.538752655966965,1014.6020799256908,100,100
ENSMUSG00000085794,0.001,66.84427540036525,1.0,0.001,0.001,0.001783374009258704,0.07886603840794283,100,100
ENSMUSG00000085795,0.6384930646066584,1.8734859988086932,6.681253294632019,0.3491851990099132,1.0677854074762179,1.7190456147660256,8.942656175116444,100,100
ENSMUSG00000085797,10.488032136182994,626.134871528631,1.0,0.001,24.203962079336314,0.001,0.009024042285237642,100,100
ENSMUSG00000085799,0.001,66.84427540036525,1.0,0.001,0.001,0.0019254641494675262,0.20503461724513627,100,100
ENSMUSG00000085802,3.573965933788812,426.5850839695306,1.0,0.001,15.808231230207955,0.001,0.05887051083911757,100,100
ENSMUSG00000085803,0.010078196282865602,21.781163489407273,52.81024994629741,0.001,0.2986089941924697,0.00571232056362953,42.61942760856831,100,100
ENSMUSG00000085806,0.001,62.31581250733508,1.0,0.001,0.0010000000000000009,0.0017118782430526206,0.5454882622858277,100,100
ENSMUSG00000085807,0.001,62.31581250733508,1.0,0.001,0.0010000000000000009,0.002107785748910145,0.19347596233408693,100,100
ENSMUSG00000085815,0.001,61.88525872635182,1.0,0.001,0.001,0.0020409213371431092,0.4755984962916565,100,100
ENSMUSG00000085818,0.001,66.84427540036525,1.0,0.001,0.001,0.001969809390742222,0.39145100673768984,100,100
ENSMUSG00000085819,8.31009226874359,639.5144916330015,1.0,0.001,20.551081118420967,0.001,0.008907561769654813,100,100
ENSMUSG00000085823,0.001,62.31581250733508,1.0,0.001,0.0010000000000000009,0.001897577595527227,0.1967935694653214,100,100
ENSMUSG00000085826,0.5138748120891264,122.31843827361128,1.0,0.001,6.4188274605966775,0.0012804496695577503,0.025743450954129728,100,100
ENSMUSG00000085828,0.001,66.84427540036525,1.0,0.001,0.001,0.0018119094502133358,0.5339341578076638,100,100
ENSMUSG00000085829,0.024717865445172415,0.28623207765812764,1.1137650665806509,0.001,0.27877273797486135,0.2689940539151444,104.76104573404217,100,100
ENSMUSG00000085830,0.001,62.31581250733508,1.0,0.001,0.001,0.0014292877979092144,0.19486290402996692,100,100
ENSMUSG00000085834,0.001,62.31581250733508,1.0,0.001,0.001,0.001378198661768511,0.09882379064644636,100,100
ENSMUSG00000085837,1.6951184992399486,434.6310646958758,1.0591007154072447,0.001,8.049129713230235,0.001037338400238539,0.14355838844324958,100,100
ENSMUSG00000085838,0.001,62.31581250733508,1.0,0.001,0.001,0.0020867825819979894,0.11901717028774964,100,100
ENSMUSG00000085843,0.001,62.31581250733508,1.0,0.001,0.001,0.001502513741199244,0.29983569067047927,100,100
ENSMUSG00000085846,0.001,62.31581250733508,1.0,0.001,0.001,0.0015835031355508028,0.21643973712952794,100,100
ENSMUSG00000085847,0.001,66.84427540036525,1.0,0.001,0.001,0.001610980018475755,0.18558869927900637,100,100
ENSMUSG00000085857,0.001,62.31581250733508,1.0,0.001,0.001,0.0021574884700073585,0.24501444925571414,100,100
ENSMUSG00000085862,2.0358908095832726,509.95623053691645,1.0510701205171693,0.001,8.434220622632512,0.00100016564591059,0.020098062764051263,100,100
ENSMUSG00000085865,0.001,62.31581250733508,1.0,0.001,0.001,0.0018674002049805759,0.06206451115586194,100,100
ENSMUSG00000085871,0.001,62.31581250733508,1.0,0.001,0.001,0.0015595965777902223,0.15850522954967544,100,100
ENSMUSG00000085873,3.8033066429468203,465.725341809668,1.0079409655452678,0.001,19.43920040362739,0.001,0.02143815633268665,100,100
ENSMUSG00000085875,0.03381322051242831,18.329735239009043,29.453401102566627,0.001,0.3230524518015616,0.15445087908618518,85.71513605226531,100,100
ENSMUSG00000085876,0.001,66.84427540036525,1.0,0.001,0.001,0.0014536195169205686,0.21867089134578505,100,100
ENSMUSG00000085880,0.001,62.31581250733508,1.0,0.001,0.001,0.0019363687129886548,0.07616049287862973,100,100
ENSMUSG00000085881,9.22437329068016,727.4623404394677,1.0,0.001,19.01681150223982,0.0010000000000139236,0.00894943264970722,100,100
ENSMUSG00000085882,2.203550572168322,462.7389123084957,1.0067629598754388,0.001,11.662322408477625,0.0010000000098300816,0.03764075164774811,100,100
ENSMUSG00000085883,0.001,62.31581250733508,1.0,0.001,0.0010000000000000009,0.0018429377696116444,0.14138946747169484,100,100
ENSMUSG00000085884,0.15429382009272655,36.9058561155703,16.00608954364113,0.017719890524002496,42.90186971409579,0.0012524879037890228,2.873522196427055,100,100
ENSMUSG00000085885,0.001,62.31581250733508,1.0,0.001,0.001,0.0018762998745799936,0.4261730168643164,100,100
ENSMUSG00000085886,0.16502639609153189,17.91499367374025,4.124768089299472,0.017213140540568782,28.373749357644485,0.001033675294514386,0.9487027382509323,100,100
ENSMUSG00000085887,0.001,66.84427540036525,1.0,0.001,0.001,0.0019448431770931222,0.3738067629928825,100,100
ENSMUSG00000085888,0.001,62.31581250733508,1.0,0.001,0.0010000000000000005,0.0016692939421339,0.10053163208232166,100,100
ENSMUSG00000085889,0.001,62.31581250733508,1.0,0.001,0.0010000000000000005,0.001476075515537358,0.15789371100120858,100,100
ENSMUSG00000085890,4.0459013770971755,478.9436471084302,1.0,0.001,16.001615579159882,0.001,0.010024170533696555,100,100
ENSMUSG00000085891,5.169873248968821,616.8718722486852,1.0,0.001,16.81471331017168,0.001,0.016767076029229746,100,100
ENSMUSG00000085893,0.001,34.13110421827449,1.0,0.001,0.001,0.0034769584389264295,0.2257291502528671,100,100
ENSMUSG00000085894,30.694315036452206,881.9399701223276,1.0,0.001,45.040859022477875,0.0010066386172562845,0.008993130815910225,100,100
ENSMUSG00000085897,0.001,60.37820284006485,1.0,0.001,0.0010000000000000005,0.0016153282705081932,0.15543108028895702,100,100
ENSMUSG00000085898,0.08772760342809352,18.87839810295198,6.250119099695963,0.001,23.374756941157266,0.001027668199380576,32.222741572732936,100,100
ENSMUSG00000085900,0.001,62.31581250733508,1.0,0.001,0.001,0.0020468139146252074,0.116136277972165,100,100
ENSMUSG00000085912,0.001,60.37820284006485,1.0,0.001,0.001,0.0019017939694023433,0.1833498238862642,100,100
ENSMUSG00000085913,0.001,61.88525872635182,1.0,0.001,0.001,0.0017051679739534444,0.14452892016938357,100,100
ENSMUSG00000085914,0.001,66.84427540036525,1.0,0.001,0.001,0.0015792016502508,0.11765875959894828,100,100
ENSMUSG00000085915,0.001,62.31581250733508,1.0,0.001,0.0010000000000000009,0.001754893983335891,0.167515714104936,100,100
ENSMUSG00000085918,0.1951059841469954,33.67877571787455,20.073633514182657,0.001,1.3714809628483131,0.008078681864149775,90.51481265987816,100,100
ENSMUSG00000085923,1.9436899174801565,467.0695388708544,1.0,0.001,8.205527501455808,0.0010073445705772188,0.040291452823268056,100,100
ENSMUSG00000085925,0.001,61.88525872635182,1.0,0.001,0.001,0.0019427027023921403,0.08333734478201757,100,100
ENSMUSG00000085929,0.010886003196697826,4.386376182015391,15.34939359587155,0.001,16.744528119096046,0.001,10.361933250033204,100,100
ENSMUSG00000085931,2.59786397933981,607.084144795314,1.0,0.001,6.208931872416489,0.0010000000507426007,0.16006904767431201,100,100
ENSMUSG00000085936,12.553446093109637,999.6097682966358,1.0,0.001,21.067636737246218,0.0010000000023804448,0.012636633303286352,100,100
ENSMUSG00000085939,0.001,13.688377568927335,1.0,0.001,0.001,0.0207477152173463,2.357143853114416,100,100
ENSMUSG00000085944,0.001,62.31581250733508,1.0,0.001,0.001,0.0017256056666287104,0.2540797891618919,100,100
ENSMUSG00000085945,0.12453219786390646,30.940716310000592,28.82141241094549,0.001,0.3192249210754481,0.004050637384043196,136.22201471505565,100,100
ENSMUSG00000085952,0.001,62.31581250733508,1.0,0.001,0.0010000000000000005,0.0018616669805507425,0.18353044812554342,100,100
ENSMUSG00000085955,1.962277371549482,468.48058284406227,1.0,0.001,9.800035405937892,0.0010000000010446544,0.26022102703717265,100,100
ENSMUSG00000085956,9.68489383244627,774.266072756639,1.0,0.001,22.90032214104093,0.001,0.010775340887378188,100,100
ENSMUSG00000085957,0.001,62.31581250733508,1.0,0.001,0.001,0.0013828308068991003,0.164964209719076,100,100
ENSMUSG00000085958,0.001,62.31581250733508,1.0,0.001,0.001,0.001619404891194074,0.32238493078740255,100,100
ENSMUSG00000085961,0.001,62.31581250733508,1.0,0.001,0.0010000000000000005,0.0017214415954649068,0.23668383856162267,100,100
ENSMUSG00000085962,1.4567771929458773,342.86552954263067,1.0,0.001,8.015169230651257,0.001,0.04222257712895189,100,100
ENSMUSG00000085965,0.001,62.31581250733508,1.0,0.001,0.001,0.0016985294810968371,0.09571608205785001,100,100
ENSMUSG00000085967,0.001,66.84427540036525,1.0,0.001,0.001,0.001779078198433791,0.402694958605909,100,100
ENSMUSG00000085971,0.023769939052078738,19.812184543592366,14.41324155470588,0.001,13.459516093914651,0.0011134132469876102,25.438492470536133,100,100
ENSMUSG00000085972,0.001,62.31581250733508,1.0,0.001,0.001,0.0015703119232448426,0.42928973843867524,100,100
ENSMUSG00000085975,0.001,62.31581250733508,1.0,0.001,0.001,0.0015927171798383283,0.17104805416401644,100,100
ENSMUSG00000085976,0.3471672833968774,34.59320283393326,8.804923227484416,0.006002843274369965,46.728801672331855,0.0012277677638340314,1.485420837796364,100,100
ENSMUSG00000085977,0.001,62.31581250733508,1.0,0.001,0.001,0.001885634243933125,0.23129285939445232,100,100
ENSMUSG00000085980,0.001,62.31581250733508,1.0,0.001,0.0010000000000000005,0.0017224368363585947,0.15005717926267825,100,100
ENSMUSG00000085984,0.13395223463233516,18.070994658600327,6.8759967338543975,0.002823047104031591,25.734749018213826,0.0012550752689398565,3.6854873267966264,100,100
ENSMUSG00000085991,0.001,62.31581250733508,1.0,0.001,0.001,0.0016148097736257772,0.08937627084566804,100,100
ENSMUSG00000085992,0.001,61.88525872635182,1.0,0.001,0.001,0.0017142816560426172,0.22346103356624505,100,100
ENSMUSG00000085995,0.001,62.31581250733508,1.0,0.001,0.001,0.0014816514399092675,0.0760889426944682,100,100
ENSMUSG00000085996,0.001,66.84427540036525,1.0,0.001,0.001,0.001661304681830877,0.32299788873206486,100,100
ENSMUSG00000085998,0.0033290310235633085,9.992716998115611,24.396686795692588,0.001,0.13038321636764985,0.0015353654789730274,8.93740259624327,100,100
ENSMUSG00000086003,0.009191760967213202,16.230040625374013,55.04803140794552,0.001,0.07303485446505092,0.002654069059146052,56.45861430738539,100,100
ENSMUSG00000086007,0.001,61.88525872635182,1.0,0.001,0.001,0.0017940862303589614,0.08673308766918797,100,100
ENSMUSG00000086008,0.001,62.31581250733508,1.0,0.001,0.001,0.0016924122622875653,0.6519540822631662,100,100
ENSMUSG00000086010,0.001,62.31581250733508,1.0,0.001,0.001,0.0023593905118123966,0.4456010607790469,100,100
ENSMUSG00000086012,0.001,62.31581250733508,1.0,0.001,0.001,0.0020116202820963766,0.2626061517728347,100,100
ENSMUSG00000086013,0.02279365732663404,20.736131147866146,15.07606545486146,0.001,9.046554346768305,0.001000000130558407,7.9939574570368785,100,100
ENSMUSG00000086014,0.001,62.31581250733508,1.0,0.001,0.001,0.0016491758564531615,0.1766509801269212,100,100
ENSMUSG00000086015,4.168377986529852,999.9999999525479,1.0,0.001,7.032962086162923,0.0010190001228664995,0.06278619717976544,100,100
ENSMUSG00000086016,0.001,61.674132606755,1.0,0.001,0.001,0.0019705097559883354,0.18323069926621144,100,100
ENSMUSG00000086018,1.4264657657904025,341.6272039188167,1.0,0.001,5.248759181478769,0.0012398679053840225,0.11363209897624997,100,100
ENSMUSG00000086019,0.001,62.31581250733508,1.0,0.001,0.001,0.001666283580901552,0.17467155910254634,100,100
ENSMUSG00000086021,0.001,61.88525872635182,1.0,0.001,0.001,0.0014803528318501466,0.1094956764061264,100,100
ENSMUSG00000086022,0.6271465480030781,154.92719237319113,1.0725811857353496,0.001,7.8655002613507925,0.0010452921079060033,0.07756806699379035,100,100
ENSMUSG00000086025,0.001,62.31581250733508,1.0,0.001,0.001,0.0019736000656526585,0.21733264437964042,100,100
ENSMUSG00000086027,1.0412593922483107,249.40287378335123,1.0,0.001,8.049703066222724,0.0010000000000348662,0.12585963657447086,100,100
ENSMUSG00000086032,0.010779687595283334,20.242304924033494,23.078718549985208,0.001,8.258105050038832,0.0010000000000124775,20.992362782628852,100,100
ENSMUSG00000086034,9.116793780085159,728.844776383025,1.0,0.001,20.957204692558015,0.0010007428223215158,0.017918707541989883,100,100
ENSMUSG00000086035,4.168917566870232,1000.0,1.0,0.001,12.382066853138157,0.001018958223602567,0.042581569894871836,100,100
ENSMUSG00000086039,0.001,62.31581250733508,1.0,0.001,0.001,0.0016612051563908692,0.20910765558858402,100,100
ENSMUSG00000086041,0.001,62.31581250733508,1.0,0.001,0.001,0.0016628357708290123,0.11846497418448278,100,100
ENSMUSG00000086043,0.001,66.84427540036525,1.0,0.001,0.0010000000000000005,0.002069310035413898,0.1589776156074452,100,100
ENSMUSG00000086046,0.001,62.31581250733508,1.0,0.001,0.001,0.0016102036107858645,0.17970845381035647,100,100
ENSMUSG00000086047,0.001,62.31581250733508,1.0,0.001,0.0010000000000000005,0.0015461862978232343,0.18938879155775085,100,100
ENSMUSG00000086049,1.904987380173481,512.8252263426539,1.1354335991243487,0.001,6.746016750065278,0.001,0.08355452453585316,100,100
ENSMUSG00000086050,0.6355715231233396,33.912204514897866,10.274411098569614,0.08062712526532662,8.85117286336581,0.02021584957930952,4.068200836113789,100,100
ENSMUSG00000086053,0.001,62.31581250733508,1.0,0.001,0.001,0.0015142695083363088,0.12261221998069591,100,100
ENSMUSG00000086054,0.001,62.31581250733508,1.0,0.001,0.001,0.0020563553662410455,0.3982897931821434,100,100
ENSMUSG00000086061,0.1657440585052353,17.817451842766065,5.9732398750279545,0.013477907889933,39.502852630917985,0.001209178941822505,1.2358618721143284,100,100
ENSMUSG00000086064,0.001,60.80878088638715,1.0,0.001,0.0010000000000000005,0.0017089502683417255,0.08673745342003275,100,100
ENSMUSG00000086067,3.0009489788562678,686.7090905017893,1.0,0.001,8.77575205457148,0.0010000000104431134,0.034438750382401045,100,100
ENSMUSG00000086069,0.001,62.31581250733508,1.0,0.001,0.001,0.00175371558283638,0.22154397376602675,100,100
ENSMUSG00000086074,0.001,62.31581250733508,1.0,0.001,0.001,0.0019524003280819917,0.2383134493563624,100,100
ENSMUSG00000086075,0.03904677583581369,1.5288873456053993,1.8413358440236347,0.001,21.28593035552929,0.0011253046066352832,78.70185088984937,100,100
ENSMUSG00000086083,5.876119951007304,714.6535840616135,1.017782823937638,0.001,14.608064642729344,0.001,0.013020552601822903,100,100
ENSMUSG00000086093,0.001,62.31581250733508,1.0,0.001,0.001,0.0020358934627577093,0.10333765950983168,100,100
ENSMUSG00000086096,0.001,62.31581250733508,1.0,0.001,0.001,0.001682879357415663,0.140368334223503,100,100
ENSMUSG00000086098,0.001,62.31581250733508,1.0,0.001,0.001,0.0017162561328216911,0.09532608189171125,100,100
ENSMUSG00000086103,0.001,62.31581250733508,1.0,0.001,0.001,0.0017646698834037403,0.14789885555217272,100,100
ENSMUSG00000086107,0.001,62.31581250733508,1.0,0.001,0.001,0.0016178315333949147,0.2746743397900695,100,100
ENSMUSG00000086108,0.001,61.674132606755,1.0,0.001,0.001,0.0020938498566479714,0.21989216024747923,100,100
ENSMUSG00000086109,0.001,62.31581250733508,1.0,0.001,0.001,0.0017024402819205997,0.22755625913431568,100,100
ENSMUSG00000086119,4.505871563331229,999.8237383392947,1.0,0.001,8.807400139849577,0.0010003935703449764,0.1633665576201937,100,100
ENSMUSG00000086121,0.001,62.31581250733508,1.0,0.001,0.0010000000000000005,0.0016211493348957634,0.5202822362362458,100,100
ENSMUSG00000086123,0.001,60.60768216058454,1.0,0.001,0.0010000000000000005,0.0016155163800812443,0.1871303964188235,100,100
ENSMUSG00000086124,0.001,61.674132606755,1.0,0.001,0.001,0.0016737349248255257,0.22694434233997074,100,100
ENSMUSG00000086126,0.001,62.31581250733508,1.0,0.001,0.001,0.001652632684240748,0.10770492196091175,100,100
ENSMUSG00000086129,0.001,62.31581250733508,1.0,0.001,0.001,0.0018489986885331488,0.12518283323715942,100,100
ENSMUSG00000086134,0.001,66.84427540036525,1.0,0.001,0.0010000000000000005,0.0017900747070342638,0.20909519223841913,100,100
ENSMUSG00000086141,0.001,62.31581250733508,1.0,0.001,0.001,0.0017884306380488212,0.36178838160079163,100,100
ENSMUSG00000086144,0.001,62.31581250733508,1.0,0.001,0.001,0.0013809703026917903,0.24530470564131135,100,100
ENSMUSG00000086145,0.001,61.45463549419866,1.0,0.001,0.001,0.0018438311290419037,0.10574525959994584,100,100
ENSMUSG00000086148,0.001,61.45463549419866,1.0,0.001,0.001,0.0015669382787351516,0.3884876155223676,100,100
ENSMUSG00000086149,0.001,62.31581250733508,1.0,0.001,0.001,0.001593590523671173,0.17989575779415592,100,100
ENSMUSG00000086150,0.03287649545999505,7.960274884827959,11.065908137339889,0.007059831086641175,17.336351080657966,0.0013162256552326226,8.494744449936624,100,100
ENSMUSG00000086151,0.001,62.31581250733508,1.0,0.001,0.0010000000000000005,0.0018396737379930148,0.2278745547769354,100,100
ENSMUSG00000086154,0.001,62.31581250733508,1.0,0.001,0.001,0.0016725171046966076,0.06992353045899208,100,100
ENSMUSG00000086155,0.001,62.31581250733508,1.0,0.001,0.001,0.0015497599554920687,0.3525049919217052,100,100
ENSMUSG00000086158,0.27022517770550986,1.7687189051081877,4.0219883392082725,0.12990358991228518,0.5895498405474922,0.9306812301932168,6.433613118311168,100,100
ENSMUSG00000086159,5.306932427319593,636.3214064847716,1.0,0.001,19.06541410016907,0.001,0.009013462305133188,100,100
ENSMUSG00000086160,0.001,62.31581250733508,1.0,0.001,0.0010000000000000005,0.0017049639839224373,0.43441258465345156,100,100
ENSMUSG00000086163,0.001,62.31581250733508,1.0,0.001,0.001,0.0014946398243033746,0.08548497102285416,100,100
ENSMUSG00000086165,0.8981103591214198,174.61282381521178,167.13257045848877,0.48357972130677485,1.3520686079251303,0.6069883288714801,2.6517160601087117,100,100
ENSMUSG00000086167,0.07505731604905601,1.4045577451466056,2.5223787826274453,0.025091798929648298,0.6418387216375909,0.07855646424773044,5.052272392882992,100,100
ENSMUSG00000086170,0.001,62.31581250733508,1.0,0.001,0.0010000000000000009,0.0018039160499613498,0.4472559158770872,100,100
ENSMUSG00000086172,0.001,66.84427540036525,1.0,0.001,0.001,0.0017538535661689102,0.06634313821408905,100,100
ENSMUSG00000086175,0.001,62.31581250733508,1.0,0.001,0.001,0.0017446801601613666,0.4709460759963183,100,100
ENSMUSG00000086181,0.001,62.31581250733508,1.0,0.001,0.001,0.001720798544730873,0.17060293264825171,100,100
ENSMUSG00000086184,0.001,66.84427540036525,1.0,0.001,0.001,0.0017739225543623258,0.11598865162283248,100,100
ENSMUSG00000086186,0.001,61.88525872635182,1.0,0.001,0.001,0.0017337444174050057,0.1883882503586112,100,100
ENSMUSG00000086189,0.001,62.31581250733508,1.0,0.001,0.0010000000000000005,0.001876236273418758,0.08937386292856228,100,100
ENSMUSG00000086191,0.16413719114310257,17.920923868702737,6.014909711865258,0.0416666866329307,27.55332631651751,0.001305043279896394,1.16038924264841,100,100
ENSMUSG00000086193,0.001,60.60768216058454,1.0,0.001,0.001,0.0015018380259756699,0.16110588544307916,100,100
ENSMUSG00000086199,0.001,50.69008473218016,1.0,0.001,0.001,0.001961699191311175,0.8358878918255539,100,100
ENSMUSG00000086202,0.001,62.31581250733508,1.0,0.001,0.001,0.001773538867709196,0.09814979440029811,100,100
ENSMUSG00000086203,0.4282965282830732,103.14966607220127,1.0,0.001,8.038168773649566,0.001070742065295087,0.06218343439911507,100,100
ENSMUSG00000086206,0.001,62.31581250733508,1.0,0.001,0.0010000000000000009,0.0017765638135604663,0.21645409266220308,100,100
ENSMUSG00000086212,0.48557665957567586,103.10628802199055,61.91892881450757,0.2535999493884982,1.177873862045841,0.21786109307177634,1.1417984149016824,100,100
ENSMUSG00000086213,8.642649346273016,535.4445166300304,1.0393024974943712,0.001,26.0858860681549,0.001,0.007943097312283107,100,100
ENSMUSG00000086216,0.7119860788170546,34.80763553578932,6.314648996835395,0.16754694029966252,119.45195002924612,0.0012225719088881822,0.6327157194161901,100,100
ENSMUSG00000086219,0.001,66.84427540036525,1.0,0.001,0.001,0.0017876321366496449,0.14253185941067925,100,100
ENSMUSG00000086220,0.001,66.84427540036525,1.0,0.001,0.001,0.0016222496900649764,0.23972094164172436,100,100
ENSMUSG00000086221,0.01077658738390665,19.917041429962307,22.711303290211372,0.001,3.4307319428073546,0.0015591753095107483,12.818011556896078,100,100
ENSMUSG00000086222,0.001,62.31581250733508,1.0,0.001,0.001,0.0020050343009469862,0.23874517628885195,100,100
ENSMUSG00000086224,0.048982673228151155,19.26080494674795,13.555351335858397,0.001,21.86414792411753,0.0010099638618315326,49.8038710931564,100,100
ENSMUSG00000086228,0.001,66.84427540036525,1.0,0.001,0.0010000000000000009,0.0018505977146724218,0.12992810775493396,100,100
ENSMUSG00000086232,0.001,62.31581250733508,1.0,0.001,0.001,0.001828466340859992,0.1582436957682129,100,100
ENSMUSG00000086233,0.3622556275492198,25.567805614637365,20.50204704344434,0.10632689008441175,0.7694578509596649,0.37742781994616914,5.064924272223326,100,100
ENSMUSG00000086234,0.001,62.31581250733508,1.0,0.001,0.001,0.002355668128160078,0.23004597576297015,100,100
ENSMUSG00000086236,0.001,62.31581250733508,1.0,0.001,0.001,0.0016337755701074136,0.10666372978586341,100,100
ENSMUSG00000086241,0.001,62.31581250733508,1.0,0.001,0.001,0.0013887605720238737,0.24953829817302353,100,100
ENSMUSG00000086245,0.001,66.84427540036525,1.0,0.001,0.001,0.0013761100280823462,0.22162504193224508,100,100
ENSMUSG00000086247,36.98788097362257,772.8662208769011,1.0,4.348493424686016,62.55061109804218,0.0010379307979176105,0.008917719408973757,100,100
ENSMUSG00000086249,0.001,62.31581250733508,1.0,0.001,0.001,0.002037190039066143,0.15271091512165785,100,100
ENSMUSG00000086251,0.001,61.88525872635182,1.0,0.001,0.001,0.0022304740199288204,0.30891284911056593,100,100
ENSMUSG00000086255,0.001,62.31581250733508,1.0,0.001,0.001,0.0020078587840973053,0.3657826034967302,100,100
ENSMUSG00000086259,0.001,62.31581250733508,1.0,0.001,0.001,0.0017411085751515456,0.12209334161580286,100,100
ENSMUSG00000086260,2.337569118418018,573.9891342931422,1.0176277045143687,0.001,6.657054639396565,0.0010728612814305384,0.039209961472017066,100,100
ENSMUSG00000086264,0.001,62.31581250733508,1.0,0.001,0.0010000000000000005,0.0016882878972433323,0.1285419458950075,100,100
ENSMUSG00000086268,0.001,66.84427540036525,1.0,0.001,0.001,0.0018161730088107047,0.1859645411232067,100,100
ENSMUSG00000086269,0.001,62.31581250733508,1.0,0.001,0.001,0.0019623886340882453,0.11894112701839088,100,100
ENSMUSG00000086283,0.024037484727276695,22.948431278918704,31.444470550848983,0.001,12.43698153767108,0.0010267570303907352,38.27302606134459,100,100
ENSMUSG00000086287,49.06023702575819,907.0871066184886,1.0,2.994436003780881,65.15297218381085,0.001055382841765122,0.009860257233871988,100,100
ENSMUSG00000086288,22.2144048468685,857.662723514526,1.0,2.4564191045759642,41.08444987640709,0.001000002806402198,0.00895357046645441,100,100
ENSMUSG00000086289,0.001,62.31581250733508,1.0,0.001,0.001,0.0015634108473997978,0.09488278387816224,100,100
ENSMUSG00000086290,1.1015848992561845,214.64190681690258,710.2116079549847,0.878327285707821,1.5034703640714167,2.3614872064219146,4.506504615671304,100,100
ENSMUSG00000086291,0.0035153189958338324,11.459522831816152,22.638819099550066,0.001,0.03808045746228752,0.0016582049694623066,25.269448898410715,100,100
ENSMUSG00000086292,0.001,66.84427540036525,1.0,0.001,0.001,0.00159675474070545,0.1532329995735195,100,100
ENSMUSG00000086296,0.001,62.31581250733508,1.0,0.001,0.001,0.0020033645621707298,0.0966614873935307,100,100
ENSMUSG00000086297,0.001,62.31581250733508,1.0,0.001,0.001,0.0016802085797001528,0.13085984203596784,100,100
ENSMUSG00000086298,4.961113829182369,594.8203865005966,1.0,0.001,13.768716701544104,0.0010000000000320443,0.03059219863343056,100,100
ENSMUSG00000086306,0.001,62.31581250733508,1.0,0.001,0.001,0.001411804916396567,0.19857618333311872,100,100
ENSMUSG00000086308,1.7901289323472376,406.85702837711074,1.0,0.001,7.9647189588638,0.0011381031252399687,0.11047043892966288,100,100
ENSMUSG00000086310,0.001,62.31581250733508,1.0,0.001,0.001,0.001510531640237054,0.1013616079616218,100,100
ENSMUSG00000086311,12.61077976032456,999.9953891255664,1.0,0.001,24.934207429741946,0.0010000000000000735,0.029722184045512724,100,100
ENSMUSG00000086316,0.1822993829196123,0.21164707417536943,10.527842769658825,0.0845035718184251,0.3734733988507567,18.625116971525816,129.75283387456435,100,100
ENSMUSG00000086320,0.001,62.31581250733508,1.0,0.001,0.001,0.0015001474940048321,0.23820260484200095,100,100
ENSMUSG00000086321,0.001,62.31581250733508,1.0,0.001,0.001,0.0020923418187867495,0.18780237190706428,100,100
ENSMUSG00000086322,0.001,62.31581250733508,1.0,0.001,0.001,0.001983375361568023,0.1175791563877594,100,100
ENSMUSG00000086324,0.001,58.440570410729244,1.0,0.001,0.0010000000000000005,0.0019106068106498468,0.37249116814574323,100,100
ENSMUSG00000086326,0.001,62.31581250733508,1.0,0.001,0.001,0.0019183954465852235,0.7029565647567263,100,100
ENSMUSG00000086327,0.001,62.31581250733508,1.0,0.001,0.001,0.0018423926689229509,0.2139176114835118,100,100
ENSMUSG00000086328,0.21073920904563245,29.884249131505403,24.531424136997554,0.001,0.5080399911762317,0.36739438742217134,201.59125458588886,100,100
ENSMUSG00000086329,8.320240977504195,998.5051768834971,1.0007728417221071,0.001,9.181189754818622,0.0010126123032231996,0.01810022802069558,100,100
ENSMUSG00000086330,1.6262619868264967,395.3519615968364,1.004113302142248,0.001,12.555789655368361,0.0010000000000002676,0.14529276661948298,100,100
ENSMUSG00000086331,2.0826313051015224,503.49146876914733,1.0,0.001,7.426819566480071,0.001006437357303112,0.027344292843392785,100,100
ENSMUSG00000086336,0.001,62.31581250733508,1.0,0.001,0.0010000000000000009,0.0017861037890979053,0.18297030452658625,100,100
ENSMUSG00000086337,0.3367251407884399,17.38183563103411,3.695726591280387,0.001,43.71640748235201,0.0011393646318392952,0.9429608542509343,100,100
ENSMUSG00000086340,0.001,58.655869952050985,1.0,0.001,0.001,0.0018914868530196468,0.17247590542124802,100,100
ENSMUSG00000086341,0.001,66.84427540036525,1.0,0.001,0.001,0.001462066825785781,0.18734170393527524,100,100
ENSMUSG00000086342,0.001,62.31581250733508,1.0,0.001,0.001,0.0016073698089020068,0.11788472099589165,100,100
ENSMUSG00000086346,0.001,62.31581250733508,1.0,0.001,0.001,0.0016698739808850684,0.19371262403817813,100,100
ENSMUSG00000086347,0.001,62.31581250733508,1.0,0.001,0.001,0.001804392558751085,0.19396246081500593,100,100
ENSMUSG00000086350,14.575807364089858,878.2721338727564,1.0105662121274206,0.001,23.84004649585622,0.0010000000000159512,0.008968746879092368,100,100
ENSMUSG00000086352,0.001,62.31581250733508,1.0,0.001,0.0010000000000000009,0.0017593685194695315,0.12968453543058828,100,100
ENSMUSG00000086354,0.001,62.31581250733508,1.0,0.001,0.001,0.0017334499957271713,0.18283315357330282,100,100
ENSMUSG00000086358,0.380034628814999,32.87496078366667,14.094922949691199,0.15336014408141727,66.48470512091517,0.0022433534386368907,1.1150209424355786,100,100
ENSMUSG00000086359,0.001,62.31581250733508,1.0,0.001,0.001,0.0016687932231474116,0.4882132939796167,100,100
ENSMUSG00000086360,0.001,62.31581250733508,1.0,0.001,0.001,0.0016389827565122489,0.15991926508371307,100,100
ENSMUSG00000086363,0.19966561472993982,3.5520655731616464,7.8231954502194485,0.09280067787429377,0.38147859529456035,1.057866370410292,5.532551626412117,100,100
ENSMUSG00000086368,0.1656588662673191,39.53920567850924,1.0,0.001,5.096145371555706,0.0010815926805826563,0.20470837836433226,100,100
ENSMUSG00000086370,0.23901816632054054,1.0260149697708876,1.3289092207155242,0.09693652862086816,1.8301633342364143,0.13351528093255044,3.1081410289850933,100,100
ENSMUSG00000086372,0.001,62.31581250733508,1.0,0.001,0.001,0.0016920002242747719,0.23743147470275927,100,100
ENSMUSG00000086373,0.001,62.31581250733508,1.0,0.001,0.001,0.0020356369667744907,1.3826189738767438,100,100
ENSMUSG00000086379,0.001,62.31581250733508,1.0,0.001,0.0010000000000000009,0.0020326078016720045,0.33521082707439653,100,100
ENSMUSG00000086380,0.001,62.31581250733508,1.0,0.001,0.001,0.001342936986961266,0.4520548259326858,100,100
ENSMUSG00000086382,0.007126979011214009,15.477026568507982,56.81326031606704,0.001,0.0365250775454737,0.002193258046672964,46.879427503890156,100,100
ENSMUSG00000086385,0.001,66.84427540036525,1.0,0.001,0.0010000000000000005,0.0015200227803251472,0.07353523331975421,100,100
ENSMUSG00000086387,0.001,61.88525872635182,1.0,0.001,0.0010000000000000009,0.0017832648220076578,0.13991419165891367,100,100
ENSMUSG00000086389,0.001,66.84427540036525,1.0,0.001,0.001,0.0016433443058200014,0.10963713508374924,100,100
ENSMUSG00000086390,0.007016272347400546,17.107374294671892,40.40810774519924,0.001,12.299343800376054,0.0011161413951824252,25.979944498294827,100,100
ENSMUSG00000086391,0.001,61.674132606755,1.0,0.001,0.001,0.0017467732161233127,0.09565701060971145,100,100
ENSMUSG00000086392,8.337386544525712,1000.0,1.0,0.001,13.515701081019873,0.0010000000000050654,0.037839819525264495,100,100
ENSMUSG00000086396,0.001,62.31581250733508,1.0,0.001,0.001,0.0015460531405078358,0.46783788718919467,100,100
ENSMUSG00000086399,0.001,61.674132606755,1.0,0.001,0.001,0.0020178288728067723,0.1782336459845586,100,100
ENSMUSG00000086401,0.2938203095191428,17.440093352724904,4.1084793781734685,0.02957316599744818,59.43249821650993,0.0013311612702142706,1.0814812074723983,100,100
ENSMUSG00000086404,0.001,61.88525872635182,1.0,0.001,0.0010000000000000005,0.002127487945745633,0.28524015605655423,100,100
ENSMUSG00000086407,0.001,62.31581250733508,1.0,0.001,0.001,0.0013960745831124415,0.2699820645541189,100,100
ENSMUSG00000086410,0.001,62.31581250733508,1.0,0.001,0.001,0.0022438195295812415,0.2867405806327512,100,100
ENSMUSG00000086411,5.304067994244215,636.0010049300662,1.0,0.001,17.624547933550325,0.001,0.03143513217129549,100,100
ENSMUSG00000086413,0.2371050620819312,15.102102864189632,15.711184715037197,0.0737802752998069,0.5948562591510929,0.29833779043571373,3.8048470518022643,100,100
ENSMUSG00000086414,0.001,66.84427540036525,1.0,0.001,0.0010000000000000009,0.0016360122457581426,0.1261478151065212,100,100
ENSMUSG00000086416,0.0021269476542901474,6.691082998783466,37.424206299668334,0.001,0.043928663391267664,0.002244341451494328,37.818410481359976,100,100
ENSMUSG00000086417,0.001,62.31581250733508,1.0,0.001,0.0010000000000000005,0.0019445373384464012,0.16449955130031405,100,100
ENSMUSG00000086418,0.001,62.31581250733508,1.0,0.001,0.001,0.0015870838601071656,0.3918786926968044,100,100
ENSMUSG00000086421,0.001,62.31581250733508,1.0,0.001,0.001,0.001601772986900772,0.19366750267437988,100,100
ENSMUSG00000086424,0.001,62.31581250733508,1.0,0.001,0.001,0.0018187047166310939,0.19736437462400094,100,100
ENSMUSG00000086427,0.001,0.002233267358363597,2.34298825434217,0.001,0.2899207648503861,2.251747257700694,1166.2667623117795,100,100
ENSMUSG00000086428,0.01377901974394732,2.4728441326482318,7.4629558738168225,0.001,8.302852929854202,0.0013807476336698734,13.424684731149739,100,100
ENSMUSG00000086429,1.2579969349715199,193.44684706633913,134.95606540154148,0.10036023182591484,2.1613655280464448,0.3972561212306135,25.638110564834292,100,100
ENSMUSG00000086430,0.001,62.31581250733508,1.0,0.001,0.001,0.002226672109596965,0.15798935270777734,100,100
ENSMUSG00000086433,0.001,60.80878088638715,1.0,0.001,0.0010000000000000005,0.0016138852448804321,0.17734923359874483,100,100
ENSMUSG00000086434,7.3860601108783825,883.3364954308457,1.0,0.001,12.131949958681563,0.0010747208926248002,0.047291002052844824,100,100
ENSMUSG00000086437,0.001,62.31581250733508,1.0,0.001,0.001,0.0016599453063476431,0.44109197044951653,100,100
ENSMUSG00000086438,7.239598657258467,871.878361347155,1.0,0.001,18.841528774994845,0.001,0.07274367906917512,100,100
ENSMUSG00000086442,0.001,62.31581250733508,1.0,0.001,0.001,0.0022276662930918577,0.32425090595728956,100,100
ENSMUSG00000086443,0.001,66.84427540036525,1.0,0.001,0.0010000000000000005,0.001882525268297407,0.13184283636609143,100,100
ENSMUSG00000086444,0.001,62.31581250733508,1.0,0.001,0.001,0.0016331619070976576,0.24434684665723658,100,100
ENSMUSG00000086446,0.001,62.31581250733508,1.0,0.001,0.001,0.0016766635207004109,0.10725309130188618,100,100
ENSMUSG00000086447,0.001,62.31581250733508,1.0,0.001,0.0010000000000000005,0.001876257539145229,1.3829528883814197,100,100
ENSMUSG00000086448,0.1656588662673191,39.53920567850924,1.0,0.001,8.93319855934429,0.001,0.044876483640326564,100,100
ENSMUSG00000086449,0.001,62.31581250733508,1.0,0.001,0.001,0.0016340559158638805,0.08579100993565422,100,100
ENSMUSG00000086451,0.001,66.84427540036525,1.0,0.001,0.001,0.0016885900688001602,0.10138977057197804,100,100
ENSMUSG00000086453,3.790912032064214,447.6786815585398,1.0,0.001,18.696744553676417,0.00101381683189539,0.01927460433255601,100,100
ENSMUSG00000086454,2.961200185399535,721.6290393901162,1.0064427689282454,0.001,10.539819827493854,0.001,0.03404932937799901,100,100
ENSMUSG00000086460,0.001,62.31581250733508,1.0,0.001,0.001,0.0020683161915421447,0.13033444894907417,100,100
ENSMUSG00000086462,0.001,62.31581250733508,1.0,0.001,0.001,0.0017983122679120164,0.11701866799969207,100,100
ENSMUSG00000086464,0.001,61.88525872635182,1.0,0.001,0.001,0.002088939335261334,0.11379389411755006,100,100
ENSMUSG00000086465,0.001,62.31581250733508,1.0,0.001,0.001,0.0018178991134908487,0.1837427965481162,100,100
ENSMUSG00000086468,0.09811698749914448,18.052769811507854,14.140884737070376,0.001,0.38624507028545246,0.002094851243554967,8.563540460627936,100,100
ENSMUSG00000086470,0.001,62.31581250733508,1.0,0.001,0.001,0.0015415257802740266,0.10651293708478751,100,100
ENSMUSG00000086472,0.001,61.024058264401226,1.0,0.001,0.001,0.0015158459571147553,0.18367453292861896,100,100
ENSMUSG00000086473,0.001,62.31581250733508,1.0,0.001,0.001,0.0016078145817702187,0.14435632501066395,100,100
ENSMUSG00000086474,0.03039930528770027,11.104103896791608,10.502872358023772,0.001,5.536142612854058,0.0015723798418621178,41.7046968797911,100,100
ENSMUSG00000086475,0.001,62.31581250733508,1.0,0.001,0.001,0.0019663523533131437,0.11136247316992177,100,100
ENSMUSG00000086477,0.08509026974286221,27.840737964707376,50.15542062651449,0.00621439401569692,0.262373614362332,0.47274925819057756,18.759318637307143,100,100
ENSMUSG00000086479,8.337478175262826,1000.0,1.0000005333677708,0.001,12.287922210336689,0.0010000000350091323,0.03442579093472127,100,100
ENSMUSG00000086480,0.4282965282830732,103.14966607220127,1.0,0.001,8.794238958015562,0.0011215603771945776,0.05273009090570363,100,100
ENSMUSG00000086483,0.001,62.31581250733508,1.0,0.001,0.001,0.0021243403019808437,0.055721882684458615,100,100
ENSMUSG00000086486,0.001,62.31581250733508,1.0,0.001,0.001,0.0014556358134965054,0.1013130179627666,100,100
ENSMUSG00000086487,0.001,66.84427540036525,1.0,0.001,0.001,0.0016958857693176043,0.0949389222596515,100,100
ENSMUSG00000086494,1.904987380173481,512.8252263426539,1.1354335991243487,0.001,7.567695767377318,0.0010602156851123763,0.06200600231409155,100,100
ENSMUSG00000086495,0.06108188944470415,19.082678834023387,7.828796766967981,0.001,22.229476715092517,0.0010000000000245134,1.9122785238102091,100,100
ENSMUSG00000086499,0.001,61.88525872635182,1.0,0.001,0.001,0.001779700849503825,0.1567107121995051,100,100
ENSMUSG00000086502,0.001,35.18910162919102,1.0,0.001,0.001,0.002321094403409505,0.35629161233373535,100,100
ENSMUSG00000086503,0.023225530392175276,0.06026161731314018,31.367924514187003,0.001,1.5891091089483909,0.004114570664639424,1872.4712232171455,100,100
ENSMUSG00000086504,3.3467679826601007,809.4058638924901,1.0,0.001,9.464543916288564,0.0010000000000387568,0.10315667093008751,100,100
ENSMUSG00000086506,0.001,61.88525872635182,1.0,0.001,0.001,0.0014992552680231203,0.443383437399854,100,100
ENSMUSG00000086507,0.001,62.31581250733508,1.0,0.001,0.001,0.0020495796085744722,0.13951968880591883,100,100
ENSMUSG00000086513,0.001,66.84427540036525,1.0,0.001,0.0010000000000000005,0.0017619181665772562,0.12535764661084275,100,100
ENSMUSG00000086514,0.001,62.31581250733508,1.0,0.001,0.001,0.0017693860158401586,0.2052364515645492,100,100
ENSMUSG00000086515,8.653288200867744,999.018150314201,1.0,0.001,17.475888849695103,0.001,0.026170316218457987,100,100
ENSMUSG00000086522,0.17986206349560452,33.22864816350922,23.047904458690876,0.06195109108385437,1.9778033720966102,0.024224365852111518,1.9717608350111364,100,100
ENSMUSG00000086523,0.001,66.84427540036525,1.0,0.001,0.001,0.001833359836925375,0.2982499208008135,100,100
ENSMUSG00000086526,12.381392492968779,999.9999999892251,1.0100115256465,0.001,16.74489888504193,0.0010000000000048423,0.009012276023520477,100,100
ENSMUSG00000086528,0.001,61.674132606755,1.0,0.001,0.001,0.0017639034893626453,0.1449028140337373,100,100
ENSMUSG00000086531,0.019828017981926536,23.269350741105626,43.649980557658736,0.001,2.8871704406135335,0.0015348392709336857,49.65149144669128,100,100
ENSMUSG00000086533,0.045808357233162594,20.353456266540807,22.275091458171293,0.001,0.17165441676369783,0.15787021923114675,54.7081958358404,100,100
ENSMUSG00000086536,0.001,61.259704531272526,1.0,0.001,0.001,0.0015851218860815743,0.15828795674451845,100,100
ENSMUSG00000086537,0.001,59.94762576822368,1.0,0.001,0.001,0.0018875345015541755,0.17077238986843724,100,100
ENSMUSG00000086539,2.2938915257447285,536.2240796794116,1.0,0.001,8.63952773500712,0.0010856191855050366,0.06925600336216305,100,100
ENSMUSG00000086541,0.018948861729401644,13.04264695653272,39.09840089559533,0.001,0.5639366884674228,0.0017406826466060026,88.66873797698392,100,100
ENSMUSG00000086544,0.03962161392705323,19.802059477830337,10.461565343325766,0.001,15.904500599222233,0.0010448307716862692,2.2641475159460676,100,100
ENSMUSG00000086546,0.001,62.31581250733508,1.0,0.001,0.001,0.0017736498532318103,0.1886400978597157,100,100
ENSMUSG00000086548,0.001,62.31581250733508,1.0,0.001,0.001,0.0015115681811872436,0.30987965058265676,100,100
ENSMUSG00000086552,0.08197501501702197,18.907847134861623,9.519402763588705,0.001,22.207126716431205,0.0015878345481600943,22.280295644670225,100,100
ENSMUSG00000086554,0.039993940868642004,19.988568977160547,10.549519812355111,0.001,13.90894950046722,0.0012361480151380365,8.144461994607024,100,100
ENSMUSG00000086555,0.001,66.84427540036525,1.0,0.001,0.001,0.0013589631160777031,0.15605226544803547,100,100
ENSMUSG00000086557,0.028914243883387352,4.631328917112828,4.721320199708174,0.001,19.3718122075581,0.001,9.451756478385578,100,100
ENSMUSG00000086560,17.342222960123895,800.6993326707935,1.0,1.3329197566554576,24.742914219403406,0.001,0.006756303221590135,100,100
ENSMUSG00000086561,0.001,62.31581250733508,1.0,0.001,0.001,0.0015226851940025907,0.09744926851569682,100,100
ENSMUSG00000086564,5.644202490248566,679.6226991095284,1.0,0.001,11.228410017755966,0.001024597904366477,0.03440388349970785,100,100
ENSMUSG00000086567,0.001,60.37820284006485,1.0,0.001,0.001,0.0015071875997281765,0.07108816679616778,100,100
ENSMUSG00000086573,0.001,62.31581250733508,1.0,0.001,0.001,0.0019871987414686455,0.1297301363118975,100,100
ENSMUSG00000086575,1.0752409784945784,280.3448670159383,1.0844986976483493,0.001,5.163584347182924,0.0014962647719390738,0.12369379716276924,100,100
ENSMUSG00000086578,0.001,62.31581250733508,1.0,0.001,0.001,0.0018646912459598089,0.06580538687791264,100,100
ENSMUSG00000086582,0.022600876597680106,20.795180645191373,15.1223648926345,0.001,14.819928916528006,0.0010511973750551068,23.95002863714588,100,100
ENSMUSG00000086584,0.4282965282830732,103.14966607220127,1.0,0.001,11.259536326428023,0.001109361951984786,0.04099978725785894,100,100
ENSMUSG00000086585,0.001,62.31581250733508,1.0,0.001,0.001,0.0017029040466346927,0.1658099454222649,100,100
ENSMUSG00000086586,0.001,62.31581250733508,1.0,0.001,0.001,0.001865740037185963,0.06939963101116996,100,100
ENSMUSG00000086589,0.06404121069050812,17.461906877869403,10.221558304663217,0.001,15.078887799496748,0.0012569865515918018,51.81518784229499,100,100
ENSMUSG00000086591,27.875160547093017,818.3070496005046,1.0,0.6006772397500852,39.74363192047686,0.0010146797976238135,0.010368928053911243,100,100
ENSMUSG00000086593,2.684773051267332,649.196933434762,1.0,0.001,8.037252344757993,0.0010000731325309105,0.018463319508465574,100,100
ENSMUSG00000086594,0.001,62.31581250733508,1.0,0.001,0.001,0.0015323006189305393,0.31421246404824965,100,100
ENSMUSG00000086596,0.001,62.31581250733508,1.0,0.001,0.0010000000000000005,0.0017759271854145666,0.11773792719428013,100,100
ENSMUSG00000086598,0.001,62.31581250733508,1.0,0.001,0.001,0.0018782951421625945,0.22747485353155195,100,100
ENSMUSG00000086600,0.001,66.84427540036525,1.0,0.001,0.001,0.0022380935758197894,0.17342266272900558,100,100
ENSMUSG00000086601,0.001,62.31581250733508,1.0,0.001,0.001,0.001705149349382477,0.06807364368554134,100,100
ENSMUSG00000086603,0.001,62.31581250733508,1.0,0.001,0.001,0.001817931194866502,0.17857551803161556,100,100
ENSMUSG00000086604,0.001,59.32355257794531,1.0,0.001,0.0010000000000000009,0.0020694755848909966,0.3114348706851725,100,100
ENSMUSG00000086606,0.08320528642197245,73.35485710550196,83.64175278235406,0.024965004349284732,0.7556084566734282,0.02307902636288268,3.3466705260732237,100,100
ENSMUSG00000086607,0.001,66.84427540036525,1.0,0.001,0.001,0.0017364952416197297,0.1685469260494423,100,100
ENSMUSG00000086608,0.10637560982895869,1.8175928177041616,14.454821361647292,0.04212205540941441,0.15984480598538509,4.112803468100932,20.372712165020484,100,100
ENSMUSG00000086610,0.47788255616254594,7.401756999431401,7.99817116197063,0.001,0.8112739401329623,0.5512634279353001,898.5853778003727,100,100
ENSMUSG00000086618,0.001,61.024058264401226,1.0,0.001,0.0010000000000000005,0.0015156276964798853,0.2382743524223705,100,100
ENSMUSG00000086620,0.001,66.84427540036525,1.0,0.001,0.001,0.0015599511738279006,0.2552402364280779,100,100
ENSMUSG00000086625,0.001,62.31581250733508,1.0,0.001,0.0010000000000000005,0.0015374917409750207,0.10595811938205588,100,100
ENSMUSG00000086628,1.2713990456225448,306.23830823351676,1.0,0.001,8.33199310755991,0.0010000000000673483,0.1231547784866405,100,100
ENSMUSG00000086629,0.18275325675282855,2.6452663538257295,3.4619260751341674,0.010043988651109451,0.510818854485486,0.4268789814775611,34.84485255857092,100,100
ENSMUSG00000086632,0.001,66.84427540036525,1.0,0.001,0.001,0.0016600331874653215,0.22522533171327994,100,100
ENSMUSG00000086636,0.001,62.31581250733508,1.0,0.001,0.001,0.0017114277725821484,0.14172758264915336,100,100
ENSMUSG00000086637,0.001,62.31581250733508,1.0,0.001,0.001,0.0014778236567864938,0.2331510067359134,100,100
ENSMUSG00000086638,0.11318117431141084,2.143851684089327,1.5594672293162108,0.018234611397944467,22.669282744637623,0.0019560547743898114,4.175098059199309,100,100
ENSMUSG00000086641,0.001,62.31581250733508,1.0,0.001,0.001,0.001534115121772016,0.2502880596016558,100,100
ENSMUSG00000086643,10.830600652536042,893.7582093414371,1.0311757105544739,0.001,20.294024348644555,0.0010000031516685314,0.008977638270688044,100,100
ENSMUSG00000086644,0.001,0.02976429496897956,2.896162103526949,0.001,0.13377471140710998,0.24043830041748804,183.76941263756268,100,100
ENSMUSG00000086645,4.228620217217793,500.57923283279024,1.0,0.001,18.457802868139154,0.001,0.03280148781688405,100,100
ENSMUSG00000086648,4.053698145818247,963.0508682253362,1.0,0.001,4.824998913118426,0.0015242892830008522,0.10135737074530426,100,100
ENSMUSG00000086649,0.001,62.31581250733508,1.0,0.001,0.0010000000000000005,0.002028782186192661,0.1582100575897426,100,100
ENSMUSG00000086652,0.001,62.31581250733508,1.0,0.001,0.001,0.0017357706481232857,0.10796826895328196,100,100
ENSMUSG00000086655,0.001,60.37820284006485,1.0,0.001,0.001,0.0018610901232875869,0.13106966754762606,100,100
ENSMUSG00000086656,0.001,62.31581250733508,1.0,0.001,0.0010000000000000009,0.001680158264454994,0.31588906784932014,100,100
ENSMUSG00000086657,0.07243074749892985,18.016028092760873,12.352452635219645,0.0011061634886779638,15.553087572577223,0.0015215522558461544,43.50317421123769,100,100
ENSMUSG00000086658,0.001,62.31581250733508,1.0,0.001,0.001,0.0018276389367413112,0.13026350301260323,100,100
ENSMUSG00000086665,0.1339555788460888,18.069791847887892,6.876176994453891,0.008419264983339083,34.93357312305056,0.0010941969277518612,5.818930687389209,100,100
ENSMUSG00000086669,0.001,62.31581250733508,1.0,0.001,0.001,0.0018731014615609273,0.47784057007406255,100,100
ENSMUSG00000086670,0.001,58.655869952050985,1.0,0.001,0.001,0.002612268881085513,0.15961539064862967,100,100
ENSMUSG00000086675,0.001,62.31581250733508,1.0,0.001,0.001,0.0016765118316995967,0.14560306967581504,100,100
ENSMUSG00000086676,2.134303477002954,511.7325357528449,1.0,0.001,11.64343605967137,0.001010602488664987,0.045939997003185705,100,100
ENSMUSG00000086677,0.5529807935649105,1.5633169141261885,1.043780695271379,0.20673121257160898,8.948624698787457,0.042657117801486316,2.004100818593442,100,100
ENSMUSG00000086679,1.4794348014843814,357.52131026778807,1.0,0.001,7.146127975401725,0.0011607908607532604,0.07983442016620274,100,100
ENSMUSG00000086680,1.6555747726398522,377.7664954729308,1.0,0.001,10.772326335227758,0.0010009951310914402,0.0754277903906597,100,100
ENSMUSG00000086681,0.27213439610239265,65.36421030425801,1.0,0.001,9.371800500556912,0.0012266407963171435,0.069684855967653,100,100
ENSMUSG00000086682,0.131419179923859,18.159117576379355,6.924757207392666,0.01721578363574115,20.912163782598135,0.0012628236668277848,1.9187537380736774,100,100
ENSMUSG00000086683,0.001,62.31581250733508,1.0,0.001,0.001,0.0014763663554087534,0.2529384066125925,100,100
ENSMUSG00000086687,0.001,62.31581250733508,1.0,0.001,0.001,0.0019106319511086548,0.4607678725712823,100,100
ENSMUSG00000086689,0.001,62.31581250733508,1.0,0.001,0.0010000000000000009,0.002068193669158066,0.2089867973433187,100,100
ENSMUSG00000086690,0.001,62.31581250733508,1.0,0.001,0.001,0.0018466608890981278,0.3136737034709804,100,100
ENSMUSG00000086693,2.0108927129187566,475.90964916538866,1.0,0.001,4.648710242347014,0.0012581388674871075,0.07636220976697722,100,100
ENSMUSG00000086695,0.1648369809551696,17.716890486671893,5.947083104484433,0.001,39.91643677747544,0.0011143940329796033,5.854420039702535,100,100
ENSMUSG00000086697,11.814073572491981,930.8315701985247,1.0021753765203731,0.001,20.75838882507116,0.001,0.02129520727148526,100,100
ENSMUSG00000086700,0.011859498065124027,22.8687058523529,72.30951530162416,0.001,0.8057973525247191,0.002587867529777932,38.7774962224623,100,100
ENSMUSG00000086704,0.001,62.31581250733508,1.0,0.001,0.001,0.001654376604847305,0.0838025788971252,100,100
ENSMUSG00000086706,0.001,62.31581250733508,1.0,0.001,0.0010000000000000009,0.0015498105683212178,0.6042911648362314,100,100
ENSMUSG00000086707,0.001,62.31581250733508,1.0,0.001,0.0010000000000000009,0.0016546949137815697,0.6589007680947035,100,100
ENSMUSG00000086709,0.001,0.016848579845391155,1.14910372423487,0.001,0.23549615863901194,0.1314767820573852,63.16586731742374,100,100
ENSMUSG00000086714,0.01534796182224945,12.852373474615122,14.806522831097514,0.001,12.21346567349625,0.0010028004547544228,46.095859524976476,100,100
ENSMUSG00000086716,0.23728333014616787,4.913319708793626,1.0,0.001,45.58324801674243,0.001059265184993991,0.8000816694309232,100,100
ENSMUSG00000086718,0.001,61.88525872635182,1.0,0.001,0.001,0.0020032635872224906,0.15751685607677587,100,100
ENSMUSG00000086721,0.001,62.31581250733508,1.0,0.001,0.001,0.0018695972567937136,0.09759314725220303,100,100
ENSMUSG00000086725,0.2778584532281714,32.61644353531191,21.19724394267757,0.00848944058370667,0.6217885520295736,0.23639801703215002,38.75504084176174,100,100
ENSMUSG00000086728,0.011405923907152997,18.205497870593682,20.81527621841011,0.001,5.920685381585372,0.0018023610716944491,25.286348898033374,100,100
ENSMUSG00000086740,0.001,61.674132606755,1.0,0.001,0.001,0.0021811978870942307,0.12146760563594095,100,100
ENSMUSG00000086741,1.841988715766862,443.41926254649763,1.0,0.001,13.390322311356929,0.001000000000055214,0.07716961814520482,100,100
ENSMUSG00000086742,0.024739480723344885,19.193306998538876,13.960656130601043,0.001,9.687700417765566,0.0010000088627377967,18.248741834018432,100,100
ENSMUSG00000086743,0.001,61.45463549419866,1.0,0.001,0.001,0.0017648339356942802,0.09668357931407134,100,100
ENSMUSG00000086745,0.001,61.88525872635182,1.0,0.001,0.001,0.0015394859458328022,0.14964385507227465,100,100
ENSMUSG00000086746,0.001,66.84427540036525,1.0,0.001,0.001,0.002033475914901579,0.09598630913951711,100,100
ENSMUSG00000086748,0.001,61.88525872635182,1.0,0.001,0.001,0.0015311818396215324,0.22428210905010576,100,100
ENSMUSG00000086749,0.001,66.84427540036525,1.0,0.001,0.001,0.0014111776130687644,0.18029551254896117,100,100
ENSMUSG00000086753,1.9084349789585087,457.80829610882074,1.0,0.001,6.408659026473607,0.0011403189777980586,0.12246804883322437,100,100
ENSMUSG00000086754,0.001,62.31581250733508,1.0,0.001,0.001,0.0018447897812221867,0.1464375309028549,100,100
ENSMUSG00000086755,0.001,62.31581250733508,1.0,0.001,0.001,0.0019338266365966528,0.6499199849275377,100,100
ENSMUSG00000086756,1.9751834003142985,475.50700159073045,1.0,0.001,8.339678217899422,0.0010000000000016298,0.04689044723756275,100,100
ENSMUSG00000086761,0.001,62.31581250733508,1.0,0.001,0.001,0.0015684845851160812,0.12111108572589094,100,100
ENSMUSG00000086763,0.001,62.31581250733508,1.0,0.001,0.001,0.0016159883910464299,0.08395602002055813,100,100
ENSMUSG00000086765,8.973900483064128,738.9226070509438,1.0417678000718673,0.001,22.92313883687548,0.001,0.009389023603935037,100,100
ENSMUSG00000086767,0.001,62.31581250733508,1.0,0.001,0.001,0.0015834401005597487,0.05322215077159361,100,100
ENSMUSG00000086773,0.001,62.31581250733508,1.0,0.001,0.001,0.0017345642309913353,0.23734164794235296,100,100
ENSMUSG00000086775,0.0053352870306642855,18.806445863785513,74.97308465417119,0.001,3.9683134699143547,0.001491952705705147,36.373272471242956,100,100
ENSMUSG00000086779,0.001,61.674132606755,1.0,0.001,0.0010000000000000009,0.0019418050479566025,0.2501756892021231,100,100
ENSMUSG00000086782,0.2866643615959279,1.9251753246112546,2.12762154244921,0.03913549212311623,0.8350105061070957,0.31836410140263727,10.160436668162866,100,100
ENSMUSG00000086784,0.450759064779843,31.737825691700035,10.244102140438162,0.05036526533822941,2.538903784497373,0.024146254675166692,2.441428095965393,100,100
ENSMUSG00000086786,4.1336179629762935,999.9999943156627,1.0,0.001,8.639278349255342,0.0010000000000531168,0.1448362954130959,100,100
ENSMUSG00000086796,2.0813166845897446,503.1765750646759,1.0,0.001,8.302346831315022,0.001000050721805619,0.02900231526534646,100,100
ENSMUSG00000086798,0.001,61.88525872635182,1.0,0.001,0.001,0.001565338135483684,0.1483671778157029,100,100
ENSMUSG00000086799,0.001,61.88525872635182,1.0,0.001,0.001,0.0019425307784766673,0.15682986210709188,100,100
ENSMUSG00000086801,6.214376336440869,763.8629668831296,1.0296803943291555,0.001,14.793604324483796,0.0010000000000034749,0.02255853788130269,100,100
ENSMUSG00000086804,4.293950664235813,999.998286031042,1.0,0.001,7.712486356835399,0.0010345864807365537,0.043785382830175516,100,100
ENSMUSG00000086805,0.001,61.88525872635182,1.0,0.001,0.001,0.0017484468368100547,0.1799148247794881,100,100
ENSMUSG00000086806,3.3119647849738665,787.757646340598,1.0,0.001,8.387041376111227,0.0010062773006660817,0.06917649356810701,100,100
ENSMUSG00000086807,0.001,62.31581250733508,1.0,0.001,0.001,0.0014861168418366872,0.20918418727726606,100,100
ENSMUSG00000086813,0.001,66.84427540036525,1.0,0.001,0.001,0.0016728710681456322,0.22446037836489363,100,100
ENSMUSG00000086815,0.006558998505863159,17.500300026629528,43.695753478500514,0.001,4.73172920718061,0.0015052831841711211,41.39036743797116,100,100
ENSMUSG00000086816,1.934364854771269,463.7482684073294,1.0,0.001,5.063857625788592,0.0015553407989762724,0.21617241851863842,100,100
ENSMUSG00000086820,0.001,61.259704531272526,1.0,0.001,0.001,0.0014952456794182728,0.07171120344219804,100,100
ENSMUSG00000086821,0.001,62.31581250733508,1.0,0.001,0.001,0.0015979154459635015,0.12004471163522125,100,100
ENSMUSG00000086825,0.08161432788541823,0.3226555752903282,3.6587316689346565,0.02292020930404463,0.26319871931607786,2.6635989976233923,53.71636048438255,100,100
ENSMUSG00000086826,0.001,61.88525872635182,1.0,0.001,0.0010000000000000009,0.0017543331852779476,0.29757307365174834,100,100
ENSMUSG00000086827,0.001,66.84427540036525,1.0,0.001,0.001,0.0022326147993361823,0.3151677251538647,100,100
ENSMUSG00000086831,0.001,61.45463549419866,1.0,0.001,0.001,0.001955043418031596,0.1804464751785707,100,100
ENSMUSG00000086834,0.09275394479642055,3.1823861464820977,11.441189554931128,0.04875390005025457,0.1798836705803019,1.5395813846610156,6.710537838013135,100,100
ENSMUSG00000086836,0.001,62.31581250733508,1.0,0.001,0.001,0.0017282746381310598,0.06954390445546378,100,100
ENSMUSG00000086837,0.001,62.31581250733508,1.0,0.001,0.001,0.0017181116751361163,0.10667498305117457,100,100
ENSMUSG00000086838,0.001,62.31581250733508,1.0,0.001,0.0010000000000000005,0.0017057824046717465,0.21787702505755727,100,100
ENSMUSG00000086839,0.001,61.674132606755,1.0,0.001,0.001,0.001539405967492814,0.18453333423165474,100,100
ENSMUSG00000086841,2.034304415826416,443.03360438158484,3473.0573053855887,1.6904537881747579,2.6186376723391134,5.66206234182939,9.785855935098956,100,100
ENSMUSG00000086842,0.001,62.31581250733508,1.0,0.001,0.0010000000000000005,0.0017920625405130118,0.08202175135324519,100,100
ENSMUSG00000086843,0.001,62.31581250733508,1.0,0.001,0.001,0.0016144532364640776,0.23525362158778482,100,100
ENSMUSG00000086844,0.001,66.84427540036525,1.0,0.001,0.0010000000000000005,0.0016430676591374848,0.2247927786505203,100,100
ENSMUSG00000086846,0.001,62.31581250733508,1.0,0.001,0.001,0.0017294365763007567,0.24069925273480913,100,100
ENSMUSG00000086847,2.3992539462854334,631.6350691373558,1.0917831779394422,0.001,6.9835773097302365,0.0010134023470729566,0.13022670449415155,100,100
ENSMUSG00000086849,3.0946834768837617,370.8590595430879,1.0,0.001,12.400566777422823,0.0010000000027000602,0.0932146832572563,100,100
ENSMUSG00000086851,0.03789986485563261,20.499021649666297,28.973058767783055,0.001,2.646178469093851,0.004586000978399316,45.0197216869608,100,100
ENSMUSG00000086855,0.001,66.84427540036525,1.0,0.001,0.001,0.001696830896795638,0.3622339138784887,100,100
ENSMUSG00000086859,1.3906438238733476,12.0793209433867,27.452436405983086,0.7155259090649402,2.015540234180168,1.3265166246001368,5.929072595595228,100,100
ENSMUSG00000086860,0.001,66.84427540036525,1.0,0.001,0.0010000000000000005,0.0015965908115189937,0.10231286475502291,100,100
ENSMUSG00000086866,0.001,62.31581250733508,1.0,0.001,0.001,0.0018461384484565022,0.155310347512657,100,100
ENSMUSG00000086868,2.8043454615252004,678.1527302530274,1.0,0.001,8.095551415424435,0.0010000000001199882,0.0325897114883832,100,100
ENSMUSG00000086873,0.08425896242287337,18.936331319063683,13.947696597808335,0.001,0.4789012951632647,0.11241866333168198,70.09078764484164,100,100
ENSMUSG00000086874,0.001,66.84427540036525,1.0,0.001,0.001,0.0016999988354423634,0.12377762367177028,100,100
ENSMUSG00000086876,0.001,62.31581250733508,1.0,0.001,0.0010000000000000009,0.0018046091911608647,0.1366959419793406,100,100
ENSMUSG00000086877,0.2427522261305283,0.4457874836751664,2.431498323084363,0.0156794781738261,0.8327980734387761,1.0184806163204063,145.24438867746701,100,100
ENSMUSG00000086879,0.001,62.31581250733508,1.0,0.001,0.001,0.0018591502762578596,0.105394110318792,100,100
ENSMUSG00000086881,0.010992875772499258,19.124521997500352,21.829714846906846,0.001,6.833546072299439,0.0015048901878007518,23.747478852127742,100,100
ENSMUSG00000086882,0.274471701491809,65.11353644473616,1.0,0.001,5.602044568902295,0.0010000000000323164,0.0569352041773213,100,100
ENSMUSG00000086889,0.001,66.84427540036525,1.0,0.001,0.001,0.0015570461044166497,0.10883515452212364,100,100
ENSMUSG00000086890,0.001,66.84427540036525,1.0,0.001,0.001,0.0018138558450824511,0.20488862344431819,100,100
ENSMUSG00000086893,4.185987715338416,1000.0,1.0,0.001,7.311855214225449,0.0010035032497147617,0.0795166735589404,100,100
ENSMUSG00000086894,13.056823251941577,776.6058208607435,1.0,0.001,24.701828704055146,0.001,0.011650313344335831,100,100
ENSMUSG00000086898,0.001,62.31581250733508,1.0,0.001,0.001,0.0018322528776185927,0.12475578712743765,100,100
ENSMUSG00000086899,0.001,66.84427540036525,1.0,0.001,0.001,0.001719916262582626,0.22457524236989693,100,100
ENSMUSG00000086900,0.001,66.84427540036525,1.0,0.001,0.001,0.0017168762980122906,0.26334427226375534,100,100
ENSMUSG00000086902,0.001,62.31581250733508,1.0,0.001,0.001,0.0016428575326665345,0.0689338834292055,100,100
ENSMUSG00000086903,0.5250371485886519,33.120124744164734,11.823551650511643,0.12940124934719255,5.308314650598033,0.01599848169285794,1.9647174235019436,100,100
ENSMUSG00000086909,0.001,62.31581250733508,1.0,0.001,0.001,0.001637357927856267,0.2075477653494077,100,100
ENSMUSG00000086910,0.001,66.84427540036525,1.0,0.001,0.001,0.001718679542191705,0.16189756557207502,100,100
ENSMUSG00000086913,0.001,62.31581250733508,1.0,0.001,0.001,0.0017059830318366435,0.27831885671414147,100,100
ENSMUSG00000086914,7.432073959890738,865.311910593546,1.0,0.001,16.913977737935774,0.0010003812721221753,0.03212754442191655,100,100
ENSMUSG00000086915,0.6001436577986405,86.09012296994524,53.137103201104594,0.23774699774419666,1.36906381509433,0.26333988459029956,2.2179334579678116,100,100
ENSMUSG00000086916,5.373927595919123,627.40177336112,1.0,0.001,12.718644850558475,0.001,0.015623892635005356,100,100
ENSMUSG00000086917,6.969125647081997,828.8417929868015,1.0,0.001,16.95765028016875,0.001,0.07636319003423178,100,100
ENSMUSG00000086918,0.001,61.024058264401226,1.0,0.001,0.0010000000000000005,0.0016729036031980394,0.10544200511780173,100,100
ENSMUSG00000086919,0.001,62.31581250733508,1.0,0.001,0.001,0.0017150143396443508,0.11795373299124466,100,100
ENSMUSG00000086920,0.001,62.31581250733508,1.0,0.001,0.001,0.0017899165151293393,0.2052069619978898,100,100
ENSMUSG00000086921,0.001,62.31581250733508,1.0,0.001,0.001,0.001883891074514373,0.09412382429051477,100,100
ENSMUSG00000086922,0.001,13.24437027100208,1.0,0.001,0.001,0.02010731532884699,5.527868060061852,100,100
ENSMUSG00000086924,0.001,62.31581250733508,1.0,0.001,0.001,0.0015251971706353724,0.1367461576304077,100,100
ENSMUSG00000086929,0.001,62.31581250733508,1.0,0.001,0.001,0.0013696090505029507,0.2352639787484052,100,100
ENSMUSG00000086930,0.001,62.31581250733508,1.0,0.001,0.001,0.0014918510781817013,0.0667602613081866,100,100
ENSMUSG00000086931,3.338165727611042,807.3831051292377,1.0,0.001,11.279214282584315,0.0010000000038950748,0.1049987674735258,100,100
ENSMUSG00000086932,0.001,66.84427540036525,1.0,0.001,0.0010000000000000009,0.0018520139376899275,0.47807405481773946,100,100
ENSMUSG00000086935,8.329819400432175,1000.0,1.0004316757400102,0.001,16.81469240312451,0.001,0.03360133169750686,100,100
ENSMUSG00000086937,8.30350613908725,1000.0,1.0,0.001,19.92290030814734,0.001,0.07637672310141452,100,100
ENSMUSG00000086938,0.001,62.31581250733508,1.0,0.001,0.001,0.0017381155233264502,0.16861386278337484,100,100
ENSMUSG00000086940,0.001,62.31581250733508,1.0,0.001,0.001,0.0018168768040584407,0.6343088791871179,100,100
ENSMUSG00000086942,0.03928434283407317,19.988990282243694,10.562465218509848,0.001,12.609121770174173,0.0010000000000015409,13.770511733844812,100,100
ENSMUSG00000086944,0.001,62.31581250733508,1.0,0.001,0.0010000000000000005,0.0015313765602022887,0.7494818428829741,100,100
ENSMUSG00000086947,0.001,66.84427540036525,1.0,0.001,0.001,0.0015980826689884406,0.31350767992761613,100,100
ENSMUSG00000086949,0.001,62.31581250733508,1.0,0.001,0.001,0.0018075289316563385,0.11146979887327008,100,100
ENSMUSG00000086952,0.001,62.31581250733508,1.0,0.001,0.001,0.0017717828084188795,0.13122170477302217,100,100
ENSMUSG00000086953,0.001,62.31581250733508,1.0,0.001,0.001,0.0015257163042349652,0.195598003607243,100,100
ENSMUSG00000086965,8.037980427951837,639.8631438619864,1.0,0.001,20.920821333516148,0.0010000000000199773,0.009549634851674012,100,100
ENSMUSG00000086968,1.6711411559779725,341.04947815713456,1.0028577604297508,0.001,9.671571722661625,0.001036472151162201,0.06514044875733258,100,100
ENSMUSG00000086969,0.001,66.84427540036525,1.0,0.001,0.001,0.0015400317394752001,0.09275219310709312,100,100
ENSMUSG00000086980,0.001,62.31581250733508,1.0,0.001,0.001,0.001621238351825596,0.30401262857599226,100,100
ENSMUSG00000086992,0.001,62.31581250733508,1.0,0.001,0.0010000000000000009,0.001446400874852986,0.1709552634260238,100,100
ENSMUSG00000086993,3.1812791850623365,382.83825940096267,1.0,0.001,15.906382092275745,0.0010000000000341739,0.015180544085062628,100,100
ENSMUSG00000086997,9.280457731965003,741.9387098519701,1.0,0.001,21.009646985529884,0.001,0.009734964739450307,100,100
ENSMUSG00000086998,0.34584323427794544,3.6576506906955593,1.9212345236345185,0.11762193393697745,10.93920839485562,0.015473112994189039,2.0244810214088496,100,100
ENSMUSG00000087001,12.805318639099333,999.9999999996439,1.0602178124402826,0.001,22.77430807960777,0.0010000000000000614,0.010250255248316147,100,100
ENSMUSG00000087002,0.001,62.31581250733508,1.0,0.001,0.001,0.0018724936871206328,0.12659602561149713,100,100
ENSMUSG00000087004,0.001,66.84427540036525,1.0,0.001,0.0010000000000000009,0.0019071086126467348,0.1607068474891196,100,100
ENSMUSG00000087006,0.022690720285838135,20.710441978543443,15.062905407680583,0.001,10.837426759469553,0.0010612713382745823,13.07847069581533,100,100
ENSMUSG00000087011,0.001,62.31581250733508,1.0,0.001,0.001,0.0015953873317942294,0.1738090364645256,100,100
ENSMUSG00000087013,0.022878894770425016,20.54240181182918,14.942729952148234,0.001,6.26537771672887,0.001279880343042656,7.585800330348704,100,100
ENSMUSG00000087014,9.509281840163906,758.8937185029059,1.0,0.001,20.376627986519615,0.0010051727011180433,0.008710776838982135,100,100
ENSMUSG00000087016,0.001,61.88525872635182,1.0,0.001,0.001,0.0019416777890774307,0.159493541742603,100,100
ENSMUSG00000087017,0.001,62.31581250733508,1.0,0.001,0.0010000000000000009,0.0015271520947109625,0.3065666338758963,100,100
ENSMUSG00000087018,0.001,61.45463549419866,1.0,0.001,0.001,0.0017272997738387304,0.2007287616222832,100,100
ENSMUSG00000087020,0.001,62.31581250733508,1.0,0.001,0.001,0.0020010890575289262,0.1722394561961393,100,100
ENSMUSG00000087022,0.001,58.440570410729244,1.0,0.001,0.001,0.001882801009530585,0.433845730309626,100,100
ENSMUSG00000087026,0.30247267227290575,17.41995202178987,4.07496360724533,0.055940813655964594,44.870702699356784,0.001267378519137126,0.8462090854282297,100,100
ENSMUSG00000087027,0.001,62.31581250733508,1.0,0.001,0.001,0.0020143883574163003,1.012549427188498,100,100
ENSMUSG00000087028,0.001,62.31581250733508,1.0,0.001,0.001,0.0017293974291055303,0.1771155760608438,100,100
ENSMUSG00000087030,0.001,62.31581250733508,1.0,0.001,0.0010000000000000005,0.0016951137772818728,0.09720746649544076,100,100
ENSMUSG00000087036,0.001,62.31581250733508,1.0,0.001,0.001,0.0016116327000663955,0.30929200735821843,100,100
ENSMUSG00000087037,0.001,62.31581250733508,1.0,0.001,0.0010000000000000005,0.0018500492712912294,0.10515877958222834,100,100
ENSMUSG00000087041,0.001,62.31581250733508,1.0,0.001,0.001,0.0014538460230247787,0.3033104066098572,100,100
ENSMUSG00000087044,3.3467679826601007,809.4058638924901,1.0,0.001,6.99223155896717,0.001,0.17142002381705873,100,100
ENSMUSG00000087050,1.503103188885066,363.25008257950475,1.0,0.001,10.276365860141539,0.0010854856476222377,0.06823171635001918,100,100
ENSMUSG00000087052,0.001,62.31581250733508,1.0,0.001,0.0010000000000000005,0.001630543587464785,0.15769030665071312,100,100
ENSMUSG00000087056,0.001,62.31581250733508,1.0,0.001,0.001,0.0014875271098791693,0.18990213946293144,100,100
ENSMUSG00000087059,1.77889767106868,435.05565630393556,1.0337441480290168,0.001,11.454639623082366,0.00100000049881364,0.10275972536936027,100,100
ENSMUSG00000087060,0.02290330650571113,23.70256581822729,46.570970274327124,0.001,3.3124356780352833,0.0015434382619581941,56.107964299488714,100,100
ENSMUSG00000087064,0.001,61.674132606755,1.0,0.001,0.001,0.002004944689539693,0.3331541747700508,100,100
ENSMUSG00000087066,16.483383744451167,999.9999999976969,1.0152617374702164,0.15375161192623815,23.711148052812838,0.001,0.009028314742293278,100,100
ENSMUSG00000087067,0.0018026891391148584,4.525279831926057,37.40941391678209,0.001,0.05167163254127076,0.001964132044869266,25.8002982149198,100,100
ENSMUSG00000087070,0.001,62.31581250733508,1.0,0.001,0.001,0.0016141596537725738,0.1734175318866341,100,100
ENSMUSG00000087072,0.001,62.31581250733508,1.0,0.001,0.0010000000000000005,0.001775996650688596,0.2366784198802851,100,100
ENSMUSG00000087074,0.001,62.31581250733508,1.0,0.001,0.001,0.0015415403395335463,0.28456531378172,100,100
ENSMUSG00000087082,0.001,62.31581250733508,1.0,0.001,0.001,0.0020010511570835716,0.5281217887254063,100,100
ENSMUSG00000087086,0.001,62.31581250733508,1.0,0.001,0.0010000000000000009,0.0016084178691155857,0.21640445587935075,100,100
ENSMUSG00000087088,0.6929120873771311,166.48605762337863,1.0,0.001,11.018752833606575,0.001,0.31415989138209005,100,100
ENSMUSG00000087093,0.001,62.31581250733508,1.0,0.001,0.0010000000000000005,0.0014685466925085404,0.1794866238891869,100,100
ENSMUSG00000087094,0.001,62.31581250733508,1.0,0.001,0.0010000000000000005,0.001553181179829403,0.19556875648758565,100,100
ENSMUSG00000087095,0.30980665516241,3.2023577566088948,3.0012677260312777,0.0015249683532889097,0.7675930219401113,0.3312933089927166,244.94130686630643,100,100
ENSMUSG00000087098,0.001,61.674132606755,1.0,0.001,0.0010000000000000005,0.00170983732898226,0.30618028419472987,100,100
ENSMUSG00000087106,0.27213439610239265,65.36421030425801,1.0,0.001,12.022747159855754,0.0010000000000087129,0.060441505655930476,100,100
ENSMUSG00000087107,0.001,66.84427540036525,1.0,0.001,0.001,0.001495945320273568,0.10390970704609401,100,100
ENSMUSG00000087109,0.11384618112645052,26.95183298160442,1.0,0.001,8.338385886199635,0.001,0.0736710881335889,100,100
ENSMUSG00000087113,17.173256967726545,999.9999999776713,1.0,0.40350862773596885,22.867723837626173,0.001,0.008932303006084628,100,100
ENSMUSG00000087119,0.001,0.022532286700273765,2.845805548366459,0.001,0.04734220318563033,0.6128482076132686,288.80219539760583,100,100
ENSMUSG00000087120,7.876902514927794,608.6438243312422,1.0,0.001,19.50132515824709,0.0010000000000065397,0.02854478530584063,100,100
ENSMUSG00000087121,0.001,61.88525872635182,1.0,0.001,0.001,0.0016424473572073319,0.09282036547019275,100,100
ENSMUSG00000087125,0.001,62.31581250733508,1.0,0.001,0.001,0.0018548485610378703,0.19918854047478712,100,100
ENSMUSG00000087128,7.001558807333086,842.2491660574899,1.0,0.001,13.25818403718278,0.0010000000000014901,0.01280131751146649,100,100
ENSMUSG00000087129,5.350775820421562,644.3417762672889,1.0,0.001,12.506685203442025,0.0010000000031462062,0.05678735448770901,100,100
ENSMUSG00000087131,0.006722145561846708,17.273953420900355,43.175587017715294,0.001,3.5106662059178166,0.0017985785714943105,35.08886974386853,100,100
ENSMUSG00000087132,0.5590124899078065,32.3785648784416,14.423679077243708,0.15409324670360836,1.4976703950775665,0.1386362229008017,1.9418104722022413,100,100
ENSMUSG00000087135,5.896189974325834,653.9688124166523,1.0,0.001,14.0358950035812,0.0010000022580679247,0.048897747101246156,100,100
ENSMUSG00000087136,0.001,62.31581250733508,1.0,0.001,0.0010000000000000009,0.0015618064872835904,0.27987977356892607,100,100
ENSMUSG00000087138,1.4431847537293878,170.28520613502954,91.73875007527297,0.15375456450511976,2.865786182076659,0.24638144436737114,19.328451169166016,100,100
ENSMUSG00000087141,0.0364657938937357,20.002519477429573,36.14233396517544,0.001,0.7839294623275532,0.0026356961016088857,62.36902198047455,100,100
ENSMUSG00000087142,18.850729463670326,911.3808452879874,1.025161914651557,0.321899922712291,31.04435916333508,0.001,0.008878657441664044,100,100
ENSMUSG00000087143,0.038369585228112686,18.99195201250251,26.586172503844345,0.001,0.15972774724960165,0.03409471363988124,69.89750803597204,100,100
ENSMUSG00000087148,8.302304263378884,999.9999902300451,1.0,0.001,16.717895284921617,0.001000000430257932,0.04790807982746461,100,100
ENSMUSG00000087149,0.001,62.31581250733508,1.0,0.001,0.0010000000000000005,0.0015977726506425226,0.3005266317724721,100,100
ENSMUSG00000087150,9.243067051899532,752.2441742405415,1.0185193171712261,0.001,19.52418556619831,0.00100000000000016,0.012109134633734003,100,100
ENSMUSG00000087151,0.001,62.31581250733508,1.0,0.001,0.0010000000000000005,0.0018931920233882776,0.21077262276274789,100,100
ENSMUSG00000087153,0.001,0.0028137967891756262,1.6469369884218998,0.001,0.3423801916179481,1.2293227841072207,768.023942990596,100,100
ENSMUSG00000087158,0.001,66.84427540036525,1.0,0.001,0.0010000000000000009,0.002076601487982079,0.4259452489432048,100,100
ENSMUSG00000087159,0.011937814357848513,1.8023821858868008,12.552940889008998,0.001,3.4114013521117275,0.0019477290898163944,34.90678662384393,100,100
ENSMUSG00000087163,0.46507813184964064,17.31801856561875,2.096587091593951,0.023875060231403605,50.94940336391822,0.001175720629655912,1.422299263462531,100,100
ENSMUSG00000087164,0.001,62.31581250733508,1.0,0.001,0.001,0.0015599543393936576,0.09890238669476312,100,100
ENSMUSG00000087165,1.518567435354348,5.270322877348129,4.728409330800618,0.14366003662931404,8.380668476875023,0.1868426581094326,26.485675797213545,100,100
ENSMUSG00000087168,0.001,66.84427540036525,1.0,0.001,0.001,0.001842186402305402,0.24543524774809702,100,100
ENSMUSG00000087172,1.588526832046864,369.62642191583296,1.0,0.001,8.625102184348169,0.0010023985352721702,0.05264704341440071,100,100
ENSMUSG00000087174,0.637562600064493,15.229870453018899,23.083929367056857,0.1648322319256983,0.9667737860204351,1.0435928211584318,10.226533626952019,100,100
ENSMUSG00000087175,0.001,61.88525872635182,1.0,0.001,0.001,0.0018924841094062617,0.1691465434260967,100,100
ENSMUSG00000087176,0.001,61.88525872635182,1.0,0.001,0.001,0.0019429267826310023,0.12395797694449942,100,100
ENSMUSG00000087177,0.03994428288419362,19.46863378052245,10.289008093391223,0.001,10.819706720827197,0.0010094275654370973,18.70549575138832,100,100
ENSMUSG00000087178,6.281763819083483,470.6314244839139,1.0,0.001,24.53453535845258,0.001000000000047549,0.008972058125911694,100,100
ENSMUSG00000087179,11.704135332340508,941.6109733620614,1.0061417804120638,0.001,21.59953148410679,0.001,0.01032746406763356,100,100
ENSMUSG00000087181,0.0873519966738151,18.93450860678928,6.26942679804889,0.01910810345236698,25.59230049410202,0.0010000000000050312,1.1338174813412734,100,100
ENSMUSG00000087187,12.600255812204189,990.7273206747241,1.0,0.001,21.923258946408616,0.001,0.016948322201889448,100,100
ENSMUSG00000087190,11.611453484568747,922.0673744187053,1.0,0.001,22.18514344135488,0.001000000000000239,0.04747596288821294,100,100
ENSMUSG00000087192,0.03378296424292232,20.390376985375415,22.350886500939996,0.001,1.3134218715890773,0.0019009918985646817,41.814034633867635,100,100
ENSMUSG00000087193,0.001,62.31581250733508,1.0,0.001,0.001,0.0017379779065362984,0.10532203303504238,100,100
ENSMUSG00000087197,0.001,62.31581250733508,1.0,0.001,0.001,0.0018137875469940948,0.19684278385226608,100,100
ENSMUSG00000087198,4.132577005576439,999.9999999828615,1.0,0.001,8.449145394725878,0.0010111776208712676,0.13762849735450405,100,100
ENSMUSG00000087200,0.001,66.84427540036525,1.0,0.001,0.0010000000000000005,0.0015848090375712217,0.19288938714488202,100,100
ENSMUSG00000087201,0.12074042005747349,28.25432923463963,1.0,0.001,7.330104913166586,0.0010000000000074615,0.055135045850461445,100,100
ENSMUSG00000087203,0.08918882633782887,18.374361098119994,9.18766383577711,0.003279895733812705,28.918022744987972,0.001064890032140021,18.986100066400965,100,100
ENSMUSG00000087206,0.001,62.31581250733508,1.0,0.001,0.001,0.0021592099666564494,0.1689903634049099,100,100
ENSMUSG00000087207,0.001,61.88525872635182,1.0,0.001,0.001,0.001595876209951037,0.1304928928741866,100,100
ENSMUSG00000087213,0.16417808764834793,1.192875843350016,1.2115029653837417,0.05055135697217375,2.3309269386558427,0.06809657242773608,2.954909177840059,100,100
ENSMUSG00000087216,0.001,62.31581250733508,1.0,0.001,0.001,0.001868096340710359,0.49552008999337793,100,100
ENSMUSG00000087217,0.001,62.31581250733508,1.0,0.001,0.001,0.0019786634545137767,0.1820384143580337,100,100
ENSMUSG00000087221,0.001,61.88525872635182,1.0,0.001,0.001,0.0016595506563884357,0.15650671651660097,100,100
ENSMUSG00000087222,0.08752302548106734,14.364118080320477,7.342659003123049,0.001,16.43330200160762,0.0012481396038471777,54.94023296385072,100,100
ENSMUSG00000087230,0.001,62.31581250733508,1.0,0.001,0.0010000000000000005,0.001998248019250781,0.15509778011000186,100,100
ENSMUSG00000087231,0.28603754465053766,17.584031451474047,2.9240436484187393,0.001,43.56279046259615,0.0010496105538105084,0.7322930889379382,100,100
ENSMUSG00000087236,0.001,62.31581250733508,1.0,0.001,0.001,0.0018615737199088372,0.07576895691406074,100,100
ENSMUSG00000087240,0.001,62.31581250733508,1.0,0.001,0.001,0.0017069054147792338,0.3112010945843627,100,100
ENSMUSG00000087242,0.001,62.31581250733508,1.0,0.001,0.001,0.0020040081387889316,0.09560371478989955,100,100
ENSMUSG00000087244,0.010775345334264535,19.99364610367049,22.807177930702583,0.001,2.743995414112391,0.0013483842150185865,25.26002979061698,100,100
ENSMUSG00000087246,0.01622849521704202,24.268332271595852,42.784403465935526,0.001,4.1763851391039815,0.001460992761410844,51.51347975741389,100,100
ENSMUSG00000087247,0.06317759495341697,2.3360788848652954,35.007593636835416,0.03948665541906586,0.0992939784993867,7.896608823194367,29.75784498398946,100,100
ENSMUSG00000087248,0.001,62.31581250733508,1.0,0.001,0.001,0.001798952963940666,0.1834025804601468,100,100
ENSMUSG00000087249,0.20353207312052166,2.3292124791299207,3.526274419749298,0.06431339337506904,0.676833874147674,0.386085336530298,4.759133299166802,100,100
ENSMUSG00000087250,0.001,62.31581250733508,1.0,0.001,0.001,0.0018478452160977784,0.0997165227949739,100,100
ENSMUSG00000087252,1.9245689565196118,429.88135035989336,1.0,0.001,11.579760854672916,0.0010002604919824838,0.0872108198720262,100,100
ENSMUSG00000087253,0.001,66.84427540036525,1.0,0.001,0.001,0.0016262705250447045,0.1368812934180944,100,100
ENSMUSG00000087258,0.001,61.88525872635182,1.0,0.001,0.001,0.0016674626144968009,0.10891733967016673,100,100
ENSMUSG00000087259,0.04880851604034016,4.994824171915812,14.912498255788535,0.001,0.1299836133936042,0.36813795423065954,76.00231179007007,100,100
ENSMUSG00000087260,3.819279176231489,20.266005509634276,56.88551475054867,2.34904106261989,11.940941881863557,0.7850473253994437,6.088876276930659,100,100
ENSMUSG00000087263,0.08127119660704768,32.25854899160436,16.597526620831164,0.001,24.769533461174298,0.0010818216245594328,2.2176597043084514,100,100
ENSMUSG00000087264,0.1634759354676689,18.028930796309833,4.154921946778445,0.007166890836683181,32.38937936844725,0.0011269639855376855,1.056861481428255,100,100
ENSMUSG00000087265,0.001,62.31581250733508,1.0,0.001,0.001,0.0015663084015585722,0.21393646133335387,100,100
ENSMUSG00000087266,0.06107769264731551,19.1838059489264,7.870577944888314,0.006478049766023838,20.67984524783867,0.001,2.2491443108779654,100,100
ENSMUSG00000087269,0.4633826484956252,3.7018523651720012,4.119741556242884,0.003618010992689544,1.0185338914132527,0.45884532072001116,462.5837849586958,100,100
ENSMUSG00000087270,0.001,62.31581250733508,1.0,0.001,0.001,0.0018552503461682537,0.11441695502948226,100,100
ENSMUSG00000087272,0.001,66.84427540036525,1.0,0.001,0.001,0.0015569080509469976,0.10417019854760426,100,100
ENSMUSG00000087273,0.03370725752758383,21.611893799228373,23.65032040849477,0.001,4.433307828824937,0.001805011140462858,41.5380612413563,100,100
ENSMUSG00000087277,0.001,62.31581250733508,1.0,0.001,0.001,0.001515065681418649,0.06598635048991652,100,100
ENSMUSG00000087278,0.001,62.31581250733508,1.0,0.001,0.001,0.0018806295250512342,0.07328538970507203,100,100
ENSMUSG00000087282,0.001,66.84427540036525,1.0,0.001,0.001,0.0018743257493391053,0.06903400182110815,100,100
ENSMUSG00000087290,2.398468794745146,577.0230940414881,1.0,0.001,9.12254178302844,0.001014084954189804,0.0946178451703107,100,100
ENSMUSG00000087291,0.07610851991004082,1.436849500385332,1.5334474356461614,0.0010820427113670873,8.83548757618534,0.045817124984403435,91.49495782647921,100,100
ENSMUSG00000087292,0.08274616925988977,1.5538055228252634,1.0,0.017626619523969617,29.937527070969477,0.0012028248005439234,2.6605112046934805,100,100
ENSMUSG00000087293,4.146906333238779,999.9999999237627,1.0,0.001,6.163171919258762,0.0010000688926652852,0.19617856700595498,100,100
ENSMUSG00000087294,0.001,62.31581250733508,1.0,0.001,0.001,0.001882870675452408,0.07120912440432767,100,100
ENSMUSG00000087295,0.001,62.31581250733508,1.0,0.001,0.0010000000000000005,0.0018174324100560559,0.815696535403565,100,100
ENSMUSG00000087298,0.04598898436938394,18.581861934091965,9.770397342421639,0.001,20.080414601004996,0.0010019925811484598,2.927903744311034,100,100
ENSMUSG00000087299,0.001,62.31581250733508,1.0,0.001,0.001,0.0016199946263792172,0.23115777931710918,100,100
ENSMUSG00000087300,0.001,62.31581250733508,1.0,0.001,0.001,0.0017959080573197576,0.246944039615686,100,100
ENSMUSG00000087305,2.961200185399535,721.6290393901162,1.0064427689282454,0.001,8.302821620491457,0.001,0.11821818160909647,100,100
ENSMUSG00000087307,0.0018527197969155453,18.00784649056437,162.1769115809455,0.001,0.010834089862765205,0.0017707304888481615,45.40859606786255,100,100
ENSMUSG00000087312,0.001,61.674132606755,1.0,0.001,0.0010000000000000002,0.0016700533768397798,0.23085204401696158,100,100
ENSMUSG00000087314,0.2737300031032855,17.613072390423095,2.957691190674524,0.011965857925090693,41.07036167088437,0.0011086555447694267,1.0153206515851494,100,100
ENSMUSG00000087318,4.132577005576439,999.9999999828615,1.0,0.001,6.625262000965872,0.001000000000100888,0.08141322767287283,100,100
ENSMUSG00000087319,0.001,61.674132606755,1.0,0.001,0.001,0.001650918477875907,0.18408654891383244,100,100
ENSMUSG00000087327,0.001,62.31581250733508,1.0,0.001,0.001,0.001866647927709858,0.06808759225661369,100,100
ENSMUSG00000087330,0.001,62.31581250733508,1.0,0.001,0.001,0.0017940484090029853,0.21348799466401708,100,100
ENSMUSG00000087334,0.001,62.31581250733508,1.0,0.001,0.0010000000000000005,0.0017520015567040657,0.24949479076586167,100,100
ENSMUSG00000087336,0.001,61.45463549419866,1.0,0.001,0.0010000000000000009,0.0017802682938553496,0.17178943255976425,100,100
ENSMUSG00000087339,0.001,62.31581250733508,1.0,0.001,0.0010000000000000005,0.0016785798332416655,0.27180109428485116,100,100
ENSMUSG00000087340,0.022692788116018745,20.73243789229775,15.078714094332172,0.001,6.104565746703049,0.0014823358404425597,26.43281168932436,100,100
ENSMUSG00000087341,3.3467679826601007,809.4058638924901,1.0,0.001,7.947763611038385,0.0011332942636928611,0.03934476850095536,100,100
ENSMUSG00000087343,0.001,62.31581250733508,1.0,0.001,0.001,0.001434109304496607,0.2430134621567161,100,100
ENSMUSG00000087344,0.001,60.80878088638715,1.0,0.001,0.0010000000000000005,0.0019915959407273134,0.24527002053682373,100,100
ENSMUSG00000087350,0.001,66.84427540036525,1.0,0.001,0.001,0.001959731676499185,0.21825413362870755,100,100
ENSMUSG00000087351,0.001,66.84427540036525,1.0,0.001,0.001,0.0019274113536276842,0.12881888097180616,100,100
ENSMUSG00000087352,21.267976288713964,999.1477437523703,1.0,0.001,28.748468915524107,0.0010033090739814238,0.008974202971295041,100,100
ENSMUSG00000087354,4.132577005576439,999.9999999828615,1.0,0.001,10.509994566806679,0.001000000000003793,0.11151610326249047,100,100
ENSMUSG00000087355,0.01130213884107966,0.1670539148725777,1.310330069179745,0.001,0.1966959280735746,0.13282019249709198,133.89373984112783,100,100
ENSMUSG00000087356,4.1336179629762935,999.9999943156627,1.0,0.001,4.79984373893627,0.001502062194580969,0.12883490250973625,100,100
ENSMUSG00000087361,0.001,62.31581250733508,1.0,0.001,0.001,0.0017535565574601634,0.09097770128816471,100,100
ENSMUSG00000087362,0.001,62.31581250733508,1.0,0.001,0.001,0.0020476673372179788,0.24329909240184994,100,100
ENSMUSG00000087365,0.031225860737509,2.2936321167255196,20.770760998297103,0.0020721356438927413,0.09181216566884193,1.294172415633557,32.92105305273887,100,100
ENSMUSG00000087366,0.2692551459934362,2.5598147185057565,10.331071471353079,0.08966135286874664,0.44226496438606033,2.1427563267238017,14.939102215942594,100,100
ENSMUSG00000087367,0.001,66.84427540036525,1.0,0.001,0.001,0.0018193463103470093,0.1208607081607427,100,100
ENSMUSG00000087368,0.2670460656191441,53.431406191701804,28.370762954488733,0.09261647175472898,3.1200014799778923,0.02155108986571879,1.2148860048279846,100,100
ENSMUSG00000087370,0.3945816414269354,4.934508963158007,4.95082428498083,0.001,0.7259388419878836,0.45414025194379526,681.9349383012923,100,100
ENSMUSG00000087371,0.0132894458520273,21.594514770397822,33.285996417266404,0.001,2.6763085384591165,0.0017284686572510597,28.133268003477745,100,100
ENSMUSG00000087373,0.001,61.259704531272526,1.0,0.001,0.001,0.00160617464848869,0.07279478283794694,100,100
ENSMUSG00000087377,0.656821559135778,150.7021846246137,1.0,0.001,5.801497259923803,0.0010533641948761306,0.12712734794384514,100,100
ENSMUSG00000087380,0.48358676974988357,999.9994328994408,1075.7438662085017,0.23591324776507105,0.9494482859057347,0.49424953221689794,3.0580995394641617,100,100
ENSMUSG00000087381,0.7436322843884894,24.952726845344237,15.293807614301663,0.2766860885140573,2.266929020342355,0.22038372155000063,2.882013319898608,100,100
ENSMUSG00000087383,0.001,62.31581250733508,1.0,0.001,0.001,0.0015605646341845555,0.18941742723665872,100,100
ENSMUSG00000087384,0.001,62.31581250733508,1.0,0.001,0.0010000000000000005,0.0017017404377078858,0.5600543615466524,100,100
ENSMUSG00000087385,0.09157532370971505,2.647624160003003,1.0,0.001,29.194124609209098,0.0010284442022782843,1.5001012692447993,100,100
ENSMUSG00000087387,4.131519129298434,1000.0,1.000247281024765,0.001,6.4014066776683,0.001095085184399128,0.018755910431418152,100,100
ENSMUSG00000087390,0.001,66.84427540036525,1.0,0.001,0.0010000000000000005,0.0018162583308467225,0.30714425206736184,100,100
ENSMUSG00000087394,2.66909052794605,634.7305162144502,1.0,0.001,7.231168830227418,0.0012607755682783619,0.05719749652641806,100,100
ENSMUSG00000087395,0.001,61.674132606755,1.0,0.001,0.001,0.0018827518924353147,0.12667344612899029,100,100
ENSMUSG00000087396,0.170384492768127,10.026043328396222,11.432766180828574,0.001,0.35079103268739364,0.5358052836029152,234.08599855166963,100,100
ENSMUSG00000087397,0.001,66.84427540036525,1.0,0.001,0.001,0.0014584884681369474,0.6201871189764412,100,100
ENSMUSG00000087399,0.001,62.31581250733508,1.0,0.001,0.001,0.0018008123351491222,0.2530888710318975,100,100
ENSMUSG00000087400,0.0378834964826564,1.472416053580257,1.0,0.001,19.682924587220565,0.0010000000000013167,3.4404752464881385,100,100
ENSMUSG00000087403,42.975807396330026,587.7000916082932,1.0,3.9186023013322417,92.72575580047982,0.0010752099788974255,0.008887711726616298,100,100
ENSMUSG00000087405,0.38581316235192986,45.95718825640144,1.0,0.001,14.725200280917988,0.001,0.048957465299783905,100,100
ENSMUSG00000087406,0.001,62.31581250733508,1.0,0.001,0.0010000000000000009,0.0015696940860716502,0.14329401172346393,100,100
ENSMUSG00000087408,0.001,66.84427540036525,1.0,0.001,0.0010000000000000009,0.0014351663308300841,0.25131704627420026,100,100
ENSMUSG00000087411,0.001,62.31581250733508,1.0,0.001,0.001,0.0018619894027322133,0.1569956302888363,100,100
ENSMUSG00000087424,0.01677222983679975,2.0792201106729866,3.1163295217813687,0.001,16.80342266169515,0.0010299191405284867,6.009385532691655,100,100
ENSMUSG00000087425,0.001,66.84427540036525,1.0,0.001,0.0010000000000000002,0.0019790049503044483,0.13265379012224665,100,100
ENSMUSG00000087429,0.001,62.31581250733508,1.0,0.001,0.001,0.0014977358222002142,0.36121969536394677,100,100
ENSMUSG00000087430,0.001,62.31581250733508,1.0,0.001,0.001,0.0018505555988800795,0.09605341104118383,100,100
ENSMUSG00000087433,0.14370491864772042,29.288151125251883,27.10213113961644,0.001,0.37819466293342474,0.3673086660634291,71.67407387196927,100,100
ENSMUSG00000087436,0.1258776879322011,30.356102463675995,27.273067296409014,0.01493670373450612,1.1589067132817832,0.046762947597453794,2.405852903485389,100,100
ENSMUSG00000087437,0.001,62.31581250733508,1.0,0.001,0.001,0.001682321615714852,0.22033179575618345,100,100
ENSMUSG00000087439,0.0027408208219374805,11.938634918218684,34.00449731266143,0.001,0.050499332816138415,0.0018905351513424898,15.353382717416272,100,100
ENSMUSG00000087440,0.12019682352271358,31.898329260555037,31.27151542583624,0.04973938060306642,0.7718891403099314,0.11123639153290521,3.265865527139076,100,100
ENSMUSG00000087443,0.011838665863471523,17.96695182298809,20.504278829758416,0.001,3.6255994185337665,0.0013838573588670008,23.123832224241333,100,100
ENSMUSG00000087444,1.8855242048223924,454.9597606392765,1.0,0.001,8.303947521573548,0.001,0.0604552196162731,100,100
ENSMUSG00000087445,0.003461671443921224,8.36574973235876,23.732368994803725,0.001,0.081914408217566,0.0016484991229297084,9.999665568009702,100,100
ENSMUSG00000087449,3.605362360419091,868.4115063134839,1.0,0.001,10.27258543730122,0.0010529806684381545,0.05269332087732555,100,100
ENSMUSG00000087458,0.001,62.31581250733508,1.0,0.001,0.001,0.0018818712949468536,0.1979407453809821,100,100
ENSMUSG00000087461,0.001,61.259704531272526,1.0,0.001,0.001,0.0018751281305464515,0.26560100980237555,100,100
ENSMUSG00000087466,0.001,66.84427540036525,1.0,0.001,0.001,0.0016075823289331231,0.07091611021900415,100,100
ENSMUSG00000087475,0.001,66.84427540036525,1.0,0.001,0.001,0.0015941453397870491,0.349354166711909,100,100
ENSMUSG00000087476,0.881564516204355,212.83947995384116,1.0,0.001,8.299614890040163,0.0010002187502604401,0.06553458127740412,100,100
ENSMUSG00000087477,0.001,66.84427540036525,1.0,0.001,0.001,0.0015688106944821002,0.21033118318477512,100,100
ENSMUSG00000087478,16.745479819273598,1000.0,1.0,0.001,28.46123757830286,0.001,0.008827796085285965,100,100
ENSMUSG00000087479,0.06089808832348829,16.067716343138013,10.048759791799721,0.001,16.370853800872815,0.0014340127408348116,34.10797788503848,100,100
ENSMUSG00000087480,2.0813166845897446,503.1765750646759,1.0,0.001,5.277235570171875,0.0012259880640765634,0.05730142637605473,100,100
ENSMUSG00000087484,0.01108146272340947,18.894846696246233,21.574505359769706,0.001,2.608483111046997,0.002021103829926692,13.821317411921715,100,100
ENSMUSG00000087489,3.9183445523696494,467.53158771286763,1.0,0.001,15.725980523939462,0.001,0.06745766143385806,100,100
ENSMUSG00000087492,0.001,62.31581250733508,1.0,0.001,0.001,0.0018154816376190247,0.11190574901387582,100,100
ENSMUSG00000087496,12.718116131932849,1000.0,1.0,0.001,19.082559272034707,0.0010000000000040719,0.008009418868214086,100,100
ENSMUSG00000087497,0.001,0.0025331003426778786,1.000141567693096,0.001,0.7032719047382235,0.3285597885304921,409.5803393554221,100,100
ENSMUSG00000087501,0.001,62.31581250733508,1.0,0.001,0.001,0.0016420803723150275,0.31176373283539616,100,100
ENSMUSG00000087502,9.952416840447885,473.219448408322,1.0,0.001,35.6001490513835,0.0010005678961926127,0.008899070540726377,100,100
ENSMUSG00000087507,0.9534042753660111,224.50535726336872,1.0,0.001,12.742603373259552,0.0010031865489769556,0.05688267889552204,100,100
ENSMUSG00000087508,0.001,62.31581250733508,1.0,0.001,0.001,0.001577536391033878,0.055210907829799774,100,100
ENSMUSG00000087515,1.7516396843847362,416.3850225706921,1.0,0.001,4.833268132080091,0.0010000000000020145,0.07304540172225457,100,100
ENSMUSG00000087516,0.16580037399281555,17.847983457835046,4.10776151646104,0.006754569062622464,31.02494599585759,0.0010462577718305687,1.0319356920367333,100,100
ENSMUSG00000087519,0.06344613055329043,19.30619118351174,11.378085916926551,0.001,16.84982730473871,0.00131951850315576,26.54061749811587,100,100
ENSMUSG00000087523,17.071350492421907,999.9999999684013,1.0018465535345522,0.001,28.286002360319383,0.001,0.009258084799892857,100,100
ENSMUSG00000087524,1.934364854771269,463.7482684073294,1.0,0.001,9.92464760576382,0.0010000184776412947,0.15419506901167554,100,100
ENSMUSG00000087526,0.001,61.88525872635182,1.0,0.001,0.001,0.0018097444906314268,0.10449057713941787,100,100
ENSMUSG00000087528,0.010811466334783488,19.51899820871359,22.283345635170114,0.001,7.880249113585899,0.0011921256597360274,23.37166767997196,100,100
ENSMUSG00000087530,0.001,62.31581250733508,1.0,0.001,0.001,0.0018953518064396247,0.2099791918417415,100,100
ENSMUSG00000087532,1.3185553849482623,315.95047008738493,1.0,0.001,5.934205611099099,0.0012291136542174987,0.22634842315900144,100,100
ENSMUSG00000087535,0.001,66.84427540036525,1.0,0.001,0.001,0.0014554276868325323,0.09117241656047301,100,100
ENSMUSG00000087538,0.001,62.31581250733508,1.0,0.001,0.0010000000000000009,0.0020561789515861264,0.06354091668624458,100,100
ENSMUSG00000087541,0.001,62.31581250733508,1.0,0.001,0.0010000000000000005,0.0016238025080590479,0.1839407525834778,100,100
ENSMUSG00000087543,0.001,66.84427540036525,1.0,0.001,0.0010000000000000002,0.001757156744219872,0.1623353574598353,100,100
ENSMUSG00000087545,0.06167967145697528,19.34290285296749,7.924180269517911,0.001,23.872977591672555,0.001003961851397059,2.36928863136208,100,100
ENSMUSG00000087554,0.001,62.31581250733508,1.0,0.001,0.001,0.0017785822742696447,0.11326141021720387,100,100
ENSMUSG00000087556,6.555298305658799,523.9232854841188,1.0,0.001,24.424969870513877,0.001,0.019141226797882674,100,100
ENSMUSG00000087557,0.016882931460075745,2.1105839746686343,3.15049132640187,0.001,17.44386467934609,0.0010000018866337629,4.389704277381169,100,100
ENSMUSG00000087575,4.3116592305118715,999.9999999981275,1.0,0.001,11.652778739553955,0.0010201889394359826,0.08928939212290019,100,100
ENSMUSG00000087578,0.00665227099813735,9.519016909439074,44.3533288070408,0.001,5.360209865186462,0.0011164018511802141,31.750396072017782,100,100
ENSMUSG00000087579,1.0752409784945784,280.3448670159383,1.0844986976483493,0.001,9.174988115813525,0.0010000004398025876,0.06447828918367886,100,100
ENSMUSG00000087581,0.001,62.31581250733508,1.0,0.001,0.001,0.0018073935163355425,0.5578299326206644,100,100
ENSMUSG00000087589,0.0657048673463188,7.472948236102047,4.376471218023148,0.001,15.014769400339654,0.0010035103792661868,18.196214702797903,100,100
ENSMUSG00000087590,1.1839768912302413,14.892663335145654,29.122479272998195,0.7807832603566387,1.8661646067071722,1.1178729274708585,3.364220199993425,100,100
ENSMUSG00000087591,0.001,62.31581250733508,1.0,0.001,0.001,0.0015616319382568823,0.14318026728712363,100,100
ENSMUSG00000087593,0.09216894043085214,2.715335736987971,1.0,0.005822400190826404,31.37898174987423,0.001000000000003896,0.8032937422848981,100,100
ENSMUSG00000087594,0.04000788252215008,20.091577879631938,10.599868972250412,0.001,15.569950607483623,0.0011426301398897002,17.551732154328967,100,100
ENSMUSG00000087595,0.001,62.31581250733508,1.0,0.001,0.001,0.0017147217889528327,0.09246526873976532,100,100
ENSMUSG00000087596,1.4275905501715376,345.13246017114864,1.0,0.001,8.851296674673767,0.0010015007179449912,0.02393719459708246,100,100
ENSMUSG00000087597,0.003308213263193805,14.941603013779568,69.45843110772627,0.001,0.05311257717476405,0.0027664225885711477,50.07300920155649,100,100
ENSMUSG00000087598,0.3618492089778091,3.787872585081462,4.336338952880846,0.001,0.7326527698910452,0.47782968371627044,796.5351670610049,100,100
ENSMUSG00000087600,0.001,60.60768216058454,1.0,0.001,0.001,0.0017519703020440576,0.20174109721891698,100,100
ENSMUSG00000087601,0.001,62.31581250733508,1.0,0.001,0.001,0.0017047389662893015,0.27284694464061066,100,100
ENSMUSG00000087606,0.001,66.84427540036525,1.0,0.001,0.001,0.0021349587313673093,0.05272618123734417,100,100
ENSMUSG00000087607,0.010819829458310788,19.83060979423743,22.621161002576493,0.001,4.449180170517714,0.0016913706650497577,26.425737644249335,100,100
ENSMUSG00000087610,0.001,59.75744064589286,1.0,0.001,0.001,0.0020294308415020456,0.14508971224953882,100,100
ENSMUSG00000087611,16.813830652558778,999.9999999994828,1.0,0.001,24.978680366695887,0.001,0.009330773488180647,100,100
ENSMUSG00000087612,0.001,62.31581250733508,1.0,0.001,0.001,0.001483106848119252,0.21919928473540867,100,100
ENSMUSG00000087613,0.001,62.31581250733508,1.0,0.001,0.001,0.0015364482603712638,0.13094128240080033,100,100
ENSMUSG00000087614,0.001,66.84427540036525,1.0,0.001,0.0010000000000000005,0.0016599413227285347,0.23927406894814437,100,100
ENSMUSG00000087616,0.001,62.31581250733508,1.0,0.001,0.001,0.0018958468044599727,0.19923775417109812,100,100
ENSMUSG00000087621,0.013089614631727264,21.408319406844004,33.66546792268648,0.001,14.790196034565685,0.0010000000000038667,12.60144898824192,100,100
ENSMUSG00000087626,2.9893577796530475,354.11085378747885,1.0014746463493116,0.001,10.585325607279835,0.0010000000000446008,0.01121609491711411,100,100
ENSMUSG00000087630,0.001,62.31581250733508,1.0,0.001,0.001,0.0017546912757754698,0.21441886303545168,100,100
ENSMUSG00000087632,0.0031341571521071475,9.37700480992894,24.68557252687272,0.001,0.05196559902494103,0.0017957342826960105,18.803744024402096,100,100
ENSMUSG00000087633,21.018829035960014,1000.0,1.0,0.001,31.43152593211136,0.001,0.00833649593578031,100,100
ENSMUSG00000087635,0.001,43.800753885780274,1.0,0.001,0.001,0.001867533974165996,0.20656953284961804,100,100
ENSMUSG00000087636,3.064001335653063,740.182082544854,1.0158708812906911,0.001,7.338620432666243,0.0010275402556572627,0.04020185465197257,100,100
ENSMUSG00000087639,0.001,61.88525872635182,1.0,0.001,0.001,0.0015263198199953433,0.1585787490809811,100,100
ENSMUSG00000087640,0.001,62.31581250733508,1.0,0.001,0.0010000000000000009,0.0014844657011194185,0.14262113409103644,100,100
ENSMUSG00000087641,0.001,62.31581250733508,1.0,0.001,0.001,0.0017117082395340212,0.16381062264525126,100,100
ENSMUSG00000087644,0.001,61.45463549419866,1.0,0.001,0.001,0.0018213902457526274,0.13013754662631632,100,100
ENSMUSG00000087648,0.001,66.84427540036525,1.0,0.001,0.001,0.0017933150343345519,0.15308492116322225,100,100
ENSMUSG00000087651,0.12989703137550035,2.1921429857814565,7.253861520029314,0.010892534363115271,0.27101581627814464,1.4074233426489324,189.2676708590022,100,100
ENSMUSG00000087652,0.001,62.31581250733508,1.0,0.001,0.001,0.0014859262714438013,0.10504029468694638,100,100
ENSMUSG00000087658,0.02546547624227888,9.412126466501261,38.48630763789558,0.001,0.5829047820580315,0.037841095468184746,178.59878426635493,100,100
ENSMUSG00000087660,0.061700609804677224,19.38985747626011,7.940602482520675,0.001,24.15053494084534,0.0010131793000628707,21.705613734320835,100,100
ENSMUSG00000087662,0.001,66.84427540036525,1.0,0.001,0.001,0.001829868416860603,0.1695449063658216,100,100
ENSMUSG00000087669,0.001,62.31581250733508,1.0,0.001,0.0010000000000000005,0.001771750344772179,0.13807492860617182,100,100
ENSMUSG00000087672,0.001,59.94762576822368,1.0,0.001,0.001,0.0016189208080528063,0.0970378671562569,100,100
ENSMUSG00000087675,0.001,62.31581250733508,1.0,0.001,0.001,0.0016437414085680947,0.08751665253462679,100,100
ENSMUSG00000087677,1.4794348014843814,357.52131026778807,1.0,0.001,8.858785811112627,0.0010131498090786395,0.060056400144114494,100,100
ENSMUSG00000087678,0.001,62.31581250733508,1.0,0.001,0.0010000000000000005,0.001513141179643688,0.18922744711024433,100,100
ENSMUSG00000087679,2.0131742255210843,643.9162491330055,178.52569243127635,0.6537467528428333,401.2610305224123,0.0022965622735437573,1.542952676313599,100,100
ENSMUSG00000087683,0.001,66.84427540036525,1.0,0.001,0.001,0.0019918129040552442,0.3699031310535841,100,100
ENSMUSG00000087685,0.001,66.84427540036525,1.0,0.001,0.0010000000000000005,0.0017896571247542482,0.26547527360848827,100,100
ENSMUSG00000087687,1.7555285199327584,4.291134312663088,12.075377704921856,0.9316568827058578,4.368066422508933,0.823183644321211,9.928514910975187,100,100
ENSMUSG00000087691,0.001,66.84427540036525,1.0,0.001,0.0010000000000000005,0.0015918947779540887,0.11738865554265664,100,100
ENSMUSG00000087692,6.953844426431527,837.4621316489132,1.0,0.001,14.692340918875114,0.001,0.041260592175645996,100,100
ENSMUSG00000087693,0.001,62.31581250733508,1.0,0.001,0.001,0.0018551295689116438,0.48693474814069204,100,100
ENSMUSG00000087698,0.001,62.31581250733508,1.0,0.001,0.001,0.0018378206461138772,0.26419327596906783,100,100
ENSMUSG00000087700,0.001,60.188376913276144,1.0,0.001,0.0010000000000000005,0.001904663643007817,0.192295762547587,100,100
ENSMUSG00000087701,0.001,13.797859525462927,1.0,0.001,0.001,0.013431567363604298,3.547262945290216,100,100
ENSMUSG00000087703,0.6437621963837976,154.64850262092747,1.0,0.001,9.13191348146323,0.0011013635271145453,0.11135920881823372,100,100
ENSMUSG00000087714,0.001,62.31581250733508,1.0,0.001,0.001,0.0017758771567975024,0.3763854792045363,100,100
ENSMUSG00000087721,0.2746669143933915,1.086134572147561,1.7857356096963661,0.13584451613992932,1.098788474425271,0.34524695704851327,4.608012784454406,100,100
ENSMUSG00000087722,0.001,62.31581250733508,1.0,0.001,0.001,0.0019532337560264636,0.24102257324282972,100,100
ENSMUSG00000087728,0.001,61.88525872635182,1.0,0.001,0.001,0.0017924920644319918,0.21335663146631373,100,100
ENSMUSG00000087730,0.001,62.31581250733508,1.0,0.001,0.001,0.001795499659897705,0.15436784094863365,100,100
ENSMUSG00000087739,0.001,62.31581250733508,1.0,0.001,0.001,0.0016077947717952558,0.15044530835839953,100,100
ENSMUSG00000087743,0.001,62.31581250733508,1.0,0.001,0.001,0.001845171554915118,0.12377820522518004,100,100
ENSMUSG00000087750,3.07783631307003,741.2598198343227,1.0,0.001,8.335896717433148,0.001000000000017519,0.05447261508286743,100,100
ENSMUSG00000087767,0.001,62.31581250733508,1.0,0.001,0.0010000000000000005,0.0014379762388769643,0.1929029938197646,100,100
ENSMUSG00000087776,0.001,66.84427540036525,1.0,0.001,0.001,0.0015158030001923852,0.16688747110510854,100,100
ENSMUSG00000087780,0.001,62.31581250733508,1.0,0.001,0.001,0.0013199760464206582,0.26895988521709585,100,100
ENSMUSG00000087790,0.001,62.31581250733508,1.0,0.001,0.001,0.0015508336339154119,0.10119675700271388,100,100
ENSMUSG00000087794,0.001,66.84427540036525,1.0,0.001,0.001,0.0019710570761556578,0.2707462548615691,100,100
ENSMUSG00000087795,0.001,62.31581250733508,1.0,0.001,0.001,0.0018596339610383247,0.17129489897881295,100,100
ENSMUSG00000087802,0.001,62.31581250733508,1.0,0.001,0.001,0.0015427604219076753,0.24961649527487784,100,100
ENSMUSG00000087817,0.001,62.31581250733508,1.0,0.001,0.001,0.0018541768691595875,0.16847633720592461,100,100
ENSMUSG00000087854,0.001,62.31581250733508,1.0,0.001,0.0010000000000000009,0.0017527894953143,0.22206477136483238,100,100
ENSMUSG00000087861,0.001,62.31581250733508,1.0,0.001,0.001,0.0017350941600090407,0.09937541576287465,100,100
ENSMUSG00000087863,0.001,62.31581250733508,1.0,0.001,0.001,0.001798945495656888,0.08559483305857944,100,100
ENSMUSG00000087875,0.001,62.31581250733508,1.0,0.001,0.001,0.0015218065799872341,0.21056541461269904,100,100
ENSMUSG00000087876,0.001,62.31581250733508,1.0,0.001,0.001,0.001670015137027035,0.12984306110107546,100,100
ENSMUSG00000087877,0.11384618112645052,26.95183298160442,1.0,0.001,11.65680615452845,0.0010360053791995752,0.07034063829363975,100,100
ENSMUSG00000087885,0.001,62.31581250733508,1.0,0.001,0.0010000000000000005,0.0018676358996130502,0.22442307312827292,100,100
ENSMUSG00000087903,0.001,61.88525872635182,1.0,0.001,0.001,0.001770579685115537,0.33353180677106914,100,100
ENSMUSG00000087922,0.001,62.31581250733508,1.0,0.001,0.001,0.0015394714289467518,0.0953745266429083,100,100
ENSMUSG00000087925,0.001,66.84427540036525,1.0,0.001,0.001,0.0015586725441048912,0.1816119843806801,100,100
ENSMUSG00000087963,0.001,62.31581250733508,1.0,0.001,0.001,0.0014345690830233704,0.43360933433641335,100,100
ENSMUSG00000087966,0.001,62.31581250733508,1.0,0.001,0.001,0.0016752497298635634,0.0919483691348254,100,100
ENSMUSG00000087968,8.372849792261361,1000.0,1.0,0.001,16.487634907477805,0.001,0.011371482452132767,100,100
ENSMUSG00000087982,0.001,62.31581250733508,1.0,0.001,0.001,0.0019072853702064483,0.3315513892430659,100,100
ENSMUSG00000087990,0.001,62.31581250733508,1.0,0.001,0.001,0.0016931955875329622,0.19661890326361348,100,100
ENSMUSG00000087991,0.001,62.31581250733508,1.0,0.001,0.001,0.0014791163228654984,0.09828569208478312,100,100
ENSMUSG00000088004,0.001,62.31581250733508,1.0,0.001,0.001,0.0018737893041747976,0.23480203255782556,100,100
ENSMUSG00000088005,0.001,62.31581250733508,1.0,0.001,0.001,0.0015257557121361109,0.13764936757834428,100,100
ENSMUSG00000088008,0.006647693674207625,17.04220715189366,41.40856350680641,0.001,0.09174400983489592,0.0030612738891017312,30.33227409857409,100,100
ENSMUSG00000088015,0.001,62.31581250733508,1.0,0.001,0.001,0.0019496996254284075,0.24473919477151423,100,100
ENSMUSG00000088025,0.001,66.84427540036525,1.0,0.001,0.0010000000000000005,0.0017491342052555732,0.37012056469167,100,100
ENSMUSG00000088037,0.010776122008091178,19.989653969899127,22.79484511489494,0.001,3.3326609961344387,0.001554646081781172,16.794476129435147,100,100
ENSMUSG00000088044,0.001,62.31581250733508,1.0,0.001,0.001,0.0016544775504682965,0.24378980920427,100,100
ENSMUSG00000088049,0.001,62.31581250733508,1.0,0.001,0.001,0.0015514078354892994,0.18266336994970078,100,100
ENSMUSG00000088056,0.001,62.31581250733508,1.0,0.001,0.001,0.0018624809944642927,0.11708912257205195,100,100
ENSMUSG00000088066,0.001,66.84427540036525,1.0,0.001,0.0010000000000000009,0.0015519642296893737,0.33070560190026127,100,100
ENSMUSG00000088067,0.0011685787871257845,6.804255026266434,43.263567680648734,0.001,0.10975021025300102,0.001878637360099216,21.031138454938493,100,100
ENSMUSG00000088068,0.061116778992729805,19.286824935767605,7.907603346063293,0.001,21.17150344714594,0.001005375013152556,5.063241640594709,100,100
ENSMUSG00000088071,0.001,62.31581250733508,1.0,0.001,0.001,0.0016710089276569787,0.1993176720238698,100,100
ENSMUSG00000088075,6.9454099256522985,877.9760283585006,1.0575346716963407,0.001,13.64684271916855,0.001,0.020414950201687702,100,100
ENSMUSG00000088086,0.001,62.31581250733508,1.0,0.001,0.001,0.0015849398041583448,0.11087841718455563,100,100
ENSMUSG00000088106,0.001,62.31581250733508,1.0,0.001,0.001,0.001720552717955123,0.18282533498729653,100,100
ENSMUSG00000088108,0.001,62.31581250733508,1.0,0.001,0.0010000000000000009,0.0017308364404075099,0.12102822717413114,100,100
ENSMUSG00000088119,0.001,62.31581250733508,1.0,0.001,0.001,0.0015316281107015841,0.48204155932741677,100,100
ENSMUSG00000088125,0.001,8.91310029729468,1166.664736686834,0.001,0.08901757164652041,0.0025572669657917507,26.355899273852902,100,100
ENSMUSG00000088150,0.001,61.88525872635182,1.0,0.001,0.001,0.0019534428049685633,0.18403427239557418,100,100
ENSMUSG00000088151,0.002872881686472232,9.430275012139496,29.048237628812767,0.001,0.15930270305984928,0.0013716956831942926,16.896338280894128,100,100
ENSMUSG00000088153,0.00327325717561304,9.762087363893112,23.798195662918165,0.001,0.0344773575790394,0.0018213185743839147,22.47693667593179,100,100
ENSMUSG00000088168,0.001,62.31581250733508,1.0,0.001,0.0010000000000000005,0.0014726568050743437,0.2352086048678148,100,100
ENSMUSG00000088170,0.001,62.31581250733508,1.0,0.001,0.0010000000000000005,0.0015854990364925956,0.48917681526639256,100,100
ENSMUSG00000088171,0.001,62.31581250733508,1.0,0.001,0.001,0.001617773214679375,0.15421219946233172,100,100
ENSMUSG00000088176,0.001,61.88525872635182,1.0,0.001,0.001,0.0020397992407819475,0.22539133281600143,100,100
ENSMUSG00000088183,0.001,62.31581250733508,1.0,0.001,0.001,0.0017709379590445723,0.171342885295967,100,100
ENSMUSG00000088185,0.001,62.31581250733508,1.0,0.001,0.001,0.0016032591116423136,0.17230966600949946,100,100
ENSMUSG00000088188,0.001,62.31581250733508,1.0,0.001,0.001,0.0015742947584005535,0.12002347037590409,100,100
ENSMUSG00000088189,0.001,61.259704531272526,1.0,0.001,0.001,0.0014931351772454937,0.13990055678042104,100,100
ENSMUSG00000088208,0.001,62.31581250733508,1.0,0.001,0.001,0.0017340612688382796,0.13219798413709932,100,100
ENSMUSG00000088217,0.001,62.31581250733508,1.0,0.001,0.0010000000000000005,0.001926313279134917,0.45990090546735096,100,100
ENSMUSG00000088224,0.001,62.31581250733508,1.0,0.001,0.0010000000000000005,0.0017524066622144612,0.21274098519892595,100,100
ENSMUSG00000088226,0.001,62.31581250733508,1.0,0.001,0.001,0.0016628140965081642,0.2329766661667601,100,100
ENSMUSG00000088230,0.001,62.31581250733508,1.0,0.001,0.001,0.0016446789008551738,0.1330440370020201,100,100
ENSMUSG00000088242,0.001,62.31581250733508,1.0,0.001,0.0010000000000000005,0.0017175625364769086,0.21190376392801247,100,100
ENSMUSG00000088249,0.001,62.31581250733508,1.0,0.001,0.001,0.001632721101025332,0.49105427595927076,100,100
ENSMUSG00000088250,9.127290459189025,543.040182484681,1.0,0.001,29.156073695816616,0.001,0.009011969185090219,100,100
ENSMUSG00000088252,0.001,62.31581250733508,1.0,0.001,0.001,0.0017152167818260244,0.44472044786682574,100,100
ENSMUSG00000088254,0.001,62.31581250733508,1.0,0.001,0.0010000000000000005,0.002345957132949171,0.2254358652853498,100,100
ENSMUSG00000088259,0.001,62.31581250733508,1.0,0.001,0.0010000000000000009,0.0015560803092628823,0.176839089785323,100,100
ENSMUSG00000088268,0.001,62.31581250733508,1.0,0.001,0.0010000000000000005,0.0019621696669896663,0.23968795474357946,100,100
ENSMUSG00000088270,3.338165727611042,807.3831051292377,1.0,0.001,7.9135352466571245,0.001000000031566491,0.05596154664311817,100,100
ENSMUSG00000088273,0.001,62.31581250733508,1.0,0.001,0.001,0.001619802238151888,0.1690535090363179,100,100
ENSMUSG00000088278,0.001,62.31581250733508,1.0,0.001,0.001,0.0013834748008798342,0.4887407599184922,100,100
ENSMUSG00000088298,0.001,62.31581250733508,1.0,0.001,0.0010000000000000009,0.0016482084714746744,0.3925310175758518,100,100
ENSMUSG00000088302,0.2121485011343911,17.78379756523202,3.490313661101819,0.017393704710009693,29.402237308466624,0.0011572940915341727,2.105405679876441,100,100
ENSMUSG00000088308,0.001,66.84427540036525,1.0,0.001,0.001,0.0016651900606018911,0.2576292146749994,100,100
ENSMUSG00000088318,0.001,62.31581250733508,1.0,0.001,0.0010000000000000005,0.0021271001446689112,0.24362258375599816,100,100
ENSMUSG00000088325,0.001,62.31581250733508,1.0,0.001,0.001,0.002318505477486657,0.2530613335328772,100,100
ENSMUSG00000088348,0.001,62.31581250733508,1.0,0.001,0.001,0.0017112551985812875,0.15670197583624668,100,100
ENSMUSG00000088354,0.001,62.31581250733508,1.0,0.001,0.001,0.0016349221689420492,0.17083889538854524,100,100
ENSMUSG00000088357,0.001,62.31581250733508,1.0,0.001,0.001,0.0018343544931925444,0.1022952906257324,100,100
ENSMUSG00000088359,0.001,62.31581250733508,1.0,0.001,0.001,0.0017717743885490751,0.248390256897846,100,100
ENSMUSG00000088371,0.001,66.84427540036525,1.0,0.001,0.0010000000000000005,0.0018394952677984614,0.1971919999118762,100,100
ENSMUSG00000088373,0.001,62.31581250733508,1.0,0.001,0.001,0.0018127570070163607,0.21743835585021587,100,100
ENSMUSG00000088377,2.0826313051015224,503.49146876914733,1.0,0.001,11.899856146908782,0.0010000000230649918,0.04697344729799969,100,100
ENSMUSG00000088378,0.001,62.31581250733508,1.0,0.001,0.001,0.0017408514275644663,0.15634979901069732,100,100
ENSMUSG00000088400,0.001,62.31581250733508,1.0,0.001,0.001,0.001604128808666738,0.1838906414579451,100,100
ENSMUSG00000088402,0.001,62.31581250733508,1.0,0.001,0.0010000000000000005,0.0014488584295094327,0.09503719715719175,100,100
ENSMUSG00000088406,0.001,62.31581250733508,1.0,0.001,0.001,0.0018786491596756705,0.44685625515380567,100,100
ENSMUSG00000088412,0.001,62.31581250733508,1.0,0.001,0.001,0.001845669974943561,0.2574345374676367,100,100
ENSMUSG00000088428,0.001,62.31581250733508,1.0,0.001,0.001,0.0015426678775774176,0.11480907556698701,100,100
ENSMUSG00000088437,0.001,62.31581250733508,1.0,0.001,0.001,0.002001455487829932,0.09973235086275961,100,100
ENSMUSG00000088442,0.001,61.88525872635182,1.0,0.001,0.0010000000000000009,0.0016522708340313752,0.14447796235431068,100,100
ENSMUSG00000088449,0.001,62.31581250733508,1.0,0.001,0.0010000000000000009,0.0022050183606345513,0.2366429669128743,100,100
ENSMUSG00000088453,0.001,62.31581250733508,1.0,0.001,0.001,0.001791553140831435,0.08854079806375198,100,100
ENSMUSG00000088456,0.001,62.31581250733508,1.0,0.001,0.001,0.0015434628231755076,0.12865799610979045,100,100
ENSMUSG00000088464,0.001,62.31581250733508,1.0,0.001,0.001,0.0014761077695984934,0.05556048144718034,100,100
ENSMUSG00000088473,0.001,61.88525872635182,1.0,0.001,0.001,0.001318413126894518,0.07296654145087823,100,100
ENSMUSG00000088474,0.001,62.31581250733508,1.0,0.001,0.001,0.001924367836651726,0.24811981288109597,100,100
ENSMUSG00000088485,0.001,62.31581250733508,1.0,0.001,0.001,0.0019164748245620775,0.11894422826871895,100,100
ENSMUSG00000088490,0.001,62.31581250733508,1.0,0.001,0.0010000000000000005,0.0022085840644384953,0.16762488680065651,100,100
ENSMUSG00000088493,4.132577005576439,999.9999999828615,1.0,0.001,8.312392021298528,0.00100000000034127,0.11494731316581969,100,100
ENSMUSG00000088499,0.001,62.31581250733508,1.0,0.001,0.0010000000000000009,0.0016375960274828377,0.3243845720315984,100,100
ENSMUSG00000088504,0.1634711621573117,18.022446610278045,4.153567177369884,0.013458336007652262,27.475486892884167,0.001144301105294193,1.6430038794108581,100,100
ENSMUSG00000088514,0.001,62.31581250733508,1.0,0.001,0.001,0.0015190675763115933,0.20869161141065193,100,100
ENSMUSG00000088516,0.001,62.31581250733508,1.0,0.001,0.001,0.001652855774233125,0.2049886255702958,100,100
ENSMUSG00000088519,0.001,62.31581250733508,1.0,0.001,0.001,0.0015379505435556963,0.1591172884889281,100,100
ENSMUSG00000088533,0.001,62.31581250733508,1.0,0.001,0.001,0.0017950567994502726,0.12903766042696535,100,100
ENSMUSG00000088538,0.001,62.31581250733508,1.0,0.001,0.001,0.0015745579000098998,0.30963207800897713,100,100
ENSMUSG00000088549,0.001,62.31581250733508,1.0,0.001,0.001,0.001649565769427484,0.20477780111656024,100,100
ENSMUSG00000088552,0.001,62.31581250733508,1.0,0.001,0.001,0.0015010991753240978,0.16929183908604345,100,100
ENSMUSG00000088555,0.001,62.31581250733508,1.0,0.001,0.001,0.0018275758540960492,0.198522065953456,100,100
ENSMUSG00000088559,0.001,62.31581250733508,1.0,0.001,0.001,0.0020791618225139852,0.05995326238376583,100,100
ENSMUSG00000088573,0.001,62.31581250733508,1.0,0.001,0.0010000000000000009,0.0017497210581477853,0.2872772734074446,100,100
ENSMUSG00000088582,0.001,62.31581250733508,1.0,0.001,0.001,0.001921239205556642,0.15273576327960928,100,100
ENSMUSG00000088583,0.001,62.31581250733508,1.0,0.001,0.001,0.0015150639757490218,0.4854859728501665,100,100
ENSMUSG00000088591,0.001,62.31581250733508,1.0,0.001,0.001,0.0014964832464613277,0.1734077401568283,100,100
ENSMUSG00000088602,0.001,62.31581250733508,1.0,0.001,0.001,0.0015486585927478027,0.09105546683586435,100,100
ENSMUSG00000088606,0.001,62.31581250733508,1.0,0.001,0.0010000000000000002,0.0022744733235570943,0.17301316649029455,100,100
ENSMUSG00000088608,0.001,62.31581250733508,1.0,0.001,0.001,0.001949510211915844,0.21416282248221735,100,100
ENSMUSG00000088615,0.001,62.31581250733508,1.0,0.001,0.001,0.0018113751791842328,0.15029564829235895,100,100
ENSMUSG00000088623,1.2942464081253242,312.7073817864961,1.0,0.001,8.290580097352807,0.0010014990535308602,0.07261551952959826,100,100
ENSMUSG00000088625,1.624957448616934,384.6014072568248,1.0,0.001,7.752965112525587,0.0010034454060819306,0.06439937062579729,100,100
ENSMUSG00000088629,0.001,62.31581250733508,1.0,0.001,0.001,0.0014171453010290154,0.1452535830331704,100,100
ENSMUSG00000088631,0.001,62.31581250733508,1.0,0.001,0.001,0.001921725982069291,0.18692155025442564,100,100
ENSMUSG00000088632,0.001,66.84427540036525,1.0,0.001,0.001,0.0015253921592209238,0.14432550474795244,100,100
ENSMUSG00000088661,0.001,62.31581250733508,1.0,0.001,0.001,0.0018256161875387054,0.10417987913402157,100,100
ENSMUSG00000088663,0.001,62.31581250733508,1.0,0.001,0.001,0.0016621911657227274,0.06906620928724452,100,100
ENSMUSG00000088670,0.001,62.31581250733508,1.0,0.001,0.001,0.0016915696399146304,0.18324512145969651,100,100
ENSMUSG00000088674,0.001,66.84427540036525,1.0,0.001,0.001,0.001870264400069922,0.22617920299682373,100,100
ENSMUSG00000088685,0.001,62.31581250733508,1.0,0.001,0.0010000000000000009,0.0016539821505138924,0.10723966785767212,100,100
ENSMUSG00000088689,0.20060886183742915,45.44492945152168,1.0,0.001,7.281762036925802,0.001001542325768547,0.393160253771496,100,100
ENSMUSG00000088695,0.001,61.88525872635182,1.0,0.001,0.0010000000000000009,0.0015391254251041226,0.322342749583434,100,100
ENSMUSG00000088699,0.001,62.31581250733508,1.0,0.001,0.001,0.001926497839126239,0.17477158177431068,100,100
ENSMUSG00000088705,4.168917566870232,1000.0,1.0,0.001,10.509984562322897,0.0010000000000019373,0.05871240169874786,100,100
ENSMUSG00000088711,0.001,62.31581250733508,1.0,0.001,0.001,0.0019794096987654297,0.5829275697514423,100,100
ENSMUSG00000088712,0.001,62.31581250733508,1.0,0.001,0.001,0.0015603558029998895,0.26208100147536784,100,100
ENSMUSG00000088722,0.001,62.31581250733508,1.0,0.001,0.001,0.0020581343779410826,0.17982489740605134,100,100
ENSMUSG00000088752,1.6046320348181988,386.05076768576816,1.0,0.001,8.340572412181698,0.001099058960397377,0.08521626348718417,100,100
ENSMUSG00000088763,0.001,62.31581250733508,1.0,0.001,0.0010000000000000009,0.0017917171979390007,0.22121200080712133,100,100
ENSMUSG00000088769,0.001,61.45463549419866,1.0,0.001,0.001,0.0019020145437272905,0.25068116515045913,100,100
ENSMUSG00000088775,0.001,62.31581250733508,1.0,0.001,0.001,0.0015814279604223352,0.06495119923604512,100,100
ENSMUSG00000088777,7.349753784911543,585.025883554938,1.0,0.001,21.108602022625426,0.001,0.008862999088542099,100,100
ENSMUSG00000088789,4.134300499511258,1000.0,1.0,0.001,6.856484551842378,0.0011668076406700348,0.0774802604177118,100,100
ENSMUSG00000088793,0.0031928524908544915,10.33718508920761,26.982400284188284,0.001,0.027129819411692978,0.0015004364838298511,9.319837363830668,100,100
ENSMUSG00000088804,0.001,62.31581250733508,1.0,0.001,0.0010000000000000009,0.002038152980054575,0.19551617548420508,100,100
ENSMUSG00000088820,0.001,62.31581250733508,1.0,0.001,0.001,0.0015540960459976892,0.14679985158568112,100,100
ENSMUSG00000088832,0.001,62.31581250733508,1.0,0.001,0.001,0.001470618249040323,0.09543275383838196,100,100
ENSMUSG00000088835,0.001,61.45463549419866,1.0,0.001,0.001,0.0019528654774000924,0.7172462610426109,100,100
ENSMUSG00000088843,0.001,62.31581250733508,1.0,0.001,0.0010000000000000009,0.0017548213305505138,0.2452510843698637,100,100
ENSMUSG00000088856,0.001,66.84427540036525,1.0,0.001,0.0010000000000000005,0.0019963071384264935,0.22700377056162552,100,100
ENSMUSG00000088873,0.001,62.31581250733508,1.0,0.001,0.001,0.0018525438593490168,0.07837877467768789,100,100
ENSMUSG00000088875,0.001,62.31581250733508,1.0,0.001,0.0010000000000000005,0.0017777762520373548,0.27588528534767814,100,100
ENSMUSG00000088891,0.010771103249686942,19.743863165844463,22.52904559574865,0.001,8.275743666466404,0.0012301468758021813,13.572413975379993,100,100
ENSMUSG00000088892,0.001,62.31581250733508,1.0,0.001,0.001,0.001644152851541885,0.06277393537151028,100,100
ENSMUSG00000088894,0.001,62.31581250733508,1.0,0.001,0.001,0.0016533802913443942,0.149793239545637,100,100
ENSMUSG00000088901,0.001,62.31581250733508,1.0,0.001,0.001,0.0015420765152482565,0.1833791667297363,100,100
ENSMUSG00000088916,0.001,62.31581250733508,1.0,0.001,0.001,0.0016533472876144894,0.2591595524468412,100,100
ENSMUSG00000088949,0.001,62.31581250733508,1.0,0.001,0.001,0.0019190882968427494,0.126872180604519,100,100
ENSMUSG00000088950,0.001,66.84427540036525,1.0,0.001,0.0010000000000000009,0.001804500852812278,0.1836926768481379,100,100
ENSMUSG00000088951,0.001,62.31581250733508,1.0,0.001,0.001,0.0019482005411238933,0.14360739928286984,100,100
ENSMUSG00000088958,0.001,62.31581250733508,1.0,0.001,0.0010000000000000005,0.0016877790524535501,0.5806578343651474,100,100
ENSMUSG00000088969,0.001,62.31581250733508,1.0,0.001,0.001,0.0017917053388933617,0.07563110944233818,100,100
ENSMUSG00000088973,0.001,62.31581250733508,1.0,0.001,0.001,0.001466959859640743,0.15620878303188657,100,100
ENSMUSG00000088979,15.77533703823493,999.9999999434349,1.064511852762749,0.001,28.349960379812536,0.0010000000000085743,0.008883983819100869,100,100
ENSMUSG00000088982,0.001,66.84427540036525,1.0,0.001,0.001,0.0017387441755315769,0.13606766386789834,100,100
ENSMUSG00000088984,0.001,62.31581250733508,1.0,0.001,0.001,0.0018737555293437819,0.470143449258189,100,100
ENSMUSG00000088990,0.001,62.31581250733508,1.0,0.001,0.001,0.0016151205875394568,0.12588026802133673,100,100
ENSMUSG00000088993,0.001,62.31581250733508,1.0,0.001,0.0010000000000000005,0.0017020003659411307,0.3013444176822127,100,100
ENSMUSG00000088997,0.001,62.31581250733508,1.0,0.001,0.0010000000000000009,0.0015017678945465954,0.06504258026439057,100,100
ENSMUSG00000089011,0.001,61.88525872635182,1.0,0.001,0.0010000000000000009,0.001788591179983038,1.2594619741611255,100,100
ENSMUSG00000089014,8.33751835412136,999.9999999561346,1.0,0.001,16.31104835838999,0.0010000004751820348,0.02363916225377126,100,100
ENSMUSG00000089015,0.4282965282830732,103.14966607220127,1.0,0.001,6.794570408168253,0.0010000004253643466,0.03630233621410166,100,100
ENSMUSG00000089026,0.001,62.31581250733508,1.0,0.001,0.001,0.0016721850093540398,0.3677294990359735,100,100
ENSMUSG00000089028,0.001,62.31581250733508,1.0,0.001,0.001,0.0014733130422440077,0.15352433193632578,100,100
ENSMUSG00000089045,0.001,62.31581250733508,1.0,0.001,0.0010000000000000009,0.001850316240559557,0.3077511310013715,100,100
ENSMUSG00000089048,0.001,62.31581250733508,1.0,0.001,0.001,0.0016205822588549843,0.1599230664724819,100,100
ENSMUSG00000089062,0.001,62.31581250733508,1.0,0.001,0.001,0.0017456438921774667,0.20294422604637713,100,100
ENSMUSG00000089070,0.001,62.31581250733508,1.0,0.001,0.001,0.0019372429726231502,0.08153478271399359,100,100
ENSMUSG00000089074,0.001,62.31581250733508,1.0,0.001,0.001,0.0016464433765208113,0.08986821510255408,100,100
ENSMUSG00000089075,0.001,62.31581250733508,1.0,0.001,0.001,0.0015988288520959392,0.29461034246223183,100,100
ENSMUSG00000089081,0.001,62.31581250733508,1.0,0.001,0.001,0.0018628930317461279,0.13073864925741446,100,100
ENSMUSG00000089093,0.001,61.88525872635182,1.0,0.001,0.001,0.001720599378696217,0.6042477012444314,100,100
ENSMUSG00000089103,0.001,62.31581250733508,1.0,0.001,0.001,0.0023172438197033443,0.09809780879482355,100,100
ENSMUSG00000089105,0.001,62.31581250733508,1.0,0.001,0.001,0.0019417257598846648,0.10329386234714963,100,100
ENSMUSG00000089106,0.001,62.31581250733508,1.0,0.001,0.001,0.0016612704698776406,0.14572312116470584,100,100
ENSMUSG00000089109,0.001,62.31581250733508,1.0,0.001,0.0010000000000000005,0.0019243485874013452,0.32281758988339004,100,100
ENSMUSG00000089115,0.001,62.31581250733508,1.0,0.001,0.0010000000000000005,0.0018001564050558914,0.22361437744620843,100,100
ENSMUSG00000089125,0.001,62.31581250733508,1.0,0.001,0.001,0.0016681119408409068,0.18280921295759403,100,100
ENSMUSG00000089129,0.001,62.31581250733508,1.0,0.001,0.001,0.001781140099156852,0.4000915056109071,100,100
ENSMUSG00000089133,0.001,62.31581250733508,1.0,0.001,0.0010000000000000009,0.001940508927688016,0.14360989100711138,100,100
ENSMUSG00000089139,0.001,62.31581250733508,1.0,0.001,0.001,0.001819045177163286,0.2177358340158846,100,100
ENSMUSG00000089145,0.001,62.31581250733508,1.0,0.001,0.001,0.0016785701202111307,0.24752575751613082,100,100
ENSMUSG00000089155,0.001,62.31581250733508,1.0,0.001,0.001,0.0015710411515247966,0.08069820275630304,100,100
ENSMUSG00000089177,10.274126063976492,638.7669754077025,1.0426701201667385,0.23999034264849878,23.93363703120437,0.001,0.008990938509325294,100,100
ENSMUSG00000089179,0.001,62.31581250733508,1.0,0.001,0.0010000000000000005,0.0016853477131878337,0.09250661644640093,100,100
ENSMUSG00000089188,0.001,62.31581250733508,1.0,0.001,0.001,0.0017402011140937208,0.44377543430856803,100,100
ENSMUSG00000089199,22.694581296946197,764.6060452024203,1.0,0.001,34.47864318900365,0.0010174065930808399,0.008960315529809606,100,100
ENSMUSG00000089213,0.001,62.31581250733508,1.0,0.001,0.001,0.0015819299240570502,0.05298791009328051,100,100
ENSMUSG00000089214,0.001,57.620632314225304,1.0,0.001,0.001,0.001708688658673022,0.12083058768626798,100,100
ENSMUSG00000089229,0.001,62.31581250733508,1.0,0.001,0.001,0.0018160854871013493,0.06501000813012395,100,100
ENSMUSG00000089235,0.2809615659134224,17.445744157748276,4.1530941668422265,0.07518977519751147,23.71547607547692,0.002070492386616756,0.8964919264155922,100,100
ENSMUSG00000089239,0.001,62.31581250733508,1.0,0.001,0.001,0.0014657330950310903,0.15553943516958146,100,100
ENSMUSG00000089242,0.001,62.31581250733508,1.0,0.001,0.0010000000000000005,0.0019786462409016907,0.2556651835825892,100,100
ENSMUSG00000089250,0.001,62.31581250733508,1.0,0.001,0.001,0.0018055530373374644,0.5459772146745179,100,100
ENSMUSG00000089253,3.338165727611042,807.3831051292377,1.0,0.001,5.016535967276407,0.0010126597508305698,0.05316664744946079,100,100
ENSMUSG00000089255,0.6271465480030781,154.92719237319113,1.0725811857353496,0.001,7.8770715593929275,0.0012627626532741617,0.1408592591312015,100,100
ENSMUSG00000089261,0.001,62.31581250733508,1.0,0.001,0.0010000000000000005,0.0016404357285983709,0.2383280141737773,100,100
ENSMUSG00000089265,1.8919350210788073,445.1132588648499,1.0,0.001,5.430074973148454,0.0012337054855364427,0.05465346277750012,100,100
ENSMUSG00000089276,0.001,62.31581250733508,1.0,0.001,0.001,0.0017121037182118598,0.29023323867086537,100,100
ENSMUSG00000089281,0.001,62.31581250733508,1.0,0.001,0.001,0.001884042447083171,0.21045506406279416,100,100
ENSMUSG00000089286,0.001,62.31581250733508,1.0,0.001,0.001,0.0018169429719733197,0.1329806667833906,100,100
ENSMUSG00000089290,0.001,61.88525872635182,1.0,0.001,0.0010000000000000009,0.0018352959325047267,0.1667897744200068,100,100
ENSMUSG00000089292,5.30620217495943,423.99373541239555,1.0,0.001,23.216446396648305,0.001,0.017258739952819315,100,100
ENSMUSG00000089296,1.8855242048223924,454.9597606392765,1.0,0.001,8.302887265041875,0.0010382678883870873,0.042736560535934526,100,100
ENSMUSG00000089298,0.001,62.31581250733508,1.0,0.001,0.0010000000000000009,0.0016963979320421426,0.22767889540558078,100,100
ENSMUSG00000089299,0.001,62.31581250733508,1.0,0.001,0.001,0.0018423980052894263,0.17316595173854418,100,100
ENSMUSG00000089308,0.001,62.31581250733508,1.0,0.001,0.0010000000000000005,0.001810987318630298,0.2079160085596486,100,100
ENSMUSG00000089317,1.2942464081253242,312.7073817864961,1.0,0.001,10.107180668225485,0.0010000000000009914,0.039707480571362266,100,100
ENSMUSG00000089318,0.001,62.31581250733508,1.0,0.001,0.001,0.0016973912601717946,0.17200157934378368,100,100
ENSMUSG00000089336,0.001,66.84427540036525,1.0,0.001,0.001,0.0016896298650833728,0.26855853262069873,100,100
ENSMUSG00000089337,0.001,62.31581250733508,1.0,0.001,0.001,0.0018466120995715208,0.10832059803596977,100,100
ENSMUSG00000089346,1.9436899174801565,467.0695388708544,1.0,0.001,7.526290153162389,0.0010037014219066304,0.050601639523429214,100,100
ENSMUSG00000089371,0.001,66.84427540036525,1.0,0.001,0.001,0.0016309812474354123,0.15259460903469926,100,100
ENSMUSG00000089392,0.001,62.31581250733508,1.0,0.001,0.001,0.0015810877922818115,0.1527568149631457,100,100
ENSMUSG00000089396,0.001,62.31581250733508,1.0,0.001,0.001,0.0018969428386351205,0.12522267786250815,100,100
ENSMUSG00000089404,0.001,62.31581250733508,1.0,0.001,0.001,0.001762590993154851,0.12005021531541427,100,100
ENSMUSG00000089405,3.3467679826601007,809.4058638924901,1.0,0.001,9.164950513036583,0.0011324940820774047,0.10138795536355077,100,100
ENSMUSG00000089420,0.001,62.31581250733508,1.0,0.001,0.0010000000000000005,0.001838818478416066,0.16508272368540894,100,100
ENSMUSG00000089429,0.001,62.31581250733508,1.0,0.001,0.001,0.001819040102818067,0.08549814391126612,100,100
ENSMUSG00000089447,0.001,62.31581250733508,1.0,0.001,0.001,0.0017538830029499722,0.17236439180228208,100,100
ENSMUSG00000089475,0.001,66.84427540036525,1.0,0.001,0.001,0.0015559973794359479,0.2122769525038452,100,100
ENSMUSG00000089491,0.001,62.31581250733508,1.0,0.001,0.001,0.0018174630839273944,0.22874266153263922,100,100
ENSMUSG00000089493,0.001,62.31581250733508,1.0,0.001,0.0010000000000000009,0.0016496663519828224,0.20651725357193845,100,100
ENSMUSG00000089508,0.001,62.31581250733508,1.0,0.001,0.0010000000000000005,0.0019756864998784363,0.17541882704681183,100,100
ENSMUSG00000089512,0.001,66.84427540036525,1.0,0.001,0.001,0.00176367722759121,0.30644403583167357,100,100
ENSMUSG00000089525,0.001,66.84427540036525,1.0,0.001,0.0010000000000000009,0.0016572129145282248,0.24407044302442066,100,100
ENSMUSG00000089536,0.001,62.31581250733508,1.0,0.001,0.001,0.001659796471673903,0.21236202799109827,100,100
ENSMUSG00000089542,2.2847492689943922,578.7622526003178,1.0770843335328297,0.001,14.685219931030433,0.001,0.04658504639124606,100,100
ENSMUSG00000089555,0.001,62.31581250733508,1.0,0.001,0.001,0.0016744258026895383,0.16990686064422864,100,100
ENSMUSG00000089586,0.001,62.31581250733508,1.0,0.001,0.001,0.0021836388883818216,0.24104370730833727,100,100
ENSMUSG00000089597,0.001,62.31581250733508,1.0,0.001,0.001,0.0018507863027337921,0.155864362607193,100,100
ENSMUSG00000089598,0.001,62.31581250733508,1.0,0.001,0.001,0.0013134021960556545,0.11295434534245233,100,100
ENSMUSG00000089599,0.001,62.31581250733508,1.0,0.001,0.001,0.0019020064899499182,0.12575932668291584,100,100
ENSMUSG00000089613,0.001,66.84427540036525,1.0,0.001,0.001,0.001344217308691111,0.1318664335525639,100,100
ENSMUSG00000089617,0.001,62.31581250733508,1.0,0.001,0.0010000000000000009,0.001573918826968973,0.22517676583389415,100,100
ENSMUSG00000089631,0.001,62.31581250733508,1.0,0.001,0.001,0.0017301779371617118,0.18503932904243225,100,100
ENSMUSG00000089636,0.001,62.31581250733508,1.0,0.001,0.001,0.0019468360148127343,0.4255452387122137,100,100
ENSMUSG00000089639,0.5768795850611742,34.726688978426985,8.22689781257812,0.10032785404742209,15.32858416792438,0.007211728966364567,1.7466582215793924,100,100
ENSMUSG00000089640,0.006235053725237966,0.28161877047758976,9.235914959808339,0.001,0.03167184562663972,0.008941442699133894,171.91547207442824,100,100
ENSMUSG00000089643,8.151084355271331,646.1550471629122,1.0,0.001,20.409157581899116,0.001,0.008886792339490303,100,100
ENSMUSG00000089645,0.001,61.88525872635182,1.0,0.001,0.0010000000000000009,0.001713175955306137,0.15359800730154585,100,100
ENSMUSG00000089646,0.001,50.90538465914777,1.0,0.001,0.001,0.001741061879341084,0.21750073313419294,100,100
ENSMUSG00000089647,0.001,62.31581250733508,1.0,0.001,0.001,0.0017530743322650914,0.3504002641159254,100,100
ENSMUSG00000089648,0.001,61.259704531272526,1.0,0.001,0.001,0.001457268740795176,0.171270871278622,100,100
ENSMUSG00000089651,0.001,62.31581250733508,1.0,0.001,0.0010000000000000005,0.001517593082235337,0.17418033015251216,100,100
ENSMUSG00000089653,0.001,62.31581250733508,1.0,0.001,0.001,0.001659027788873492,0.07714371402678351,100,100
ENSMUSG00000089657,0.001,61.024058264401226,1.0,0.001,0.001,0.0015989640183069454,0.16497933561806,100,100
ENSMUSG00000089659,0.001,61.674132606755,1.0,0.001,0.0010000000000000009,0.001700831137786624,0.3276857234048175,100,100
ENSMUSG00000089661,0.4282965282830732,103.14966607220127,1.0,0.001,8.480993912221575,0.001012126860501709,0.09778364276362436,100,100
ENSMUSG00000089662,6.814559092293611,820.6481962608732,1.0,0.001,14.4566184772031,0.0010000000036504105,0.0524721311347888,100,100
ENSMUSG00000089664,0.001,62.31581250733508,1.0,0.001,0.001,0.0015717449810062367,0.12506459507914947,100,100
ENSMUSG00000089665,0.044649075638085976,20.20457653236427,18.93978241127622,0.001,22.912117994183212,0.0011747565995127323,14.746784823781915,100,100
ENSMUSG00000089669,17.339464541394303,999.9656475255811,1.0031749137284534,0.7355020315289247,23.37293223784818,0.001,0.008909628115124142,100,100
ENSMUSG00000089671,26.893408584740637,879.2803672517838,1.0,0.09089713562415794,37.65971156484885,0.0010000712856073656,0.010236111144128583,100,100
ENSMUSG00000089673,2.398468794745146,577.0230940414881,1.0,0.001,8.337559905775153,0.0010058048707580875,0.0857544806538423,100,100
ENSMUSG00000089678,0.001,62.31581250733508,1.0,0.001,0.001,0.0019333293475642943,0.3285305943244078,100,100
ENSMUSG00000089679,8.077579221210014,999.9999998905215,1.0325576189831691,0.001,12.395054549163486,0.001000012692299102,0.03310377194352039,100,100
ENSMUSG00000089680,0.001,61.259704531272526,1.0,0.001,0.001,0.0018845483516009055,0.053032788152830024,100,100
ENSMUSG00000089682,0.05796296744677281,0.08260930120617095,4.990498608745628,0.001,0.25527751054994147,6.956993005388801,4228.490117340847,100,100
ENSMUSG00000089687,16.659706592356486,1000.0,1.0128518658040824,0.001,27.574170799351442,0.001,0.009983274322288982,100,100
ENSMUSG00000089695,0.001,61.674132606755,1.0,0.001,0.0010000000000000009,0.0018978016916721832,0.10144101680047934,100,100
ENSMUSG00000089701,0.001,62.31581250733508,1.0,0.001,0.001,0.001604128256685259,0.16837709366416456,100,100
ENSMUSG00000089702,0.010852675098486165,19.488504621929522,22.25316387550506,0.001,3.1918180585938405,0.0015970121947496286,12.9239393205952,100,100
ENSMUSG00000089704,0.506622534256814,0.6689288456159956,2.0082398410307527,0.11312035006827355,1.8830474595012925,0.4755652872385117,20.508668321512562,100,100
ENSMUSG00000089706,0.02366541057083805,22.529508638168853,43.772616862899795,0.001,0.245477816820051,0.002338550319116282,63.92570107201014,100,100
ENSMUSG00000089708,0.001,62.31581250733508,1.0,0.001,0.001,0.0016797994568748375,0.081318902491417,100,100
ENSMUSG00000089709,0.001,62.31581250733508,1.0,0.001,0.0010000000000000005,0.0017408021219486106,0.06480123643272535,100,100
ENSMUSG00000089712,0.001,62.31581250733508,1.0,0.001,0.001,0.001884099008884088,0.18701467059563298,100,100
ENSMUSG00000089713,0.001,62.31581250733508,1.0,0.001,0.001,0.0018676734135665359,0.5159007798619438,100,100
ENSMUSG00000089715,0.040985104397429306,0.11284454190796135,5.557911273924096,0.001,0.13363428181390585,11.805917953840023,2315.7094094000413,100,100
ENSMUSG00000089723,0.001,62.31581250733508,1.0,0.001,0.0010000000000000009,0.0016639808159958015,0.24672556559234216,100,100
ENSMUSG00000089726,0.12653258730435746,17.82437510785695,11.710211674240494,0.009259494717428467,1.4927695535691403,0.049655599247557795,23.357294143231545,100,100
ENSMUSG00000089728,0.001,62.31581250733508,1.0,0.001,0.001,0.0016741851199095145,0.17546884809036278,100,100
ENSMUSG00000089729,0.08821806886732737,18.157839316120864,13.332341981066445,0.001,0.5011986324374134,0.03331584724088818,72.70559026048032,100,100
ENSMUSG00000089735,0.001,62.31581250733508,1.0,0.001,0.001,0.0017913317840429358,0.09079601068106644,100,100
ENSMUSG00000089736,8.429213317447541,651.2549854417553,1.0,0.001,23.53788012226017,0.001,0.009826713755921458,100,100
ENSMUSG00000089742,0.001,62.31581250733508,1.0,0.001,0.001,0.0018200419451229086,0.0849065967300566,100,100
ENSMUSG00000089744,0.010773941876683348,19.79746731109689,22.56906791603877,0.001,4.133884636917785,0.001771685649740366,25.283119452699616,100,100
ENSMUSG00000089745,0.001,62.31581250733508,1.0,0.001,0.0010000000000000005,0.0017378944760386825,0.16924626552621033,100,100
ENSMUSG00000089746,0.001,66.84427540036525,1.0,0.001,0.001,0.0015985515667947133,0.4037387347147752,100,100
ENSMUSG00000089757,3.3467679826601007,809.4058638924901,1.0,0.001,10.91659905071842,0.0010000000292167848,0.05966871662878873,100,100
ENSMUSG00000089762,0.134557764589023,0.15407489119324838,4.079936506854594,0.012040683926946778,0.3112531293567409,10.20778587312152,488.37090243351963,100,100
ENSMUSG00000089764,0.054367622822853484,0.3075006857863036,3.4895894984084648,0.002278934382411857,0.20707256603031177,2.480523154300598,284.11881434987686,100,100
ENSMUSG00000089766,4.167900571260349,999.96934494846,1.0,0.001,8.371759858298708,0.0010000000000070202,0.08271284938649068,100,100
ENSMUSG00000089768,9.176639199662853,549.2440487912679,1.0088582743381802,0.001,22.420014697041886,0.001,0.010007236409098678,100,100
ENSMUSG00000089769,0.001,66.84427540036525,1.0,0.001,0.001,0.0017335017399514267,0.10243618943169985,100,100
ENSMUSG00000089774,0.49305428360272413,101.04090208906396,121.37922628417115,0.31050677360726064,1.0685852379636964,0.4930935741777674,2.2967629329067547,100,100
ENSMUSG00000089780,1.8855242048223924,454.9597606392765,1.0,0.001,7.523451953495092,0.0011466224467638376,0.04564163540898637,100,100
ENSMUSG00000089781,0.001,62.31581250733508,1.0,0.001,0.001,0.0013371310913053477,0.2523512074288037,100,100
ENSMUSG00000089785,0.001,61.88525872635182,1.0,0.001,0.0010000000000000005,0.0017099876375089845,0.07282586781426467,100,100
ENSMUSG00000089789,0.3375106380569715,106.23504680015822,1.4279614481129101,0.001,7.4697297268238145,0.0010000046854366465,0.08989556403087333,100,100
ENSMUSG00000089794,0.001,66.84427540036525,1.0,0.001,0.001,0.0015458078522494164,0.06531401802535126,100,100
ENSMUSG00000089796,0.001,62.31581250733508,1.0,0.001,0.0010000000000000005,0.0014158220469481717,0.23355246495524867,100,100
ENSMUSG00000089797,0.001,60.188376913276144,1.0,0.001,0.0010000000000000005,0.0019379141317510218,0.16702051693584175,100,100
ENSMUSG00000089798,0.001,61.88525872635182,1.0,0.001,0.001,0.0016758148304627835,0.40870848955321454,100,100
ENSMUSG00000089802,4.982881047271186,602.727270478329,1.0,0.001,12.652039250690407,0.0010124958296470008,0.01599471724553906,100,100
ENSMUSG00000089804,0.001,62.31581250733508,1.0,0.001,0.001,0.0014482847797315224,0.14564547805004213,100,100
ENSMUSG00000089806,0.001,66.84427540036525,1.0,0.001,0.001,0.0017934922266793643,0.19719171573754973,100,100
ENSMUSG00000089807,0.001,62.31581250733508,1.0,0.001,0.001,0.0019961907206645663,0.13761206340337365,100,100
ENSMUSG00000089808,0.001,61.45463549419866,1.0,0.001,0.0010000000000000005,0.0017209959779256085,0.1472419712310421,100,100
ENSMUSG00000089809,0.001,62.31581250733508,1.0,0.001,0.001,0.001516459444624935,0.16303076953174886,100,100
ENSMUSG00000089810,0.38709192466794806,11.944735240537419,7.686949319278522,0.014296169850181603,0.6844910076892081,0.370326105082747,27.814341605224683,100,100
ENSMUSG00000089812,0.35816577630362445,31.806701983264166,18.996534230399416,0.08680125752850093,0.7015688573895691,0.22817009006492678,2.8625193740188015,100,100
ENSMUSG00000089817,0.001,62.31581250733508,1.0,0.001,0.001,0.0014658422934994936,0.08566124509618445,100,100
ENSMUSG00000089818,0.001,66.84427540036525,1.0,0.001,0.0010000000000000009,0.001830788189237284,0.060837350963241145,100,100
ENSMUSG00000089820,1.3185553849482623,315.95047008738493,1.0,0.001,8.187741019402285,0.001023067457716653,0.052820998995571966,100,100
ENSMUSG00000089824,0.378809567627723,0.9095723761709341,1.5688098573956972,0.0010167712400551724,1.7675740524527357,0.25215420589337634,923.848676670488,100,100
ENSMUSG00000089827,0.001,62.31581250733508,1.0,0.001,0.001,0.0020560409402487446,0.1303725562920973,100,100
ENSMUSG00000089829,0.001,61.674132606755,1.0,0.001,0.001,0.001647684562282538,0.14990038820125967,100,100
ENSMUSG00000089832,0.35767983985553675,1.034399122275369,3.801891370031301,0.003044148554507833,0.8921836543470953,1.0349384022584713,1079.4327313656017,100,100
ENSMUSG00000089835,0.001,62.31581250733508,1.0,0.001,0.001,0.0020510234568217245,0.06888093275403906,100,100
ENSMUSG00000089839,0.001,61.45463549419866,1.0,0.001,0.0010000000000000005,0.0016387558734430492,0.27522313352075517,100,100
ENSMUSG00000089842,3.3467679826601007,809.4058638924901,1.0,0.001,9.346049911299383,0.0010020372872508482,0.02608840139321567,100,100
ENSMUSG00000089847,0.07630031902174977,0.17922462346321177,11.981382183295285,0.02255675419878293,0.18692107061632957,22.43555607169432,268.5904927400175,100,100
ENSMUSG00000089849,0.04816326799007433,19.968818362232234,14.048893150108134,0.001,18.660798086245883,0.0014406021718986908,52.20383831128767,100,100
ENSMUSG00000089853,0.001,66.84427540036525,1.0,0.001,0.001,0.0019006398807563751,0.3852273334742039,100,100
ENSMUSG00000089854,0.004541587195931627,14.58836400748127,17.39203348125328,0.001,0.10064035543957492,0.0016667569757639646,17.41289954478114,100,100
ENSMUSG00000089857,0.04744340806599499,18.01899236154263,16.558431323874714,0.001,0.2851922569337827,0.10503245940113752,89.50669686309024,100,100
ENSMUSG00000089861,0.001,61.88525872635182,1.0,0.001,0.001,0.0016830823142833908,0.16953589310912692,100,100
ENSMUSG00000089862,0.8579247589248885,35.42310378209182,3.892696600854021,0.16048071289545246,73.41040544591726,0.0011836925379324111,0.39400165987415586,100,100
ENSMUSG00000089870,12.233466990772836,999.9999999770644,1.0231175286212335,0.001,21.357399236772856,0.001,0.025786572781552802,100,100
ENSMUSG00000089872,0.7422951370065148,1.6250578525203958,6.269732404882393,0.39863508540936476,1.348174596191242,1.578231585106236,9.97690269374225,100,100
ENSMUSG00000089875,15.262584166831957,900.0250209284983,1.0,0.001,26.255940969313784,0.001,0.008430588628206186,100,100
ENSMUSG00000089876,0.001,61.88525872635182,1.0,0.001,0.001,0.0016800478828070432,0.30960385732885687,100,100
ENSMUSG00000089877,0.001,62.31581250733508,1.0,0.001,0.001,0.0017047862976766778,0.06068626649962664,100,100
ENSMUSG00000089879,0.001,62.31581250733508,1.0,0.001,0.0010000000000000009,0.0017409806154678087,0.1030136887320752,100,100
ENSMUSG00000089883,4.743119014822276,999.999999975152,1.0,0.001,9.502105684122252,0.0010000175929679492,0.046999176342135976,100,100
ENSMUSG00000089886,0.15579655892498961,31.802345636530497,18.63869325292764,0.005154819018234773,0.8371454778194701,0.03923250286523665,7.235129464993426,100,100
ENSMUSG00000089889,0.12141217689272714,28.516402079326166,32.655329410776694,0.0020939868215400417,0.2720768276457417,0.4399732225226845,78.33270159584768,100,100
ENSMUSG00000089890,0.001,62.31581250733508,1.0,0.001,0.001,0.0018635768722830763,0.18028589281426036,100,100
ENSMUSG00000089894,0.001,62.31581250733508,1.0,0.001,0.001,0.0015733491821088269,0.17416332779914268,100,100
ENSMUSG00000089900,0.001,62.31581250733508,1.0,0.001,0.001,0.001708384480657341,0.18099352440696875,100,100
ENSMUSG00000089902,0.001,62.31581250733508,1.0,0.001,0.001,0.0016529641636328558,0.45722078103908953,100,100
ENSMUSG00000089904,0.001,62.31581250733508,1.0,0.001,0.001,0.0015614668084682664,0.2495742401294028,100,100
ENSMUSG00000089906,0.001,61.674132606755,1.0,0.001,0.001,0.0016978933424526405,0.17424407679625026,100,100
ENSMUSG00000089908,0.001,62.31581250733508,1.0,0.001,0.001,0.0018364761149721033,0.20565560251408965,100,100
ENSMUSG00000089911,2.5737782505165523,98.15188187683502,80.54181218895049,0.4982790603493809,6.7428151545420825,0.2905856483096042,13.331247971680513,100,100
ENSMUSG00000089917,0.6459708085157209,0.7969422822859942,6.288405485218285,0.25843491646584493,1.6788872345021033,1.7879560408258737,33.75094098855466,100,100
ENSMUSG00000089938,0.001,62.31581250733508,1.0,0.001,0.0010000000000000005,0.0025671270712772348,0.16505081902405316,100,100
ENSMUSG00000089940,0.006718289838996838,16.56438315734389,41.38659285300159,0.001,7.1373227240558705,0.0010003244153702071,26.42757302012071,100,100
ENSMUSG00000089945,0.0032079960951040534,9.289832689011513,23.399263341457136,0.001,0.05529286386947602,0.0024636943165988884,12.126159773465421,100,100
ENSMUSG00000089952,0.001,61.674132606755,1.0,0.001,0.001,0.001439709667135664,0.2113714058338374,100,100
ENSMUSG00000089953,0.001,66.84427540036525,1.0,0.001,0.001,0.0018078345625283463,0.14539191772645482,100,100
ENSMUSG00000089956,0.001,62.31581250733508,1.0,0.001,0.0010000000000000005,0.0017881317356957028,0.14593334032012562,100,100
ENSMUSG00000089958,0.001,61.45463549419866,1.0,0.001,0.001,0.0015417827622188763,0.09107611054798281,100,100
ENSMUSG00000089959,0.001,62.31581250733508,1.0,0.001,0.001,0.0018364061510875405,0.09267616673997509,100,100
ENSMUSG00000089960,0.001,62.31581250733508,1.0,0.001,0.0010000000000000009,0.0018064694269024374,0.1853244454338206,100,100
ENSMUSG00000089961,0.001,62.31581250733508,1.0,0.001,0.001,0.0020230499738071793,0.1293844098357117,100,100
ENSMUSG00000089965,0.001,62.31581250733508,1.0,0.001,0.0010000000000000009,0.0018980504059101931,0.1575816535898879,100,100
ENSMUSG00000089967,0.001,62.31581250733508,1.0,0.001,0.001,0.0016822076941819166,0.20637605728347228,100,100
ENSMUSG00000089968,2.2157530887162507,496.5190710917287,1.0,0.001,7.11911745446665,0.001000330898296756,0.0767451630452601,100,100
ENSMUSG00000089972,4.132577005576439,999.9999999828615,1.0,0.001,8.305854633811695,0.001000000000014384,0.1548291621149665,100,100
ENSMUSG00000089975,0.001,66.84427540036525,1.0,0.001,0.001,0.0016994701359619468,0.09508290848160224,100,100
ENSMUSG00000089979,6.5239785747007,782.3666692182676,1.0,0.001,17.514870933751915,0.0010083315119649638,0.019244996241065085,100,100
ENSMUSG00000089982,0.001,62.31581250733508,1.0,0.001,0.001,0.0020110854865205904,0.08793485282109646,100,100
ENSMUSG00000089984,0.05990456783606272,18.939911396406153,20.336001743570634,0.001,0.9382444615699245,0.018592514020470626,79.53377743866236,100,100
ENSMUSG00000089987,0.001,66.84427540036525,1.0,0.001,0.001,0.0016362752436169916,0.30017579220593754,100,100
ENSMUSG00000089988,0.06338510956449446,19.169426271676297,7.8404309358775555,0.001,24.4637135628021,0.0010271901374047545,5.628608753740534,100,100
ENSMUSG00000089990,1.503103188885066,363.25008257950475,1.0,0.001,9.942263959126937,0.0012691553667130897,0.04866391739901181,100,100
ENSMUSG00000089993,0.001,55.64789659794357,1.0,0.001,0.001,0.001858333259829943,0.8158690860340676,100,100
ENSMUSG00000089994,0.001,66.84427540036525,1.0,0.001,0.001,0.0014921924606948853,0.2836710466198983,100,100
ENSMUSG00000089996,0.07485590247100585,0.3947566583533924,2.373282131691262,0.001,0.2706927591496654,1.1989420041673926,446.86772370422295,100,100
ENSMUSG00000089997,1.827408594187776,433.33200259696997,1.0,0.001,11.895486664663977,0.0010022401879079554,0.0759270018085612,100,100
ENSMUSG00000089998,0.001,58.8711705984019,1.0,0.001,0.001,0.0018872302859081658,0.16818141110505164,100,100
ENSMUSG00000089999,0.001,54.350050264241744,1.0,0.001,0.001,0.0019200752982916566,0.08139460731480386,100,100
ENSMUSG00000090000,3.5981109314695883,24.445281964599435,72.25729070571899,1.9998332573743212,6.871075042389579,1.398755191436888,8.237172455787391,100,100
ENSMUSG00000090001,0.001,62.31581250733508,1.0,0.001,0.0010000000000000009,0.0015586418181437116,0.101804369107811,100,100
ENSMUSG00000090002,0.13881541490435262,29.187118246989467,27.142894172831106,0.001,0.30121242705411894,0.3207068782561966,170.96642052385772,100,100
ENSMUSG00000090004,0.001,62.31581250733508,1.0,0.001,0.001,0.001927362804081067,0.2810673921084559,100,100
ENSMUSG00000090005,0.001,62.31581250733508,1.0,0.001,0.001,0.0016084740841581047,0.16204449325364184,100,100
ENSMUSG00000090007,0.001,62.31581250733508,1.0,0.001,0.001,0.0016241347731748952,0.1604679943806805,100,100
ENSMUSG00000090008,0.001,66.84427540036525,1.0,0.001,0.001,0.0018877568445867113,0.0758777623358963,100,100
ENSMUSG00000090015,0.001,0.004747239419977744,2.1222722653249777,0.001,0.18200300407317282,1.5144417344997385,552.0055615300074,100,100
ENSMUSG00000090021,0.001,66.84427540036525,1.0,0.001,0.001,0.00161993700949206,0.1972087708657552,100,100
ENSMUSG00000090024,0.001,62.31581250733508,1.0,0.001,0.001,0.0015005971219647588,0.3467660954135887,100,100
ENSMUSG00000090026,0.001,60.37820284006485,1.0,0.001,0.001,0.001850129533090014,0.1629080255737891,100,100
ENSMUSG00000090027,4.134300499511258,1000.0,1.0,0.001,6.454763562011587,0.001,0.1679163884486013,100,100
ENSMUSG00000090031,0.32251720376735465,3.74873258468828,2.8166247051645144,0.004034427807117275,0.602819240297579,0.3693910626730659,113.10552910679627,100,100
ENSMUSG00000090034,0.001,61.259704531272526,1.0,0.001,0.001,0.001558015777816519,0.326037687113629,100,100
ENSMUSG00000090035,0.22366153690431986,0.1992341159124119,1.4984738477190762,0.02015577794840448,1.6734964093902227,0.4749966245596151,279.45518910707074,100,100
ENSMUSG00000090038,3.056214351663582,736.0513408990713,1.0,0.001,10.486752561155846,0.0010077164909890542,0.023178680449438223,100,100
ENSMUSG00000090039,0.001,66.84427540036525,1.0,0.001,0.001,0.001415010910422042,0.41258640393443263,100,100
ENSMUSG00000090041,0.001,62.31581250733508,1.0,0.001,0.0010000000000000005,0.0019035406100599032,0.18430464225407306,100,100
ENSMUSG00000090042,0.001,62.31581250733508,1.0,0.001,0.001,0.0017144072143210945,0.0739483421557301,100,100
ENSMUSG00000090053,6.275499625290405,730.5850240566162,1.0,0.001,17.73481785076769,0.001,0.011416962319827119,100,100
ENSMUSG00000090057,0.001,62.31581250733508,1.0,0.001,0.0010000000000000005,0.002060238819136141,0.20522498755376678,100,100
ENSMUSG00000090063,0.001,62.31581250733508,1.0,0.001,0.001,0.0014419136503850778,0.15535999692738933,100,100
ENSMUSG00000090066,0.001,61.88525872635182,1.0,0.001,0.001,0.0018318044439574637,0.1595314208129348,100,100
ENSMUSG00000090067,0.001,62.31581250733508,1.0,0.001,0.001,0.001731317159385795,0.18250484717778234,100,100
ENSMUSG00000090069,7.4175283297292,548.7390951203801,1.0,0.001,22.288133653946424,0.001,0.033233215222462455,100,100
ENSMUSG00000090070,0.001,62.31581250733508,1.0,0.001,0.001,0.0014544003462974176,0.5962902947000093,100,100
ENSMUSG00000090074,0.001,61.88525872635182,1.0,0.001,0.001,0.0017911338372213698,0.21320840904430954,100,100
ENSMUSG00000090075,11.231471307536724,684.2908287367381,1.019368371197543,0.001,28.372014984350734,0.001,0.02590286320524323,100,100
ENSMUSG00000090077,0.001,62.31581250733508,1.0,0.001,0.001,0.0024833781962855725,0.17758425872221736,100,100
ENSMUSG00000090078,0.001,62.31581250733508,1.0,0.001,0.001,0.0016264550195500722,0.5127088161954683,100,100
ENSMUSG00000090079,0.001,66.84427540036525,1.0,0.001,0.001,0.0016660698501134085,0.3244650492344121,100,100
ENSMUSG00000090081,2.1461883628863268,516.8437340473623,1.0,0.001,10.14742610240412,0.0010000044859278258,0.04685936321227022,100,100
ENSMUSG00000090083,0.5780180543458422,31.094781538890516,14.81031971773862,0.11427838364599553,1.36321611025418,0.19843753420954885,3.5907560420986027,100,100
ENSMUSG00000090084,0.1200214728923017,3.569743486437936,23.884764769497174,0.047419857878883254,0.1633076707009246,4.249172271753956,18.02067044710762,100,100
ENSMUSG00000090086,0.10465091381390668,25.006034259353978,39.301879835666085,0.001,0.20513700961631048,0.38059816864347396,204.5144833024213,100,100
ENSMUSG00000090098,0.0036256282148552934,10.393004555207904,22.124100585616443,0.001,0.0312118171478001,0.0019513119218462376,14.106005694937416,100,100
ENSMUSG00000090100,0.23541732544394836,0.5743902418989206,2.0049116556669877,0.001000721302663567,0.8862734026923442,0.6880070721694224,1018.1199823638801,100,100
ENSMUSG00000090101,0.3812713352758579,1.6365337648833278,1.4042507848035664,0.08647510376466094,1.7043786899404032,0.14822548329471563,4.449136575159441,100,100
ENSMUSG00000090104,0.001,62.31581250733508,1.0,0.001,0.001,0.0015406069503392686,0.4206456407132768,100,100
ENSMUSG00000090105,0.001,66.84427540036525,1.0,0.001,0.001,0.0014336052088141323,0.1098539574493158,100,100
ENSMUSG00000090110,0.03984592220095217,14.047655165896549,28.507211671722676,0.001,0.285363121513703,0.1284906281550171,165.19120028797175,100,100
ENSMUSG00000090112,0.3904638286920347,10.76708870738893,12.61369798290055,0.18798614158695492,0.674304038148589,0.5551771443813611,2.9498499083373515,100,100
ENSMUSG00000090115,0.0890224810017043,0.719805056461519,2.1551524899065453,0.008987740864891477,0.4178217894476606,0.5823342100247331,32.27282895733404,100,100
ENSMUSG00000090117,0.001,61.674132606755,1.0,0.001,0.0010000000000000005,0.0018472104609235664,0.4440086514872209,100,100
ENSMUSG00000090118,2.1461883628863268,516.8437340473623,1.0,0.001,8.328733876194258,0.0010062216388650753,0.043648574857802956,100,100
ENSMUSG00000090120,0.19691116267083866,7.44405119119868,1.5975872450748665,0.01627606183300336,42.94822229137698,0.0010308641288375975,0.7183832214468067,100,100
ENSMUSG00000090121,0.001,66.84427540036525,1.0,0.001,0.001,0.0015636620796590603,0.39889718622110126,100,100
ENSMUSG00000090124,0.29018259955362274,1.1203496280699266,4.56227116916361,0.05380318573625537,0.5217618691074597,1.7498775058975107,31.75996854232602,100,100
ENSMUSG00000090125,0.006447108192023962,38.9141842602262,54.21872551107436,0.001,0.004669089026262127,0.0019605785476879893,23.909844182491916,100,100
ENSMUSG00000090136,0.001,13.186998118948347,1.0,0.001,0.001,0.1045788322272534,4.5661087403172935,100,100
ENSMUSG00000090137,0.011692656495040405,0.011487178685637508,3.653993341918277,0.001,0.18450569953173662,18.128291517820557,3938.9529073376434,100,100
ENSMUSG00000090142,1.5243363186737542,368.3888150939397,1.0,0.001,4.199699312050464,0.00136991068704892,0.06079478960607469,100,100
ENSMUSG00000090145,1.6680151319591925,369.3120588927067,1.0,0.001,9.01352831395996,0.001,0.07816787515642669,100,100
ENSMUSG00000090150,0.564614311280896,1.7127466933847004,5.278795319237133,0.3372534615734849,1.030782666887793,1.20793867604823,6.960959978486416,100,100
ENSMUSG00000090151,0.001,62.31581250733508,1.0,0.001,0.001,0.0016207961189972334,0.1320838426635006,100,100
ENSMUSG00000090162,2.3422124620912648,536.0562314433597,1.0,0.001,10.635170415493086,0.001000141300160358,0.1277955743153416,100,100
ENSMUSG00000090164,0.0064931113127770215,0.06966020090610223,1.7367859600885143,0.001,0.14187487938802928,0.6977795313275882,163.38545882111492,100,100
ENSMUSG00000090165,0.001,62.31581250733508,1.0,0.001,0.001,0.0017767592221758196,0.16021813666299728,100,100
ENSMUSG00000090173,0.16187729618630875,31.940804845571495,22.212252966817868,0.001,0.7149841900864768,0.04015034438377517,62.96036132667031,100,100
ENSMUSG00000090176,0.001,62.31581250733508,1.0,0.001,0.001,0.0019013295839279206,0.1324582766796704,100,100
ENSMUSG00000090188,8.338018386030063,1000.0,1.0,0.001,13.589037155485382,0.0010000000000237688,0.016990350347133316,100,100
ENSMUSG00000090191,0.001,58.8711705984019,1.0,0.001,0.001,0.0021202522732235198,0.3461119388714907,100,100
ENSMUSG00000090192,0.001,61.674132606755,1.0,0.001,0.001,0.0018516324834029676,0.21466092988487268,100,100
ENSMUSG00000090193,0.001,62.31581250733508,1.0,0.001,0.001,0.0020756820664964764,0.07284468398537808,100,100
ENSMUSG00000090194,0.001,62.31581250733508,1.0,0.001,0.0010000000000000005,0.0013163151348671346,0.3844829461645439,100,100
ENSMUSG00000090200,0.001,62.31581250733508,1.0,0.001,0.0010000000000000005,0.001982448084772566,0.19695671042525956,100,100
ENSMUSG00000090203,0.001,62.31581250733508,1.0,0.001,0.001,0.001748618135174071,0.20819548334456153,100,100
ENSMUSG00000090207,16.744863307656793,1000.0,1.0,0.22460951289038453,29.130524088623808,0.001,0.008962811646568081,100,100
ENSMUSG00000090208,0.001,61.45463549419866,1.0,0.001,0.001,0.0016717385469198682,0.13204980415591666,100,100
ENSMUSG00000090210,0.16577262290798686,17.809277584524732,4.099647899576945,0.001,36.38602872149262,0.0010327767269289422,1.4225904317141094,100,100
ENSMUSG00000090213,0.347043347740386,0.4110658832944734,6.229585810038554,0.12024376262639357,0.7852994478123647,4.939518425409614,60.590860565723574,100,100
ENSMUSG00000090215,0.001,56.50294908788235,1.0,0.001,0.001,0.0022862604169433575,0.23893350242346525,100,100
ENSMUSG00000090216,0.001,59.94762576822368,1.0,0.001,0.001,0.0017233915490080076,0.1213038985698022,100,100
ENSMUSG00000090217,0.001,66.84427540036525,1.0,0.001,0.001,0.0019356360875923077,0.09489223668169866,100,100
ENSMUSG00000090220,0.001,62.31581250733508,1.0,0.001,0.001,0.0016344201258905202,0.11203699969501005,100,100
ENSMUSG00000090222,0.001,59.101841166386166,1.0,0.001,0.0010000000000000005,0.0018521357789919464,0.22296786679489217,100,100
ENSMUSG00000090223,0.001,62.31581250733508,1.0,0.001,0.001,0.001737020461578346,0.19472413414365633,100,100
ENSMUSG00000090230,0.001,62.31581250733508,1.0,0.001,0.0010000000000000005,0.0019108557825049221,0.4125250128753361,100,100
ENSMUSG00000090231,0.022337853930123063,8.651359451272574,22.397552874957338,0.001,0.25452362705784265,0.002846658035967913,33.78453393849171,100,100
ENSMUSG00000090232,0.001,62.31581250733508,1.0,0.001,0.001,0.0015960514651269212,0.07815229949401525,100,100
ENSMUSG00000090235,0.062495678296133415,0.4809081553465637,1.7323583485712444,0.008256745416981954,0.31848832830231677,0.6633228306120502,38.16681838658448,100,100
ENSMUSG00000090243,0.001,61.88525872635182,1.0,0.001,0.001,0.0017463979909558042,0.3704524720466224,100,100
ENSMUSG00000090244,4.131519129298434,1000.0,1.000247281024765,0.001,8.284047210448733,0.0010000000000281524,0.06895038817317496,100,100
ENSMUSG00000090247,0.6137591408256636,0.9729784407181383,21.14455599575854,0.42023731732241454,1.3220676753633136,6.394634264865301,35.046908657289876,100,100
ENSMUSG00000090248,0.001,61.674132606755,1.0,0.001,0.0010000000000000005,0.0017976975638491542,0.16411817910865056,100,100
ENSMUSG00000090254,0.001,62.31581250733508,1.0,0.001,0.0010000000000000009,0.002312026414640101,0.2897889874718362,100,100
ENSMUSG00000090256,0.001,60.80878088638715,1.0,0.001,0.0010000000000000005,0.0014374820631584727,0.23699615028390394,100,100
ENSMUSG00000090257,0.001,62.31581250733508,1.0,0.001,0.001,0.0016345304269204054,1.0541915192328188,100,100
ENSMUSG00000090258,2.4269924450796854,232.4071296413849,142.95221048760348,1.3393257789305337,3.7000288933351584,0.38423507311114424,1.4535035465078714,100,100
ENSMUSG00000090260,4.8531407949814716,581.8727497889953,1.0,0.001,16.631424026365107,0.001,0.043679256959954005,100,100
ENSMUSG00000090264,8.434207134759072,986.7978392228765,1.0000216715535724,0.001,16.708076176474602,0.001,0.02205188903710152,100,100
ENSMUSG00000090266,0.4494488769771284,5.973694906045134,13.264796916587972,0.12653787968143687,0.6493536992866848,1.375768713400921,13.695991544218103,100,100
ENSMUSG00000090272,0.001,47.24541930748484,1.0,0.001,0.001,0.0021508506459809117,0.189734171340702,100,100
ENSMUSG00000090273,4.168917566870232,1000.0,1.0,0.001,8.291489599288504,0.0010029408755601742,0.047861855245219576,100,100
ENSMUSG00000090290,0.3395873530281075,31.789262557088517,12.591545013097882,0.11469984992803539,43.77205869851503,0.0029725536054421215,1.1182969707400698,100,100
ENSMUSG00000090293,0.001,66.84427540036525,1.0,0.001,0.001,0.0018709070152190849,0.09379072643029182,100,100
ENSMUSG00000090305,0.001,60.188376913276144,1.0,0.001,0.001,0.001811021575479041,0.41023480880526036,100,100
ENSMUSG00000090317,0.001,62.31581250733508,1.0,0.001,0.0010000000000000005,0.0015201708930254302,0.11787719614612224,100,100
ENSMUSG00000090319,0.001,59.75744064589286,1.0,0.001,0.001,0.0017545019238440944,0.5737653428593864,100,100
ENSMUSG00000090322,0.001,62.31581250733508,1.0,0.001,0.001,0.0017740082814706273,0.0807109485527226,100,100
ENSMUSG00000090327,0.001,62.31581250733508,1.0,0.001,0.001,0.0016451629711584724,0.2273845393898749,100,100
ENSMUSG00000090329,0.001,62.31581250733508,1.0,0.001,0.0010000000000000005,0.0018360876238714386,0.13127022701733634,100,100
ENSMUSG00000090330,0.41125966216796683,1.3026629873880813,3.7297910141034514,0.1973300591897026,0.8424882443749117,1.0511340686911426,7.1201131655393475,100,100
ENSMUSG00000090334,0.001,66.84427540036525,1.0,0.001,0.001,0.0015781675775054268,0.13166341390550668,100,100
ENSMUSG00000090336,0.001,62.31581250733508,1.0,0.001,0.001,0.0020072731668733584,0.23595520836015182,100,100
ENSMUSG00000090350,0.001,62.31581250733508,1.0,0.001,0.001,0.0019738266699012514,0.15828326537147056,100,100
ENSMUSG00000090357,0.001,66.84427540036525,1.0,0.001,0.001,0.0014033988520683826,0.15596080828908,100,100
ENSMUSG00000090370,0.001,61.674132606755,1.0,0.001,0.0010000000000000005,0.0019850965287742978,0.20890138594222452,100,100
ENSMUSG00000090381,0.001,49.61361760249301,1.0,0.001,0.001,0.0019272918346871532,0.10490002051428739,100,100
ENSMUSG00000090386,0.7410680004531629,41.917451994817135,53.59779047568048,0.3575519200058355,1.1723470375757197,0.7116386384211317,3.3522717390766936,100,100
ENSMUSG00000090387,0.08934379627175501,18.778596143004037,6.20787000393642,0.001,21.353044481810812,0.0010054472736509127,2.2497423779096875,100,100
ENSMUSG00000090394,0.23336751835731304,102.35385652770012,88.00569548646695,0.09475517125598118,0.7703120569730184,0.16576802276771163,1.7947445560392463,100,100
ENSMUSG00000090397,0.001,66.84427540036525,1.0,0.001,0.0010000000000000005,0.0014588723637349679,0.0760343418882955,100,100
ENSMUSG00000090399,12.252030125387453,967.9139016899021,1.0,0.001,22.731414442951667,0.0010000000000000202,0.010464509294402784,100,100
ENSMUSG00000090406,0.973928122492942,17.049617584485873,1.2546989707672482,0.1507881831468348,65.40947932808575,0.0010916429985879956,0.3738174016425232,100,100
ENSMUSG00000090427,0.27213439610239265,65.36421030425801,1.0,0.001,5.17502610787218,0.0011141370199276878,0.07451371435922541,100,100
ENSMUSG00000090439,0.001,62.31581250733508,1.0,0.001,0.001,0.0014881764772476755,0.3459073436595014,100,100
ENSMUSG00000090451,0.001,66.84427540036525,1.0,0.001,0.001,0.001568908814362086,0.22292682632314173,100,100
ENSMUSG00000090458,0.001,66.84427540036525,1.0,0.001,0.001,0.0015720046357174692,0.1517576743141293,100,100
ENSMUSG00000090459,0.001,62.31581250733508,1.0,0.001,0.001,0.0016063555803782763,0.7746096382883758,100,100
ENSMUSG00000090467,0.017730488328027504,11.473628934872055,13.249915709009551,0.001,7.9723762506736975,0.0010814429810279266,35.35068724764078,100,100
ENSMUSG00000090486,0.001,62.31581250733508,1.0,0.001,0.001,0.0017704392986802832,0.07543889663632465,100,100
ENSMUSG00000090489,0.001,60.80878088638715,1.0,0.001,0.001,0.0017083907470341908,0.15472190256863788,100,100
ENSMUSG00000090500,0.030499481307418926,6.785306167019456,6.51409953719863,0.001,20.9467686597089,0.0010537115264013276,5.158731433080261,100,100
ENSMUSG00000090509,0.001,62.31581250733508,1.0,0.001,0.001,0.0015371563193289286,0.5607336583095259,100,100
ENSMUSG00000090516,0.5002378592659997,3.82770730514308,1.0,0.0752858609719202,70.0827355827263,0.001755861477684285,1.2527474714802396,100,100
ENSMUSG00000090523,1.2022772414971297,371.59526504045215,534.6844860676508,0.9065843205900095,1.8587743103398844,0.8949772624972683,2.1874553769416543,100,100
ENSMUSG00000090551,0.001,66.84427540036525,1.0,0.001,0.0010000000000000005,0.0019069336029410738,0.708024264168368,100,100
ENSMUSG00000090553,4.052166542147621,552.9206850356406,1448.0302958667912,3.100805235813829,7.045880040340457,1.5609504486546923,3.6961374322879292,100,100
ENSMUSG00000090558,0.001,62.31581250733508,1.0,0.001,0.0010000000000000009,0.001578708891072211,0.09127889111110317,100,100
ENSMUSG00000090559,0.13790181262507123,2.2165592927451208,1.0,0.00719681141457954,37.62828311227262,0.0013079013260708055,1.9051266311443298,100,100
ENSMUSG00000090561,0.001,62.31581250733508,1.0,0.001,0.001,0.0015473435662636346,0.2226818015337293,100,100
ENSMUSG00000090564,0.0494533449367613,19.349527471973808,13.606533302608657,0.001,12.250340274420056,0.0015680621610086407,12.721907294108263,100,100
ENSMUSG00000090565,0.001,61.674132606755,1.0,0.001,0.001,0.001615161558718536,0.17663669729060577,100,100
ENSMUSG00000090570,0.001,62.31581250733508,1.0,0.001,0.001,0.0015750570210699586,0.16647406600452044,100,100
ENSMUSG00000090576,0.001,62.31581250733508,1.0,0.001,0.001,0.0015794431195345414,0.1051955604065241,100,100
ENSMUSG00000090582,8.302678529787482,1000.0,1.0,0.001,14.570884750186764,0.0010000209306905978,0.10005240533056098,100,100
ENSMUSG00000090592,0.001,61.88525872635182,1.0,0.001,0.0010000000000000005,0.0018894435447394855,0.07955117581837211,100,100
ENSMUSG00000090602,0.8194004215959507,0.3619432126571885,3.5805316624143066,0.05126052599705054,6.380770052262717,0.39351118655889783,398.40807308731826,100,100
ENSMUSG00000090608,0.001,62.31581250733508,1.0,0.001,0.001,0.0016422729070054323,0.6089862578983268,100,100
ENSMUSG00000090622,0.3675378247304916,34.21414817178064,14.779309362017225,0.17658650815480192,26.52308227473824,0.006549995999497658,0.9288152897907905,100,100
ENSMUSG00000090625,0.0032739543328618205,8.52548291943447,22.101684809112864,0.001,0.05642884033276449,0.0030867542384786983,14.257235319415155,100,100
ENSMUSG00000090626,0.24240996211890697,1.6870537848892324,3.3726218425503705,0.001,0.6034050023385982,0.6143350961745601,807.8093797230229,100,100
ENSMUSG00000090628,0.001,61.88525872635182,1.0,0.001,0.001,0.0013955475943837731,0.4001476125139364,100,100
ENSMUSG00000090631,0.001,61.45463549419866,1.0,0.001,0.0010000000000000005,0.0020337441324456617,0.13396307757040216,100,100
ENSMUSG00000090634,0.001,62.31581250733508,1.0,0.001,0.001,0.001890905974968467,0.4652536419314608,100,100
ENSMUSG00000090641,0.12614616509398063,20.133978916201283,9.956399059602267,0.001,30.32359590504157,0.0014080569546733293,2.10895002823312,100,100
ENSMUSG00000090659,38.12352194345917,369.6056013851383,1.0306136205358076,0.31857674188431306,115.81635557063402,0.0011432601587611367,0.1985420900339788,100,100
ENSMUSG00000090673,3.783533996283215,35.93024895481883,1.240070994625432,0.3149557155603728,113.72511141163072,0.0012828070673390883,0.28132772986139504,100,100
ENSMUSG00000090674,4.168917566870232,1000.0,1.0,0.001,7.411521141304117,0.0010266932010538589,0.17065977297518514,100,100
ENSMUSG00000090685,0.001,62.31581250733508,1.0,0.001,0.001,0.002167434101328818,0.34255551124651734,100,100
ENSMUSG00000090692,0.001,62.31581250733508,1.0,0.001,0.001,0.001897464307828281,0.1105944156228692,100,100
ENSMUSG00000090693,0.001,62.31581250733508,1.0,0.001,0.001,0.0017777065921006576,0.2805192581127052,100,100
ENSMUSG00000090698,0.001,62.31581250733508,1.0,0.001,0.001,0.001683456511328103,0.33660281182234175,100,100
ENSMUSG00000090700,0.004517297728329349,0.43283437660110585,10.948732055678937,0.001,1.4912864724935475,0.0029131997036222317,150.77929603363623,100,100
ENSMUSG00000090704,0.001,62.31581250733508,1.0,0.001,0.001,0.001662434052508937,0.210354819808957,100,100
ENSMUSG00000090706,0.001,62.31581250733508,1.0,0.001,0.0010000000000000005,0.0018223735365716256,0.5707829343710215,100,100
ENSMUSG00000090707,0.001,66.84427540036525,1.0,0.001,0.0010000000000000005,0.0017838127594464654,0.1260343322722397,100,100
ENSMUSG00000090709,0.011086471936554886,18.917664334320282,21.590806918222405,0.001,4.428889373000654,0.001513991261227646,17.627859142431703,100,100
ENSMUSG00000090722,0.001,62.31581250733508,1.0,0.001,0.001,0.0015593992320143404,1.131161665045596,100,100
ENSMUSG00000090733,0.39457233706549444,1.0123415625005983,399.31595514977096,0.001,0.301409701960004,0.0037411610950278916,370.67905852008124,100,100
ENSMUSG00000090737,3.2674906485311523,544.0848334868242,1.0,0.001,16.833073658638742,0.0010000000000002435,0.0903323847314496,100,100
ENSMUSG00000090744,3.3007683296355843,398.5904281546431,1.0,0.001,16.744915774844923,0.001,0.01846996002091233,100,100
ENSMUSG00000090758,0.001,62.31581250733508,1.0,0.001,0.001,0.0017714777740552414,0.27008774873669866,100,100
ENSMUSG00000090761,19.589610200211276,999.9999999978364,1.13707514359089,0.001,41.14316244574431,0.001,0.00991881110040781,100,100
ENSMUSG00000090778,0.001,62.31581250733508,1.0,0.001,0.001,0.0015734791289177671,0.17525507236285764,100,100
ENSMUSG00000090779,0.001,62.31581250733508,1.0,0.001,0.001,0.00196845876004089,0.07264783877333784,100,100
ENSMUSG00000090785,1.9751834003142985,475.50700159073045,1.0,0.001,9.297601853630113,0.0011232762910677267,0.12496765785451458,100,100
ENSMUSG00000090799,0.062059562169731575,9.230903764756963,3.7715558423327025,0.001,21.559097891070987,0.0010000000000002095,2.6891569618557876,100,100
ENSMUSG00000090812,0.045877979642766506,25.480260161762068,19.192544694469607,0.0028077550085771224,25.18447998212722,0.0010326320232950852,5.314921753221446,100,100
ENSMUSG00000090818,0.001,62.31581250733508,1.0,0.001,0.001,0.0015877760221596738,0.47108616548284943,100,100
ENSMUSG00000090840,0.01081380165323914,19.713364549067453,22.49676150489328,0.001,3.5684087520218757,0.0014956485567881267,23.339333034003268,100,100
ENSMUSG00000090841,4.960841110897734,241.63778501975634,3695.9308743922033,0.001,5.838631275078772,0.5524694473500027,30.359331493713576,100,100
ENSMUSG00000090843,0.001,62.31581250733508,1.0,0.001,0.001,0.001753756768186252,0.2834920998013249,100,100
ENSMUSG00000090853,0.001,62.31581250733508,1.0,0.001,0.001,0.0016730671094286453,0.36728893375021476,100,100
ENSMUSG00000090855,0.001,62.31581250733508,1.0,0.001,0.0010000000000000009,0.0014740680294728459,0.2508845034093139,100,100
ENSMUSG00000090861,0.001,61.45463549419866,1.0,0.001,0.001,0.0019125133614333147,0.07287121512560805,100,100
ENSMUSG00000090862,2.4527214097363066,8.812325187322038,385.93846795549297,1.7719450969189081,10.941027781259052,9.644140685153904,75.50748170311556,100,100
ENSMUSG00000090863,0.001,61.88525872635182,1.0,0.001,0.001,0.0016450525650862076,0.2187404022451666,100,100
ENSMUSG00000090873,0.001,61.88525872635182,1.0,0.001,0.001,0.0017071866753019431,0.18649890977194827,100,100
ENSMUSG00000090881,0.001,66.84427540036525,1.0,0.001,0.0010000000000000005,0.0022408399808984715,0.15733821781845417,100,100
ENSMUSG00000090891,1.4794348014843814,357.52131026778807,1.0,0.001,8.301604866542394,0.0010000000000055546,0.0779950161620519,100,100
ENSMUSG00000090919,0.017448857220490516,2.083506191898012,3.119202422210633,0.001,11.075039455178095,0.00119449705501773,9.425798514152886,100,100
ENSMUSG00000090935,1.0790155491578535,2.4199654580393615,8.375010664294813,0.7703191059299879,2.152979105574057,1.2240144357293659,5.380096405365535,100,100
ENSMUSG00000090936,10.130041476847948,779.5012347196673,1.0,0.001,18.11694363296966,0.0010000000000000993,0.010038673745879818,100,100
ENSMUSG00000090939,0.001,62.31581250733508,1.0,0.001,0.001,0.0015898827504025514,0.09546788529895596,100,100
ENSMUSG00000090941,0.038957138177288804,20.16448385467663,10.655990037876899,0.001,21.710270789169307,0.0010484770744053063,12.81171064027706,100,100
ENSMUSG00000090946,0.13867328704334048,7.389834940080153,6.663430144661004,0.05046794102140789,14.96459378589583,0.005072526656488045,2.279772505217369,100,100
ENSMUSG00000090952,0.4841763623128676,5.551698577893672,8.290467346426965,0.002246535236942262,0.8725866780054472,0.7274313943461412,638.5041711910546,100,100
ENSMUSG00000090957,8.47878896368137,1000.0,1.0,0.001,17.063411775325427,0.001,0.04653491719502938,100,100
ENSMUSG00000090958,0.5057940434102417,1.009606066994401,78.15160105616972,0.40840880976460103,0.838142715382798,31.428221597014918,99.81409230629441,100,100
ENSMUSG00000090963,22.822247803811834,866.7353408591819,1.0,1.3852778734174427,33.84281222342767,0.0010039187729441311,0.00896603634297893,100,100
ENSMUSG00000090965,0.001,66.84427540036525,1.0,0.001,0.001,0.0016418229842967836,0.0790112719947886,100,100
ENSMUSG00000090981,0.001,62.31581250733508,1.0,0.001,0.001,0.0015665027111299887,0.17955979886896817,100,100
ENSMUSG00000090996,0.001,61.88525872635182,1.0,0.001,0.001,0.0017872749332530097,0.1665101830054943,100,100
ENSMUSG00000091002,0.0035359886149406625,10.328451088527153,22.14192190112874,0.001,0.046649665146760125,0.0022490319487615045,16.793197146097597,100,100
ENSMUSG00000091003,0.001,62.31581250733508,1.0,0.001,0.0010000000000000005,0.0018951198318747538,0.166236763878795,100,100
ENSMUSG00000091007,0.033477929604953244,0.4574091514053602,1.0,0.001,10.201355608196566,0.0013600320433698133,48.34419380143679,100,100
ENSMUSG00000091019,0.001,55.211205258015816,1.0,0.001,0.001,0.001641881700489494,0.4298504019759434,100,100
ENSMUSG00000091020,0.001,59.75744064589286,1.0,0.001,0.0010000000000000005,0.0017193349237657023,0.28835268625014754,100,100
ENSMUSG00000091021,3.338165727611042,807.3831051292377,1.0,0.001,5.8267680847515635,0.0014409784211065718,0.13234746926362434,100,100
ENSMUSG00000091034,0.001,62.31581250733508,1.0,0.001,0.001,0.001601781778757817,0.19793670733834923,100,100
ENSMUSG00000091037,0.001,66.84427540036525,1.0,0.001,0.001,0.0016719676781585772,0.2043617750839938,100,100
ENSMUSG00000091041,0.001,62.31581250733508,1.0,0.001,0.0010000000000000005,0.0017315650889186355,0.1939894017000966,100,100
ENSMUSG00000091043,0.001,62.31581250733508,1.0,0.001,0.0010000000000000005,0.001505336227570606,0.4361409394334243,100,100
ENSMUSG00000091050,0.1420323766293157,28.818977430515563,31.71614112775131,0.001,0.30974926730628705,0.4385977643792238,185.01566789606784,100,100
ENSMUSG00000091060,0.001,62.31581250733508,1.0,0.001,0.001,0.0019131481310876138,0.18905183710873388,100,100
ENSMUSG00000091071,2.0813166845897446,503.1765750646759,1.0,0.001,5.525490450767993,0.0011900142297104773,0.19261562480184122,100,100
ENSMUSG00000091078,0.001,62.31581250733508,1.0,0.001,0.001,0.00145855548748849,0.23543253356755484,100,100
ENSMUSG00000091079,0.001,66.84427540036525,1.0,0.001,0.001,0.0019138821149820707,0.2370419956261855,100,100
ENSMUSG00000091083,0.001,56.93353796528001,1.0,0.001,0.001,0.0019234681382488924,0.1978354405411838,100,100
ENSMUSG00000091091,0.14227980092221865,4.525961029719784,1.1975967234825893,0.001,38.95913428073848,0.0010029959873315234,0.7023272825791569,100,100
ENSMUSG00000091102,0.0032533096044646006,9.616319567756369,24.20604352350532,0.001,0.08822845490969353,0.0020976053802108496,23.260021837027338,100,100
ENSMUSG00000091109,0.001,62.31581250733508,1.0,0.001,0.001,0.0014170433989913196,0.17005888633820868,100,100
ENSMUSG00000091119,0.001,62.31581250733508,1.0,0.001,0.001,0.0017413865817367655,0.11772595328921759,100,100
ENSMUSG00000091133,2.1571940611220364,521.5346265951073,1.0,0.001,8.301777247701219,0.0010000000000180446,0.05203521116345286,100,100
ENSMUSG00000091144,0.6907978422513618,158.12771392361574,1.0,0.001,9.768430024739345,0.0010004450807983031,0.08021639515837667,100,100
ENSMUSG00000091147,0.001,62.31581250733508,1.0,0.001,0.0010000000000000009,0.0018550202101802857,0.21940821910033373,100,100
ENSMUSG00000091154,2.2847492689943922,578.7622526003178,1.0770843335328297,0.001,6.168146771538834,0.0013443486285031666,0.1564949314061167,100,100
ENSMUSG00000091155,0.02206170207041485,22.339078125115506,24.76186323480783,0.001,2.60794843331421,0.0014777399007110219,42.6993724580433,100,100
ENSMUSG00000091157,0.001,62.31581250733508,1.0,0.001,0.001,0.0016321154452584527,0.13768676704368976,100,100
ENSMUSG00000091159,0.001,66.84427540036525,1.0,0.001,0.001,0.001360816681058221,0.1257466612754483,100,100
ENSMUSG00000091160,1.4264657657904025,341.6272039188167,1.0,0.001,8.016740620814927,0.0010489518113523315,0.06461375630027541,100,100
ENSMUSG00000091165,1.8855242048223924,454.9597606392765,1.0,0.001,8.30305297475492,0.0010016644166067658,0.058478289057832755,100,100
ENSMUSG00000091172,0.001,62.31581250733508,1.0,0.001,0.0010000000000000005,0.0014577428891521505,0.3453000824690545,100,100
ENSMUSG00000091183,0.08893459717242555,18.78686630095693,6.212894275785132,0.001,21.392437803615714,0.001015983608814574,2.0273322875998545,100,100
ENSMUSG00000091184,0.001,62.31581250733508,1.0,0.001,0.001,0.0015047818467136115,0.10546436480613888,100,100
ENSMUSG00000091191,12.367176533479368,999.999999997858,1.0149506857123343,0.001,19.211697830192165,0.0010000000000010257,0.009309000000235058,100,100
ENSMUSG00000091192,0.001,62.31581250733508,1.0,0.001,0.001,0.0019086012340516654,0.2765806557714382,100,100
ENSMUSG00000091198,0.001,61.88525872635182,1.0,0.001,0.001,0.0019915165409125596,0.2351779097019654,100,100
ENSMUSG00000091228,0.3387271855558381,33.565588665672465,10.307168394465139,0.06291365228247192,27.576626223508697,0.0037891026307590473,1.3657771393295257,100,100
ENSMUSG00000091230,0.001,66.84427540036525,1.0,0.001,0.001,0.0015926488544580962,0.06387951643614814,100,100
ENSMUSG00000091237,0.001,62.31581250733508,1.0,0.001,0.001,0.0019001474419446133,0.17469355301001277,100,100
ENSMUSG00000091243,1.8656648843716044,3.0787227101515877,51.419950364471255,1.4993258719624407,4.9586646589064785,3.869845562676234,23.821939319428957,100,100
ENSMUSG00000091264,0.2804122491972316,29.002048311081072,23.379086119636963,0.001,0.61820269933234,0.35128981993596686,319.8681604486977,100,100
ENSMUSG00000091269,1.0431757329764624,0.2947785078035691,85.94388977858785,0.06129709105644183,21.862686085802594,1.9507960961630264,23004.105753810138,100,100
ENSMUSG00000091285,0.001,62.31581250733508,1.0,0.001,0.0010000000000000005,0.0020510898285648715,0.3432381634192702,100,100
ENSMUSG00000091306,0.001,62.31581250733508,1.0,0.001,0.0010000000000000005,0.0017916495556325649,0.09613687372107171,100,100
ENSMUSG00000091311,0.001,62.31581250733508,1.0,0.001,0.001,0.002070360117328216,0.23389140720590756,100,100
ENSMUSG00000091313,16.611014443865855,555.0054678656268,1.0036943421348283,2.5542804346232075,40.92762728246012,0.0010000093196719435,0.00881163287782731,100,100
ENSMUSG00000091315,3.064001335653063,740.182082544854,1.0158708812906911,0.001,9.18464530121982,0.0013501742006158213,0.04184414842816907,100,100
ENSMUSG00000091329,12.8202005230781,999.9999999864303,1.0,0.001,18.239572463175143,0.001,0.008961010587797132,100,100
ENSMUSG00000091336,0.001,62.31581250733508,1.0,0.001,0.001,0.0016003582338286382,0.20619208044767617,100,100
ENSMUSG00000091337,1.720248394340838,202.47481416730176,210.97720187936372,0.07391165570940883,3.0763453832169785,0.5462939730059293,197.08304623493584,100,100
ENSMUSG00000091345,0.03948154176308347,20.18256953017058,10.654759512199057,0.003089597309511155,16.934319187809432,0.0013805047088432196,2.606837712148976,100,100
ENSMUSG00000091351,8.30198986551379,999.9999999930984,1.0,0.001,16.36666268235105,0.0010000627189140302,0.02596831186622222,100,100
ENSMUSG00000091363,0.001,61.45463549419866,1.0,0.001,0.001,0.0019241969102014541,0.11412923515222276,100,100
ENSMUSG00000091366,0.001,66.84427540036525,1.0,0.001,0.001,0.00180180045779574,0.15284693785025913,100,100
ENSMUSG00000091367,0.001,62.31581250733508,1.0,0.001,0.001,0.001556955509674838,0.2445835920849636,100,100
ENSMUSG00000091370,0.001,62.31581250733508,1.0,0.001,0.0010000000000000005,0.0015997276710228445,0.15797796157510466,100,100
ENSMUSG00000091383,0.2602056574606542,0.5648610001070687,1.6987713906956519,0.001,0.9196793555348971,0.5940941992683149,1165.555359613477,100,100
ENSMUSG00000091387,0.1650660812807276,0.4220153933450696,1.8155131017046955,0.001,0.7789556095935324,0.5842218429691466,999.4917026843065,100,100
ENSMUSG00000091405,0.08812545830982868,18.86658001463726,6.24399942069577,0.003459306092535668,21.26040629449742,0.001000000000000034,2.6955408175477564,100,100
ENSMUSG00000091408,0.001,66.84427540036525,1.0,0.001,0.001,0.0018399088331920352,0.18287829152611973,100,100
ENSMUSG00000091412,0.001,62.31581250733508,1.0,0.001,0.001,0.0013861750694237358,0.25645024516411286,100,100
ENSMUSG00000091415,0.001,62.31581250733508,1.0,0.001,0.0010000000000000005,0.0017234820939387506,0.1705994791443145,100,100
ENSMUSG00000091419,0.001,59.101841166386166,1.0,0.001,0.0010000000000000009,0.0017290242391179394,0.1585757924268179,100,100
ENSMUSG00000091423,4.151342993858895,1000.0,1.0,0.001,4.881562753783318,0.0013412897176919335,0.11131789664634563,100,100
ENSMUSG00000091426,1.9084349789585087,457.80829610882074,1.0,0.001,8.334237928906285,0.0010766223043816292,0.17151578028227665,100,100
ENSMUSG00000091438,0.001,62.31581250733508,1.0,0.001,0.0010000000000000005,0.0017303663657424785,0.21535469956658332,100,100
ENSMUSG00000091443,0.001,62.31581250733508,1.0,0.001,0.001,0.0015012606206745798,0.16662375006750516,100,100
ENSMUSG00000091449,4.270937846147936,32.6933498257578,257.8067214917827,3.107126654689231,6.45825488404794,4.893493585761813,14.095335767199687,100,100
ENSMUSG00000091455,0.033275593837057894,21.675707988926234,24.187164869452953,0.0022425055697914056,14.968133395834545,0.0011030075498915924,10.416316767575587,100,100
ENSMUSG00000091474,0.11290104692661605,0.6530246505035439,1.236154358038321,0.005040649891546693,1.2811465095777785,0.14352305325501022,55.8275253033582,100,100
ENSMUSG00000091475,0.2094606880035386,1.7997860394282599,1.1164222767780525,0.04650704680317612,3.961691669205259,0.013210653275167726,1.895368181133693,100,100
ENSMUSG00000091476,2.602766185905251,608.5545460260843,1.0,0.001,5.3426069387481405,0.0010121672481990082,0.10963512417924266,100,100
ENSMUSG00000091479,0.001,66.84427540036525,1.0,0.001,0.0010000000000000005,0.0015277630172895274,0.24755594236510764,100,100
ENSMUSG00000091490,0.001,62.31581250733508,1.0,0.001,0.001,0.0015387202448987082,0.16942534253958622,100,100
ENSMUSG00000091492,0.001,66.84427540036525,1.0,0.001,0.001,0.001835558770887063,0.35092057169000307,100,100
ENSMUSG00000091498,0.001,18.181071790092705,1.0,0.001,0.001,0.0047258568001829135,1.037356699892339,100,100
ENSMUSG00000091507,7.536692533197705,443.72861685081364,1.0,0.001,28.93411859798062,0.0010000003686208318,0.016298842548038494,100,100
ENSMUSG00000091509,14.091312708508292,523.2145654335545,1.0,0.001,43.44943200028109,0.0010318275709393732,0.008973215187715057,100,100
ENSMUSG00000091510,0.0031960286591249045,9.733321940115207,24.389958688864752,0.001,0.06735138576285307,0.0017107627212538713,15.664569409763988,100,100
ENSMUSG00000091512,3.4297414456956354,602.42716515414,2004.8766723933531,2.82885017129449,6.022736176407522,1.9129954961385125,4.264196957955194,100,100
ENSMUSG00000091514,22.115799635359632,999.1548951720492,1.0,0.001,29.501856365440908,0.001000001624186432,0.008980963888519149,100,100
ENSMUSG00000091515,4.168917566870232,1000.0,1.0,0.001,9.754321435615825,0.0010000000340020109,0.076056169825855,100,100
ENSMUSG00000091523,1.4264657657904025,341.6272039188167,1.0,0.001,10.233823511080894,0.0010196384104378944,0.1129934233032599,100,100
ENSMUSG00000091528,0.001,57.36411546318499,1.0,0.001,0.001,0.0018342057083872926,0.09181298937644079,100,100
ENSMUSG00000091530,4.132577005576439,999.9999999828615,1.0,0.001,6.730644954113169,0.0012235004635637917,0.027413245320178917,100,100
ENSMUSG00000091534,1.9084349789585087,457.80829610882074,1.0,0.001,10.471816101812886,0.001,0.08632769956419345,100,100
ENSMUSG00000091537,0.5587514605504744,1.2393464494430086,181.98025565252314,0.17175664793371678,0.9692487210332006,23.898726798670467,226.56979253847135,100,100
ENSMUSG00000091549,0.10584124588055933,0.13277778715467667,2.4463416758175165,0.001,0.6275590122985499,1.9067568690986152,2077.6461089580444,100,100
ENSMUSG00000091553,0.001,60.37820284006485,1.0,0.001,0.001,0.0019593287401424896,0.18177305979960612,100,100
ENSMUSG00000091558,0.4519907473667446,17.304001951805077,2.1278189300967356,0.08007530580649982,58.60959585926291,0.0010547901261876236,0.5218205377220418,100,100
ENSMUSG00000091562,6.227758848930771,497.7064647129936,1.0,0.001,21.883022734291536,0.0010000000261556666,0.008904169170207194,100,100
ENSMUSG00000091575,0.001,66.84427540036525,1.0,0.001,0.0010000000000000005,0.0018396647388809334,0.3643603948276457,100,100
ENSMUSG00000091586,0.001142237788779545,0.0025339184538859284,1.0,0.0010610029369978761,0.5259787229982207,0.561671152815099,474.5928435507208,100,100
ENSMUSG00000091594,0.001,62.31581250733508,1.0,0.001,0.001,0.002110079775325599,0.22670024757168478,100,100
ENSMUSG00000091604,0.001,56.93353796528001,1.0,0.001,0.001,0.0018741686392971346,0.22990336296000563,100,100
ENSMUSG00000091619,3.6811857914963153,441.35089428044415,1.0,0.001,15.141318546947076,0.0010000000000000228,0.08805288688617036,100,100
ENSMUSG00000091623,0.5138748120891264,122.31843827361128,1.0,0.001,7.413772039395989,0.0011482291347618902,0.07835923209326162,100,100
ENSMUSG00000091625,0.11502385716116863,0.9300506480570562,23.39730451800638,0.001,0.18694899239018503,18.624337783645764,4835.818946369763,100,100
ENSMUSG00000091649,0.001,62.10030938718008,1.0,0.001,0.001,0.0017595231419471535,0.21816905577419088,100,100
ENSMUSG00000091661,0.001,66.84427540036525,1.0,0.001,0.001,0.00166412068111766,0.07214934919359645,100,100
ENSMUSG00000091685,0.001,66.84427540036525,1.0,0.001,0.001,0.0016823479059417462,0.05581248783437627,100,100
ENSMUSG00000091694,2.2386239439353877,560.8732842949564,1.0391422282568814,0.001,4.077659728734966,0.001192760358393153,0.06480590506481362,100,100
ENSMUSG00000091695,4.319151784725701,1000.0,1.0288124922648778,0.001,8.933413343489352,0.001,0.06368956228134762,100,100
ENSMUSG00000091697,0.001,61.024058264401226,1.0,0.001,0.0010000000000000002,0.0017750352026251795,0.13019163776965853,100,100
ENSMUSG00000091705,12.032827151182719,836.622331892722,1.0006050214760818,0.001,24.163750762401854,0.001,0.012296810838165603,100,100
ENSMUSG00000091712,0.0037723717585721865,9.354983970627334,29.493038180862637,0.001,0.1195914029361931,0.001497488407993072,25.105421282761313,100,100
ENSMUSG00000091721,0.001,62.31581250733508,1.0,0.001,0.001,0.002268656611769898,0.31325991577610746,100,100
ENSMUSG00000091723,0.001,62.31581250733508,1.0,0.001,0.0010000000000000005,0.0022872586458393606,0.16862936809831042,100,100
ENSMUSG00000091730,0.001,62.31581250733508,1.0,0.001,0.001,0.0016694148987011347,0.2108216831160259,100,100
ENSMUSG00000091735,0.004541587195931627,14.58836400748127,17.39203348125328,0.001,0.08097693137611806,0.0023052351269470884,12.993574077633125,100,100
ENSMUSG00000091742,0.0725835013766642,0.530788406637709,2.425764867830193,0.001,0.18411933818276538,2.1733900594467768,818.0134460280697,100,100
ENSMUSG00000091743,0.001,62.31581250733508,1.0,0.001,0.001,0.0021611130988835455,0.21190230262134163,100,100
ENSMUSG00000091745,0.001,66.84427540036525,1.0,0.001,0.0010000000000000005,0.001920568068416951,0.19661044873286498,100,100
ENSMUSG00000091764,0.020848218413184752,20.718583232896915,39.35472320531802,0.001,8.296434596477935,0.001458365290291694,42.75065451390712,100,100
ENSMUSG00000091768,0.001,62.31581250733508,1.0,0.001,0.0010000000000000005,0.0018687288203908252,0.13215334422667763,100,100
ENSMUSG00000091784,0.0027408208219374805,11.938634918218684,34.00449731266143,0.001,0.06450881704526994,0.0026273256353014775,19.820254256351088,100,100
ENSMUSG00000091785,0.001,61.88525872635182,1.0,0.001,0.001,0.0012494886005939257,0.0790889736599649,100,100
ENSMUSG00000091803,0.17834600797419886,0.13820902259932277,5.319056561649044,0.033737270863096025,1.933978661405075,1.96978039802536,269.48197300549634,100,100
ENSMUSG00000091811,0.6098157817162132,5.424945626095167,8.19709519734918,0.056887739956421116,0.8834794320671839,0.9561632378465622,26.86039323539582,100,100
ENSMUSG00000091825,0.001,61.45463549419866,1.0,0.001,0.001,0.0018857379023672247,0.0775866502766628,100,100
ENSMUSG00000091831,7.341489721361815,741.468285674753,1.0166522247325633,0.001,15.159276842851916,0.001,0.02033548186414782,100,100
ENSMUSG00000091845,0.001,33.68563629993298,1.0,0.001,0.0010000000000000005,0.00229843327997327,0.633410470196127,100,100
ENSMUSG00000091864,0.001,66.84427540036525,1.0,0.001,0.001,0.0017333441062094526,0.08949282346885597,100,100
ENSMUSG00000091867,0.001,62.31581250733508,1.0,0.001,0.001,0.0016087130331993633,0.09368912474838287,100,100
ENSMUSG00000091881,0.001,62.31581250733508,1.0,0.001,0.001,0.0017309402697003526,0.991412326821538,100,100
ENSMUSG00000091890,0.001,62.31581250733508,1.0,0.001,0.0010000000000000009,0.0016215778012424232,0.3865916266933281,100,100
ENSMUSG00000091896,0.0852679614958091,0.1074363707661379,4.279759145313132,0.001,0.2280064712692602,10.443969897047172,3786.14847782388,100,100
ENSMUSG00000091898,0.29711987171317694,3.8599552680807663,5.406715394850263,0.11948969710702781,0.5205892849098199,0.5925592626036174,3.6683572066812684,100,100
ENSMUSG00000091905,0.001,36.26555679893777,1.0,0.001,0.001,0.002283887092035501,0.37984662109994105,100,100
ENSMUSG00000091906,0.001,61.45463549419866,1.0,0.001,0.001,0.0015801181355379955,0.061955071981203425,100,100
ENSMUSG00000091908,0.001,66.84427540036525,1.0,0.001,0.001,0.001569227358385568,0.19058227839580516,100,100
ENSMUSG00000091931,1.456174251923405,3.5390262981527685,9.02574390572288,0.5101173598580953,3.779694579976976,0.691724221365484,13.47148526639374,100,100
ENSMUSG00000091941,0.001,40.14079950040119,1.0,0.001,0.001,0.0025555125278256302,0.5044637268899967,100,100
ENSMUSG00000091942,0.001,62.31581250733508,1.0,0.001,0.001,0.001831322501000213,0.17063966140588577,100,100
ENSMUSG00000091947,0.001,66.84427540036525,1.0,0.001,0.001,0.0017245168026054957,0.10367529379210455,100,100
ENSMUSG00000091952,0.005411589073099113,10.432718995846722,70.15990694695812,0.001,7.827405827829317,0.001000000004636109,37.23446654514041,100,100
ENSMUSG00000091968,0.001,60.37820284006485,1.0,0.001,0.0010000000000000005,0.0017389532238955303,0.31568480867456533,100,100
ENSMUSG00000091985,0.2943072014739223,17.581039799363086,2.904537256015472,0.00941589384035197,41.32934760498559,0.0010687744653248826,1.1596775232898198,100,100
ENSMUSG00000091989,0.001,58.655869952050985,1.0,0.001,0.0010000000000000005,0.001964518029138225,0.1446909466918998,100,100
ENSMUSG00000091993,0.08492513685154589,18.334978193792264,9.21735711456693,0.0043576623502514554,31.629136404262532,0.0013680999475648205,4.986116135757724,100,100
ENSMUSG00000091994,0.24639739892853774,1.6610992120227215,1.649661979603008,0.036553571814710556,1.4016043204070396,0.1109676139492734,3.926207377935916,100,100
ENSMUSG00000091997,0.003198908387085948,9.479116397141851,24.04844202957141,0.001,0.08642528839076263,0.001640375465563353,16.78396748561112,100,100
ENSMUSG00000092006,0.001,62.31581250733508,1.0,0.001,0.001,0.00197055431222535,0.5079313901911978,100,100
ENSMUSG00000092009,0.001,62.31581250733508,1.0,0.001,0.0010000000000000009,0.0014342076844168395,0.24590400037605686,100,100
ENSMUSG00000092035,0.001,58.8711705984019,1.0,0.001,0.001,0.0016240658942247963,0.11643571268938777,100,100
ENSMUSG00000092042,0.001,62.31581250733508,1.0,0.001,0.0010000000000000005,0.001714336534148086,0.15755838262184718,100,100
ENSMUSG00000092051,0.001,66.84427540036525,1.0,0.001,0.001,0.0018093868045560117,0.11706525717687663,100,100
ENSMUSG00000092060,0.02413285180971176,22.570824430203796,30.931550516293605,0.001,6.108054274100704,0.0017070346331395513,51.885219450684644,100,100
ENSMUSG00000092071,4.183583458469903,505.624984464536,1.0061736312440241,0.001,16.815360722480882,0.0010000011099539465,0.009622168111720253,100,100
ENSMUSG00000092074,3.0812737788694253,217.50211675812864,756.5771709644894,2.2266883677798255,5.97960246050658,1.7522174426774106,6.621193601056509,100,100
ENSMUSG00000092083,0.001,62.31581250733508,1.0,0.001,0.001,0.0017074233338429086,0.2005631919063087,100,100
ENSMUSG00000092085,2.961200185399535,721.6290393901162,1.0064427689282454,0.001,6.361175506746301,0.0010000000000236866,0.04962740571877699,100,100
ENSMUSG00000092086,0.001,51.120684877935744,1.0,0.001,0.001,0.002087369469082532,0.16421825443163757,100,100
ENSMUSG00000092090,0.001,66.84427540036525,1.0,0.001,0.001,0.001931177390802197,0.1579575779116026,100,100
ENSMUSG00000092103,0.001,62.31581250733508,1.0,0.001,0.001,0.0019461477482133167,0.10413224276706334,100,100
ENSMUSG00000092118,0.016986842724435253,22.17560096240208,38.719739619184836,0.001,0.16871024005960789,0.04570825291792119,46.560287863689055,100,100
ENSMUSG00000092124,5.94580228822164,709.967268348877,1.0,0.001,15.606837170324901,0.0010000000043298152,0.041231040172435174,100,100
ENSMUSG00000092130,0.19253016035317735,1.1062005587448247,5.527509391378116,0.07309507638307006,0.351956632162751,1.9498596697846486,14.040833448471101,100,100
ENSMUSG00000092131,0.001,66.84427540036525,1.0,0.001,0.001,0.0015622668649474853,0.09366799190750749,100,100
ENSMUSG00000092134,0.001,61.88525872635182,1.0,0.001,0.001,0.001914129979940307,0.10110124005421667,100,100
ENSMUSG00000092157,0.001,66.84427540036525,1.0,0.001,0.001,0.0018484061758471115,0.20778428499699433,100,100
ENSMUSG00000092171,0.001,62.31581250733508,1.0,0.001,0.0010000000000000005,0.001465553568438591,0.20191864292935097,100,100
ENSMUSG00000092174,0.001,62.31581250733508,1.0,0.001,0.001,0.0014842684152815613,0.09117792035096423,100,100
ENSMUSG00000092176,0.001,62.31581250733508,1.0,0.001,0.0010000000000000005,0.0015931700272089043,0.2092670929403313,100,100
ENSMUSG00000092181,0.001,62.31581250733508,1.0,0.001,0.001,0.0019983852051113334,0.21689024254658867,100,100
ENSMUSG00000092182,0.12074042005747349,28.25432923463963,1.0,0.001,8.37951192454747,0.0010238723915897917,0.039567966211838446,100,100
ENSMUSG00000092183,0.04464957109779741,20.203849399280674,18.938770470117657,0.001,18.07399742068576,0.0011079997451617263,30.78824848510849,100,100
ENSMUSG00000092185,1.4275905501715376,345.13246017114864,1.0,0.001,10.760571099027475,0.0010000601885204264,0.04133440275979,100,100
ENSMUSG00000092187,0.22619529336004615,102.49842668171314,28.413100748433894,0.06055775949606964,46.34517876919141,0.0011639209736422126,1.062619290744636,100,100
ENSMUSG00000092188,0.001,61.674132606755,1.0,0.001,0.001,0.0017696695018581802,0.2289666079852237,100,100
ENSMUSG00000092190,0.001,62.31581250733508,1.0,0.001,0.001,0.0015908344384718332,0.0760251522002521,100,100
ENSMUSG00000092192,0.001,59.75744064589286,1.0,0.001,0.001,0.0017003441659972902,0.11059065886224047,100,100
ENSMUSG00000092193,0.001,61.45463549419866,1.0,0.001,0.001,0.001501407716603802,0.10817356221604048,100,100
ENSMUSG00000092200,0.001,55.86744339634488,1.0,0.001,0.001,0.0019446956611847395,0.2252747588808317,100,100
ENSMUSG00000092203,2.311587405060671,339.9230490564758,1359.141149670546,1.54296694499094,4.13594568874003,2.3660113392177107,7.019058561454647,100,100
ENSMUSG00000092210,0.001,66.84427540036525,1.0,0.001,0.0010000000000000005,0.0015541200751933762,0.1092401674082418,100,100
ENSMUSG00000092212,0.010961869984720173,19.450276180950066,22.168007435865754,0.001,4.672059542711104,0.001660306113199137,21.61689729873921,100,100
ENSMUSG00000092216,0.001,61.674132606755,1.0,0.001,0.0010000000000000005,0.0016997757662667234,0.39873115037721363,100,100
ENSMUSG00000092217,0.001,62.31581250733508,1.0,0.001,0.001,0.0018924265202035317,0.06546193249009158,100,100
ENSMUSG00000092219,8.337127393440806,999.9999776179205,1.0,0.001,12.55856215386282,0.0010000000000000711,0.07470333787153371,100,100
ENSMUSG00000092220,0.001,62.31581250733508,1.0,0.001,0.0010000000000000005,0.0016564049248906634,0.17443574801284226,100,100
ENSMUSG00000092225,0.001,66.84427540036525,1.0,0.001,0.0010000000000000005,0.0017762871379903892,0.20008335871605049,100,100
ENSMUSG00000092232,0.001,57.79469271457354,1.0,0.001,0.0010000000000000005,0.0018347643379934822,0.272399017376116,100,100
ENSMUSG00000092233,0.001,62.31581250733508,1.0,0.001,0.001,0.0020546815062991142,0.07009007795252889,100,100
ENSMUSG00000092241,0.3129855837681381,65.32172822838719,1.0,0.001,9.439587861019474,0.001001730015176441,0.13221337707468203,100,100
ENSMUSG00000092242,0.001,62.31581250733508,1.0,0.001,0.001,0.0016366561494652796,0.06447863613281726,100,100
ENSMUSG00000092246,3.338165727611042,807.3831051292377,1.0,0.001,8.300697952169216,0.0010001553302782628,0.09732828541772282,100,100
ENSMUSG00000092252,16.156351744285146,964.7110322835298,1.0,0.001,23.103508791926018,0.001,0.009053320215693326,100,100
ENSMUSG00000092253,0.001,62.31581250733508,1.0,0.001,0.001,0.0019844670206347332,0.1633342151356561,100,100
ENSMUSG00000092257,0.14175743811548525,0.36280949258538514,10.955140580489408,0.001,0.3495099414881957,12.86051378725553,6355.34348289546,100,100
ENSMUSG00000092258,7.073796241976312,563.0419616756191,1.0,0.001,21.108036841536926,0.001,0.022044924790841063,100,100
ENSMUSG00000092260,0.0761136883732668,1.5495445660987692,2.4260160890689635,0.027342403006808378,0.2802775762458432,0.29945566314837146,3.910405521839018,100,100
ENSMUSG00000092261,0.001,66.84427540036525,1.0,0.001,0.001,0.0017890900203336303,0.27831722046750845,100,100
ENSMUSG00000092267,1.9026898699818362,119.95830448058227,352.4540047826622,1.0025412601257804,2.4489416824770798,2.3086599238220025,7.900151867105221,100,100
ENSMUSG00000092268,0.001,66.84427540036525,1.0,0.001,0.001,0.0016656871043741514,0.3076468475273268,100,100
ENSMUSG00000092274,1.7491354988399728,155.35530522541782,2773.33257105235,1.4846351211935,2.2098088779333773,13.796735639528354,24.896796671970332,100,100
ENSMUSG00000092275,0.001,62.31581250733508,1.0,0.001,0.001,0.0017221657378101607,0.10148257367660535,100,100
ENSMUSG00000092281,0.001,55.86744339634488,1.0,0.001,0.0010000000000000005,0.0020598264492966544,0.207748829808291,100,100
ENSMUSG00000092283,0.001,62.31581250733508,1.0,0.001,0.001,0.002067354728704027,0.13377113265949822,100,100
ENSMUSG00000092286,0.001,61.674132606755,1.0,0.001,0.001,0.0017131312855286325,0.07373330387291947,100,100
ENSMUSG00000092300,0.02389524980169321,23.714059531719666,56.84361481953395,0.001,0.418777812040293,0.0017712102088135039,70.93342035083744,100,100
ENSMUSG00000092301,0.001,66.84427540036525,1.0,0.001,0.0010000000000000005,0.0016698959840454836,0.2125339633048295,100,100
ENSMUSG00000092309,12.50618513246544,1000.0,1.0,0.001,20.750789028868276,0.001,0.010447702881286755,100,100
ENSMUSG00000092323,0.001,62.31581250733508,1.0,0.001,0.001,0.0016345503842583697,0.16867718308811125,100,100
ENSMUSG00000092325,0.001,66.84427540036525,1.0,0.001,0.001,0.001912173663226121,0.14424380727591354,100,100
ENSMUSG00000092335,0.001,62.31581250733508,1.0,0.001,0.001,0.0016433914081498287,0.11495923141434011,100,100
ENSMUSG00000092341,1.2390261005246022,16.235028030100175,1997.8741078063676,0.9782680131056734,1.5136722324682577,92.65401451068793,181.1242842509315,100,100
ENSMUSG00000092349,0.001,62.31581250733508,1.0,0.001,0.001,0.0018678671372140193,0.21606136984977542,100,100
ENSMUSG00000092353,0.001,61.88525872635182,1.0,0.001,0.001,0.0014598843718023375,0.17885365356021826,100,100
ENSMUSG00000092354,0.001,61.88525872635182,1.0,0.001,0.001,0.0020558250964060887,0.24200089939100183,100,100
ENSMUSG00000092358,0.011778299566671062,17.90827177572595,20.452971167573136,0.001,2.299981203286582,0.0014615982732499313,23.015785177285743,100,100
ENSMUSG00000092360,0.001,62.31581250733508,1.0,0.001,0.001,0.0015841884165045399,0.6081437333474241,100,100
ENSMUSG00000092364,0.001,62.31581250733508,1.0,0.001,0.001,0.0018006518661715645,0.11758853553752413,100,100
ENSMUSG00000092365,3.3119647849738665,787.757646340598,1.0,0.001,6.230236430589659,0.0014552173800820628,0.10791052628491439,100,100
ENSMUSG00000092367,5.199726425932051,618.2572257781195,1.0,0.001,12.639830642895244,0.001000000000054438,0.03404549277740604,100,100
ENSMUSG00000092368,0.010915604035732792,0.8849183112939044,11.600963372301544,0.001,3.4864612387384764,0.0025118065267924236,89.73824715537903,100,100
ENSMUSG00000092373,0.001,62.31581250733508,1.0,0.001,0.001,0.002316204596393245,0.20270185164051557,100,100
ENSMUSG00000092381,0.013284965664895267,21.44604656612695,33.082044963219545,0.001,1.5620043407025244,0.0017533768808156193,33.94002163957171,100,100
ENSMUSG00000092384,0.001,60.80878088638715,1.0,0.001,0.0010000000000000009,0.002081206247603324,0.3399784885063555,100,100
ENSMUSG00000092386,55.675741091133595,878.3434494191735,1.0,0.001,77.15022033427817,0.0010442227524018392,0.008908125914670613,100,100
ENSMUSG00000092389,2.0358908095832726,509.95623053691645,1.0510701205171693,0.001,7.966602166147501,0.0010613594596962823,0.1377757471272601,100,100
ENSMUSG00000092394,0.001,66.84427540036525,1.0,0.001,0.001,0.001604607987033307,0.1842860591920953,100,100
ENSMUSG00000092395,0.001,62.31581250733508,1.0,0.001,0.0010000000000000005,0.0016249390808109857,0.2508909425654086,100,100
ENSMUSG00000092405,0.001,62.31581250733508,1.0,0.001,0.001,0.0015038063818043645,0.07145881566887012,100,100
ENSMUSG00000092406,0.001,62.31581250733508,1.0,0.001,0.001,0.0016388098301271538,0.5670735760719741,100,100
ENSMUSG00000092412,0.001,62.31581250733508,1.0,0.001,0.0010000000000000005,0.0019276286374747282,0.07869793061568595,100,100
ENSMUSG00000092416,0.20838164250600003,2.742233202760445,3.4695535478869295,0.0021763534512772606,0.5552488007687162,0.3568310298050774,125.81361799178691,100,100
ENSMUSG00000092417,0.20620502579429578,2.365736186934206,4.44073398528929,0.001,0.35132016770186875,1.136888060400798,688.3305494321557,100,100
ENSMUSG00000092418,19.28116138763886,649.5283569372455,1.0,0.7895798159183472,36.570460868180035,0.0010021786955953316,0.00894369669441332,100,100
ENSMUSG00000092428,0.001,62.31581250733508,1.0,0.001,0.001,0.0017893033344213985,0.4851829761408146,100,100
ENSMUSG00000092429,0.001,62.31581250733508,1.0,0.001,0.001,0.001548022141244008,0.11724868968602403,100,100
ENSMUSG00000092438,0.010908381988882715,19.475840141465362,22.217972586859695,0.001,4.79136613384285,0.0010000000000180529,10.725570010711523,100,100
ENSMUSG00000092455,0.001,62.31581250733508,1.0,0.001,0.0010000000000000005,0.0017805206925664316,0.08652856325295866,100,100
ENSMUSG00000092470,0.001,61.259704531272526,1.0,0.001,0.001,0.001508318168412968,0.2183954144234992,100,100
ENSMUSG00000092474,11.050881552761018,899.482440462043,1.0264057289371982,0.001,22.248221372803215,0.0010010770280017983,0.009432216659938835,100,100
ENSMUSG00000092486,0.06577705969222689,1.0565743654092883,1.1938758067602149,0.04367032768208129,15.726170734830234,0.004369365740943577,1.9085330525073267,100,100
ENSMUSG00000092494,1.841988715766862,443.41926254649763,1.0,0.001,7.046101234301322,0.0010000000000009671,0.07749568829709241,100,100
ENSMUSG00000092495,0.001,62.31581250733508,1.0,0.001,0.001,0.001697849236408978,0.3002282629330462,100,100
ENSMUSG00000092510,4.1336179629762935,999.9999943156627,1.0,0.001,5.590855892677208,0.0010604859110229332,0.12181596883714224,100,100
ENSMUSG00000092512,0.001,62.31581250733508,1.0,0.001,0.001,0.001607298031495481,0.1440797509774064,100,100
ENSMUSG00000092518,0.001,66.84427540036525,1.0,0.001,0.001,0.001579426124195797,0.11014434018369482,100,100
ENSMUSG00000092526,0.001,62.31581250733508,1.0,0.001,0.0010000000000000005,0.0020749196031619416,0.131117874715613,100,100
ENSMUSG00000092539,7.100164226898072,855.1246364534696,1.0,0.001,16.750940882024825,0.0010000000000000013,0.020705257360768687,100,100
ENSMUSG00000092540,0.024525357263183282,19.45711995157411,14.147887631273392,0.001,20.622782792143607,0.0010000000011179983,18.590356037309665,100,100
ENSMUSG00000092541,0.001,61.674132606755,1.0,0.001,0.001,0.0016603315034304155,0.17482554452597698,100,100
ENSMUSG00000092544,0.001,66.84427540036525,1.0,0.001,0.001,0.00164855614385473,0.3859188226374741,100,100
ENSMUSG00000092545,1.841988715766862,443.41926254649763,1.0,0.001,8.842678876630906,0.0010069212036264233,0.05634393798948806,100,100
ENSMUSG00000092550,0.001,62.31581250733508,1.0,0.001,0.001,0.0016946830060913152,0.08919285185243309,100,100
ENSMUSG00000092558,2.5495490646304853,97.00413679237839,100.35647150295719,0.10161510980175681,3.822217739786357,0.6567481177372138,103.306354294534,100,100
ENSMUSG00000092559,8.82827819615364,705.7224089319853,1.0,0.001,26.336375338567585,0.0010000000000005092,0.011251122845634731,100,100
ENSMUSG00000092564,2.5235922811707936,36.76971418368389,1.2275303405904059,0.0022285931808801503,81.16820178113738,0.0010876758872606813,0.42116080565821035,100,100
ENSMUSG00000092569,0.061478806378174065,0.4075071211359317,1.050878930534271,0.008528299429563792,0.6537721973475288,0.13556042987527767,7.10503070080026,100,100
ENSMUSG00000092571,1.5325421239712187,364.2195472866057,1.0,0.001,8.844147928719043,0.0010000017740209605,0.05950674802179606,100,100
ENSMUSG00000092572,0.001,62.31581250733508,1.0,0.001,0.001,0.0018291702712012253,0.10984563601258379,100,100
ENSMUSG00000092577,0.001,62.31581250733508,1.0,0.001,0.001,0.0019027111415159629,0.14465839783198287,100,100
ENSMUSG00000092586,0.001,66.84427540036525,1.0,0.001,0.001,0.0014885259602966995,0.13181025927505408,100,100
ENSMUSG00000092593,0.001,60.60768216058454,1.0,0.001,0.0010000000000000005,0.001742774780527106,0.13412569513499273,100,100
ENSMUSG00000092595,0.001,60.60768216058454,1.0,0.001,0.001,0.0017509951201311858,0.2890280933133113,100,100
ENSMUSG00000092599,0.001,62.31581250733508,1.0,0.001,0.001,0.002127751333329957,0.22208622136141393,100,100
ENSMUSG00000092602,0.001,61.259704531272526,1.0,0.001,0.001,0.0019104629051645635,0.2353332341727999,100,100
ENSMUSG00000092604,0.001,62.31581250733508,1.0,0.001,0.001,0.0016024443287530339,0.33732088973941143,100,100
ENSMUSG00000092607,0.03833624349223078,0.022079630966312762,2.194668917720005,0.002019335006262543,0.99399427401373,1.6202101610002155,2195.9207430707365,100,100
ENSMUSG00000092625,0.001,61.674132606755,1.0,0.001,0.001,0.001899871518335676,0.12244115591153082,100,100
ENSMUSG00000092626,0.01685441807299305,2.084712414237561,3.1224987205816404,0.001,16.9565168200576,0.0010000338056702885,12.255999159698789,100,100
ENSMUSG00000092627,0.001,66.84427540036525,1.0,0.001,0.001,0.0018455548304056645,0.07921163979151301,100,100
ENSMUSG00000092660,0.001,62.31581250733508,1.0,0.001,0.001,0.0017401643974935183,0.13272356670086527,100,100
ENSMUSG00000092671,0.001,61.45463549419866,1.0,0.001,0.001,0.002446649124840379,0.21703831018102498,100,100
ENSMUSG00000092695,8.337281843370514,1000.0,1.0,0.001,17.074968987363103,0.001,0.015064668013110474,100,100
ENSMUSG00000092713,0.001,62.31581250733508,1.0,0.001,0.001,0.0014947176840906565,0.3643347557797652,100,100
ENSMUSG00000092734,0.001,66.84427540036525,1.0,0.001,0.001,0.0017546429442051145,0.14253087039327883,100,100
ENSMUSG00000092741,3.056214351663582,736.0513408990713,1.0,0.001,8.332427680376428,0.001000368241579455,0.018095442216456526,100,100
ENSMUSG00000092758,0.001,62.31581250733508,1.0,0.001,0.0010000000000000005,0.001669395086886314,0.31975833999256725,100,100
ENSMUSG00000092760,0.001,62.31581250733508,1.0,0.001,0.001,0.0016028022937285052,0.11752315685956319,100,100
ENSMUSG00000092795,4.132577005576439,999.9999999828615,1.0,0.001,5.251378380327894,0.0011923386000405832,0.06098644036946568,100,100
ENSMUSG00000092799,2.1461883628863268,516.8437340473623,1.0,0.001,9.5351528541106,0.001004006102309685,0.059628463473782096,100,100
ENSMUSG00000092805,0.001,53.96529354175793,1.0,0.001,0.001,0.0019437822035533736,0.07220024071763959,100,100
ENSMUSG00000092814,0.001,62.31581250733508,1.0,0.001,0.001,0.002084835593330026,0.24746320903804725,100,100
ENSMUSG00000092819,0.001,66.84427540036525,1.0,0.001,0.001,0.0016945117969030877,0.1541165113747916,100,100
ENSMUSG00000092827,0.7390702785526201,2.6473798109612656,1.5147279754434984,0.26701547511464285,101.75583808001326,0.0045028040547017475,1.9470822838405755,100,100
ENSMUSG00000092837,0.001,62.31581250733508,1.0,0.001,0.0010000000000000009,0.0015452293826426252,0.2471741846482259,100,100
ENSMUSG00000092838,0.001,62.31581250733508,1.0,0.001,0.001,0.001416263940143183,0.18332331911207106,100,100
ENSMUSG00000092841,0.001,62.31581250733508,1.0,0.001,0.001,0.0018293001766455338,0.20568448733568337,100,100
ENSMUSG00000092867,0.001,62.31581250733508,1.0,0.001,0.0010000000000000005,0.0016472895944619394,0.19555391717891224,100,100
ENSMUSG00000092887,0.01078267605852484,19.78252198993081,22.539387712605844,0.001,4.13426430752517,0.0010133596274569327,13.190776591838437,100,100
ENSMUSG00000092889,0.001,62.31581250733508,1.0,0.001,0.001,0.0017545576975020916,0.2291140111364631,100,100
ENSMUSG00000092903,0.001,62.31581250733508,1.0,0.001,0.001,0.0022181105723455916,0.14168805292541026,100,100
ENSMUSG00000092905,0.001,66.84427540036525,1.0,0.001,0.001,0.0015008675840423593,0.08744668995157523,100,100
ENSMUSG00000092912,0.001,62.31581250733508,1.0,0.001,0.001,0.0016880856937660947,0.16981019286662752,100,100
ENSMUSG00000092918,0.001,62.31581250733508,1.0,0.001,0.001,0.001816105796849747,0.1311282103795897,100,100
ENSMUSG00000092928,0.001,62.31581250733508,1.0,0.001,0.001,0.0013122941643437431,0.22720455297930436,100,100
ENSMUSG00000092958,0.001,60.188376913276144,1.0,0.001,0.001,0.0016901408266545394,0.3646959004074751,100,100
ENSMUSG00000092973,0.001,61.674132606755,1.0,0.001,0.0010000000000000009,0.001776047102653682,0.1724350203008425,100,100
ENSMUSG00000092974,0.001,62.31581250733508,1.0,0.001,0.001,0.0016432782961665329,0.48352038231878847,100,100
ENSMUSG00000092981,0.001,60.37820284006485,1.0,0.001,0.001,0.002008687863687153,0.5965576751656166,100,100
ENSMUSG00000092994,0.001,62.31581250733508,1.0,0.001,0.001,0.0017908898821009226,0.17006939528844567,100,100
ENSMUSG00000093005,0.001,62.31581250733508,1.0,0.001,0.001,0.0016937202519174265,0.30621171074808184,100,100
ENSMUSG00000093011,0.045673665240785415,19.966377141708477,21.50831932998022,0.001,2.5741413428070934,0.002274250713418628,79.58453630235194,100,100
ENSMUSG00000093023,0.001,62.31581250733508,1.0,0.001,0.0010000000000000005,0.001910886954480064,0.2216506950367521,100,100
ENSMUSG00000093026,0.001,62.31581250733508,1.0,0.001,0.001,0.00171477658992189,0.174752490802753,100,100
ENSMUSG00000093030,0.001,62.31581250733508,1.0,0.001,0.0010000000000000009,0.0015484932946254076,0.13904725920462274,100,100
ENSMUSG00000093037,0.001,62.31581250733508,1.0,0.001,0.001,0.00144562136622954,0.08394161483580605,100,100
ENSMUSG00000093042,6.418717861565132,512.9780113970231,1.0,0.001,23.221160153031462,0.001,0.01658166971253986,100,100
ENSMUSG00000093044,0.010863569935674004,19.546856631902262,22.30023907653509,0.001,3.474219598692951,0.0014878817997293092,23.46847745132395,100,100
ENSMUSG00000093046,0.001,62.31581250733508,1.0,0.001,0.0010000000000000005,0.0018383164551125867,0.11353814343032768,100,100
ENSMUSG00000093051,0.001,62.31581250733508,1.0,0.001,0.001,0.0018717536997632316,0.4437593846676155,100,100
ENSMUSG00000093061,0.001,62.31581250733508,1.0,0.001,0.0010000000000000005,0.001787938674869941,0.35325675580600646,100,100
ENSMUSG00000093075,0.001,62.31581250733508,1.0,0.001,0.001,0.0020136866840556244,0.16411022507644876,100,100
ENSMUSG00000093076,2.7968977494920817,670.7392088866607,1.0,0.001,7.668190879005327,0.0010024040543297494,0.03298988487878392,100,100
ENSMUSG00000093079,0.001,62.31581250733508,1.0,0.001,0.001,0.0019453332537080676,0.08834272004428792,100,100
ENSMUSG00000093080,0.26667992616892205,5.428063223555363,2.8999359360244132,0.05529654412228059,2.6707908648742467,0.01391813639441349,1.8773088122132795,100,100
ENSMUSG00000093081,0.001,62.31581250733508,1.0,0.001,0.001,0.0015949247454470688,0.08069881811136437,100,100
ENSMUSG00000093085,1.9436899174801565,467.0695388708544,1.0,0.001,9.977284314096384,0.0013190465834499432,0.06540005206388366,100,100
ENSMUSG00000093090,0.001,62.31581250733508,1.0,0.001,0.001,0.0015599275184035109,0.17405472709836317,100,100
ENSMUSG00000093097,0.001,62.31581250733508,1.0,0.001,0.001,0.0016450373222593431,0.3820605022819143,100,100
ENSMUSG00000093100,0.001,62.31581250733508,1.0,0.001,0.001,0.001844684746360255,0.19543392033990972,100,100
ENSMUSG00000093105,0.001,62.31581250733508,1.0,0.001,0.001,0.0017165857050527014,0.21868038860422273,100,100
ENSMUSG00000093119,0.001,62.31581250733508,1.0,0.001,0.001,0.0020283823918342946,0.17489225170379583,100,100
ENSMUSG00000093120,0.001,62.31581250733508,1.0,0.001,0.001,0.001966838581010039,0.6520136575489623,100,100
ENSMUSG00000093124,0.001,66.84427540036525,1.0,0.001,0.001,0.0015166175481797313,0.09766819917211204,100,100
ENSMUSG00000093139,0.001,62.31581250733508,1.0,0.001,0.001,0.0016090456597765124,0.1677771255965485,100,100
ENSMUSG00000093140,0.001,62.31581250733508,1.0,0.001,0.001,0.002008572211563307,0.10195240584655124,100,100
ENSMUSG00000093147,0.001,66.84427540036525,1.0,0.001,0.001,0.0016439521594901517,0.05512730953540276,100,100
ENSMUSG00000093155,0.001,62.31581250733508,1.0,0.001,0.001,0.0020033750578591076,0.19026597700393255,100,100
ENSMUSG00000093156,0.001,62.31581250733508,1.0,0.001,0.001,0.00159376669347833,0.3612753024101327,100,100
ENSMUSG00000093158,0.001,62.31581250733508,1.0,0.001,0.001,0.0019117622125214306,0.1566114156412709,100,100
ENSMUSG00000093159,0.001,66.84427540036525,1.0,0.001,0.001,0.0021268189829027834,0.12869363625726574,100,100
ENSMUSG00000093163,0.001,62.31581250733508,1.0,0.001,0.001,0.0017080978939446399,0.5115542981781016,100,100
ENSMUSG00000093164,0.001,62.31581250733508,1.0,0.001,0.001,0.0018539420377126946,0.24243131929467548,100,100
ENSMUSG00000093168,0.001,62.31581250733508,1.0,0.001,0.001,0.0015979071848163677,0.16299808459894854,100,100
ENSMUSG00000093176,0.001,62.31581250733508,1.0,0.001,0.0010000000000000005,0.001927152236200299,0.34230472922343924,100,100
ENSMUSG00000093178,1.8029215128838363,432.19960906037096,1.0,0.001,7.120547623296913,0.0010007346765591252,0.04565445652859859,100,100
ENSMUSG00000093189,0.010768136037857125,19.614770768517577,22.39064096650673,0.001,6.443573773340628,0.0013940672321831934,25.271402590910483,100,100
ENSMUSG00000093217,0.001,62.31581250733508,1.0,0.001,0.001,0.001653138364244285,0.18430318237912344,100,100
ENSMUSG00000093239,16.693487446937485,999.9999999961987,1.0,0.001,22.880836855118922,0.001009980580212709,0.008973827649220126,100,100
ENSMUSG00000093256,0.001,62.31581250733508,1.0,0.001,0.001,0.0015145853410581283,0.17855670553740577,100,100
ENSMUSG00000093258,0.001,62.31581250733508,1.0,0.001,0.0010000000000000009,0.0014694877033883105,0.2515742382989393,100,100
ENSMUSG00000093262,0.001,62.31581250733508,1.0,0.001,0.001,0.001974635514997752,0.07665940208954186,100,100
ENSMUSG00000093269,0.001,62.31581250733508,1.0,0.001,0.001,0.0015949443192759254,0.32160595701664707,100,100
ENSMUSG00000093289,0.001,62.31581250733508,1.0,0.001,0.0010000000000000009,0.001265618372881275,0.224610232710595,100,100
ENSMUSG00000093302,0.001,62.31581250733508,1.0,0.001,0.001,0.002126916822849631,0.18692790203079884,100,100
ENSMUSG00000093306,0.001,61.45463549419866,1.0,0.001,0.001,0.0019297307992124143,0.07571883404273097,100,100
ENSMUSG00000093314,0.5286049475656579,6.317675601533429,4.317339964914874,0.22172144903669144,1.8718662209837817,0.1628196911667388,2.165942953880005,100,100
ENSMUSG00000093334,0.03328240798469002,20.76943724934722,18.008630197678166,0.001,6.153566509453922,0.0015550673417953653,20.577130797623965,100,100
ENSMUSG00000093336,0.001,62.31581250733508,1.0,0.001,0.001,0.0017506345908270752,0.07009327593284999,100,100
ENSMUSG00000093351,0.016647532663851963,2.0872305773856574,3.1256327048133437,0.002492207910604805,14.459278842684075,0.0013123080546251077,9.240379782908443,100,100
ENSMUSG00000093381,0.001,62.31581250733508,1.0,0.001,0.001,0.0018925257838982128,0.10011084956315391,100,100
ENSMUSG00000093386,0.001,62.31581250733508,1.0,0.001,0.0010000000000000009,0.0020918900433625287,0.20835456743299452,100,100
ENSMUSG00000093387,0.001,66.84427540036525,1.0,0.001,0.001,0.002022455755555556,0.44980911842422006,100,100
ENSMUSG00000093390,0.001,66.84427540036525,1.0,0.001,0.001,0.0018245053463034097,0.17327953437936583,100,100
ENSMUSG00000093392,0.011256175025458972,0.0461735402379916,3.021548556442799,0.001,0.17591001637032916,2.912134895043437,982.6016262898954,100,100
ENSMUSG00000093404,0.001,61.259704531272526,1.0,0.001,0.001,0.001669358140089627,0.1081215605424555,100,100
ENSMUSG00000093405,0.001,62.31581250733508,1.0,0.001,0.001,0.00136301553184987,0.18632513482624044,100,100
ENSMUSG00000093409,0.001,66.84427540036525,1.0,0.001,0.001,0.0017219809010907874,0.08747186524759853,100,100
ENSMUSG00000093419,0.02260020100874228,20.8399373225564,15.156032509455969,0.001,7.658071783052952,0.0015424820841390442,11.232651596874447,100,100
ENSMUSG00000093424,0.20628230630205246,37.475363622789665,21.983473585361235,0.04974861346092328,49.81206447663759,0.002537738023668564,1.5735468798930476,100,100
ENSMUSG00000093429,0.001,62.31581250733508,1.0,0.001,0.001,0.0016359979832197401,0.5566936971755916,100,100
ENSMUSG00000093437,0.001,62.31581250733508,1.0,0.001,0.001,0.0014798601901201418,0.17268984396730946,100,100
ENSMUSG00000093441,0.001,62.31581250733508,1.0,0.001,0.001,0.001731396828095452,0.19491403298938334,100,100
ENSMUSG00000093445,4.1336179629762935,999.9999943156627,1.0,0.001,5.0052443567312395,0.0015038189593613587,0.255873701608232,100,100
ENSMUSG00000093452,0.001,62.31581250733508,1.0,0.001,0.0010000000000000002,0.0015328035893338388,0.1929597198209706,100,100
ENSMUSG00000093465,2.1571940611220364,521.5346265951073,1.0,0.001,5.904778886498319,0.001116687553150688,0.052582752726575185,100,100
ENSMUSG00000093467,0.001,59.101841166386166,1.0,0.001,0.0010000000000000005,0.0019314628315163197,0.11221314970478805,100,100
ENSMUSG00000093476,0.001,62.31581250733508,1.0,0.001,0.001,0.0015853699727464315,0.32985579310857016,100,100
ENSMUSG00000093482,0.001,62.31581250733508,1.0,0.001,0.001,0.001484283575925551,0.09231231380135546,100,100
ENSMUSG00000093483,0.19296557654854737,17.562149877244856,6.766068805427764,0.001,30.468962065284856,0.0013912192336332386,4.898687118037912,100,100
ENSMUSG00000093485,0.001,62.31581250733508,1.0,0.001,0.001,0.0015650781162147127,0.15984997262065437,100,100
ENSMUSG00000093495,6.535789872392984,767.4549635386911,1.0,0.001,17.780835449337754,0.0010000000000208475,0.010448037645680863,100,100
ENSMUSG00000093507,4.462269094914658,999.9999999795882,1.0229012782630216,0.001,7.8981584574048505,0.0011249741283001888,0.071513606491687,100,100
ENSMUSG00000093511,0.001,62.31581250733508,1.0,0.001,0.001,0.0016618894705082697,0.11600573712751758,100,100
ENSMUSG00000093514,0.12167604890101091,13.86421841058695,3.7832693974146276,0.0014352122479202494,23.86546156988232,0.0010381530389957285,3.149856650894732,100,100
ENSMUSG00000093536,0.060483401577334825,19.35192895182666,7.964529151528128,0.002612142688339482,22.38988054661482,0.0010290604719163754,2.2607093453570495,100,100
ENSMUSG00000093537,0.001,62.31581250733508,1.0,0.001,0.001,0.0014723449857613879,0.14666497259712133,100,100
ENSMUSG00000093545,8.372330735403429,1000.0,1.0,0.001,15.983493350484265,0.0010000000000095874,0.02435754610677774,100,100
ENSMUSG00000093548,0.001,62.31581250733508,1.0,0.001,0.001,0.002203064391647589,0.06668444061896195,100,100
ENSMUSG00000093553,0.001,49.189649470338075,1.0,0.001,0.001,0.0023954442709950494,0.4721540739139509,100,100
ENSMUSG00000093559,0.001,61.259704531272526,1.0,0.001,0.001,0.0017832641672173982,0.21896984543733633,100,100
ENSMUSG00000093562,0.001,62.31581250733508,1.0,0.001,0.0010000000000000009,0.0017696191968569384,0.20927799886073728,100,100
ENSMUSG00000093565,0.8098598432157472,1.047276622051546,1.0,0.12725184381090704,97.26351406400852,0.007488311071383781,6.413002897565646,100,100
ENSMUSG00000093575,0.001,61.88525872635182,1.0,0.001,0.001,0.0016571021411706673,0.09133753522366289,100,100
ENSMUSG00000093577,14.042522169136317,476.9327756053993,1.0,0.001,36.42154871635039,0.00100000000000105,0.00896113873671298,100,100
ENSMUSG00000093579,0.04065427309456613,0.22331493960481302,1.0,0.001,0.4693947004485936,0.2732615432744433,168.62259820016038,100,100
ENSMUSG00000093587,21.47045563064424,1000.0,1.0,0.001,30.457857630052363,0.001,0.00884071598910324,100,100
ENSMUSG00000093593,0.001,62.31581250733508,1.0,0.001,0.001,0.0016594335359874294,0.2531313318107211,100,100
ENSMUSG00000093594,0.0051421243914003935,9.497454592179533,38.91257234925254,0.001,3.55360638717065,0.0013901423730840108,69.15882716113802,100,100
ENSMUSG00000093598,1.503103188885066,363.25008257950475,1.0,0.001,4.847390431242208,0.0010000004014592717,0.059326859108834354,100,100
ENSMUSG00000093599,0.001,66.84427540036525,1.0,0.001,0.001,0.0017747503990850214,0.09859447829555977,100,100
ENSMUSG00000093606,6.697888991729676,528.6196085467267,1.0,0.001,21.112368325710058,0.0010000000000043494,0.00900370320673312,100,100
ENSMUSG00000093618,0.001,62.31581250733508,1.0,0.001,0.0010000000000000005,0.001775182802584132,0.157448046202187,100,100
ENSMUSG00000093622,0.02259390088288472,20.711036103161494,15.066742235207027,0.001,8.470767063295037,0.0012141467224457024,28.01090897946144,100,100
ENSMUSG00000093628,0.0035153189958338324,11.459522831816152,22.638819099550066,0.001,0.12714406143756046,0.0024377955609517507,12.809687439382134,100,100
ENSMUSG00000093629,24.547877552006387,705.2435231585887,1.0,0.3953051627479768,45.67416399970795,0.001017937755570002,0.008714801411399044,100,100
ENSMUSG00000093634,0.001,62.31581250733508,1.0,0.001,0.001,0.0016943071558091708,0.26157704333043685,100,100
ENSMUSG00000093637,2.684773051267332,649.196933434762,1.0,0.001,7.752495689488173,0.0010050244713998527,0.11157485769525544,100,100
ENSMUSG00000093639,0.001,62.31581250733508,1.0,0.001,0.0010000000000000005,0.001989434789147181,0.1434384974734953,100,100
ENSMUSG00000093649,0.001,61.88525872635182,1.0,0.001,0.0010000000000000005,0.0016867750360881066,0.11962718360062834,100,100
ENSMUSG00000093650,0.034437223222273716,22.432936021092882,24.546112551828813,0.001,0.19260303292376574,0.060344817736207396,67.18046038389906,100,100
ENSMUSG00000093656,0.001,62.31581250733508,1.0,0.001,0.001,0.0018678368485726005,0.10778050314774608,100,100
ENSMUSG00000093658,0.001,62.31581250733508,1.0,0.001,0.001,0.001996742744102667,0.2196291643402094,100,100
ENSMUSG00000093661,0.1348940463573757,4.2630763160918494,5.412607891337488,0.0518989502565264,0.3998946700462575,0.2786442244537627,4.536219561559259,100,100
ENSMUSG00000093668,0.03240611571564315,7.724033087609408,7.385963556498986,0.002297343293075984,19.56386071694775,0.0010183298979149166,5.313024898935916,100,100
ENSMUSG00000093669,0.001,66.84427540036525,1.0,0.001,0.001,0.0016393185578146311,0.27996487700160866,100,100
ENSMUSG00000093672,0.001,61.259704531272526,1.0,0.001,0.001,0.001568486909651951,0.2767800927987451,100,100
ENSMUSG00000093674,4.639144547505007,9.78009108836815,627.1103583983758,0.001,0.962984915910406,0.2073665913518219,68.15738576773327,100,100
ENSMUSG00000093677,8.337417460231492,1000.0,1.0,0.001,18.14676113815609,0.001000000000009584,0.015890276099796215,100,100
ENSMUSG00000093682,0.001,62.31581250733508,1.0,0.001,0.001,0.0022854292063984646,0.4502437560196123,100,100
ENSMUSG00000093684,0.001,62.31581250733508,1.0,0.001,0.001,0.0018677929787112436,0.14546552164252116,100,100
ENSMUSG00000093686,0.001,61.45463549419866,1.0,0.001,0.001,0.001822609347752936,0.2246411044248166,100,100
ENSMUSG00000093688,0.001,62.31581250733508,1.0,0.001,0.001,0.002168121418450011,0.13437606516563158,100,100
ENSMUSG00000093690,0.001,62.31581250733508,1.0,0.001,0.001,0.0017815438575300305,0.16560338328286853,100,100
ENSMUSG00000093695,8.302773791844396,1000.0,1.0,0.001,20.868619107727568,0.0010024774522177354,0.060337445599196196,100,100
ENSMUSG00000093697,0.001,61.88525872635182,1.0,0.001,0.001,0.0015761766336250833,0.06886341069587376,100,100
ENSMUSG00000093701,0.001,62.31581250733508,1.0,0.001,0.001,0.001820709909987042,0.07351238218305875,100,100
ENSMUSG00000093720,0.05445010070198536,15.566023518352603,13.063909229228617,0.012135787711094735,30.545957849152476,0.0010550331617028442,4.042656128896017,100,100
ENSMUSG00000093726,2.1571940611220364,521.5346265951073,1.0,0.001,4.936573900287085,0.0014234963952917056,0.05591766929990512,100,100
ENSMUSG00000093734,0.001,61.45463549419866,1.0,0.001,0.0010000000000000005,0.0016383227026210638,0.28952488671634735,100,100
ENSMUSG00000093739,0.4282965282830732,103.14966607220127,1.0,0.001,9.300838223368629,0.0010000000053341173,0.16532201536642932,100,100
ENSMUSG00000093744,3.064001335653063,740.182082544854,1.0158708812906911,0.001,7.993383130397164,0.0010062595371738614,0.12437233970158909,100,100
ENSMUSG00000093746,0.6271465480030781,154.92719237319113,1.0725811857353496,0.001,8.104182794146334,0.0010567203607741034,0.0234879931893165,100,100
ENSMUSG00000093749,0.001,62.31581250733508,1.0,0.001,0.001,0.001400903734376647,0.1413194225295977,100,100
ENSMUSG00000093759,0.001,61.259704531272526,1.0,0.001,0.0010000000000000005,0.0018128477616276267,0.3064711841133402,100,100
ENSMUSG00000093765,0.018728429958081872,0.7391304008284009,5.562072271566543,0.001,0.15565518931991584,0.28945448656933714,117.49383861844518,100,100
ENSMUSG00000093768,0.001,62.31581250733508,1.0,0.001,0.001,0.0018763337562047898,0.20330848502042512,100,100
ENSMUSG00000093772,0.001,62.31581250733508,1.0,0.001,0.001,0.001749466818946696,0.32789177881614723,100,100
ENSMUSG00000093773,0.001,62.31581250733508,1.0,0.001,0.0010000000000000005,0.0018321957973448447,0.17797784928158075,100,100
ENSMUSG00000093779,0.001,62.31581250733508,1.0,0.001,0.001,0.0015556565854877834,0.07871983090323495,100,100
ENSMUSG00000093793,4.789758291597378,594.0454806674139,1.0324060797279393,0.001,19.091173132422245,0.001000000000004902,0.0409075043950623,100,100
ENSMUSG00000093805,0.001,62.31581250733508,1.0,0.001,0.001,0.0016016208710914611,0.14279319958976372,100,100
ENSMUSG00000093812,1.9245689565196118,429.88135035989336,1.0,0.001,13.130287296827518,0.0010057332705295174,0.05475753957907055,100,100
ENSMUSG00000093843,0.001,62.31581250733508,1.0,0.001,0.001,0.0022022871286474415,0.13197272119158368,100,100
ENSMUSG00000093858,7.589059031742546,601.5539188195755,1.0,0.001,21.201348019946273,0.0010000000000000581,0.0167103057911279,100,100
ENSMUSG00000093862,3.9276406581767263,942.1623723314058,1.0,0.001,9.981122502287263,0.001035067970814677,0.07890521957993042,100,100
ENSMUSG00000093865,0.001,62.31581250733508,1.0,0.001,0.0010000000000000005,0.0018333256652086727,0.2133027114902522,100,100
ENSMUSG00000093874,0.001,61.024058264401226,1.0,0.001,0.001,0.001695126715515118,0.14780129387247126,100,100
ENSMUSG00000093897,0.001,62.31581250733508,1.0,0.001,0.0010000000000000009,0.001465592464115077,0.08959146407052061,100,100
ENSMUSG00000093904,0.10593228593415825,0.16726578872676648,14.949055558939891,0.038567456089700164,0.30667837559140165,26.491466047556315,321.2923576902953,100,100
ENSMUSG00000093912,3.338165727611042,807.3831051292377,1.0,0.001,10.217136033876038,0.0010888145906869338,0.04500169076850738,100,100
ENSMUSG00000093921,1.457749481852015,407.6017385509011,1.170393506276041,0.001,11.368136222026425,0.001027430123750001,0.0528740528596201,100,100
ENSMUSG00000093924,0.001,62.31581250733508,1.0,0.001,0.001,0.001971605338034433,0.16745831158922958,100,100
ENSMUSG00000093930,0.9870282616375872,8.359408476862953,103.51948441937428,0.7596196039240626,1.3313160277195166,7.641684069918641,19.72548131231453,100,100
ENSMUSG00000093933,0.001,62.31581250733508,1.0,0.001,0.001,0.0016934761136488579,0.23807093089741038,100,100
ENSMUSG00000093938,0.001,62.31581250733508,1.0,0.001,0.001,0.0017231337289703216,0.17036412085196223,100,100
ENSMUSG00000093963,0.001,62.31581250733508,1.0,0.001,0.001,0.0023291011613634513,0.5629790384837501,100,100
ENSMUSG00000093966,0.001,62.31581250733508,1.0,0.001,0.001,0.00168762415895604,0.29017912326076756,100,100
ENSMUSG00000093967,0.001,62.31581250733508,1.0,0.001,0.001,0.0017444361504218631,0.24433439893668238,100,100
ENSMUSG00000093989,0.07586116240645616,17.792540460302053,14.960362116829659,0.001,11.705794033029822,0.0018186139719778556,62.109943380350785,100,100
ENSMUSG00000094018,0.06058576091906625,19.36024707569493,7.940682710333721,0.001,21.107693471086854,0.001,2.031764367300952,100,100
ENSMUSG00000094026,0.001,62.31581250733508,1.0,0.001,0.001,0.0014316300842039825,0.0724300413757187,100,100
ENSMUSG00000094035,0.001,60.60768216058454,1.0,0.001,0.0010000000000000005,0.0016126687535395635,0.18381730712479405,100,100
ENSMUSG00000094050,0.001,62.31581250733508,1.0,0.001,0.001,0.0020303568137098305,0.17568361843248295,100,100
ENSMUSG00000094076,0.001,49.189649470338075,1.0,0.001,0.001,0.0023769507379915278,0.14547811512168352,100,100
ENSMUSG00000094091,0.001,62.31581250733508,1.0,0.001,0.0010000000000000009,0.001953322787710831,0.21075701261432297,100,100
ENSMUSG00000094092,0.001,61.024058264401226,1.0,0.001,0.001,0.0016498276651219133,0.3934479309574529,100,100
ENSMUSG00000094111,0.001,47.47527580399874,1.0,0.001,0.0010000000000000005,0.001752776650598845,0.14376861868324023,100,100
ENSMUSG00000094131,0.001,62.31581250733508,1.0,0.001,0.0010000000000000005,0.0015478841455035326,0.1614244687537019,100,100
ENSMUSG00000094152,2.3992539462854334,631.6350691373558,1.0917831779394422,0.001,7.524123518879866,0.0011143266127169647,0.05672240352358068,100,100
ENSMUSG00000094158,0.001,62.31581250733508,1.0,0.001,0.001,0.0014775496743282847,0.18949162939887992,100,100
ENSMUSG00000094185,0.001,56.07238254938317,1.0,0.001,0.0010000000000000009,0.001947126312910903,0.12357820729247453,100,100
ENSMUSG00000094191,0.001,13.596412732960566,1.0,0.001,0.001,0.01996384177613529,2.9811421850412527,100,100
ENSMUSG00000094226,0.001,62.31581250733508,1.0,0.001,0.001,0.001594054004695874,0.1108955598136532,100,100
ENSMUSG00000094244,0.001,62.31581250733508,1.0,0.001,0.001,0.0021359940279782816,0.18175790355199686,100,100
ENSMUSG00000094245,0.03136178944511978,12.083475265028405,11.519762846059958,0.001,13.176459507147337,0.0013653917656063857,30.62095008132297,100,100
ENSMUSG00000094249,0.001,62.31581250733508,1.0,0.001,0.001,0.0015030309460490302,0.1967851458697848,100,100
ENSMUSG00000094256,2.438024188601291,474.69830630420785,1.0,0.001,10.313975635503954,0.0010000000418493422,0.05106282953450633,100,100
ENSMUSG00000094281,8.251571218479453,999.9999998837994,1.0220436524368444,0.001,17.03032507899938,0.001,0.03555628454000373,100,100
ENSMUSG00000094282,0.001,62.31581250733508,1.0,0.001,0.001,0.0017358556619049294,0.08683608220201305,100,100
ENSMUSG00000094306,0.001,66.84427540036525,1.0,0.001,0.001,0.001729264157292203,0.16333216388977367,100,100
ENSMUSG00000094320,0.12399655697341114,0.16357067267997225,12.078298294184593,0.001,21.07211833556008,0.16685678523359904,12003.535387409418,100,100
ENSMUSG00000094338,0.001,59.75744064589286,1.0,0.001,0.0010000000000000005,0.0022630644495785636,0.16238614072941424,100,100
ENSMUSG00000094344,0.03882825229975188,0.13541276517432688,2.6816462695845975,0.001,0.2557216074753113,1.9772512220622716,1007.4306186528347,100,100
ENSMUSG00000094365,1.503103188885066,363.25008257950475,1.0,0.001,8.302201291085781,0.0010578389283370702,0.022491586162314968,100,100
ENSMUSG00000094372,0.001,62.31581250733508,1.0,0.001,0.0010000000000000009,0.0019914429545506646,0.16549145927254433,100,100
ENSMUSG00000094374,0.001,62.31581250733508,1.0,0.001,0.001,0.0020052336347407907,0.13659453121314719,100,100
ENSMUSG00000094377,0.001,66.84427540036525,1.0,0.001,0.0010000000000000009,0.0017312422585973157,0.19447362506170512,100,100
ENSMUSG00000094382,0.001,66.84427540036525,1.0,0.001,0.001,0.001728964250989048,0.23649274673368675,100,100
ENSMUSG00000094405,0.001,61.674132606755,1.0,0.001,0.0010000000000000005,0.0015097059657671762,0.24196150699429525,100,100
ENSMUSG00000094410,6.763224930014999,760.3593773640611,1.0,0.001,13.358615970258874,0.0010000000000216724,0.013103300833271745,100,100
ENSMUSG00000094417,0.001,54.565350386356194,1.0,0.001,0.0010000000000000007,0.0016555096926544762,0.6082508238415731,100,100
ENSMUSG00000094430,0.001,62.31581250733508,1.0,0.001,0.001,0.0017219420597079415,0.3019158441433157,100,100
ENSMUSG00000094439,0.001,62.31581250733508,1.0,0.001,0.001,0.0016793377852322975,0.31561720841999746,100,100
ENSMUSG00000094441,10.818905292402992,922.8213650258346,1.022022537427876,0.001,23.468481441447654,0.001,0.020398550008866114,100,100
ENSMUSG00000094443,0.001,62.31581250733508,1.0,0.001,0.001,0.0015169517535170924,0.08420739052019785,100,100
ENSMUSG00000094456,0.001,62.31581250733508,1.0,0.001,0.001,0.0016223444501023937,0.07284713046521737,100,100
ENSMUSG00000094462,0.001,62.31581250733508,1.0,0.001,0.0010000000000000005,0.0017303822045983117,0.20204075964736185,100,100
ENSMUSG00000094483,0.9262988733135128,1.0160699292725441,10.765118060669781,0.46118004817781644,2.8941009980159675,1.7976135556419686,35.06955424493784,100,100
ENSMUSG00000094487,0.001,66.84427540036525,1.0,0.001,0.0010000000000000009,0.0017042178107552286,0.22129656435464343,100,100
ENSMUSG00000094500,0.001,62.31581250733508,1.0,0.001,0.001,0.0017941020825291557,0.19930979883136474,100,100
ENSMUSG00000094526,0.001,16.685594492980314,1.0,0.001,0.001,0.007808567396073475,0.7981228945099306,100,100
ENSMUSG00000094530,1.4101222451867366,332.3056156649762,2627.895782920853,1.0008175626763842,4.629718339171179,2.1644296740662794,13.483041234445277,100,100
ENSMUSG00000094551,0.001,61.45463549419866,1.0,0.001,0.001,0.0019768323599676616,0.21670273231247317,100,100
ENSMUSG00000094557,0.001,59.94762576822368,1.0,0.001,0.001,0.0017613344318408645,0.185547952988463,100,100
ENSMUSG00000094559,0.001,62.31581250733508,1.0,0.001,0.001,0.0018979929961587937,0.22229783479493592,100,100
ENSMUSG00000094594,1.9045217513824932,422.29636051512557,1.0,0.001,11.08154052121316,0.001011279030386985,0.06772671436255914,100,100
ENSMUSG00000094595,7.802948220448979,999.9909011467755,1.081401998551399,0.001,14.95973895125574,0.0010000000000165016,0.01313060390443711,100,100
ENSMUSG00000094626,0.001,62.31581250733508,1.0,0.001,0.0010000000000000005,0.0014517810638919547,0.17619090868372597,100,100
ENSMUSG00000094638,0.001,62.31581250733508,1.0,0.001,0.001,0.0018883327295468558,0.11347286492960913,100,100
ENSMUSG00000094649,1.3185553849482623,315.95047008738493,1.0,0.001,8.369928623919755,0.0010000147764402897,0.08731437036712125,100,100
ENSMUSG00000094650,0.001,61.88525872635182,1.0,0.001,0.001,0.0018549392807340223,0.1482760632539578,100,100
ENSMUSG00000094685,0.04852642611143181,2.3259006977025964,15.732205980992925,0.001,0.09418473977945872,2.2945737078839747,569.3843980206398,100,100
ENSMUSG00000094690,0.001,61.024058264401226,1.0,0.001,0.001,0.0015677212462241726,0.19462179635200924,100,100
ENSMUSG00000094707,0.001,57.620632314225304,1.0,0.001,0.0010000000000000009,0.0018075405722483315,0.22137528135334567,100,100
ENSMUSG00000094708,0.001,26.146860644809973,1.0,0.001,0.001,0.0029118391400928274,0.22350099723069794,100,100
ENSMUSG00000094724,0.018393286912218632,0.29719495545301716,36.04813484016385,0.001,0.05873647516460262,0.030310442421684673,965.9721857213881,100,100
ENSMUSG00000094772,0.001,60.60768216058454,1.0,0.001,0.001,0.002021184400113909,0.2031881060664283,100,100
ENSMUSG00000094786,0.001,29.591526067745058,1.0,0.001,0.001,0.004280271050857232,0.3667485724558497,100,100
ENSMUSG00000094820,0.001,62.31581250733508,1.0,0.001,0.001,0.0017289805466905784,0.47293191688275854,100,100
ENSMUSG00000094824,0.001,62.31581250733508,1.0,0.001,0.0010000000000000005,0.0016687023452476148,0.27578124349793004,100,100
ENSMUSG00000094842,0.001,62.31581250733508,1.0,0.001,0.0010000000000000009,0.0013986579068824044,0.9045836481653775,100,100
ENSMUSG00000094845,8.4051703157967,999.9999999940087,1.0,0.001,20.551183864459645,0.0010000000000023805,0.02746813471976753,100,100
ENSMUSG00000094870,0.12455744747567003,0.16141471038281738,2.5330605249667,0.0010793066323294292,0.6942120091392884,1.7057711370138224,2024.6931299201406,100,100
ENSMUSG00000094910,0.030167988168778893,22.748174533843518,36.98973587775388,0.001,4.924151385859095,0.0015783136199728931,73.57884522631889,100,100
ENSMUSG00000094926,0.001,62.31581250733508,1.0,0.001,0.0010000000000000005,0.0015493003198950605,0.32374337926437236,100,100
ENSMUSG00000094936,0.08313126052342099,17.36513339298954,16.934878240879463,0.001,25.217720851068872,0.001545507006844624,15.309850863536674,100,100
ENSMUSG00000094940,0.001,62.31581250733508,1.0,0.001,0.001,0.0018990805056827952,0.1205601254770439,100,100
ENSMUSG00000094942,0.001,60.60768216058454,1.0,0.001,0.0010000000000000009,0.0016390656175304147,0.13104214129590708,100,100
ENSMUSG00000094952,0.001,62.31581250733508,1.0,0.001,0.001,0.001643285608697769,0.11640807169595355,100,100
ENSMUSG00000094955,nan,nan,nan,nan,nan,nan,nan,0,0
ENSMUSG00000094958,0.001,61.88525872635182,1.0,0.001,0.001,0.0017776742635352998,0.10713466446848621,100,100
ENSMUSG00000094969,0.001,62.31581250733508,1.0,0.001,0.001,0.0016175274135179754,0.22569371023977874,100,100
ENSMUSG00000094973,0.001,53.96529354175793,1.0,0.001,0.001,0.0020049479463644885,0.12594418412441863,100,100
ENSMUSG00000094983,0.001,62.31581250733508,1.0,0.001,0.001,0.0019403483602890986,0.16283136657134695,100,100
ENSMUSG00000094995,0.001,62.31581250733508,1.0,0.001,0.001,0.0015801154541735187,0.12851495383892078,100,100
ENSMUSG00000095000,0.001,62.31581250733508,1.0,0.001,0.001,0.0017355240593083985,0.1569508278668706,100,100
ENSMUSG00000095026,0.001,62.31581250733508,1.0,0.001,0.001,0.0015914065197216035,0.1819329773643838,100,100
ENSMUSG00000095040,8.300510190207163,999.9999999999955,1.0,0.001,14.850524931895853,0.0010119500277112167,0.025847173386070607,100,100
ENSMUSG00000095042,0.001,13.515193736555084,1.0,0.001,0.001,0.019624030774883096,2.6624566781500665,100,100
ENSMUSG00000095061,0.001,61.674132606755,1.0,0.001,0.001,0.0019217830553112315,0.06890712863406624,100,100
ENSMUSG00000095068,0.001,62.31581250733508,1.0,0.001,0.001,0.0019569637101532022,0.09598977212119089,100,100
ENSMUSG00000095097,0.001,62.31581250733508,1.0,0.001,0.001,0.001498386873038641,0.45492726528396876,100,100
ENSMUSG00000095098,0.020723542876117353,14.857685894892464,35.22418471063659,0.001,0.09272219719476363,0.01185226147103624,165.77978055671252,100,100
ENSMUSG00000095105,7.224710687762515,868.7310955314606,1.0,0.001,13.470536814735505,0.0010000867930777466,0.014237288750041939,100,100
ENSMUSG00000095111,0.001,62.31581250733508,1.0,0.001,0.0010000000000000009,0.0018145345319671813,0.20664151276230058,100,100
ENSMUSG00000095115,4.389729625535489,323.91404476092043,1069.7014230892266,3.2730693320108504,6.986527592190988,1.9943298883199359,5.016875782352802,100,100
ENSMUSG00000095121,0.001,62.31581250733508,1.0,0.001,0.001,0.001921134127939845,0.09154560445988469,100,100
ENSMUSG00000095123,0.0825640990725552,16.811111515750707,16.263457314797705,0.0059355468468768584,34.9699652928592,0.0012583590197362718,17.036559397078953,100,100
ENSMUSG00000095126,0.001,66.84427540036525,1.0,0.001,0.001,0.0013685935644862832,0.14822898995458528,100,100
ENSMUSG00000095159,0.03790117886740292,12.227222124872322,21.002321496130392,0.001,0.17164224958994612,0.1795225766827735,117.80142290954359,100,100
ENSMUSG00000095174,0.001,62.31581250733508,1.0,0.001,0.0010000000000000005,0.0020671788152959755,0.11778622581495604,100,100
ENSMUSG00000095193,0.1378980388040746,2.21647267570961,1.0,0.03831772485522187,35.109018522169364,0.0012622997481593484,1.1368745651893268,100,100
ENSMUSG00000095205,0.001,66.84427540036525,1.0,0.001,0.001,0.0021063239406456397,0.3194386781763009,100,100
ENSMUSG00000095217,4.185987715338416,1000.0,1.0,0.001,11.96673710533068,0.0010212562737869323,0.09609364961223851,100,100
ENSMUSG00000095248,0.001,62.31581250733508,1.0,0.001,0.001,0.0021658681649625315,0.49336828296565616,100,100
ENSMUSG00000095253,0.22005700189071306,1.9822630676141975,2.657600576401243,0.001,0.5094991992771934,0.5753779886030084,385.0972822104874,100,100
ENSMUSG00000095262,0.001,62.31581250733508,1.0,0.001,0.0010000000000000005,0.0017020325053736206,0.7977712551070155,100,100
ENSMUSG00000095278,3.7527234189033947,450.0677979863064,1.0,0.001,15.226609232521007,0.001,0.010712947789428804,100,100
ENSMUSG00000095280,0.001,61.88525872635182,1.0,0.001,0.001,0.0022320427506600875,0.15573539015892235,100,100
ENSMUSG00000095281,0.001,62.31581250733508,1.0,0.001,0.001,0.0017242161479774866,0.5126745042625637,100,100
ENSMUSG00000095288,1.8046391715335335,4.354782213972704,27.649964452040358,0.8671428706863616,4.85006210187939,1.6884673835632102,21.842195481310988,100,100
ENSMUSG00000095297,0.001,62.31581250733508,1.0,0.001,0.001,0.0017161015047280357,0.12916420231723436,100,100
ENSMUSG00000095315,32.98435666024754,315.39695992564236,1.0,0.001,96.90137038846626,0.0011078710893277523,0.13034362982809544,100,100
ENSMUSG00000095325,0.19989353233418328,0.37800467319014547,1.2394256899549874,0.001,1.0415894647731048,0.4111749843134487,969.648919952384,100,100
ENSMUSG00000095332,0.001,61.88525872635182,1.0,0.001,0.0010000000000000005,0.0019014419113247143,0.1645886554165973,100,100
ENSMUSG00000095361,0.001,61.259704531272526,1.0,0.001,0.001,0.0016567751948187376,0.2819128676983559,100,100
ENSMUSG00000095362,0.001,24.20923298180179,1.0,0.001,0.001,0.004708877242590287,0.8387079431055793,100,100
ENSMUSG00000095377,0.001,62.31581250733508,1.0,0.001,0.001,0.0022540312681066962,0.07628386754261869,100,100
ENSMUSG00000095385,14.738504967440019,490.0652685924068,1.0,0.922931783349751,39.09823589403936,0.0010325086083628203,0.010241045025400403,100,100
ENSMUSG00000095396,0.001,62.31581250733508,1.0,0.001,0.001,0.0017370181689950448,0.15585763824035642,100,100
ENSMUSG00000095403,0.010189259799572156,14.857912429459848,80.22105908794278,0.001,0.05039654019890548,0.006184529869453565,181.67499207087724,100,100
ENSMUSG00000095432,0.13463914862411666,1.9765210262472195,2.6143421986683997,0.021047298965651544,0.8249144690334516,0.1407006463561651,5.588676418076181,100,100
ENSMUSG00000095438,3.9276406581767263,942.1623723314058,1.0,0.001,7.311701133665681,0.0010177333527421131,0.021154181502213133,100,100
ENSMUSG00000095440,0.001,0.002856644540716687,1.6809954313844182,0.001,0.3411985562862186,1.2616442894690811,726.9168041042917,100,100
ENSMUSG00000095477,0.001,62.31581250733508,1.0,0.001,0.001,0.0018954726662087236,0.21171615429061297,100,100
ENSMUSG00000095493,0.09120236799882951,18.527915892223284,11.127991803861821,0.001,1.8149841469301662,0.002445282160208997,15.235122702438847,100,100
ENSMUSG00000095524,0.001,0.003526092798222738,34.62850892637019,0.001,0.04055552151523061,0.019543151478893895,25777.43702091663,100,100
ENSMUSG00000095526,nan,nan,nan,nan,nan,nan,nan,0,0
ENSMUSG00000095530,0.001,62.31581250733508,1.0,0.001,0.001,0.001778581685010578,0.2338607821943535,100,100
ENSMUSG00000095531,0.001,62.31581250733508,1.0,0.001,0.001,0.00147740905823413,0.4188585491155851,100,100
ENSMUSG00000095538,0.001,61.88525872635182,1.0,0.001,0.001,0.0018727312079555329,0.22274162504054917,100,100
ENSMUSG00000095541,0.001,62.31581250733508,1.0,0.001,0.001,0.0016765431272012655,0.19777470571382263,100,100
ENSMUSG00000095555,0.001,62.31581250733508,1.0,0.001,0.001,0.001845172262448401,0.2839669396791308,100,100
ENSMUSG00000095567,2.962055305218177,421.0517340673616,478.0251159291034,1.595541239550092,5.395905842495736,0.656703778118916,3.603960462970099,100,100
ENSMUSG00000095576,0.001,62.31581250733508,1.0,0.001,0.001,0.0016684633220185262,0.12638530227667735,100,100
ENSMUSG00000095588,0.001,13.515193736555084,1.0,0.001,0.001,0.02401257705886604,3.1746126817340494,100,100
ENSMUSG00000095595,0.001,52.62771755854346,1.0,0.001,0.001,0.00189215646104662,0.22672092245520117,100,100
ENSMUSG00000095596,0.001,62.31581250733508,1.0,0.001,0.001,0.0017994141826322995,0.5675470726755812,100,100
ENSMUSG00000095615,0.001,62.31581250733508,1.0,0.001,0.0010000000000000009,0.0017802422711910115,0.19600515307872557,100,100
ENSMUSG00000095616,3.338165727611042,807.3831051292377,1.0,0.001,12.506426741838803,0.001,0.15794795457174227,100,100
ENSMUSG00000095635,1.4275905501715376,345.13246017114864,1.0,0.001,10.152081411808021,0.0010000000000622029,0.07497874787022667,100,100
ENSMUSG00000095651,0.0034826880560710665,11.116057974098004,33.12602386357397,0.001,0.11679985344212766,0.0020298703345128987,16.892668725357723,100,100
ENSMUSG00000095676,0.001,66.84427540036525,1.0,0.001,0.001,0.0015614667706216048,0.06536658748530183,100,100
ENSMUSG00000095677,0.5392572701036992,1.4769008163750281,64.66818209997163,0.3889994055598839,1.1013606583651518,17.36936062239903,61.08892988385705,100,100
ENSMUSG00000095687,0.001,0.010132005099027773,14.15858365549325,0.001,0.012813320774308308,0.013986954191264639,3824.064750865618,100,100
ENSMUSG00000095690,0.001,13.990984787371328,1.0,0.001,0.001,0.01684494057756289,1.3791096789863693,100,100
ENSMUSG00000095766,0.001,61.45463549419866,1.0,0.001,0.001,0.001977212407799769,0.1443395046085746,100,100
ENSMUSG00000095789,4.57543118463027,546.2831714175368,1.0,0.001,15.846886259062792,0.0010000000000594533,0.016354857655374127,100,100
ENSMUSG00000095826,0.001,62.31581250733508,1.0,0.001,0.001,0.0016168210107799523,0.7518445935738537,100,100
ENSMUSG00000095836,4.250653998017858,511.69665790319436,1.0,0.001,16.743382118203172,0.001,0.023307787495489236,100,100
ENSMUSG00000095845,7.899330718867067,631.442957738843,1.0,0.001,16.74567851576808,0.001,0.02316000416682936,100,100
ENSMUSG00000095847,nan,nan,nan,nan,nan,nan,nan,0,0
ENSMUSG00000095851,0.001,62.31581250733508,1.0,0.001,0.001,0.0017723932965403523,0.4275231349428893,100,100
ENSMUSG00000095868,0.31964265353122884,34.68920796569723,9.544985781012075,0.001,62.93936848220738,0.0011894907984324808,1.0836161595086984,100,100
ENSMUSG00000095878,0.001,62.31581250733508,1.0,0.001,0.0010000000000000005,0.0015104786630535463,0.2304946036706835,100,100
ENSMUSG00000095892,0.17142578668222996,2.5854880124516453,1.0,0.02997861783805859,34.51835202357669,0.001113281829456789,1.6297965190793593,100,100
ENSMUSG00000095895,0.001,66.84427540036525,1.0,0.001,0.001,0.0022012552231276024,0.3170986872571782,100,100
ENSMUSG00000095913,0.001,66.84427540036525,1.0,0.001,0.0010000000000000005,0.001868546453697942,0.17811554717704797,100,100
ENSMUSG00000095930,0.07965541768878201,0.8723290513844036,3.0593414892998294,0.009415202195694625,0.2652124437053338,0.7454732597038288,36.50714119608149,100,100
ENSMUSG00000095940,0.001,59.52330063774062,1.0,0.001,0.001,0.0016805822789509282,0.25693409265739164,100,100
ENSMUSG00000095943,0.001,62.31581250733508,1.0,0.001,0.0010000000000000005,0.0018783556101535754,0.24042917597045863,100,100
ENSMUSG00000095977,0.04675599099559755,15.874745917665594,18.01847679058982,0.0024175847549660597,22.52711250559029,0.0011163059565777944,5.876413528485916,100,100
ENSMUSG00000095990,0.16168926003033895,13.798750513918469,28.164424078334477,0.001,0.2375170260396265,1.2860866639846211,498.0150175041307,100,100
ENSMUSG00000096001,0.022794083299950876,18.13066794575698,109.11180381774565,0.001,7.287144415150699,0.0019797892084361603,118.69217654593038,100,100
ENSMUSG00000096010,0.1649906583348907,17.872251459310952,4.115943615798733,0.001,34.452648968038346,0.001021479386884802,1.150959498819228,100,100
ENSMUSG00000096033,0.001,62.31581250733508,1.0,0.001,0.001,0.0016830157567931168,0.16037093361196614,100,100
ENSMUSG00000096035,0.001,62.31581250733508,1.0,0.001,0.001,0.0013148050179935442,0.15601992916683,100,100
ENSMUSG00000096052,0.001,61.024058264401226,1.0,0.001,0.001,0.0018934313126828706,0.3377516354451354,100,100
ENSMUSG00000096054,0.5541227401024207,1.821335936308696,7.602004730586096,0.3050569728112551,0.8934787093484624,2.2418069670646186,9.40470310294512,100,100
ENSMUSG00000096056,0.016761054990868548,2.0744155683293903,3.111461856626907,0.001,16.265891009263864,0.0010418183906155207,11.186039276722068,100,100
ENSMUSG00000096085,0.001,62.31581250733508,1.0,0.001,0.001,0.0015871484542340141,0.1805038317641004,100,100
ENSMUSG00000096086,0.001,62.31581250733508,1.0,0.001,0.001,0.0016541610984064914,0.14022460734810432,100,100
ENSMUSG00000096094,0.001,66.84427540036525,1.0,0.001,0.0010000000000000005,0.0018504102276296508,0.2393549444080214,100,100
ENSMUSG00000096107,0.001,62.31581250733508,1.0,0.001,0.001,0.0016039125165927,0.06493151668863596,100,100
ENSMUSG00000096111,0.001,66.84427540036525,1.0,0.001,0.0010000000000000009,0.0017574332675136541,0.07611623276213647,100,100
ENSMUSG00000096112,0.001,61.674132606755,1.0,0.001,0.001,0.0015024483317792213,0.07771308004397942,100,100
ENSMUSG00000096140,0.001,62.31581250733508,1.0,0.001,0.001,0.001637073531779536,0.4918109125996123,100,100
ENSMUSG00000096141,0.001,61.88525872635182,1.0,0.001,0.001,0.0016937869800562528,0.5534101662700548,100,100
ENSMUSG00000096144,2.1571940611220364,521.5346265951073,1.0,0.001,9.21904240486337,0.0010000000000631388,0.04953419523041065,100,100
ENSMUSG00000096145,1.671297302629921,364.72786634074794,2035.9459465458401,1.3257898480376158,2.4698803009998493,3.630449289229065,7.622326558430888,100,100
ENSMUSG00000096157,0.001,61.674132606755,1.0,0.001,0.0010000000000000005,0.0018332607497030856,0.22363165589631662,100,100
ENSMUSG00000096163,0.001,62.31581250733508,1.0,0.001,0.001,0.0018669690902747907,0.2223437746612949,100,100
ENSMUSG00000096171,0.001,59.75744064589286,1.0,0.001,0.001,0.0016820559727996297,0.08598279897875999,100,100
ENSMUSG00000096174,0.001,62.31581250733508,1.0,0.001,0.001,0.0016261660917587166,0.06989773394383066,100,100
ENSMUSG00000096177,0.04143338878477591,19.671911171869407,10.373531698888227,0.001,14.559011233096637,0.0010276675197856697,18.451302084412255,100,100
ENSMUSG00000096188,0.5373584438357779,1.4211497290999358,6.456277763889812,0.22745918809885418,0.9910378441981571,1.981517274488737,14.58775332423358,100,100
ENSMUSG00000096192,0.001,62.31581250733508,1.0,0.001,0.001,0.0017619941844676146,0.13998049502733412,100,100
ENSMUSG00000096195,0.001,62.31581250733508,1.0,0.001,0.0010000000000000005,0.0016474323802141036,0.2720421335736294,100,100
ENSMUSG00000096199,0.8286021229555445,1.010260717278903,4.132389042155652,0.3513390752455289,2.2170635025449226,0.9362333263843843,16.288826336932544,100,100
ENSMUSG00000096205,0.001,66.84427540036525,1.0,0.001,0.0010000000000000009,0.001730761678269546,0.24154878212037012,100,100
ENSMUSG00000096210,0.8161970333165899,44.420905071345054,313.3024501973645,0.6466414463729255,0.9837362251397908,5.566624736381877,9.77717407930291,100,100
ENSMUSG00000096214,0.001,62.31581250733508,1.0,0.001,0.001,0.0014720399510193734,0.22334798568526615,100,100
ENSMUSG00000096215,0.003187314744809363,11.008311262188817,28.254790821369774,0.001,0.059306393069725266,0.0017092465591911927,13.56788635784146,100,100
ENSMUSG00000096221,0.28168671174201687,8.697864427555405,9.431829867534963,0.09104662675742889,0.5248769352007346,0.4946901598631567,4.634954582950048,100,100
ENSMUSG00000096243,0.001,66.84427540036525,1.0,0.001,0.001,0.0019652289211844055,0.21734513372932468,100,100
ENSMUSG00000096255,0.04340095765673679,0.19362720122823288,20.03335230931214,0.001,0.18864689285059505,0.10017767975046786,9183.06146460282,100,100
ENSMUSG00000096257,0.8851908330809943,212.44662419193685,1.0,0.001,10.542447141838718,0.0010000000000345815,0.0360604726904921,100,100
ENSMUSG00000096280,1.8855242048223924,454.9597606392765,1.0,0.001,11.15197851520532,0.0010000001912209957,0.04512225232382905,100,100
ENSMUSG00000096296,0.001,61.45463549419866,1.0,0.001,0.0010000000000000009,0.0016841810329759823,0.32058403973605076,100,100
ENSMUSG00000096299,0.001,66.84427540036525,1.0,0.001,0.0010000000000000007,0.0015359545576904207,0.18479428302076686,100,100
ENSMUSG00000096316,0.001,62.31581250733508,1.0,0.001,0.001,0.0018810973924914074,0.14741342431902393,100,100
ENSMUSG00000096330,0.001,62.31581250733508,1.0,0.001,0.001,0.0022860459140702474,0.4259703163447573,100,100
ENSMUSG00000096346,0.001,62.31581250733508,1.0,0.001,0.0010000000000000005,0.0016924269869998492,0.258374759267748,100,100
ENSMUSG00000096351,28.3699736588313,737.088153821062,1.0,2.4607879445570164,48.62804710057849,0.0010389356803625494,0.009004243476926698,100,100
ENSMUSG00000096370,0.11308392389388684,18.025220428854745,7.799027251500081,0.010928195717063037,26.901973160183474,0.0012195388772234545,2.9325810538752966,100,100
ENSMUSG00000096401,0.7718333128364971,7.900161057826068,16.601417084248848,0.26140329372815246,1.3554046984318986,1.0863387433894034,10.38006880723217,100,100
ENSMUSG00000096415,0.001,61.674132606755,1.0,0.001,0.001,0.0020172967696527808,0.10028913478713938,100,100
ENSMUSG00000096433,0.05177872294333586,2.115917040801022,4.46626578370599,0.001,0.6830355509703439,0.04401863802327034,76.79854759831382,100,100
ENSMUSG00000096449,1.5931856990898816,1.3051773576358496,5.5026980830239935,0.41624550482931255,7.700801800061333,0.4057319153322884,42.41663430137638,100,100
ENSMUSG00000096458,0.9868603548697216,34.81010754333138,7.0731941845029604,0.2420279575414762,86.90852776251123,0.003216082004418875,1.0062200119635822,100,100
ENSMUSG00000096472,0.48018738839846586,61.54912290450446,97.86265323037307,0.1874840644450404,0.8579613335256759,0.8420384572605366,6.0799045546971975,100,100
ENSMUSG00000096474,0.001,46.599541208996975,1.0,0.001,0.001,0.0022257954583792,0.19505189968822462,100,100
ENSMUSG00000096517,0.001,61.45463549419866,1.0,0.001,0.001,0.0016204752025314351,0.28037624769513564,100,100
ENSMUSG00000096546,0.001,62.31581250733508,1.0,0.001,0.001,0.0014019534851124143,0.07128007635943899,100,100
ENSMUSG00000096549,2.66909052794605,634.7305162144502,1.0,0.001,6.525610100699807,0.001107938039978224,0.09208756734432683,100,100
ENSMUSG00000096553,0.001,62.31581250733508,1.0,0.001,0.001,0.002074738971865878,0.17741248551693517,100,100
ENSMUSG00000096563,0.001,61.024058264401226,1.0,0.001,0.001,0.0016568849049687193,0.24727174769405352,100,100
ENSMUSG00000096579,0.001,60.188376913276144,1.0,0.001,0.001,0.0016812403180184563,0.2510264795593516,100,100
ENSMUSG00000096606,8.408500626624791,999.9999999976774,1.0,0.001,18.481874254490922,0.0010000000000102,0.05673778697858932,100,100
ENSMUSG00000096633,0.001,61.88525872635182,1.0,0.001,0.001,0.001349554895048791,0.20133635823468835,100,100
ENSMUSG00000096647,0.001,47.67601909546025,1.0,0.001,0.001,0.0018064343818776198,0.2762951517467655,100,100
ENSMUSG00000096655,0.001,62.31581250733508,1.0,0.001,0.001,0.0018806672901401135,0.18254449729323988,100,100
ENSMUSG00000096684,0.001,62.31581250733508,1.0,0.001,0.001,0.002033357231715667,0.1534527293969323,100,100
ENSMUSG00000096687,0.29662144597167756,33.378056174404705,15.195557453626964,0.07591173879484177,1.40868220491435,0.08999612036861329,2.359422978644528,100,100
ENSMUSG00000096696,0.031829305487376496,10.099082148987234,24.518210606315005,0.001,0.25618768401912145,0.011313015773239083,131.33875586717764,100,100
ENSMUSG00000096699,0.001,30.022114890022486,1.0,0.001,0.001,0.0028767876165537295,0.6963152303343978,100,100
ENSMUSG00000096712,0.0016461478029562403,0.35205831872747684,5.890331027826697,0.001,0.010988276157266174,0.0035420176600517417,189.43306050841272,100,100
ENSMUSG00000096726,0.001,60.37820284006485,1.0,0.001,0.0010000000000000009,0.0016861859268933015,0.31186196187472004,100,100
ENSMUSG00000096727,0.05030181457746024,0.218389732033449,1.522772187158551,0.001,0.3194641158086298,0.727289277547946,409.61633524855085,100,100
ENSMUSG00000096740,0.3441963113394248,141.1955582001136,96.0848583011779,0.15111399803001094,1.3891316520750645,0.13152885662930908,1.755532479189215,100,100
ENSMUSG00000096751,12.718300755333209,1000.0,1.0,0.001,22.56119169218551,0.001,0.011559044248439475,100,100
ENSMUSG00000096766,0.001,62.31581250733508,1.0,0.001,0.0010000000000000009,0.0015647024247442995,0.1659597958826388,100,100
ENSMUSG00000096780,0.33533343558890877,1.7153309862572874,4.7535901581182705,0.001,0.43563136344975717,2.2140258171196727,1816.1978700221664,100,100
ENSMUSG00000096792,0.001,62.31581250733508,1.0,0.001,0.0010000000000000002,0.001814702299516815,0.12293724438337357,100,100
ENSMUSG00000096798,0.001,62.31581250733508,1.0,0.001,0.001,0.001701594054171707,0.08626385151928964,100,100
ENSMUSG00000096801,0.001,61.88525872635182,1.0,0.001,0.001,0.001794594589674555,0.2582849356767834,100,100
ENSMUSG00000096832,0.001,66.84427540036525,1.0,0.001,0.0010000000000000005,0.0016530837346058298,0.17168209288266328,100,100
ENSMUSG00000096841,0.001,62.31581250733508,1.0,0.001,0.001,0.0018296937637819737,0.5136508515701947,100,100
ENSMUSG00000096847,0.001,61.88525872635182,1.0,0.001,0.001,0.0016779731805468775,0.1971282428585842,100,100
ENSMUSG00000096856,3.4243467578983124,650.0413663148349,1.0,0.001,9.996049559355242,0.0010006090068017891,0.07329038271479639,100,100
ENSMUSG00000096870,0.001,62.31581250733508,1.0,0.001,0.0010000000000000005,0.0014968073631261508,0.15111346372622136,100,100
ENSMUSG00000096872,0.001,62.31581250733508,1.0,0.001,0.0010000000000000005,0.0017881961444710251,0.22580902495977656,100,100
ENSMUSG00000096879,0.001,62.31581250733508,1.0,0.001,0.001,0.0016905259898246927,0.3296919520316483,100,100
ENSMUSG00000096883,0.001,66.84427540036525,1.0,0.001,0.001,0.0017728624521690312,0.14044696908671225,100,100
ENSMUSG00000096910,0.1457798305433406,10.417713307916697,19.84673751233594,0.001,0.23946113197892932,1.1213761917344578,486.24335528526547,100,100
ENSMUSG00000096916,0.13161513007989323,18.075953168872296,8.635102274201335,0.0024014088386209113,10.460521187031404,0.0029325613198206,14.843444317411118,100,100
ENSMUSG00000096917,0.0067954648270297695,16.002129149034925,38.45483273644528,0.001,0.1371631022264201,0.003764920935171381,34.53632389638969,100,100
ENSMUSG00000096919,0.001,62.31581250733508,1.0,0.001,0.001,0.0018955508150943815,0.07735225173109087,100,100
ENSMUSG00000096921,0.001,62.31581250733508,1.0,0.001,0.001,0.0017045091474452382,0.17073589685409613,100,100
ENSMUSG00000096923,0.001,61.88525872635182,1.0,0.001,0.001,0.001671948848763213,0.1609188867535184,100,100
ENSMUSG00000096924,0.001,62.31581250733508,1.0,0.001,0.001,0.0016036209872488418,0.5175440173596693,100,100
ENSMUSG00000096926,1.827408594187776,433.33200259696997,1.0,0.001,8.834239024944708,0.001003271606784927,0.3696268924923403,100,100
ENSMUSG00000096929,0.001,52.84301763644715,1.0,0.001,0.001,0.0020384958047492433,0.15442940957762516,100,100
ENSMUSG00000096932,2.5852839622765096,617.2738366179137,1.0,0.001,8.407486551419279,0.001,0.07162129675911807,100,100
ENSMUSG00000096934,0.001,62.31581250733508,1.0,0.001,0.001,0.0016000472529644223,0.1843111094759936,100,100
ENSMUSG00000096935,0.001,60.60768216058454,1.0,0.001,0.001,0.002075319500555014,0.17195468437612874,100,100
ENSMUSG00000096941,0.08653508685081057,1.5605600093334457,1.0,0.001,37.1724681796137,0.001193991631048426,1.7514013669775523,100,100
ENSMUSG00000096942,0.001,13.147732610051081,1.0,0.001,0.001,0.15419564864661173,9.252948199904722,100,100
ENSMUSG00000096943,0.001,62.31581250733508,1.0,0.001,0.001,0.0017400627115506234,0.162540043600504,100,100
ENSMUSG00000096944,7.903393212160169,629.1269466341928,1.0,0.001,20.944648956873294,0.001,0.017858845361125007,100,100
ENSMUSG00000096945,1.2942464081253242,312.7073817864961,1.0,0.001,9.951708145138374,0.0010000000046806966,0.08078472699039851,100,100
ENSMUSG00000096947,2.961200185399535,721.6290393901162,1.0064427689282454,0.001,12.112059889634065,0.0010000021743073453,0.04854784535442694,100,100
ENSMUSG00000096948,0.001,60.80878088638715,1.0,0.001,0.001,0.001935249100565846,0.14913985324211257,100,100
ENSMUSG00000096949,0.001,62.31581250733508,1.0,0.001,0.001,0.001789837893205142,0.1285362229021648,100,100
ENSMUSG00000096950,0.08733628788893849,18.919720805517056,6.266022776334423,0.001,25.11755276776752,0.001,2.9497106249829526,100,100
ENSMUSG00000096953,15.58285785976081,604.6123422933046,1.0,0.46006622597204305,32.66127022705663,0.0010000000000337471,0.009087656066749446,100,100
ENSMUSG00000096954,5.930146583114515,471.9237150944446,1.0,0.001,17.90590900520632,0.001,0.014580664490614431,100,100
ENSMUSG00000096956,1.8725303843980505,257.47097521038563,535.9730410447553,1.4466415563952593,2.9999252078896324,1.2268332002512952,2.8622877806589493,100,100
ENSMUSG00000096957,0.06486165673495775,19.142595353893203,11.271456091493699,0.0032056381568285664,20.682158955437743,0.001072370782343947,10.69656575186682,100,100
ENSMUSG00000096958,0.001,62.31581250733508,1.0,0.001,0.001,0.0019469203741609652,0.5297056099534647,100,100
ENSMUSG00000096959,0.013683246297288518,20.86704192509994,32.17564461935865,0.001,2.1579135812708756,0.0016765423027855103,44.24714335428601,100,100
ENSMUSG00000096960,0.022783341526522526,20.57299629778721,14.965091314644981,0.001,9.524436175806327,0.0013237518029532004,21.29997053346265,100,100
ENSMUSG00000096964,1.8029215128838363,432.19960906037096,1.0,0.001,7.291145098782566,0.001000000000005906,0.12893042247317044,100,100
ENSMUSG00000096965,0.005822535482724991,0.06324922661160547,13.316571530281417,0.001,0.02959063044455306,0.012571906284977072,1891.9418174269724,100,100
ENSMUSG00000096966,0.001,62.31581250733508,1.0,0.001,0.001,0.0021676623214215126,0.17559458430012892,100,100
ENSMUSG00000096967,12.937343468896366,999.9999999996314,1.0,0.001,21.36953148395753,0.001,0.05259746416132413,100,100
ENSMUSG00000096968,8.296926765839343,999.9999999532419,1.0,0.001,16.15509668351278,0.001000000000015478,0.010285051597250714,100,100
ENSMUSG00000096971,0.16269476715580264,18.089375718040287,4.171267762485096,0.001,33.5766213861356,0.0010012015040203165,1.1157311528516034,100,100
ENSMUSG00000096972,0.17017441685827708,17.992287174847384,4.1216359566072605,0.001,40.83834026252951,0.0010440213301114855,2.199221511312693,100,100
ENSMUSG00000096974,0.1500744271998478,0.5949628720335853,2.100000170468397,0.001,0.36271005159411673,1.1032098775490662,860.8017529477174,100,100
ENSMUSG00000096975,0.4227221169262045,67.11696338668764,12.494922834314268,0.05915814943486828,61.47690630399134,0.0011155644782554356,0.8521598739300347,100,100
ENSMUSG00000096976,0.04069364146579647,19.84540834847669,10.47216439312132,0.0014515368306986872,16.31530687239874,0.001000000006750155,2.2633176995718167,100,100
ENSMUSG00000096977,0.17642814728321105,5.1109311176326235,2.2771887044180708,0.041456774301587423,20.11873248590818,0.002365742616993262,1.5323319409527096,100,100
ENSMUSG00000096981,0.2689071944107445,3.875389959314349,2.7130991793272914,0.025889168853233148,1.2526705311815485,0.08642061628674128,6.207477912126495,100,100
ENSMUSG00000096982,0.001,61.88525872635182,1.0,0.001,0.001,0.0015313973398264325,0.42467138796185644,100,100
ENSMUSG00000096983,0.06171944232291683,42.21071587710466,67.3289612354376,0.017815315429573216,34.67133852323555,0.0014177580147402692,5.981603610597251,100,100
ENSMUSG00000096984,3.378996924848199,37.65984612899827,1.0,0.2617070744773178,88.91665778264786,0.0011099028988364227,0.2983663120118055,100,100
ENSMUSG00000096986,0.001,56.50294908788235,1.0,0.001,0.001,0.0018219122589001754,0.10561485943977342,100,100
ENSMUSG00000096988,0.1250706234058298,2.8424051714820644,2.383216866135987,0.06260531689581081,25.347061886732064,0.01501448509541284,2.0559435021826675,100,100
ENSMUSG00000096990,0.001,62.31581250733508,1.0,0.001,0.001,0.001570406301594095,0.09295589952032506,100,100
ENSMUSG00000096991,0.001,66.84427540036525,1.0,0.001,0.001,0.0016928312425439204,0.21648106452730803,100,100
ENSMUSG00000096992,15.325369797328644,553.7472647669422,1.0,0.001,37.20531059278259,0.001,0.008960437497929522,100,100
ENSMUSG00000096993,0.010786874996066448,20.270517606824505,23.090790987469482,0.001,8.140863509123204,0.0010200415335469052,5.063959244464035,100,100
ENSMUSG00000096995,0.08384113096220647,18.67170352351257,9.385899920932882,0.001,27.948493659947765,0.0012827611814282295,17.30029065577861,100,100
ENSMUSG00000096996,0.001,62.31581250733508,1.0,0.001,0.001,0.0020807560919344674,0.08289797079847216,100,100
ENSMUSG00000097002,0.033604324002991535,20.88505839462576,18.080891186880653,0.001,7.637202743362444,0.0013425668861134382,31.86122411145946,100,100
ENSMUSG00000097003,0.001,66.84427540036525,1.0,0.001,0.001,0.0017935972266348696,0.16111614182962958,100,100
ENSMUSG00000097004,6.023895806761922,469.36140891843087,1.0,0.001,20.09427087520031,0.001,0.008913656828891645,100,100
ENSMUSG00000097005,0.001,62.31581250733508,1.0,0.001,0.0010000000000000005,0.001546539657859511,0.2470003241609993,100,100
ENSMUSG00000097006,0.032364018606674046,6.527343886062528,6.265798756540185,0.008799176129583329,19.323802452672986,0.001026469954745062,3.7672375606752775,100,100
ENSMUSG00000097007,1.827408594187776,433.33200259696997,1.0,0.001,7.590934145353289,0.0010064981242872868,0.14977748251077194,100,100
ENSMUSG00000097008,0.001,62.31581250733508,1.0,0.001,0.001,0.0017353456481056877,0.16301926268419026,100,100
ENSMUSG00000097011,0.06452737798460287,7.413237987762057,6.818936570339438,0.001,31.850446727288958,0.0011557869384879874,4.0844074626031315,100,100
ENSMUSG00000097013,0.1656588662673191,39.53920567850924,1.0,0.001,8.474585013286053,0.0012098432489184292,0.048660011853919966,100,100
ENSMUSG00000097014,0.001,61.674132606755,1.0,0.001,0.001,0.001535954402775212,0.3000079871600009,100,100
ENSMUSG00000097015,0.05226583130360753,19.246614143828843,25.197325085483627,0.001,0.24767557597285267,0.28571924557706985,108.98928099596898,100,100
ENSMUSG00000097016,0.001,62.31581250733508,1.0,0.001,0.001,0.0018186713815049346,0.19204794563270242,100,100
ENSMUSG00000097017,12.286316001685336,1000.0,1.0256206587331274,0.001,21.19786766083967,0.001,0.011564684807113089,100,100
ENSMUSG00000097019,0.001,66.84427540036525,1.0,0.001,0.001,0.001744758662660711,0.12181868946319822,100,100
ENSMUSG00000097021,1.5409586744888182,369.11848257209584,1.0,0.001,8.139867211052065,0.0011509368401272503,0.07204981644459732,100,100
ENSMUSG00000097022,3.056214351663582,736.0513408990713,1.0,0.001,8.155380193421687,0.0010000003749367048,0.038334663976800104,100,100
ENSMUSG00000097023,0.001,62.31581250733508,1.0,0.001,0.001,0.0014995034030852114,0.6077656911244249,100,100
ENSMUSG00000097025,0.001,61.45463549419866,1.0,0.001,0.001,0.001894043684193348,0.25470448894403025,100,100
ENSMUSG00000097027,0.24188601428853174,31.365536413698027,19.217111489566854,0.002419779159572669,0.6957949227813411,0.22953985988527842,86.68395905576497,100,100
ENSMUSG00000097028,0.1261466617815205,2.517486084864942,1.6331320421536584,0.001,1.1145991995502318,0.0024434196588264023,6.802167744197713,100,100
ENSMUSG00000097030,0.001,61.45463549419866,1.0,0.001,0.001,0.0019469741289501973,0.30902402537448365,100,100
ENSMUSG00000097032,5.547081646685255,763.6246835374272,1.1712018174596952,0.001,13.716188578097562,0.0010000441715519847,0.02639234038098172,100,100
ENSMUSG00000097033,0.001,62.31581250733508,1.0,0.001,0.001,0.0021575253587419125,0.07240134184899015,100,100
ENSMUSG00000097035,0.001,62.31581250733508,1.0,0.001,0.001,0.0019006686392699745,0.0946884493930463,100,100
ENSMUSG00000097036,0.001,62.31581250733508,1.0,0.001,0.001,0.0020741913446643344,0.11417665339917782,100,100
ENSMUSG00000097039,0.7347563667155991,0.4728492885035948,3.86608132622729,0.15195400343172683,4.350967768935312,0.5810041228835885,61.355185511628,100,100
ENSMUSG00000097040,0.001,62.31581250733508,1.0,0.001,0.001,0.0017516422724401291,0.1705027935096512,100,100
ENSMUSG00000097042,2.5223598008872856,36.73527084012719,1.2270199040267218,0.24052643735247603,80.20591771173895,0.0011162129890855011,0.26779523387961124,100,100
ENSMUSG00000097045,0.001,62.31581250733508,1.0,0.001,0.0010000000000000005,0.001681121449888748,0.21346337388916803,100,100
ENSMUSG00000097047,21.19720665616385,1000.0,1.0,0.8886992135149451,32.21508614901114,0.001,0.009037970667420521,100,100
ENSMUSG00000097048,0.3878778437354696,23.309518122966114,21.813236212776353,0.001,0.6019060109200887,0.6024069934188879,614.0005433077536,100,100
ENSMUSG00000097050,0.001,62.31581250733508,1.0,0.001,0.001,0.00155274747627386,0.18983730037387206,100,100
ENSMUSG00000097051,5.1009315790928165,609.0372494773194,1.0,0.001,18.343551076611057,0.0010000000000056281,0.026279762061347856,100,100
ENSMUSG00000097052,0.001,62.31581250733508,1.0,0.001,0.001,0.0015127603057820665,0.16725634268322542,100,100
ENSMUSG00000097054,0.001,62.31581250733508,1.0,0.001,0.001,0.001584903990825997,0.22275908826333327,100,100
ENSMUSG00000097055,0.09362420474010551,28.847307923483044,40.02016652395784,0.001,0.24692118740791766,0.5722207299683655,172.79360882511818,100,100
ENSMUSG00000097056,0.001,58.440570410729244,1.0,0.001,0.001,0.001653747687855782,0.0737103297464671,100,100
ENSMUSG00000097057,0.022791317593042877,20.721493036732337,15.067776194169504,0.001,8.889754851096534,0.0014085617192539312,23.439677911704894,100,100
ENSMUSG00000097059,0.19873907565697047,17.727623166397635,5.281363320565461,0.04686187643230563,44.115514359192055,0.0011142672595069298,1.1873605218738623,100,100
ENSMUSG00000097060,0.5542542496510203,65.18958825164916,1.0,0.001,16.932521776831983,0.0010000000000439605,0.012003880445619739,100,100
ENSMUSG00000097061,0.16413111298254168,17.918358317952418,6.014517365867883,0.0039731310907619374,36.52066081744633,0.0012061256255518301,3.7647701359904566,100,100
ENSMUSG00000097062,0.0013220552446519087,0.0010355489308700352,1.0001010419223042,0.001,1.350668820539551,0.4746542768787542,1181.9412739290801,100,100
ENSMUSG00000097067,0.001,62.31581250733508,1.0,0.001,0.0010000000000000005,0.0016131037377609685,0.3062007097830758,100,100
ENSMUSG00000097069,1.2942464081253242,312.7073817864961,1.0,0.001,7.6149192174124325,0.0010994228882782548,0.05197997079958086,100,100
ENSMUSG00000097073,0.0018949640711968102,0.009648049525719972,1.0235375815069188,0.001,0.31184879505814755,0.34472720297574355,219.06871939318614,100,100
ENSMUSG00000097075,0.001,61.674132606755,1.0,0.001,0.001,0.0016600405374394842,0.4392557803272782,100,100
ENSMUSG00000097076,1.904987380173481,512.8252263426539,1.1354335991243487,0.001,7.851783807852596,0.0011554749986923576,0.028885673826583587,100,100
ENSMUSG00000097077,0.046688609704839554,20.13376819535912,14.191465043624882,0.0031336556434376286,6.854199135690804,0.0012713235799153878,5.392468236828064,100,100
ENSMUSG00000097078,0.001,62.31581250733508,1.0,0.001,0.0010000000000000009,0.0017104446216615553,0.21068765264269435,100,100
ENSMUSG00000097080,0.0765207877111119,0.8194902758421874,1.7243047918421155,0.001,0.3075842925682397,0.5410019579278174,205.19991238589603,100,100
ENSMUSG00000097081,0.001,60.60768216058454,1.0,0.001,0.001,0.0016534723790376212,0.11825592065980867,100,100
ENSMUSG00000097082,0.001,62.31581250733508,1.0,0.001,0.001,0.0015354757488681562,0.09113882776306084,100,100
ENSMUSG00000097083,0.001,62.31581250733508,1.0,0.001,0.001,0.0016636815960363982,0.12866112542671582,100,100
ENSMUSG00000097084,0.13047713825307328,27.835202687104406,35.22992809803733,0.006617365360059451,0.23365268932120178,0.4704518037501537,24.013468541397636,100,100
ENSMUSG00000097085,0.001,62.31581250733508,1.0,0.001,0.001,0.0015830147790551572,0.2635068136542927,100,100
ENSMUSG00000097087,0.001,62.31581250733508,1.0,0.001,0.001,0.001843905712060907,0.21525096271291244,100,100
ENSMUSG00000097088,2.134303477002954,511.7325357528449,1.0,0.001,8.528860381077672,0.0010436971862184618,0.0677893395752668,100,100
ENSMUSG00000097090,0.47217130929801787,40.969784292950905,46.875169711602744,0.001,0.5996826498753092,0.9356926352166723,1019.7758024753686,100,100
ENSMUSG00000097092,15.493468869981674,729.6328985250126,1.0,1.342868645103045,29.172741278205557,0.001,0.008997013444987365,100,100
ENSMUSG00000097093,0.06058790110803703,19.34571305348379,7.934403407491973,0.001,18.245140704467584,0.0011284219084450795,3.251842936051407,100,100
ENSMUSG00000097094,0.001,62.31581250733508,1.0,0.001,0.001,0.0018803844007338967,0.14430344518150653,100,100
ENSMUSG00000097098,0.001,62.31581250733508,1.0,0.001,0.0010000000000000005,0.0021313148427755373,0.31797367515270153,100,100
ENSMUSG00000097099,0.001,61.45463549419866,1.0,0.001,0.001,0.0021088172705959213,0.0797367212816068,100,100
ENSMUSG00000097101,0.1967291857588117,3.5677958832125323,4.857013886118783,0.05881878377455875,0.5056163798992308,0.48852520108012654,5.240689061829597,100,100
ENSMUSG00000097103,0.13717480315056715,2.2145810676625137,1.0,0.01901139554966031,41.59964128057156,0.0011614915509046472,1.3802616008387179,100,100
ENSMUSG00000097104,0.001,62.31581250733508,1.0,0.001,0.001,0.0017837573791855675,0.20773228621182538,100,100
ENSMUSG00000097107,1.4264657657904025,341.6272039188167,1.0,0.001,10.88321529438419,0.0010361126805864956,0.031036258675752222,100,100
ENSMUSG00000097109,0.001,62.31581250733508,1.0,0.001,0.001,0.0018095154270756646,0.048899145198042726,100,100
ENSMUSG00000097111,5.407394747682102,648.3623049400758,1.0,0.001,18.87340389371201,0.0010014618683804356,0.02111456590098188,100,100
ENSMUSG00000097113,0.10388469380968668,1.54419972794897,1.3535634631313511,0.0163377692171777,24.2520368772552,0.002694057739721487,3.6260884969009357,100,100
ENSMUSG00000097115,0.001,61.88525872635182,1.0,0.001,0.0010000000000000009,0.0016704773222700523,0.15398246330929405,100,100
ENSMUSG00000097117,0.001,62.31581250733508,1.0,0.001,0.001,0.0017080178356548674,0.563219333926082,100,100
ENSMUSG00000097119,0.2364354525340684,6.339397378209738,7.9666280886540015,0.08374787987368176,0.5339286834314063,0.4359940586901935,4.511058053451222,100,100
ENSMUSG00000097120,0.0066787558884688365,17.64776153773204,43.09033149716866,0.001,0.3202036578737687,0.0015610777297667415,34.118175253505825,100,100
ENSMUSG00000097121,0.026705392768598294,22.821962169552254,35.20066054306465,0.001,16.813137000721554,0.0015945675898144875,30.281717949471826,100,100
ENSMUSG00000097122,4.304960067566158,998.1600685912349,1.000002471745779,0.001,10.109624759504685,0.0010221872509304818,0.1726872716332645,100,100
ENSMUSG00000097123,6.105909533703681,735.2464973731869,1.0,0.001,13.545252449664648,0.0010000008804713534,0.009326836113641988,100,100
ENSMUSG00000097124,0.12648280603281503,16.989049900887107,8.375390557125014,0.010922464999431565,24.342262802531152,0.0013860533458387122,1.8250981265578856,100,100
ENSMUSG00000097125,4.804753080673377,629.6525544554856,1.1141504216232014,0.001,19.76127315419912,0.001,0.007292539784885622,100,100
ENSMUSG00000097128,0.001,62.31581250733508,1.0,0.001,0.0010000000000000005,0.001647427878430505,0.19539365156849658,100,100
ENSMUSG00000097129,0.001,61.024058264401226,1.0,0.001,0.001,0.0017361727207743124,0.2443328866164174,100,100
ENSMUSG00000097130,0.001,62.31581250733508,1.0,0.001,0.001,0.0016102896302466055,0.14780310825873968,100,100
ENSMUSG00000097131,1.2942464081253242,312.7073817864961,1.0,0.001,10.058460948811426,0.0011491959340591785,0.19990536015548765,100,100
ENSMUSG00000097133,0.001,61.674132606755,1.0,0.001,0.0010000000000000005,0.001984813799746043,0.19781761850143076,100,100
ENSMUSG00000097134,0.001,62.31581250733508,1.0,0.001,0.0010000000000000009,0.0015627560336395397,0.2745115096861729,100,100
ENSMUSG00000097136,0.030017950170670885,6.109298379223466,5.940446874271717,0.0011748915011336463,24.780212845262923,0.001044814165995175,2.9871000482160035,100,100
ENSMUSG00000097137,0.001,62.31581250733508,1.0,0.001,0.0010000000000000005,0.0015931611912557092,0.8772615674325681,100,100
ENSMUSG00000097138,0.001,62.31581250733508,1.0,0.001,0.001,0.001711268189238432,0.24780844737100224,100,100
ENSMUSG00000097139,12.571770765729166,989.1022390865105,1.0001268737160867,0.001,21.556190659666555,0.001,0.009556357472869328,100,100
ENSMUSG00000097140,0.001,66.84427540036525,1.0,0.001,0.001,0.001886904489889494,0.19415271414761726,100,100
ENSMUSG00000097141,4.331066133737214,1000.0,1.0,0.001,6.071335166741283,0.0012716344442654315,0.041327072336809545,100,100
ENSMUSG00000097142,0.001,62.31581250733508,1.0,0.001,0.001,0.0021434459284236378,0.22379494636339936,100,100
ENSMUSG00000097145,0.7754405772063954,523.9250931332782,440.70732718927025,0.0025032534538861283,1.5819920080911158,0.4127277855334904,604.7012468071106,100,100
ENSMUSG00000097146,3.3467679826601007,809.4058638924901,1.0,0.001,6.870752382904818,0.0013430890621256588,0.2660582462875719,100,100
ENSMUSG00000097147,0.001,62.31581250733508,1.0,0.001,0.001,0.0015881372702772998,0.10655553346641251,100,100
ENSMUSG00000097149,0.001,61.88525872635182,1.0,0.001,0.0010000000000000009,0.0018867949236549037,0.21938062694763433,100,100
ENSMUSG00000097150,23.53982907608577,783.0409886087797,1.0,0.7344727315241584,37.45161811761717,0.0010190884433736698,0.008682969163794553,100,100
ENSMUSG00000097151,3.2118725050966708,380.1047099138939,1.0,0.001,18.163029508617967,0.001,0.021562567315102643,100,100
ENSMUSG00000097152,0.038923013591243186,1.4742065734180656,1.0,0.001,22.77014276279776,0.0010033684926358981,3.739087023585018,100,100
ENSMUSG00000097154,0.001,62.31581250733508,1.0,0.001,0.001,0.0015232428536804889,0.11866619502714221,100,100
ENSMUSG00000097155,0.001,66.84427540036525,1.0,0.001,0.001,0.0015758178431598416,0.3097852298549746,100,100
ENSMUSG00000097156,0.001,60.37820284006485,1.0,0.001,0.0010000000000000005,0.001829095760583425,0.20910166677043757,100,100
ENSMUSG00000097157,0.001,60.60768216058454,1.0,0.001,0.001,0.0015165777105341145,0.46320504206937957,100,100
ENSMUSG00000097158,0.001,62.31581250733508,1.0,0.001,0.001,0.0016730458578939013,0.0973013430406156,100,100
ENSMUSG00000097159,0.001,62.31581250733508,1.0,0.001,0.0010000000000000009,0.0019227819079598906,0.2260015031892832,100,100
ENSMUSG00000097160,0.001,62.31581250733508,1.0,0.001,0.001,0.0014478377045106254,0.16759824663084538,100,100
ENSMUSG00000097162,0.011994319214677663,17.688290691714855,20.201039815246492,0.001,5.306010666888388,0.0015663413071784454,13.881059348912203,100,100
ENSMUSG00000097164,73.54869666370791,549.0004286483309,1.0000203161112085,0.8578240945415603,149.4302426036188,0.0011731119855615325,0.11893592641524856,100,100
ENSMUSG00000097165,4.165242867676982,993.2841871673811,1.0110861425037663,0.001,9.229391335965996,0.001,0.07866650932189963,100,100
ENSMUSG00000097166,0.006968644908649371,16.427240938358246,40.167280119054006,0.001,0.055958485563992494,0.004452028358105853,31.330069184719015,100,100
ENSMUSG00000097167,0.3006925199675701,32.88876810779919,13.974336533028255,0.029594871461999905,1.755259066149204,0.05273535801347994,2.9286318142704193,100,100
ENSMUSG00000097170,0.001,62.31581250733508,1.0,0.001,0.001,0.0018571577047271476,0.27127746846226375,100,100
ENSMUSG00000097172,0.001,66.84427540036525,1.0,0.001,0.001,0.0016801679948774814,0.23789260871350434,100,100
ENSMUSG00000097174,0.022786945711128628,20.612429505043945,14.991158872180813,0.001,7.219588941760952,0.0012177042636169633,10.874245090311867,100,100
ENSMUSG00000097175,2.2386239439353877,560.8732842949564,1.0391422282568814,0.001,13.42095568753458,0.0010003221575371254,0.07269304671318255,100,100
ENSMUSG00000097176,0.0626707485129194,2.04066729057046,1.0,0.001,31.351311875978304,0.0010592157898754939,3.5525009791133177,100,100
ENSMUSG00000097177,0.005704883124448147,3.7605096157788545,29.342405650523684,0.001,0.04780940386464294,0.0023119679506633344,100.41190687169893,100,100
ENSMUSG00000097180,0.023911578800577402,0.04931379720501906,1.6729152984071773,0.001,0.5263032241024284,1.1472532959804158,990.6013883503047,100,100
ENSMUSG00000097183,0.5674928643989466,57.50234539527643,150.84104866069896,0.3230269094205186,0.6748935904651513,1.9910351494402652,6.308837179972894,100,100
ENSMUSG00000097185,0.001,62.31581250733508,1.0,0.001,0.0010000000000000009,0.0014442453368882489,0.13748265874894305,100,100
ENSMUSG00000097186,0.001,62.31581250733508,1.0,0.001,0.001,0.0016263960604767716,0.24935456046988808,100,100
ENSMUSG00000097187,0.001,51.120684877935744,1.0,0.001,0.0010000000000000005,0.001742422847715292,0.2403322446161279,100,100
ENSMUSG00000097189,0.001,62.31581250733508,1.0,0.001,0.001,0.0021686229261473258,0.20358790605189042,100,100
ENSMUSG00000097191,0.7186319528001703,34.82494911548291,5.659024230328756,0.18693148995369885,115.87984949271947,0.0012110946336159854,0.5058657913232053,100,100
ENSMUSG00000097193,0.006576238224837112,17.36167764872802,43.357741859876164,0.001,4.033340110207835,0.0012263860184679363,40.683513856368535,100,100
ENSMUSG00000097194,10.904461804008518,857.3128613986808,1.0,0.001,22.7678452961296,0.001,0.010367205473480134,100,100
ENSMUSG00000097195,2.017172751163108,385.06224253184064,906.6188972384145,1.5307082058418864,2.933533240436435,1.6030298994004752,3.3399790998597627,100,100
ENSMUSG00000097196,0.001,62.31581250733508,1.0,0.001,0.0010000000000000005,0.0017149690756451774,0.1312945849785819,100,100
ENSMUSG00000097197,38.34948942403004,979.5047911476564,1.0,3.4092851710142282,52.752174877559696,0.0010290913419821258,0.009325877852756681,100,100
ENSMUSG00000097204,0.001,56.50294908788235,1.0,0.001,0.001,0.0020642211663359756,0.10429640400688234,100,100
ENSMUSG00000097206,0.2272066884502512,17.725622230089765,3.434950480569343,0.012730738173871246,43.07747225150779,0.001039102275098847,0.7947015229088752,100,100
ENSMUSG00000097207,17.5957632730632,770.2536163946829,1.0,0.001,34.468198596087134,0.0010000000000000367,0.008908787864015907,100,100
ENSMUSG00000097208,0.0224198583626765,21.481545345166467,23.940406263127638,0.001,3.80983321071056,0.0018249410738195007,34.60940131864885,100,100
ENSMUSG00000097211,0.001,59.52330063774062,1.0,0.001,0.0010000000000000009,0.001800408820344841,0.14242898674940396,100,100
ENSMUSG00000097213,0.001,62.31581250733508,1.0,0.001,0.001,0.0015067458357414282,0.12853943474588453,100,100
ENSMUSG00000097216,0.06669220856893891,18.877255673709893,11.093406232651345,0.0026049566126100402,15.74430393455817,0.001443241341042273,15.5867282758282,100,100
ENSMUSG00000097217,4.211829264003638,492.5551760500702,1.0,0.001,17.10245094200704,0.0010000000160316084,0.01101769777028714,100,100
ENSMUSG00000097219,0.001,62.31581250733508,1.0,0.001,0.001,0.0016810952107538808,0.07626658380875062,100,100
ENSMUSG00000097221,0.001,62.31581250733508,1.0,0.001,0.001,0.0018464534274015357,0.23070666250756086,100,100
ENSMUSG00000097222,0.1656588662673191,39.53920567850924,1.0,0.001,5.36473021303213,0.0011880420386716486,0.08605077680445894,100,100
ENSMUSG00000097223,0.039150610053715486,20.409085029077733,10.775116101126478,0.001,23.155908373928476,0.0010033568855343702,17.863456236322047,100,100
ENSMUSG00000097224,0.001,62.31581250733508,1.0,0.001,0.001,0.0014211873059994178,0.0935182476578609,100,100
ENSMUSG00000097228,0.001,62.31581250733508,1.0,0.001,0.001,0.0015791390978697373,0.1027858831323503,100,100
ENSMUSG00000097229,0.001,62.31581250733508,1.0,0.001,0.001,0.002027436485792297,0.07337292443971341,100,100
ENSMUSG00000097230,0.001,53.49421221855202,1.0,0.001,0.001,0.001953938397715904,0.3593699855564956,100,100
ENSMUSG00000097231,0.17534848761254995,1.4912208769645159,2.0909872918403987,0.06004450032770746,1.379211899606258,0.17879481193357832,4.514137585953327,100,100
ENSMUSG00000097232,2.5852839622765096,617.2738366179137,1.0,0.001,8.406906522663403,0.0010001284783883635,0.0731788876971135,100,100
ENSMUSG00000097233,12.611968646244517,999.9999996447289,1.0,0.001,21.196939197328696,0.001,0.01019846453102076,100,100
ENSMUSG00000097234,0.7489589879256603,3.512548352134229,3.809337483958373,0.001,0.8688632956177258,0.8500880267996695,1320.2517258707298,100,100
ENSMUSG00000097236,0.0065861760061280234,17.809135092268722,44.46753151483754,0.001,3.742354292770127,0.0016551805402161902,22.27266066075962,100,100
ENSMUSG00000097239,0.44921944572276434,17.3163978935714,2.133219987557186,0.001,56.62222963242753,0.0010670470262744728,0.506858969430807,100,100
ENSMUSG00000097240,0.001,62.31581250733508,1.0,0.001,0.0010000000000000005,0.001515519494933952,0.0646075724134211,100,100
ENSMUSG00000097242,12.506113872390083,1000.0,1.0,0.001,20.336115397748365,0.001,0.01201082534487628,100,100
ENSMUSG00000097246,0.2894306079917414,50.05038335097254,37.84247055620535,0.11722898925801883,0.7614293772786226,0.2674840117137478,2.0530001899204398,100,100
ENSMUSG00000097248,0.0499971243284946,20.10230454405059,26.377684462642474,0.001,0.14738758430591495,0.24671807237623722,102.09563136971863,100,100
ENSMUSG00000097249,0.0338418348108242,2.329113484272331,5.448524828119693,0.004527890197094564,3.5078329033952884,0.0036846656547476833,7.113466671380161,100,100
ENSMUSG00000097250,0.001,61.45463549419866,1.0,0.001,0.0010000000000000005,0.001898828371784067,0.21228896086842802,100,100
ENSMUSG00000097251,0.06060724549775822,19.448206531971802,7.973635093131836,0.001,22.96422523892313,0.001002184797578565,9.711785762869512,100,100
ENSMUSG00000097252,0.18279241949887018,1.2666234202181212,6.762299703828609,0.08947946818357294,0.298337706531443,2.684619240982511,13.89118946886332,100,100
ENSMUSG00000097253,0.001,62.31581250733508,1.0,0.001,0.0010000000000000005,0.0016827480846925873,0.21004707489861818,100,100
ENSMUSG00000097254,0.001,61.88525872635182,1.0,0.001,0.001,0.0016378327389019042,0.1790107507301723,100,100
ENSMUSG00000097257,0.881564516204355,212.83947995384116,1.0,0.001,11.667112504116334,0.001,0.10658927435176586,100,100
ENSMUSG00000097258,0.001,60.37820284006485,1.0,0.001,0.001,0.0018540674480304518,0.5580796100749321,100,100
ENSMUSG00000097259,3.064001335653063,740.182082544854,1.0158708812906911,0.001,6.702232731898825,0.001165505441547223,0.09048981494063307,100,100
ENSMUSG00000097260,4.1336179629762935,999.9999943156627,1.0,0.001,6.969513805417031,0.0010126704170044425,0.21665568445488187,100,100
ENSMUSG00000097261,17.475989288787616,1000.0,1.0,0.001,24.517576122583712,0.001,0.009261826587628566,100,100
ENSMUSG00000097262,0.001,66.84427540036525,1.0,0.001,0.001,0.001869993338261559,0.5698532490619479,100,100
ENSMUSG00000097264,0.001,62.31581250733508,1.0,0.001,0.001,0.002010871972319859,0.21541125322500157,100,100
ENSMUSG00000097266,0.001,62.31581250733508,1.0,0.001,0.001,0.001686433417910197,0.17235158072370144,100,100
ENSMUSG00000097267,0.9500391800905752,225.60944612728096,1.0,0.001,7.117573458201378,0.00100000422045237,0.1588801444660435,100,100
ENSMUSG00000097271,3.587294459550871,865.3617848798796,1.0,0.001,14.756576177174349,0.0010000000000299067,0.08017171582044982,100,100
ENSMUSG00000097272,0.001,61.674132606755,1.0,0.001,0.001,0.0019716019733358745,0.16401202333444675,100,100
ENSMUSG00000097274,20.148546015511876,968.225379229817,1.0096412385511175,0.001,30.386647431781626,0.0010219444900425325,0.011169574844887132,100,100
ENSMUSG00000097275,8.141956190917702,999.9999999858071,1.021037290987185,0.001,15.929030630852012,0.001,0.060683344703543654,100,100
ENSMUSG00000097276,0.001,62.31581250733508,1.0,0.001,0.001,0.0019620330179683605,0.16640364379013628,100,100
ENSMUSG00000097277,0.6009616132356848,1.634035116019554,2.6384794779410132,0.0012060633593334361,1.6923487540850297,0.45899275969854947,1190.821924742033,100,100
ENSMUSG00000097279,0.001,61.88525872635182,1.0,0.001,0.001,0.0015008181358986974,0.08723914449827613,100,100
ENSMUSG00000097282,0.013083366441344169,21.28571113366264,33.502214057360284,0.001,9.346257828650048,0.001435761099380167,12.247824848561912,100,100
ENSMUSG00000097284,0.14290933115274526,2.629651659297079,1.1274687042833313,0.001,46.25576653371576,0.0010882681972948353,1.5172967348382076,100,100
ENSMUSG00000097285,0.001,62.31581250733508,1.0,0.001,0.001,0.0017028783099531496,0.12760165667365625,100,100
ENSMUSG00000097287,0.2401432870676202,29.709524738742438,15.362075976218769,0.02914130768963428,1.7750786692498326,0.07237015811419018,6.369216287519852,100,100
ENSMUSG00000097289,0.001,9.27430118705786,1623.451021618311,0.001,0.09598767445980201,0.0025312090799416345,25.88835046644294,100,100
ENSMUSG00000097290,0.5737719756153357,1.0399276108275872,4.58071184345718,0.27989397485530676,1.1524259967271338,1.6250699214038593,10.416551256178156,100,100
ENSMUSG00000097292,0.1003360766060635,20.492269087330335,9.294687957981374,0.013193826888143457,35.161165607026206,0.0010516702201669044,1.6090880104885232,100,100
ENSMUSG00000097293,0.001,62.31581250733508,1.0,0.001,0.001,0.0014858384176081201,0.4662391381459918,100,100
ENSMUSG00000097294,0.001,62.31581250733508,1.0,0.001,0.001,0.002080941608090189,0.16679762659655217,100,100
ENSMUSG00000097296,0.8827293887964448,4.192885480212278,9.141205497523247,0.29198241974282096,1.4348870594036955,1.0856065933818613,9.748241440411892,100,100
ENSMUSG00000097300,0.04501799194906918,12.678950759379092,9.425556195407271,0.004954097458873658,22.82303001867526,0.0010000000000039441,4.140058655841509,100,100
ENSMUSG00000097303,0.0035153189958338324,11.459522831816152,22.638819099550066,0.001,0.02534293841708747,0.001625777338947045,7.671850984859917,100,100
ENSMUSG00000097304,0.001,66.84427540036525,1.0,0.001,0.001,0.0016052503732479537,0.2414006572461167,100,100
ENSMUSG00000097305,0.013663159252712087,25.419723763307292,61.09588834661025,0.001,0.12096530614908563,0.0020003559346200074,49.68177111675918,100,100
ENSMUSG00000097308,4.131519129298434,1000.0,1.000247281024765,0.001,10.360480702896268,0.0010008611721863516,0.2522129802597194,100,100
ENSMUSG00000097309,12.718007969129292,1000.0,1.0,0.001,23.124228889846655,0.001,0.009511263540754777,100,100
ENSMUSG00000097310,4.131519129298434,1000.0,1.000247281024765,0.001,11.597097385031631,0.0010333165224470672,0.09409390508005377,100,100
ENSMUSG00000097312,0.001,59.94762576822368,1.0,0.001,0.001,0.0014907056134212276,0.07622149817717706,100,100
ENSMUSG00000097313,0.0033066202523589845,10.870313445642807,33.80189627428459,0.001,0.053037141940596874,0.003177367481792814,19.373515644538795,100,100
ENSMUSG00000097315,0.001,62.31581250733508,1.0,0.001,0.001,0.0014741993267262882,0.22886949718310162,100,100
ENSMUSG00000097316,0.08621408758346469,18.25719972428735,13.736676984230435,0.0010904328657403142,39.394392221408374,0.001094943602833875,53.185446850312196,100,100
ENSMUSG00000097317,8.999102724048528,725.8248365323395,1.0228033376349286,0.001,20.984625774589624,0.001,0.04628518769389225,100,100
ENSMUSG00000097318,0.10503487891681496,0.2718960052205474,1.8259184817702026,0.001,0.5100903409207788,0.9890565901621151,843.0035024259173,100,100
ENSMUSG00000097320,0.036085621008013845,0.2562655134558874,1.2626651174937105,0.001,0.2758042269583757,0.40209286715618514,193.26472961287806,100,100
ENSMUSG00000097321,2.019629474404797,483.97752178544295,1.0030151681659596,0.001,7.24514126774257,0.0010521360303094723,0.11173954110188414,100,100
ENSMUSG00000097322,1.8855242048223924,454.9597606392765,1.0,0.001,6.125977791454474,0.0012638501168234693,0.11800490733999892,100,100
ENSMUSG00000097323,0.001,66.84427540036525,1.0,0.001,0.001,0.001559672685630837,0.30361186255102873,100,100
ENSMUSG00000097324,0.17219374301799634,37.49604869201122,76.38449200220322,0.09413283397267408,0.3267345312899923,1.0009113027339405,4.938976352573569,100,100
ENSMUSG00000097325,0.01090488770071351,19.290770544064745,22.006389048350254,0.001,3.3103102511798292,0.001391383154103205,12.97660267072679,100,100
ENSMUSG00000097326,0.13584751478291424,136.11218283918237,65.63036210550537,0.01649016231924284,50.6994306339503,0.0011768776181157342,1.8234612515192288,100,100
ENSMUSG00000097328,0.026415956368819746,18.29088449665732,13.301090633027531,0.001,11.802339409631475,0.0011961440516092053,30.24799704659311,100,100
ENSMUSG00000097329,0.001,62.31581250733508,1.0,0.001,0.001,0.001697177531468272,0.17821338033175313,100,100
ENSMUSG00000097330,8.548950242774376,999.9999923616716,1.0,0.001,15.17481832476518,0.001,0.06901347236022487,100,100
ENSMUSG00000097331,0.42870852629464795,28.535252620084144,18.103060594556855,0.0014224868290980538,0.7669797431635136,0.3344346163762246,287.59092100058695,100,100
ENSMUSG00000097333,0.5865629352907004,1.0396508897959564,2.64605577883087,0.0703033875943414,1.4054850625834865,0.7353733611426094,38.69488634647586,100,100
ENSMUSG00000097334,0.001,61.88525872635182,1.0,0.001,0.001,0.0018223958792452928,0.16843318334826457,100,100
ENSMUSG00000097335,3.606389847431839,426.8600128432341,1.0,0.001,15.706059630391236,0.0010000000000018176,0.017510683092606616,100,100
ENSMUSG00000097337,0.08176309394751038,4.532660351568908,3.2181484404690326,0.0019117508512152288,35.54231159227748,0.0011387562388157193,3.718717023586505,100,100
ENSMUSG00000097339,0.033245415158264846,20.274929658551706,17.60141064011592,0.001,8.01570797555372,0.0016972832983640587,37.291352068641075,100,100
ENSMUSG00000097340,0.001,62.31581250733508,1.0,0.001,0.001,0.0015336113641471567,0.1964301476894656,100,100
ENSMUSG00000097343,0.9686158624591947,29.384793819272197,15.401915758286068,0.0011412365143553757,2.2140804958347418,0.23096174729708158,980.7204310133474,100,100
ENSMUSG00000097345,3.3932247421315664,793.6089122185115,1.0,0.001,8.278639826327746,0.0010000185414940545,0.06700295320681533,100,100
ENSMUSG00000097347,0.001,66.84427540036525,1.0,0.001,0.0010000000000000009,0.0017987807463504609,0.3586085561044844,100,100
ENSMUSG00000097350,0.3783609134559812,34.1570413537329,9.666968611596074,0.0696865680994197,15.202713061968627,0.009022410150505696,1.5921530437793416,100,100
ENSMUSG00000097353,0.13316663146249547,10.951305000736259,6.284829230469547,0.001,19.315200269766923,0.0018348193885607967,76.42183761547867,100,100
ENSMUSG00000097354,0.13088812288755314,27.141159461333935,30.355100397119482,0.001,0.23134072322329496,0.5722306791834041,211.14341024185893,100,100
ENSMUSG00000097357,0.001,60.80878088638715,1.0,0.001,0.0010000000000000005,0.0020475635251351906,0.1964029669803524,100,100
ENSMUSG00000097358,1.8855242048223924,454.9597606392765,1.0,0.001,7.480718325575772,0.0011071086986723278,0.10946280340875825,100,100
ENSMUSG00000097360,13.81388594905394,830.9690996713457,1.0172351142427378,0.001,26.936509905116004,0.001,0.008949340793653348,100,100
ENSMUSG00000097363,0.001,62.31581250733508,1.0,0.001,0.0010000000000000005,0.0016542481275643097,0.31384665749317875,100,100
ENSMUSG00000097364,3.9276406581767263,942.1623723314058,1.0,0.001,8.17077467782803,0.001000000000046434,0.20320624213328942,100,100
ENSMUSG00000097365,0.001,62.31581250733508,1.0,0.001,0.0010000000000000009,0.0019163897975011772,0.18343777309543288,100,100
ENSMUSG00000097367,0.03340834016989493,20.53401591136953,17.81340326657667,0.001,5.571968873260518,0.0017674562843844367,33.51678150372912,100,100
ENSMUSG00000097368,0.001,62.31581250733508,1.0,0.001,0.001,0.0016532496071164698,0.23847305172977498,100,100
ENSMUSG00000097369,0.001,62.31581250733508,1.0,0.001,0.0010000000000000009,0.001522569155303749,0.22293243051112474,100,100
ENSMUSG00000097372,0.001,62.31581250733508,1.0,0.001,0.001,0.0017568332582811115,0.21145251303425383,100,100
ENSMUSG00000097373,0.010775798922728595,19.804424310157316,22.58550457397613,0.001,4.423766656701515,0.0016043808942335764,14.916755651791277,100,100
ENSMUSG00000097375,0.40465228623791455,33.44769260510577,12.457070580765299,0.12729727126794854,2.180624276656922,0.07257758707201328,1.5719796259272494,100,100
ENSMUSG00000097377,0.001,66.84427540036525,1.0,0.001,0.0010000000000000005,0.0016804278705693457,0.31985970580342,100,100
ENSMUSG00000097378,20.90150221407089,1000.0,1.005010433267167,0.001,29.304565688629978,0.001,0.00875037877861157,100,100
ENSMUSG00000097379,0.001,62.31581250733508,1.0,0.001,0.001,0.0018268305637750282,0.06612233411423561,100,100
ENSMUSG00000097380,2.1600815543213012,536.0515105142401,1.0887238331893088,0.001,10.930182404690173,0.001000000000090342,0.06201463116440904,100,100
ENSMUSG00000097381,0.02357266983985363,20.095694082972173,14.61357866478885,0.001,6.94795684124656,0.0014810960503397086,31.289165927752663,100,100
ENSMUSG00000097383,6.431236656485612,771.2535658638714,1.0,0.001,21.06855700297236,0.001,0.020806183040816,100,100
ENSMUSG00000097386,0.001,61.88525872635182,1.0,0.001,0.0010000000000000009,0.0016703018473367957,0.19083948270784593,100,100
ENSMUSG00000097388,0.01172952725976969,11.381429900591213,102.61051501413053,0.001,20.706015567336138,0.0010000687930306435,253.72106999367813,100,100
ENSMUSG00000097390,0.06281289289996288,19.29507639624733,7.895302963716855,0.001,20.424062550964305,0.0010617750946757423,4.3441490365505375,100,100
ENSMUSG00000097391,0.16821668533443387,8.090417007929945,22.443108630511436,0.10013582727715026,0.2767103070069481,1.3690773928080255,5.197972766239078,100,100
ENSMUSG00000097392,0.001,0.006161888184809895,1.0982569314868988,0.001,0.25287488710727446,0.5491393736001566,281.7719602928942,100,100
ENSMUSG00000097393,7.794331752791807,617.8466620973253,1.0,0.001,20.673622563031564,0.001,0.009883270875092852,100,100
ENSMUSG00000097397,10.349393013366054,772.2543054804446,1.0,0.001,22.391070435515545,0.001,0.011078446245418257,100,100
ENSMUSG00000097398,0.001,62.31581250733508,1.0,0.001,0.001,0.0016276886829917365,0.49509883684950917,100,100
ENSMUSG00000097399,3.805573472416838,912.8750404524933,1.0,0.001,9.753738214653511,0.001073921951143184,0.06103385504965372,100,100
ENSMUSG00000097402,0.001,66.84427540036525,1.0,0.001,0.001,0.002068295805028845,0.5284840918208621,100,100
ENSMUSG00000097403,0.022594025832984838,20.74043512696369,15.087842919596355,0.001,13.72627279236746,0.0010041986147445805,12.814845644742308,100,100
ENSMUSG00000097404,2.1461883628863268,516.8437340473623,1.0,0.001,8.258655515722305,0.0010006823416643521,0.05398041485895803,100,100
ENSMUSG00000097405,0.001,66.84427540036525,1.0,0.001,0.001,0.0016770377987456128,0.17281552498051017,100,100
ENSMUSG00000097407,0.001,61.88525872635182,1.0,0.001,0.001,0.0014715965677810532,0.08032284232829076,100,100
ENSMUSG00000097408,0.001,62.31581250733508,1.0,0.001,0.001,0.0015299799472257923,0.17176293248484067,100,100
ENSMUSG00000097410,0.17590493205236665,5.493998039587261,1.8694969675756894,0.01255694025889943,30.53065176960554,0.001193213086003407,1.7334209077890481,100,100
ENSMUSG00000097411,0.001,62.31581250733508,1.0,0.001,0.001,0.002273732824703874,0.06497231573283445,100,100
ENSMUSG00000097412,0.029832001152078413,17.06025624009576,41.33977816041079,0.001,0.11655349220332134,0.06418368210484449,70.55670218079158,100,100
ENSMUSG00000097414,0.32875349324129205,33.93027435946659,12.42257162276084,0.09211050829486403,77.338964935993,0.0014686752141016297,1.1070400089680397,100,100
ENSMUSG00000097415,0.294137644651953,19.630387083145244,56.327765039101806,0.18443405263440474,0.43332259032342635,1.5753469673579201,4.995747740101547,100,100
ENSMUSG00000097417,0.02801628097362451,16.5551484019052,31.821215072918072,0.001,0.12366917309426934,0.03359615505187303,102.2566453730202,100,100
ENSMUSG00000097418,0.046010033687135056,19.271444954598778,20.784003272253592,0.001,0.3118037436892698,0.0019256133796335547,76.23291708581016,100,100
ENSMUSG00000097419,0.0032095746470734133,9.032517373907408,23.076835845341208,0.001,0.06245398726235746,0.001970804705833673,21.794373238685516,100,100
ENSMUSG00000097422,0.001,66.84427540036525,1.0,0.001,0.001,0.0014843690242873448,0.14324742019193898,100,100
ENSMUSG00000097423,0.01077951998197519,20.140014298742656,22.96154009969318,0.001,4.212335986747027,0.0012103808672118527,21.841293167827125,100,100
ENSMUSG00000097426,0.001,62.31581250733508,1.0,0.001,0.0010000000000000009,0.0014885817869094578,0.21707436064001934,100,100
ENSMUSG00000097428,0.001,61.88525872635182,1.0,0.001,0.001,0.0015876159967351021,0.12168809984467632,100,100
ENSMUSG00000097429,0.013611820077843475,20.479426209118305,31.616169495964662,0.001,2.1503927744895015,0.0015710875699872853,32.72462132935979,100,100
ENSMUSG00000097430,0.06829914542673715,0.6404149821067067,3.2091119082172823,0.0069821139026933765,0.2125180027171926,1.3706657495021501,60.90126994155373,100,100
ENSMUSG00000097431,0.45519667447019546,58.737616969846435,317.3928708781939,0.15945620617636605,0.5102527180272705,5.403481890985882,21.312537692702954,100,100
ENSMUSG00000097433,0.001,62.31581250733508,1.0,0.001,0.001,0.0016748824387560735,0.10172312048029518,100,100
ENSMUSG00000097439,0.061405836335292195,19.363061162028462,7.934713308721385,0.001,23.2429523648288,0.0010000000000354946,21.1922829747638,100,100
ENSMUSG00000097440,0.048741440792397096,19.379711107251037,31.436147863808014,0.001,0.1393405429472315,0.47502883921220923,118.65951981584314,100,100
ENSMUSG00000097442,0.001,62.31581250733508,1.0,0.001,0.001,0.0016692401850963597,0.13501756839740306,100,100
ENSMUSG00000097443,9.894290151359291,390.32007047306865,1.0,0.21647023046170563,35.58125090378612,0.001000000000002197,0.008964570250644129,100,100
ENSMUSG00000097444,0.001,66.84427540036525,1.0,0.001,0.001,0.0019953590627324116,0.19485908758279732,100,100
ENSMUSG00000097445,0.012751829765328293,1.2056803213878051,1.6213871115943619,0.001,13.006260810232732,0.001019545231168074,15.388181733914658,100,100
ENSMUSG00000097448,0.04259777223669076,0.9707434434641207,1.0,0.001,24.426745744370074,0.0010715637499981107,17.796008017742448,100,100
ENSMUSG00000097451,0.19116821382293187,3.8926936952193483,124.02733271895934,0.01805991886623959,0.22006331752158975,26.844844520805555,2499.1993050894043,100,100
ENSMUSG00000097455,2.0813166845897446,503.1765750646759,1.0,0.001,11.425622930811143,0.001000000000008514,0.07587953804928158,100,100
ENSMUSG00000097456,2.0813166845897446,503.1765750646759,1.0,0.001,7.864555401753028,0.0010000002429950963,0.029481269187460593,100,100
ENSMUSG00000097457,0.001,62.31581250733508,1.0,0.001,0.001,0.0014447815533980678,0.0778077412164281,100,100
ENSMUSG00000097460,0.001,0.03735293274321166,1.0,0.001,2.0769647654710206,0.0017740203896072777,42.10584961855025,100,100
ENSMUSG00000097461,0.9534042753660111,224.50535726336872,1.0,0.001,4.386896634763087,0.00130873840795063,0.05026827696867382,100,100
ENSMUSG00000097462,0.001,61.024058264401226,1.0,0.001,0.001,0.0015111919421150729,0.3525133729156994,100,100
ENSMUSG00000097463,0.001,61.024058264401226,1.0,0.001,0.001,0.001530325395428499,0.3386020162177626,100,100
ENSMUSG00000097464,0.001,62.31581250733508,1.0,0.001,0.0010000000000000005,0.001738700566041792,0.3457155631581955,100,100
ENSMUSG00000097466,0.001,61.674132606755,1.0,0.001,0.0010000000000000005,0.0016351786201427088,0.15046533402955797,100,100
ENSMUSG00000097467,0.054404517556120705,16.22404752400368,26.67806967623927,0.001,0.1956874294823847,0.11198258936137219,98.48410928655592,100,100
ENSMUSG00000097468,7.062023607207809,832.8378978295975,1.0,0.001,17.524725606265555,0.001000000000000076,0.017843138040095713,100,100
ENSMUSG00000097469,4.053698145818247,963.0508682253362,1.0,0.001,7.683422687436217,0.0012242997386417783,0.04664146499620961,100,100
ENSMUSG00000097470,0.001,62.31581250733508,1.0,0.001,0.001,0.0013989419678496011,0.11811457520748533,100,100
ENSMUSG00000097471,0.005139041806301055,0.14802137903781637,2.109753980372239,0.001,0.20550274676644253,0.0018192515727623133,92.12112902183927,100,100
ENSMUSG00000097472,0.004021765633195211,11.625599672065402,21.997264058554144,0.001,0.2006320524014623,0.00172964068189719,13.250595209375877,100,100
ENSMUSG00000097473,0.001,62.31581250733508,1.0,0.001,0.001,0.0018357253229319202,0.1685183421606522,100,100
ENSMUSG00000097474,0.001,62.31581250733508,1.0,0.001,0.001,0.0017595762189762014,0.1457937474147062,100,100
ENSMUSG00000097479,0.06487475496950683,19.041835798394118,7.777826837915284,0.001,22.972818990932467,0.0010000000025563796,1.698783010635069,100,100
ENSMUSG00000097484,0.0026663730922852837,9.46164566715519,27.472305200028526,0.001,0.12956747292747728,0.0022304984689054865,16.80676960766926,100,100
ENSMUSG00000097487,0.3999016785751215,0.5676006960600651,2.230173189277936,0.04089371696455621,1.326904390521392,0.8501934283602628,42.993923213107166,100,100
ENSMUSG00000097488,5.5394453177263685,695.2369171394405,1.0469993547505954,0.001,14.265782990098465,0.001,0.030608168996176723,100,100
ENSMUSG00000097489,0.001,62.31581250733508,1.0,0.001,0.001,0.0014699014449287826,0.1565953476724597,100,100
ENSMUSG00000097491,0.5326009934223703,11.970562178801844,6.705646782923936,0.06919704948920519,1.5236980839487577,0.18081177923573283,7.653644910452053,100,100
ENSMUSG00000097493,8.337541335511737,1000.0,1.0,0.001,12.679014970629456,0.001,0.013873681213532274,100,100
ENSMUSG00000097494,4.165242867676982,993.2841871673811,1.0110861425037663,0.001,6.938489652396678,0.001072807153113997,0.09370753347819441,100,100
ENSMUSG00000097495,0.001,60.60768216058454,1.0,0.001,0.001,0.0016499334145424474,0.1697526094472927,100,100
ENSMUSG00000097497,8.854228536146094,698.9625371202279,1.0,0.001,20.93618340171257,0.001000000000000329,0.011850942987237009,100,100
ENSMUSG00000097500,0.001,62.31581250733508,1.0,0.001,0.001,0.001673759232961135,0.23091120462769965,100,100
ENSMUSG00000097501,1.6262619868264967,395.3519615968364,1.004113302142248,0.001,10.5368453828582,0.00100000007558859,0.05307004186774286,100,100
ENSMUSG00000097502,0.001,62.31581250733508,1.0,0.001,0.0010000000000000005,0.0014909813991093846,0.11877929382796248,100,100
ENSMUSG00000097503,0.21335293339554148,17.46277711011748,7.2423140415912854,0.011535786270667021,2.2393053564357484,0.015081325132201617,1.9207991830732323,100,100
ENSMUSG00000097505,0.022604879077353996,20.887865296849352,15.187623718733859,0.001,5.857530541230942,0.0011218475799161525,5.210898022055318,100,100
ENSMUSG00000097507,0.001,61.259704531272526,1.0,0.001,0.0010000000000000005,0.0016802620978880194,0.22243276520661437,100,100
ENSMUSG00000097509,4.168917566870232,1000.0,1.0,0.001,4.434092405274475,0.0013637545940647648,0.061535959256357284,100,100
ENSMUSG00000097514,0.001,62.31581250733508,1.0,0.001,0.001,0.0016938928771047846,0.06905221629227198,100,100
ENSMUSG00000097517,0.001,62.31581250733508,1.0,0.001,0.001,0.0014885526997142863,0.40456879958804215,100,100
ENSMUSG00000097518,0.001,66.84427540036525,1.0,0.001,0.001,0.001840310204643757,0.39148708610874744,100,100
ENSMUSG00000097519,3.07783631307003,741.2598198343227,1.0,0.001,8.305098704470282,0.00100000000002615,0.05092220969144032,100,100
ENSMUSG00000097523,0.04865430456733539,19.722643252973107,23.631607384285758,0.001,0.1878556213273736,0.28848651085376176,71.82172292693306,100,100
ENSMUSG00000097525,0.001,62.31581250733508,1.0,0.001,0.001,0.0017661857229610209,0.16281287085366825,100,100
ENSMUSG00000097526,0.06839108847566627,19.36962727465862,18.916979978987943,0.013652842535540825,21.281807859049763,0.0012941696235750726,6.713339922369565,100,100
ENSMUSG00000097527,3.7629541241631106,451.0766968861573,1.0,0.001,16.81522684510807,0.001,0.04465624760724746,100,100
ENSMUSG00000097532,0.001,57.79469271457354,1.0,0.001,0.001,0.0014146972760328926,0.1888393025874145,100,100
ENSMUSG00000097533,10.211217268855677,805.6940112147278,1.0051852629311884,0.001,19.70094671860532,0.001,0.02130023564959413,100,100
ENSMUSG00000097534,15.174682585919042,999.9999999916866,1.109646241646986,0.2234953459762243,26.88435226096496,0.001,0.009042496893722714,100,100
ENSMUSG00000097535,0.001,61.88525872635182,1.0,0.001,0.001,0.0018963399602539375,0.2553664607580856,100,100
ENSMUSG00000097536,0.12183234821375163,1.8382226387271365,4.19896713688827,0.046650982591025264,0.2741255177542812,0.928115569949852,5.900979307334678,100,100
ENSMUSG00000097537,0.001,61.259704531272526,1.0,0.001,0.001,0.0017184193601234425,0.1866511215460385,100,100
ENSMUSG00000097540,0.001,62.31581250733508,1.0,0.001,0.0010000000000000009,0.0019040753013297674,0.13095229364977512,100,100
ENSMUSG00000097542,9.370249165690728,730.3636105298456,1.0,0.001,21.54059589443135,0.001,0.008998171628437855,100,100
ENSMUSG00000097543,0.001,62.31581250733508,1.0,0.001,0.001,0.0016951083209057309,0.12833200275634626,100,100
ENSMUSG00000097544,0.6271465480030781,154.92719237319113,1.0725811857353496,0.001,10.450983949238244,0.0010000000000000104,0.11588824158100743,100,100
ENSMUSG00000097545,0.001,62.31581250733508,1.0,0.001,0.001,0.0016472599484855562,0.10368110280626361,100,100
ENSMUSG00000097546,0.059308624695817415,11.529086681408055,4.965382192789932,0.001,22.640593680936725,0.001121610370007433,1.010599853944633,100,100
ENSMUSG00000097552,0.001,66.84427540036525,1.0,0.001,0.001,0.0016101750338418674,0.22703354987462265,100,100
ENSMUSG00000097553,0.001,66.84427540036525,1.0,0.001,0.0010000000000000005,0.0022964325274667514,0.21370437220484456,100,100
ENSMUSG00000097554,12.611467674230424,1000.0,1.0,0.001,17.4362823911434,0.001,0.01106515245903548,100,100
ENSMUSG00000097557,2.1461883628863268,516.8437340473623,1.0,0.001,8.68791916816408,0.001018618694338253,0.10903743948055145,100,100
ENSMUSG00000097558,0.16008704120406636,15.821069250161191,23.911708167378045,0.08730961215792701,0.3972143523607144,0.44154237130278307,2.9294125158219693,100,100
ENSMUSG00000097559,8.597206558915918,681.5353676903594,1.0,0.015412426654023197,21.611592085312807,0.001,0.018612204466651478,100,100
ENSMUSG00000097560,0.27213439610239265,65.36421030425801,1.0,0.001,6.305005812189039,0.0010071707633288447,0.05688350845989515,100,100
ENSMUSG00000097561,0.001,62.31581250733508,1.0,0.001,0.001,0.0016180753157355489,0.1189644777494468,100,100
ENSMUSG00000097564,21.991576287138454,868.14716209535,1.0,0.001,38.15017757312065,0.001000000000006416,0.009648599596987337,100,100
ENSMUSG00000097565,0.001,62.31581250733508,1.0,0.001,0.0010000000000000005,0.0015620551456683866,0.13130926318567218,100,100
ENSMUSG00000097567,21.65586918032134,1000.0,1.0,0.001,30.943058584747856,0.001,0.008952326263477568,100,100
ENSMUSG00000097569,0.001,62.31581250733508,1.0,0.001,0.001,0.0016981232897673394,0.07787044752038368,100,100
ENSMUSG00000097571,0.2011364796547273,30.861972397427426,15.935885382715812,0.07422518708091276,14.256111440560467,0.005484790350728672,1.469260292576906,100,100
ENSMUSG00000097572,13.941370651944455,808.7158149750162,1.0130030985486556,0.001,28.68599027832721,0.001,0.011386869292464135,100,100
ENSMUSG00000097573,23.659411502576514,797.1436499174558,1.0,0.001,43.621730445093235,0.0010000000000014231,0.0119383282281219,100,100
ENSMUSG00000097574,0.02259571766103009,20.703044663698286,15.059371239412116,0.001,15.794096977253272,0.0010004887861328863,11.478175762102882,100,100
ENSMUSG00000097576,0.001,60.37820284006485,1.0,0.001,0.0010000000000000005,0.001670252261346165,0.1515025278043945,100,100
ENSMUSG00000097577,0.21528550099343033,4.141430083358223,3.9209082487990945,0.06403452919594618,0.7131070636244374,0.2613256854283567,4.4969681139981414,100,100
ENSMUSG00000097579,0.12079155209256971,18.427893793838003,5.053773499904391,0.001,28.168193383587052,0.0011828726948584214,1.6908490124963254,100,100
ENSMUSG00000097580,0.001,66.84427540036525,1.0,0.001,0.001,0.0017230075825161839,0.07899743487801027,100,100
ENSMUSG00000097582,0.21432982119089763,17.768835272410257,3.4810073085565616,0.001,44.56941436135389,0.001075936016509188,0.5933007887315902,100,100
ENSMUSG00000097583,0.026456472419100947,0.7250967053065993,1.9255958448850456,0.001,4.610416133882342,0.0015380504650385524,73.30153585805641,100,100
ENSMUSG00000097585,15.88061772825707,959.6627429672471,1.0228536130263042,0.13101828354010456,30.942393745846253,0.001,0.008924851914514703,100,100
ENSMUSG00000097587,0.03897613610907186,20.32747694558306,10.735461427436054,0.001,21.019096469459434,0.001,14.911365341529555,100,100
ENSMUSG00000097589,0.5318955264308949,4.0477329253240875,1.714767939777098,0.2544207729964615,32.64899156799221,0.006445771553364867,1.072337949149757,100,100
ENSMUSG00000097590,0.001,62.31581250733508,1.0,0.001,0.0010000000000000005,0.001856885659780455,0.19970688199333356,100,100
ENSMUSG00000097591,0.001,61.674132606755,1.0,0.001,0.001,0.0014016555189959768,0.32977908020106195,100,100
ENSMUSG00000097592,5.655088797407713,678.0910273085151,1.0,0.001,17.367188012808505,0.001,0.030266863785138744,100,100
ENSMUSG00000097595,18.031680068651116,926.6249261794339,1.1104069041569995,0.001,24.853544014064934,0.001,0.008890973509638436,100,100
ENSMUSG00000097597,0.881564516204355,212.83947995384116,1.0,0.001,5.698109857626132,0.0012371325654029859,0.07608901185973044,100,100
ENSMUSG00000097599,0.001,62.31581250733508,1.0,0.001,0.001,0.001790201269576881,0.15451136031386764,100,100
ENSMUSG00000097601,0.001,61.45463549419866,1.0,0.001,0.0010000000000000005,0.0016842380824474783,0.20217368706792094,100,100
ENSMUSG00000097602,0.001,62.31581250733508,1.0,0.001,0.0010000000000000005,0.001658696810784347,0.10000465044006149,100,100
ENSMUSG00000097604,0.001,62.31581250733508,1.0,0.001,0.001,0.0016523773136371974,0.1269078357837321,100,100
ENSMUSG00000097605,0.001,62.31581250733508,1.0,0.001,0.001,0.0014834811973554914,0.08497967262075459,100,100
ENSMUSG00000097610,0.022090363892987762,1.9623183004520284,6.181229227802595,0.001,0.471379362362262,0.0018611805039246436,12.538844904855747,100,100
ENSMUSG00000097612,0.001,62.31581250733508,1.0,0.001,0.001,0.0022111594691743104,0.25635681215186,100,100
ENSMUSG00000097613,0.0041194328311946644,9.91398476301773,59.60923336651145,0.001,4.197830048089086,0.0016332425745224583,45.3461227780319,100,100
ENSMUSG00000097614,0.001,62.31581250733508,1.0,0.001,0.0010000000000000009,0.001651035618426685,0.35746125597049994,100,100
ENSMUSG00000097616,0.018470989231947815,20.086719674419392,48.69095161047942,0.001,4.01236441832821,0.0022559875792279795,68.55440983819625,100,100
ENSMUSG00000097617,0.001,62.31581250733508,1.0,0.001,0.001,0.0022681307234378775,0.07735182269084276,100,100
ENSMUSG00000097620,0.010810302197655677,19.325454502393562,22.063120202340073,0.001,5.010332063094043,0.0011617515608269497,12.848607148203842,100,100
ENSMUSG00000097621,0.001,61.259704531272526,1.0,0.001,0.001,0.0017205425599350838,0.23530423378678123,100,100
ENSMUSG00000097622,0.0015329774929913654,0.20357278148885488,9.475602183559786,0.001,0.0319059118467064,0.0035925852382716317,95.97861575855825,100,100
ENSMUSG00000097625,0.001,62.31581250733508,1.0,0.001,0.001,0.0014950726353322617,0.23973501186334642,100,100
ENSMUSG00000097626,0.11431035472449995,2.1480543014947187,1.5604927561911959,0.023267745348739058,37.365255618663355,0.0014081122020773416,1.5816335130842853,100,100
ENSMUSG00000097632,3.338165727611042,807.3831051292377,1.0,0.001,12.498566933591562,0.0010000000000071401,0.030232003751875465,100,100
ENSMUSG00000097633,2.1461883628863268,516.8437340473623,1.0,0.001,4.215991513131324,0.0013336992621117314,0.03432366103803983,100,100
ENSMUSG00000097634,0.001,62.31581250733508,1.0,0.001,0.001,0.001879974131056522,0.2508751214557049,100,100
ENSMUSG00000097635,3.807834684435034,457.27362833557095,1.009707826152618,0.001,10.562930138881747,0.0011728314492893857,0.03860468549264372,100,100
ENSMUSG00000097636,0.001,61.259704531272526,1.0,0.001,0.001,0.001631827509526367,0.8288259487504518,100,100
ENSMUSG00000097637,0.06034974870243363,19.561857240877732,8.021225170438619,0.001,25.159890866348572,0.001004403214029559,4.346886033729467,100,100
ENSMUSG00000097638,0.001,61.88525872635182,1.0,0.001,0.001,0.001662529258767411,0.21189202836489773,100,100
ENSMUSG00000097640,0.001,60.188376913276144,1.0,0.001,0.001,0.0016859236260133828,0.2504171153794252,100,100
ENSMUSG00000097641,1.4275905501715376,345.13246017114864,1.0,0.001,9.855699261689328,0.0010377887485666553,0.04907331071823143,100,100
ENSMUSG00000097643,0.03358476221445316,21.00547994101983,18.19943475640651,0.001,4.269239744681736,0.0018932575896623617,36.67311554062497,100,100
ENSMUSG00000097644,0.001,58.00999307220888,1.0,0.001,0.001,0.00166345274233245,0.17817895009639706,100,100
ENSMUSG00000097645,0.03342141557146782,20.583610695109975,17.84657175444453,0.001,3.602751218587769,0.0015425661471901368,36.518785179011786,100,100
ENSMUSG00000097649,0.056612042671201235,0.7283222027635751,2.099829283811428,0.001,0.22773958822605772,0.5220114989816136,130.94541399407262,100,100
ENSMUSG00000097650,0.001,62.31581250733508,1.0,0.001,0.001,0.0017402696598528915,0.13225992147068993,100,100
ENSMUSG00000097651,0.001,62.31581250733508,1.0,0.001,0.001,0.0016171393102142385,0.17858721367660105,100,100
ENSMUSG00000097654,0.001,62.31581250733508,1.0,0.001,0.001,0.0017682478368315625,0.4304780720140848,100,100
ENSMUSG00000097658,0.001,61.674132606755,1.0,0.001,0.001,0.0015563891366360758,0.16914242361765494,100,100
ENSMUSG00000097660,10.549844455195098,839.9610967476309,1.0,0.001,18.41284695294182,0.0010000000000004042,0.016770557355676036,100,100
ENSMUSG00000097662,0.001,66.84427540036525,1.0,0.001,0.001,0.001534974000415897,0.298231375134,100,100
ENSMUSG00000097664,0.001,62.31581250733508,1.0,0.001,0.0010000000000000005,0.0018008298590520963,0.2032479408586596,100,100
ENSMUSG00000097665,0.16191456029582738,18.07750251093206,4.171165997499692,0.02101244919255047,36.71537157108055,0.001,0.9755754332323934,100,100
ENSMUSG00000097666,3.3467679826601007,809.4058638924901,1.0,0.001,8.300840554851009,0.0010000000554711186,0.07822602479115207,100,100
ENSMUSG00000097667,0.001,55.211205258015816,1.0,0.001,0.0010000000000000009,0.0017601363065053062,0.16303438356604932,100,100
ENSMUSG00000097671,7.26936491345813,999.9999999464173,1.150798547407283,0.001,13.590351275537422,0.0010323321353868384,0.07758683297354266,100,100
ENSMUSG00000097672,0.6929120873771311,166.48605762337863,1.0,0.001,8.16851025155852,0.001000022262290598,0.06088246953488142,100,100
ENSMUSG00000097673,0.001,61.88525872635182,1.0,0.001,0.001,0.0017522548309865538,0.19096058234410107,100,100
ENSMUSG00000097674,0.03931478002348401,20.245762100512692,10.688914509310703,0.001,20.49876429276113,0.0010216850292926682,7.6034809104598615,100,100
ENSMUSG00000097675,33.665777892456326,856.0914091288524,1.0,1.393710060302328,49.64389851981987,0.0010397084987971265,0.011418663893424216,100,100
ENSMUSG00000097679,0.30857536024710897,17.542314861769125,2.866158494233756,0.006130297760572296,42.00468470901806,0.0010190531321114587,1.4437080579917474,100,100
ENSMUSG00000097680,0.001,62.31581250733508,1.0,0.001,0.001,0.0015924089190522714,0.13377291876986538,100,100
ENSMUSG00000097681,0.001,62.31581250733508,1.0,0.001,0.001,0.0015391081538326074,0.27734790094614337,100,100
ENSMUSG00000097684,7.846032609946937,468.2951222985561,1.0,0.001,24.894564875772037,0.001,0.009723912649889432,100,100
ENSMUSG00000097685,0.001,62.31581250733508,1.0,0.001,0.0010000000000000009,0.001738563733224161,0.09259858703720246,100,100
ENSMUSG00000097689,0.001,62.31581250733508,1.0,0.001,0.001,0.0013773433792063023,0.09415755944069606,100,100
ENSMUSG00000097690,0.001,62.31581250733508,1.0,0.001,0.001,0.002017523173660905,0.23171719906471422,100,100
ENSMUSG00000097692,0.001,62.31581250733508,1.0,0.001,0.0010000000000000005,0.0015462926120527096,0.14661452455780422,100,100
ENSMUSG00000097693,0.001,62.31581250733508,1.0,0.001,0.001,0.0018779109632244071,0.3221370009722423,100,100
ENSMUSG00000097694,0.001,62.31581250733508,1.0,0.001,0.001,0.0016871269437449905,0.25733327899648595,100,100
ENSMUSG00000097697,0.02453725234891173,22.06588332292052,30.246816289558534,0.001,13.238827699638378,0.0013535774910493432,46.042977059088486,100,100
ENSMUSG00000097698,12.919767784477605,625.1191655848631,1.0175002509572675,0.001,38.94222124905838,0.001,0.008968230458320858,100,100
ENSMUSG00000097699,0.21067414784771377,645.0030660283124,310.6877552234391,0.08761021217041196,51.644232243998275,0.0014972612970701794,1.3916594592117852,100,100
ENSMUSG00000097701,1.9084349789585087,457.80829610882074,1.0,0.001,8.98989956908815,0.0010001730588032926,0.03375241361505189,100,100
ENSMUSG00000097703,0.001,62.31581250733508,1.0,0.001,0.001,0.0017349974142733498,0.08610762365615302,100,100
ENSMUSG00000097706,0.02260997748899172,20.98641000551436,15.256145617986775,0.001,10.509124731204722,0.0010000809663879972,19.310653929010346,100,100
ENSMUSG00000097707,0.001,61.88525872635182,1.0,0.001,0.001,0.0016762140302255717,0.2544451228339894,100,100
ENSMUSG00000097709,0.001,62.31581250733508,1.0,0.001,0.0010000000000000002,0.0016191001905123115,0.08536689570864352,100,100
ENSMUSG00000097711,0.001,60.188376913276144,1.0,0.001,0.001,0.001613899524593946,0.0913174752138371,100,100
ENSMUSG00000097712,0.001,60.80878088638715,1.0,0.001,0.001,0.0015728182858872762,0.07884921216895519,100,100
ENSMUSG00000097713,0.001,62.31581250733508,1.0,0.001,0.001,0.0016638799522598494,0.11413488436383794,100,100
ENSMUSG00000097714,0.6437621963837976,154.64850262092747,1.0,0.001,7.592723353724044,0.0010020070759925424,0.05832834666638227,100,100
ENSMUSG00000097715,0.03912765597596632,0.3203537328375172,8.226700406706078,0.001,0.10463767708304242,7.846106193444427,955.8854204917748,100,100
ENSMUSG00000097716,0.001,62.31581250733508,1.0,0.001,0.0010000000000000005,0.0018273662571713638,0.29226353264141586,100,100
ENSMUSG00000097718,0.001,62.31581250733508,1.0,0.001,0.001,0.0016289833040255104,0.2698875426342021,100,100
ENSMUSG00000097719,4.379850082394219,992.7637197453894,1.0,0.001,7.722187644590072,0.0010000000185858122,0.062498211255048466,100,100
ENSMUSG00000097722,2.685696179973661,126.25343438591626,1.0,0.001,26.31400182274687,0.001,0.008725653736746754,100,100
ENSMUSG00000097723,0.001,62.31581250733508,1.0,0.001,0.001,0.0017857279670651792,0.365182106613713,100,100
ENSMUSG00000097727,1.8145822829794953,434.3402381094074,1.0,0.001,4.591368945409406,0.0011002898719502225,0.05340612953782378,100,100
ENSMUSG00000097728,2.5429335104571984,302.1068529204942,1.0,0.001,21.90084613259554,0.001,0.08999926272106855,100,100
ENSMUSG00000097729,0.06677935299765618,0.4420031093362957,1.8770753815734755,0.017639028537721098,0.2970269715417685,0.8782694259409622,17.85458537271311,100,100
ENSMUSG00000097730,0.010778937026800762,19.584354218201725,22.321791336496304,0.001,4.555836548799352,0.001474920244123433,12.812952091647265,100,100
ENSMUSG00000097731,14.621487887693126,695.4846141122782,1.0,0.001,26.30630928870228,0.001,0.00899924560109773,100,100
ENSMUSG00000097732,0.01749715995287268,21.585973008808452,52.77368494723187,0.001,3.1763191535909847,0.0016300402018714897,69.17490748229584,100,100
ENSMUSG00000097734,0.08408609133408299,60.675990982519586,30.62609636430072,0.007681355138072134,29.51268701999701,0.0010000000000052953,1.8803383270071237,100,100
ENSMUSG00000097735,11.710379531289844,973.0717642494303,1.0345986477171245,0.001,23.859261464687876,0.001,0.011785534801979157,100,100
ENSMUSG00000097736,0.001,66.84427540036525,1.0,0.001,0.0010000000000000005,0.0016406260949512646,0.24519854449893075,100,100
ENSMUSG00000097737,0.001,66.84427540036525,1.0,0.001,0.001,0.001841748964026003,0.23770981426883206,100,100
ENSMUSG00000097738,0.001,61.674132606755,1.0,0.001,0.001,0.001546279025465514,0.18661568306108828,100,100
ENSMUSG00000097740,0.001,66.84427540036525,1.0,0.001,0.001,0.0016200517652540018,0.18648296629420882,100,100
ENSMUSG00000097742,0.001,66.84427540036525,1.0,0.001,0.001,0.0021612132792646855,0.537112594560704,100,100
ENSMUSG00000097743,0.252337543957311,34.049981346725374,14.09430998348774,0.02436493721542051,0.5935750681869578,0.16011231091484984,3.556320836093268,100,100
ENSMUSG00000097744,0.001,61.674132606755,1.0,0.001,0.001,0.0017340413070280124,0.25525898830257754,100,100
ENSMUSG00000097746,0.5465032430453882,65.0843312491083,1.0,0.001,18.903119284307206,0.0010003855696892152,0.014600868100009571,100,100
ENSMUSG00000097747,0.014657573560944959,18.50374953879317,28.586218637357785,0.001,6.922716602114224,0.001266096876750705,28.05305897175567,100,100
ENSMUSG00000097748,0.033701924193729235,21.58691449439442,23.617242041982664,0.001,1.0303457895711996,0.0030349303708772355,47.43053907481261,100,100
ENSMUSG00000097749,0.03899347725073854,20.31921345945188,10.72657239289981,0.001,23.89799438268656,0.001015435476348776,8.472028917180335,100,100
ENSMUSG00000097750,0.025254209960080924,2.7192093539116473,5.135408608283563,0.001,18.783994582938853,0.0011220970002306626,19.719094847110007,100,100
ENSMUSG00000097751,6.766941622182333,530.6813923927169,1.0042813038690144,0.001,22.7813242324794,0.001000000000000287,0.008919340449432364,100,100
ENSMUSG00000097754,0.40533800612029397,71.16626523580601,172.86287010529537,0.26528974670780325,0.5227025302569228,1.7262643891584752,5.012663837291499,100,100
ENSMUSG00000097755,2.3992539462854334,631.6350691373558,1.0917831779394422,0.001,6.995036714824044,0.0010000000000268924,0.04940433752662053,100,100
ENSMUSG00000097756,0.06317099992130593,19.35929408003323,11.41151405506299,0.001,16.80900970767997,0.0010526062060893543,42.19273364676385,100,100
ENSMUSG00000097757,0.001,66.84427540036525,1.0,0.001,0.001,0.001760873269663003,0.2928962011666706,100,100
ENSMUSG00000097759,0.001,61.88525872635182,1.0,0.001,0.0010000000000000009,0.0014945195744776479,0.20941527046116648,100,100
ENSMUSG00000097760,0.2766054930613779,17.52428646905757,2.9371090524538372,0.04347620164618925,44.60258493389214,0.0010797358154803764,0.716001927988541,100,100
ENSMUSG00000097761,9.574087198539477,797.7327860272625,1.058896404957318,0.001,25.426724985538335,0.001,0.01068571217766871,100,100
ENSMUSG00000097762,0.001,62.31581250733508,1.0,0.001,0.001,0.001767793919467106,0.21936342936449432,100,100
ENSMUSG00000097763,1.2244254183312893,287.2387589584813,1.0,0.001,7.94543576426254,0.0010369927002072447,0.06370889163415791,100,100
ENSMUSG00000097764,5.297057525486847,709.6126769558823,1.1294169398673464,0.001,16.993303724225306,0.0012176787891787714,0.012857619681104417,100,100
ENSMUSG00000097766,14.737522272754564,872.0634448615714,1.0070593562881036,0.001,25.568334470445457,0.001,0.013806087063803627,100,100
ENSMUSG00000097767,0.15929287328251712,91.3723748698268,913.40962643393,0.10643986537638453,0.21692315327200418,5.762405154619304,15.95798943535408,100,100
ENSMUSG00000097768,0.001,62.31581250733508,1.0,0.001,0.001,0.0018931057493348832,0.1733072240024387,100,100
ENSMUSG00000097769,0.7605812781245378,32.73161550011041,78.71937494292821,0.1956843910146264,1.048868055813181,1.8175786980612454,15.90278862060665,100,100
ENSMUSG00000097770,0.001,62.31581250733508,1.0,0.001,0.001,0.0017428612451831377,0.09107966652836384,100,100
ENSMUSG00000097772,0.850013819246616,171.75019421421268,587.4138478475841,0.507715058742111,1.0912763532055807,2.6787287894979865,8.293679763290138,100,100
ENSMUSG00000097774,0.001,62.31581250733508,1.0,0.001,0.001,0.0016847452222724963,0.08529577738162827,100,100
ENSMUSG00000097775,4.9768322155255005,596.7220861447431,1.0,0.001,12.559115695543458,0.001000000000001504,0.020842909865785957,100,100
ENSMUSG00000097776,0.003278745494802053,11.907628964341697,29.167348987211728,0.001,0.059454536252138646,0.0014881678603334667,16.820019448204057,100,100
ENSMUSG00000097777,49.94777022504385,680.0030143141821,1.0,0.5826435814052361,94.36417216517535,0.00107444769955906,0.008992907586116126,100,100
ENSMUSG00000097779,0.001,62.31581250733508,1.0,0.001,0.001,0.0017923280622480146,0.1182023383230909,100,100
ENSMUSG00000097781,0.016230556467820307,24.045019339983437,42.38967649376227,0.001,2.650445286623479,0.0015527261810119365,46.78121550799121,100,100
ENSMUSG00000097784,8.337499018952126,1000.0,1.0,0.001,16.815402072615164,0.0010000000938831812,0.016591903081945483,100,100
ENSMUSG00000097785,0.0035908811922471676,8.284235002890235,20.72019376829,0.001,0.055451783107554345,0.0025627974193450304,18.724855343123387,100,100
ENSMUSG00000097786,0.001,62.31581250733508,1.0,0.001,0.001,0.0015940483744393765,0.11401447606803633,100,100
ENSMUSG00000097787,0.04751824361749505,19.929949581410128,14.034537350588133,0.001,9.486053786692857,0.0014557170690272596,18.276230852283597,100,100
ENSMUSG00000097788,3.07783631307003,741.2598198343227,1.0,0.001,7.384003569758596,0.0011638599004203465,0.10681742844692846,100,100
ENSMUSG00000097789,1.1060731261821817,650.102273207683,1999.6854008110645,0.871415897555603,1.5600352281312593,2.0444074791347457,4.289740439331094,100,100
ENSMUSG00000097791,12.400879109701686,999.9999999999845,1.01010691813937,0.001,21.107546316376286,0.0010000000000001217,0.1508573625863095,100,100
ENSMUSG00000097792,0.01691377238075447,2.078134410991174,3.114717700786796,0.001,14.26810406403192,0.0010018920365044753,11.185024198166865,100,100
ENSMUSG00000097793,16.725737458848855,1000.0,1.0089321209484396,0.001,22.394821118102556,0.001,0.009877589126400913,100,100
ENSMUSG00000097796,0.001,62.31581250733508,1.0,0.001,0.001,0.0021300794078228857,0.1300402430897141,100,100
ENSMUSG00000097799,0.3869632028702163,4.53584632321889,1.0,0.1741938759122839,56.218304889161914,0.0012146787670391187,0.33407195596413064,100,100
ENSMUSG00000097800,2.337569118418018,573.9891342931422,1.0176277045143687,0.001,9.169483804350811,0.0010011409954054193,0.046939536006499936,100,100
ENSMUSG00000097803,0.0642062873170723,8.724318069278324,11.588071005321957,0.008225910137517547,32.48367229220909,0.0011998559195853344,10.756377807626638,100,100
ENSMUSG00000097804,0.001,61.88525872635182,1.0,0.001,0.001,0.0019010855662072745,0.18512202269256686,100,100
ENSMUSG00000097805,0.11384618112645052,26.95183298160442,1.0,0.001,9.20026391633287,0.0010744239066351894,0.060788315553879396,100,100
ENSMUSG00000097806,9.745293809033857,772.6264436695342,1.0,0.001,23.182467820605005,0.0010000000318968623,0.011830150689753006,100,100
ENSMUSG00000097809,0.001,62.31581250733508,1.0,0.001,0.0010000000000000005,0.0018198614258129026,0.1867553267251772,100,100
ENSMUSG00000097811,0.001,61.88525872635182,1.0,0.001,0.0010000000000000005,0.00162627055435575,0.11979276226381445,100,100
ENSMUSG00000097812,0.003285899528870165,13.359416877321305,32.950269203906664,0.001,0.0941077169796318,0.0016844058746731888,16.8790280381875,100,100
ENSMUSG00000097815,0.001,66.84427540036525,1.0,0.001,0.0010000000000000005,0.0015469060823724598,0.25436407317120696,100,100
ENSMUSG00000097816,8.196285317275084,1000.0,1.1285057110807397,0.001,16.695969185695013,0.0010000011216730947,0.1455525491238882,100,100
ENSMUSG00000097817,0.001,61.88525872635182,1.0,0.001,0.001,0.0016697112147895437,0.22927061389101644,100,100
ENSMUSG00000097818,0.001,62.31581250733508,1.0,0.001,0.0010000000000000005,0.0017302722065691794,0.16900154397423478,100,100
ENSMUSG00000097819,0.001,62.31581250733508,1.0,0.001,0.001,0.0016378988851407168,0.13228983530771243,100,100
ENSMUSG00000097820,0.00788854370554033,0.4389721866480305,1.0,0.001,10.206029914620986,0.001000020579836683,21.915473112225982,100,100
ENSMUSG00000097823,0.06687624315624063,1.2341395918112743,1.6889410407964196,0.004479246860895774,7.007983335929884,0.0027430992227118166,8.078037466722508,100,100
ENSMUSG00000097827,0.001,62.31581250733508,1.0,0.001,0.001,0.0019846580132801186,0.3045646055263348,100,100
ENSMUSG00000097828,0.001,61.88525872635182,1.0,0.001,0.001,0.0016717309281093413,0.3366139122527865,100,100
ENSMUSG00000097831,0.001,66.84427540036525,1.0,0.001,0.001,0.0016905066701421267,0.2582152457530254,100,100
ENSMUSG00000097832,0.08198982556131193,18.921344044698042,9.524528462489807,0.001,23.970188354779687,0.0012831605866195559,12.7301814100716,100,100
ENSMUSG00000097833,0.001,61.88525872635182,1.0,0.001,0.001,0.0018823160218095322,0.16280601271941797,100,100
ENSMUSG00000097834,0.001,61.45463549419866,1.0,0.001,0.001,0.0016336604024577799,0.09398286868559452,100,100
ENSMUSG00000097835,13.73728757032318,532.9637363658932,1.0,1.4904029942999615,36.62795178796958,0.001,0.009019490039625634,100,100
ENSMUSG00000097836,0.001,61.88525872635182,1.0,0.001,0.0010000000000000009,0.00198090317807988,0.23692152346008377,100,100
ENSMUSG00000097838,0.001,61.88525872635182,1.0,0.001,0.001,0.0015602312146668622,0.2870798041350434,100,100
ENSMUSG00000097839,4.486314983466243,1000.0,1.0,0.001,11.515291121441336,0.001084467872247205,0.061053517420421366,100,100
ENSMUSG00000097842,0.043036600211741355,12.804269427526773,15.037062903670106,0.0033204044906787037,33.37869514076127,0.0010342317916721923,5.751884899469146,100,100
ENSMUSG00000097845,0.001,61.88525872635182,1.0,0.001,0.001,0.0015667247411059219,0.23050576747803603,100,100
ENSMUSG00000097847,0.001,62.31581250733508,1.0,0.001,0.001,0.001576779693970993,0.10902188413297535,100,100
ENSMUSG00000097848,0.001,62.31581250733508,1.0,0.001,0.001,0.0016862510653513601,0.13650754673745194,100,100
ENSMUSG00000097850,0.001,62.31581250733508,1.0,0.001,0.001,0.002136986136595051,0.1993131299641811,100,100
ENSMUSG00000097852,1.67061604863853,398.5402109334709,1.0,0.001,8.400056894354256,0.0010000000015258506,0.0730064527052807,100,100
ENSMUSG00000097854,0.001,61.674132606755,1.0,0.001,0.0010000000000000009,0.001475333794974036,0.3644240942000483,100,100
ENSMUSG00000097855,23.63623829202073,614.045242383662,1.0,2.371295804646117,52.08995551253546,0.0010000000000006744,0.008962489036410637,100,100
ENSMUSG00000097857,0.881564516204355,212.83947995384116,1.0,0.001,5.8539143596970575,0.0010816554966926045,0.06996767499019137,100,100
ENSMUSG00000097858,0.001,62.31581250733508,1.0,0.001,0.0010000000000000009,0.0020578146577425347,0.15615822690045256,100,100
ENSMUSG00000097859,0.10472341236825061,18.477346910790253,8.05725957657037,0.005953093068179128,28.456077389380383,0.0012158855966528173,4.3086677779941995,100,100
ENSMUSG00000097860,3.9276406581767263,942.1623723314058,1.0,0.001,11.784399996999383,0.001,0.061277508268182804,100,100
ENSMUSG00000097862,0.001,62.31581250733508,1.0,0.001,0.001,0.0018734908985999503,0.1546130349730558,100,100
ENSMUSG00000097863,0.001,62.31581250733508,1.0,0.001,0.001,0.0014295896119231816,0.18400985658679686,100,100
ENSMUSG00000097864,0.001,62.31581250733508,1.0,0.001,0.0010000000000000009,0.001498541385005715,0.22979541494753614,100,100
ENSMUSG00000097867,0.267229860265312,30.44149412357389,20.079644619572477,0.01961865689396443,1.0394176137773181,0.11786834411286932,11.95947383755583,100,100
ENSMUSG00000097868,0.08288547522815376,9.34247086169968,34.744769300880996,0.04773665902289963,0.22292479488368794,0.6976793998091234,7.157876189141978,100,100
ENSMUSG00000097870,0.001,62.31581250733508,1.0,0.001,0.001,0.0018363340621867451,0.3038889019830568,100,100
ENSMUSG00000097874,0.001,62.31581250733508,1.0,0.001,0.001,0.0018842528525748444,0.1001199631464281,100,100
ENSMUSG00000097876,0.003274275714770447,10.312814670651504,25.500834799450118,0.001,0.03507156044389857,0.0023775325018577445,17.437132560199693,100,100
ENSMUSG00000097881,0.001,66.84427540036525,1.0,0.001,0.001,0.001759634336627091,0.14682289499054735,100,100
ENSMUSG00000097882,2.3643720730522655,550.4224452307329,1.0,0.001,7.37115674391039,0.0010000000100228712,0.06708750308582404,100,100
ENSMUSG00000097884,1.8097731898307214,437.46334361701787,1.0,0.001,5.264733277654988,0.0011194459589633297,0.21121259892914201,100,100
ENSMUSG00000097885,8.55093197145015,999.9772568904303,1.0,0.001,18.732518653268777,0.001,0.06672867970726931,100,100
ENSMUSG00000097887,0.03358489099151009,20.8843897864443,18.089978521171552,0.001,10.421346301770484,0.001270404718901334,28.37248632862954,100,100
ENSMUSG00000097888,0.02346862624838393,20.071175085429363,14.59842997275,0.001,8.91148707656671,0.0011375865189226205,4.2447878165341475,100,100
ENSMUSG00000097889,5.070753975073745,612.8668166265716,1.0041799128000455,0.001,18.023678004056542,0.0010001582531117437,0.03235177767326015,100,100
ENSMUSG00000097890,0.002158241946308151,6.884080058683147,37.282589176260494,0.001,0.04445717702087788,0.002937026786805059,51.15672595641223,100,100
ENSMUSG00000097891,0.01221192132995802,17.227248595614903,19.686461685349528,0.001,9.473142026933525,0.0012491732841979548,19.158802249559017,100,100
ENSMUSG00000097892,1.3682731196764728,322.4137462673981,1.0,0.001,8.64023324126121,0.001000025674311156,0.38060469582214496,100,100
ENSMUSG00000097893,0.001,66.84427540036525,1.0,0.001,0.001,0.0018613909447156899,0.22661131156490694,100,100
ENSMUSG00000097896,0.27213439610239265,65.36421030425801,1.0,0.001,9.44428972803719,0.0010000000000685149,0.0412817806331095,100,100
ENSMUSG00000097899,1.750658321459322,421.40314619562344,1.0,0.001,10.2831478247107,0.0010000919644098786,0.03270576251868006,100,100
ENSMUSG00000097902,0.001,61.88525872635182,1.0,0.001,0.001,0.001630501862803903,0.19087881311464028,100,100
ENSMUSG00000097903,0.001,61.45463549419866,1.0,0.001,0.001,0.0017068105561029452,0.3059829496178216,100,100
ENSMUSG00000097904,0.001,62.31581250733508,1.0,0.001,0.001,0.0016156609981623528,0.1183390517631786,100,100
ENSMUSG00000097906,3.7165672499907,42.54498482331304,162.03473338458954,2.3740389600720997,5.653975824259342,2.3231456947346603,8.696104210913187,100,100
ENSMUSG00000097908,0.16716160231989288,0.5336415754723774,1.0524002119340266,0.05670830915375084,1.8190053236936938,0.148673105018215,6.445901212437999,100,100
ENSMUSG00000097910,0.010150750624745707,20.840303381880705,51.21519036513477,0.001,2.7875104608924364,0.0024314449547221473,35.929702309360536,100,100
ENSMUSG00000097912,0.001,62.31581250733508,1.0,0.001,0.0010000000000000005,0.001499333051164719,0.22169287238236973,100,100
ENSMUSG00000097914,4.131519129298434,1000.0,1.000247281024765,0.001,11.264017250406084,0.0010004427988243875,0.06520343012856185,100,100
ENSMUSG00000097915,0.0673442314392577,17.78568278647761,22.15374584759876,0.001,0.1948933171440503,0.32867666855803457,129.2293924824464,100,100
ENSMUSG00000097917,0.001,62.31581250733508,1.0,0.001,0.001,0.0019470577622955083,0.18145850532883195,100,100
ENSMUSG00000097919,0.4282965282830732,103.14966607220127,1.0,0.001,11.831136959978755,0.0010704293947937657,0.07555360325340119,100,100
ENSMUSG00000097921,0.1656588662673191,39.53920567850924,1.0,0.001,9.416632950917863,0.0010414309143868357,0.5759578529172792,100,100
ENSMUSG00000097924,0.015407545641875575,16.76568749325951,62.42281491983888,0.004973250363163725,18.90287745466694,0.0010000052428359395,9.99999995455326,100,100
ENSMUSG00000097925,0.001,61.88525872635182,1.0,0.001,0.001,0.0016535819604192202,0.1448126828911901,100,100
ENSMUSG00000097926,0.001,62.31581250733508,1.0,0.001,0.001,0.0026521310444534403,0.13939326689107184,100,100
ENSMUSG00000097928,0.02281887874987925,21.46685301272838,23.904361923245393,0.001,5.323079512889143,0.001835286864758202,24.626924073842012,100,100
ENSMUSG00000097929,0.001,62.31581250733508,1.0,0.001,0.001,0.0017644081807473293,0.1543568580319481,100,100
ENSMUSG00000097930,0.001,62.31581250733508,1.0,0.001,0.001,0.0017068400387238191,0.15467399149983682,100,100
ENSMUSG00000097933,0.001,62.31581250733508,1.0,0.001,0.001,0.001594520997972149,0.21386311426544613,100,100
ENSMUSG00000097934,6.470310608778497,512.6283230068886,1.0,0.001,24.969019077299052,0.001,0.012163840742389877,100,100
ENSMUSG00000097935,0.001,66.84427540036525,1.0,0.001,0.001,0.0016631787091330578,0.40132052674133156,100,100
ENSMUSG00000097936,0.001,66.84427540036525,1.0,0.001,0.0010000000000000009,0.0015911240683541081,0.11518150150023872,100,100
ENSMUSG00000097944,0.4176499174265688,17.281654035934757,3.2455528078342226,0.1258288461640896,45.05100881793919,0.0013592233678394261,0.5256087363116745,100,100
ENSMUSG00000097945,0.001,61.88525872635182,1.0,0.001,0.001,0.0018459920001592492,0.15721693891108074,100,100
ENSMUSG00000097951,0.001,62.31581250733508,1.0,0.001,0.001,0.0018371174895555282,0.11620730893518472,100,100
ENSMUSG00000097953,0.001,62.31581250733508,1.0,0.001,0.0010000000000000005,0.001797044592831711,0.11256332856745409,100,100
ENSMUSG00000097954,6.705285995335799,737.0900443235056,1.0,0.001,14.884431219536763,0.001000570714309147,0.018856431720415817,100,100
ENSMUSG00000097958,0.001,62.31581250733508,1.0,0.001,0.001,0.001892773018927256,0.25878484820909536,100,100
ENSMUSG00000097960,0.18077328484365007,4.747758970191724,2.405755088196354,0.05867689681606039,7.232247113916671,0.00672254219314116,1.3641685256572884,100,100
ENSMUSG00000097967,0.001,62.31581250733508,1.0,0.001,0.001,0.0017140841025626782,0.40861987436756264,100,100
ENSMUSG00000097970,0.001,61.45463549419866,1.0,0.001,0.0010000000000000005,0.0016807588330813327,0.13870482411267426,100,100
ENSMUSG00000097971,3.7177421529975074,535.2561745401441,554.1928224980018,2.5104309007200034,7.818539525319846,0.4754649213663784,2.2536886114829215,100,100
ENSMUSG00000097973,0.001,58.8711705984019,1.0,0.001,0.0010000000000000009,0.0018137771649363913,0.23710701208305274,100,100
ENSMUSG00000097974,1.503103188885066,363.25008257950475,1.0,0.001,9.213500384170331,0.001173651793034541,0.03252428634128088,100,100
ENSMUSG00000097975,0.001,62.31581250733508,1.0,0.001,0.001,0.0020798781552794545,0.08593835571174674,100,100
ENSMUSG00000097977,0.001,66.84427540036525,1.0,0.001,0.0010000000000000009,0.0019718823858032534,0.05658368200691495,100,100
ENSMUSG00000097983,0.001,62.31581250733508,1.0,0.001,0.0010000000000000005,0.0015789926833811951,0.2684938161538218,100,100
ENSMUSG00000097986,0.001,61.88525872635182,1.0,0.001,0.001,0.002150597778747616,0.3499307737455108,100,100
ENSMUSG00000097987,0.001,59.75744064589286,1.0,0.001,0.0010000000000000009,0.0019899216665579325,0.1449109589599089,100,100
ENSMUSG00000097988,0.001,62.31581250733508,1.0,0.001,0.001,0.0015454432004268456,0.1769360594384808,100,100
ENSMUSG00000097990,0.06346189216384038,19.346031740526087,11.398265857241178,0.001,17.193963415676613,0.0013725787857920536,12.728316729558191,100,100
ENSMUSG00000097992,0.001,62.31581250733508,1.0,0.001,0.001,0.001785009788568576,0.2723220510346501,100,100
ENSMUSG00000097993,0.11759316324623918,11.53507972901833,138.61699230188515,0.07463729739549016,0.1612845904528586,6.438680703127968,22.834567531373303,100,100
ENSMUSG00000097994,0.004464140016603253,0.015976734252732713,1.011536277455019,0.001,0.43690553180467473,0.4409860281835575,258.99836255641975,100,100
ENSMUSG00000097995,2.337569118418018,573.9891342931422,1.0176277045143687,0.001,8.178695363281314,0.0010157937813737642,0.06353534070734848,100,100
ENSMUSG00000097996,1.8097731898307214,437.46334361701787,1.0,0.001,7.095069441925517,0.0012653582033779966,0.07251386351673622,100,100
ENSMUSG00000097997,8.477285114099153,999.9999999928591,1.0,0.001,20.076603798718303,0.001,0.03841073278101021,100,100
ENSMUSG00000097998,0.001,61.674132606755,1.0,0.001,0.001,0.0016862948782447687,0.10397479085845093,100,100
ENSMUSG00000098000,4.1336179629762935,999.9999943156627,1.0,0.001,6.862754472345165,0.0010538549522461265,0.08706503839015053,100,100
ENSMUSG00000098001,0.001,62.31581250733508,1.0,0.001,0.001,0.0015984971540932858,0.19710361074004867,100,100
ENSMUSG00000098003,0.001,62.31581250733508,1.0,0.001,0.001,0.0014602975820390538,0.22655872546091696,100,100
ENSMUSG00000098016,0.001,61.88525872635182,1.0,0.001,0.001,0.0014333949985790647,0.32937025628906197,100,100
ENSMUSG00000098022,0.6145260057046639,35.215755456040974,6.047893326487365,0.15335047068104402,72.53022656263187,0.001190342286304774,0.8899012440072223,100,100
ENSMUSG00000098023,0.001,62.31581250733508,1.0,0.001,0.001,0.0018441931099143307,0.15375546850083116,100,100
ENSMUSG00000098024,0.33165413240511654,2.9826863956809824,3.916264344357584,0.12037465922216056,0.7752881860477908,0.4979381792099886,4.069540621812007,100,100
ENSMUSG00000098026,0.001,62.31581250733508,1.0,0.001,0.001,0.0016450026879325193,0.1694159391255135,100,100
ENSMUSG00000098035,0.001,62.31581250733508,1.0,0.001,0.001,0.0016712181530351916,0.1694314505742819,100,100
ENSMUSG00000098037,0.001,62.31581250733508,1.0,0.001,0.001,0.0017741970381158888,0.35838723519641164,100,100
ENSMUSG00000098041,0.001,61.024058264401226,1.0,0.001,0.001,0.0016586064700496233,0.20669085775796217,100,100
ENSMUSG00000098043,0.001,66.84427540036525,1.0,0.001,0.001,0.0014581970411392396,0.1958668097320102,100,100
ENSMUSG00000098048,0.001,62.31581250733508,1.0,0.001,0.001,0.0016614932637743106,0.2945085593123573,100,100
ENSMUSG00000098050,0.001,66.84427540036525,1.0,0.001,0.001,0.001810474264508467,0.24968830152977073,100,100
ENSMUSG00000098052,0.001,62.31581250733508,1.0,0.001,0.0010000000000000005,0.002076037083295456,0.13235709489703948,100,100
ENSMUSG00000098055,0.001,66.84427540036525,1.0,0.001,0.001,0.0017879494223552797,0.10888892790547598,100,100
ENSMUSG00000098056,0.001,61.88525872635182,1.0,0.001,0.001,0.0023246676816910177,0.3178191005192966,100,100
ENSMUSG00000098061,1.8855242048223924,454.9597606392765,1.0,0.001,6.198598399478642,0.0012951717615100485,0.04830140535938704,100,100
ENSMUSG00000098062,0.001,62.31581250733508,1.0,0.001,0.001,0.001710897263205527,0.14970047989148097,100,100
ENSMUSG00000098065,0.001,61.88525872635182,1.0,0.001,0.001,0.0020015266715361904,0.3287304297301669,100,100
ENSMUSG00000098066,2.069974671094768,482.5256961033203,1.0,0.001,7.762096214440962,0.0010262725266260296,0.031261755650140784,100,100
ENSMUSG00000098067,0.001,62.31581250733508,1.0,0.001,0.001,0.0017662435310158843,0.23662826124101938,100,100
ENSMUSG00000098068,0.001,61.259704531272526,1.0,0.001,0.001,0.0018623446146550705,0.3062883663692708,100,100
ENSMUSG00000098072,0.001,62.31581250733508,1.0,0.001,0.001,0.0016388615724036667,0.1420938552466386,100,100
ENSMUSG00000098074,0.001,62.31581250733508,1.0,0.001,0.001,0.0016072981335895106,0.2191767436620315,100,100
ENSMUSG00000098076,0.0065586414293734895,17.72502017746072,44.26539378442711,0.001,4.947774170989192,0.0015089444234017298,19.45057906491925,100,100
ENSMUSG00000098079,0.001,62.31581250733508,1.0,0.001,0.001,0.0018753180208516463,0.22696063921026854,100,100
ENSMUSG00000098081,0.001,62.31581250733508,1.0,0.001,0.001,0.001650626752562956,0.07483942951239225,100,100
ENSMUSG00000098082,2.134303477002954,511.7325357528449,1.0,0.001,7.3047144664869155,0.0010019122892143946,0.07389568468622644,100,100
ENSMUSG00000098088,0.001,58.00999307220888,1.0,0.001,0.001,0.001803408641204827,0.18513104428715932,100,100
ENSMUSG00000098090,0.01879370232725805,0.7505597249031035,9.360038944776708,0.007500661989185262,0.09223964742206839,0.890682479080552,38.417598867378885,100,100
ENSMUSG00000098091,0.047899144034496195,18.15131546669649,9.53342281053489,0.0016476237158100189,20.52347132099026,0.001000000000007535,6.830286738666709,100,100
ENSMUSG00000098098,0.17305383434101193,31.838415375975618,27.287350645724555,0.001,0.5159279333979458,0.05824993013545654,149.91128730582028,100,100
ENSMUSG00000098101,3.8033066429468203,465.725341809668,1.0079409655452678,0.001,13.882874268415895,0.001,0.01703689327637817,100,100
ENSMUSG00000098104,0.03903032943401896,25.261684009403282,35.478461314962665,0.0012397464271844555,37.363664790527366,0.0010219861416925062,16.112012888149547,100,100
ENSMUSG00000098105,0.001,66.84427540036525,1.0,0.001,0.001,0.0016904090203573397,0.21895873274994668,100,100
ENSMUSG00000098111,0.001,33.68563629993298,1.0,0.001,0.001,0.0024070512312589195,0.2796959837148585,100,100
ENSMUSG00000098112,0.001,62.31581250733508,1.0,0.001,0.0010000000000000009,0.002019960657238873,0.3503728526511235,100,100
ENSMUSG00000098113,0.03512230021506054,1.026266884475582,4.535239098026346,0.001,0.18132437813701202,0.4960069802843462,119.04714712543431,100,100
ENSMUSG00000098120,1.6127703651195444,365.6041891991906,1.0,0.001,7.869999369846909,0.0010689330595614855,0.07051732770234953,100,100
ENSMUSG00000098121,2.3992539462854334,631.6350691373558,1.0917831779394422,0.001,7.550697019045716,0.0010000000000142226,0.036581625674134435,100,100
ENSMUSG00000098132,0.11384618112645052,26.95183298160442,1.0,0.001,7.557096971845851,0.00125208150587151,0.18008790199138516,100,100
ENSMUSG00000098134,1.9191348179261776,106.08972535149962,56.78545689082727,0.024979116071947898,3.1362324805056447,0.32851063736077746,157.33203157673444,100,100
ENSMUSG00000098135,0.001,62.31581250733508,1.0,0.001,0.0010000000000000009,0.0016083615409330258,0.2630624164877732,100,100
ENSMUSG00000098138,1.6578195835162874,390.74308302403836,1.0,0.001,5.915479134048923,0.0010000000000161236,0.08192493599981428,100,100
ENSMUSG00000098141,0.001,62.31581250733508,1.0,0.001,0.0010000000000000005,0.002034000806782846,0.11717267859830918,100,100
ENSMUSG00000098145,0.001,62.31581250733508,1.0,0.001,0.001,0.0016968071175284018,0.5746741494317744,100,100
ENSMUSG00000098146,0.001,60.60768216058454,1.0,0.001,0.0010000000000000005,0.0020128850202422734,0.16934670415471254,100,100
ENSMUSG00000098149,0.001,66.84427540036525,1.0,0.001,0.001,0.0015043352436647564,0.11349668141526664,100,100
ENSMUSG00000098154,0.001,62.31581250733508,1.0,0.001,0.001,0.001828275085661348,0.3349816702974292,100,100
ENSMUSG00000098155,0.5819319192444908,17.22634841919926,1.8000725105785766,0.07706835805703877,52.550267483384985,0.001058872972418307,0.571405385529977,100,100
ENSMUSG00000098158,0.001,60.80878088638715,1.0,0.001,0.0010000000000000009,0.0020880163156157304,0.21485853296237678,100,100
ENSMUSG00000098159,0.001,62.31581250733508,1.0,0.001,0.001,0.0017312643544987755,0.1796774764181626,100,100
ENSMUSG00000098164,0.001,66.84427540036525,1.0,0.001,0.001,0.0017127744754338102,0.06953486493736893,100,100
ENSMUSG00000098166,4.134300499511258,1000.0,1.0,0.001,5.590590270655074,0.0014199119667002882,0.10276570891212021,100,100
ENSMUSG00000098175,0.001,62.31581250733508,1.0,0.001,0.001,0.0016063651372398048,0.17001267672690057,100,100
ENSMUSG00000098176,0.047221387097626834,1.2246813139256199,2.082326998361495,0.001,0.32078972135092176,0.0449316815555163,96.34742623612169,100,100
ENSMUSG00000098177,0.001,62.31581250733508,1.0,0.001,0.0010000000000000005,0.0017045806835474426,0.06503415777168378,100,100
ENSMUSG00000098178,4.800698561065238,46.80343144589193,1348.5256328622552,0.08180237369609922,5.4974906120252856,1.2607213886967186,89.76593284848403,100,100
ENSMUSG00000098181,8.514871360867295,1000.0,1.0,0.001,17.409296512603248,0.0010000000000006037,0.015404210181715424,100,100
ENSMUSG00000098183,0.022603743433058848,20.843114170404235,15.155158994653076,0.001,9.44463122364813,0.001000159020685673,14.383271523184334,100,100
ENSMUSG00000098184,0.001,66.84427540036525,1.0,0.001,0.001,0.0016971688833123722,0.11766937889756053,100,100
ENSMUSG00000098187,0.001,61.259704531272526,1.0,0.001,0.001,0.0017371509801450415,0.06422460113613027,100,100
ENSMUSG00000098188,0.3036553834787647,32.16510784459197,15.937295297388529,0.05220349070946917,8.458329791465072,0.04672319266939366,3.475992589113512,100,100
ENSMUSG00000098190,0.11384618112645052,26.95183298160442,1.0,0.001,7.00362129366244,0.0012862687439195567,0.1178224845395685,100,100
ENSMUSG00000098192,0.001,47.47527580399874,1.0,0.001,0.001,0.0020460131150152154,0.16858503331437943,100,100
ENSMUSG00000098194,0.001,66.84427540036525,1.0,0.001,0.0010000000000000009,0.0015483734116774812,0.4080168710255964,100,100
ENSMUSG00000098195,0.001,62.31581250733508,1.0,0.001,0.001,0.001803473927114855,0.08914677947039656,100,100
ENSMUSG00000098196,0.001,62.31581250733508,1.0,0.001,0.001,0.0017219143715210745,0.3108365020150541,100,100
ENSMUSG00000098198,0.001,59.101841166386166,1.0,0.001,0.001,0.001627274989770286,0.1096959080414616,100,100
ENSMUSG00000098199,0.001,62.31581250733508,1.0,0.001,0.001,0.0015957303329315578,0.07642006073041463,100,100
ENSMUSG00000098201,0.001,61.674132606755,1.0,0.001,0.001,0.0017274798817265755,0.17540004662538644,100,100
ENSMUSG00000098202,0.07475312342923741,2.0839430268147385,4.282729267943916,0.014164391228321485,0.23429743326463864,0.6211337225638465,12.949606195873034,100,100
ENSMUSG00000098203,0.010873101633034106,19.480108797277133,22.206446454912662,0.001,4.193171033002818,0.001425632793321317,19.30044100686291,100,100
ENSMUSG00000098206,0.001,60.188376913276144,1.0,0.001,0.001,0.0017662054524941423,0.14796193062515509,100,100
ENSMUSG00000098207,0.001,62.31581250733508,1.0,0.001,0.001,0.0022386788763895746,0.19773323430727108,100,100
ENSMUSG00000098211,0.001,62.31581250733508,1.0,0.001,0.0010000000000000009,0.0017521985980392257,0.16970778185431484,100,100
ENSMUSG00000098215,0.001,62.31581250733508,1.0,0.001,0.0010000000000000009,0.001929389163037121,0.7791598708458884,100,100
ENSMUSG00000098217,0.001,62.31581250733508,1.0,0.001,0.001,0.0018218270768010111,0.5459028881586266,100,100
ENSMUSG00000098219,7.913105274562128,885.7701693676244,1.0,0.001,18.027342902556,0.001,0.08938472592824126,100,100
ENSMUSG00000098221,0.001,61.674132606755,1.0,0.001,0.0010000000000000005,0.002000765411627881,0.16586812853660654,100,100
ENSMUSG00000098222,4.275723602977656,999.9978971276951,1.0,0.001,8.020812868542663,0.0010000253950838858,0.0400803469352097,100,100
ENSMUSG00000098224,0.001,66.84427540036525,1.0,0.001,0.001,0.0019646489341993093,0.10795888896547141,100,100
ENSMUSG00000098225,0.001,62.31581250733508,1.0,0.001,0.001,0.001680191833267895,0.4112996830804931,100,100
ENSMUSG00000098234,1.403830860860926,4.579005909968973,10.881699377169918,0.8253386958140263,2.663411685426169,0.8958967029514862,5.61173753757514,100,100
ENSMUSG00000098235,0.006518033842887488,17.92083758768046,44.9274210368209,0.001,4.176911926799675,0.0012547136303668717,24.6358805461836,100,100
ENSMUSG00000098236,0.001,62.31581250733508,1.0,0.001,0.001,0.0017470170183538232,0.14615805490254258,100,100
ENSMUSG00000098238,0.001,62.31581250733508,1.0,0.001,0.0010000000000000009,0.0017383291020868427,0.23326613633482812,100,100
ENSMUSG00000098240,0.001,17.659797420452772,1.0,0.001,0.001,0.006039592931482521,0.47197400078640295,100,100
ENSMUSG00000098243,0.0845761161572615,124.06888921065631,63.208240447712285,0.02786387974050538,30.078915000045686,0.0010078208103055123,1.5789478512974873,100,100
ENSMUSG00000098251,0.001,62.31581250733508,1.0,0.001,0.001,0.0015527325164030165,0.14156685105260075,100,100
ENSMUSG00000098259,0.001,61.45463549419866,1.0,0.001,0.001,0.0017201275365496872,0.3530118025976646,100,100
ENSMUSG00000098262,0.001,62.31581250733508,1.0,0.001,0.001,0.0015276862421884918,0.2879994028686469,100,100
ENSMUSG00000098263,0.001,62.31581250733508,1.0,0.001,0.001,0.0016313856461500852,0.10797659686035616,100,100
ENSMUSG00000098269,0.001,66.84427540036525,1.0,0.001,0.001,0.0017466267225318488,0.3812516135376217,100,100
ENSMUSG00000098274,0.13382902848689393,0.3955616697261061,83.19440691861278,0.0023634265980931705,0.19262038539866028,117.03199887201376,269584.0906581174,100,100
ENSMUSG00000098279,0.001,62.31581250733508,1.0,0.001,0.001,0.0016021367100120735,0.06408235093699471,100,100
ENSMUSG00000098281,0.001,13.305990119646552,1.0,0.001,2.8816954155523757,0.17228724960386027,35290.21804671932,100,100
ENSMUSG00000098286,0.001,62.31581250733508,1.0,0.001,0.001,0.002169351256599376,0.3399344614673276,100,100
ENSMUSG00000098294,0.001,62.31581250733508,1.0,0.001,0.001,0.0014825087542045807,0.11206563582473283,100,100
ENSMUSG00000098296,0.001,62.31581250733508,1.0,0.001,0.001,0.0017660124140945724,0.46726545955708704,100,100
ENSMUSG00000098298,0.001,62.31581250733508,1.0,0.001,0.0010000000000000005,0.0023232100073870277,0.34493160484442603,100,100
ENSMUSG00000098302,0.001,61.674132606755,1.0,0.001,0.001,0.0017299376246319572,0.3465387767495845,100,100
ENSMUSG00000098306,0.001,62.31581250733508,1.0,0.001,0.001,0.0017898379119317884,0.1307236467886174,100,100
ENSMUSG00000098308,0.001,62.31581250733508,1.0,0.001,0.0010000000000000005,0.001862337787912463,0.25350924342161063,100,100
ENSMUSG00000098318,0.0064626345251948695,0.5068810232395559,16.24896973201952,0.001,2.193994966495178,0.0028188111003989184,204.5413123118905,100,100
ENSMUSG00000098327,0.001,61.88525872635182,1.0,0.001,0.001,0.0013647305810086867,0.24414955071903446,100,100
ENSMUSG00000098328,0.001,62.31581250733508,1.0,0.001,0.001,0.0016965846195626517,0.28963391500013286,100,100
ENSMUSG00000098331,0.001,62.31581250733508,1.0,0.001,0.001,0.0020374366442582077,0.22275574667696066,100,100
ENSMUSG00000098332,1.5146931468895364,178.43393115150846,214.95872284453756,0.6166491538062364,2.1714423963530525,0.8434290840224579,4.206647796659719,100,100
ENSMUSG00000098340,2.0826313051015224,503.49146876914733,1.0,0.001,5.5603388904229405,0.0013113497978658943,0.07769636461540394,100,100
ENSMUSG00000098342,0.001,62.31581250733508,1.0,0.001,0.001,0.0016461627767638551,0.14688492818452334,100,100
ENSMUSG00000098349,0.001,62.31581250733508,1.0,0.001,0.001,0.0017751586584196827,0.48780466604905937,100,100
ENSMUSG00000098353,0.001,62.31581250733508,1.0,0.001,0.001,0.0015706040359708129,0.44149532124126245,100,100
ENSMUSG00000098355,0.001,62.31581250733508,1.0,0.001,0.001,0.0013540841945830634,0.1892331261448919,100,100
ENSMUSG00000098362,0.001,62.31581250733508,1.0,0.001,0.001,0.0020426107114705355,0.11970557630014386,100,100
ENSMUSG00000098374,0.001,62.31581250733508,1.0,0.001,0.0010000000000000009,0.0014565147459742484,0.2805497845433239,100,100
ENSMUSG00000098376,0.001,62.31581250733508,1.0,0.001,0.001,0.001467651486333191,0.15001374727674124,100,100
ENSMUSG00000098380,0.001,62.31581250733508,1.0,0.001,0.001,0.002154193891261263,0.250629585847714,100,100
ENSMUSG00000098388,0.001,66.84427540036525,1.0,0.001,0.001,0.001968248903313538,0.10646939965081535,100,100
ENSMUSG00000098397,0.001,62.31581250733508,1.0,0.001,0.001,0.0015365970237413385,0.15496858320808307,100,100
ENSMUSG00000098414,0.001,61.88525872635182,1.0,0.001,0.0010000000000000009,0.001711182793246429,0.4123685630297048,100,100
ENSMUSG00000098415,0.001,62.31581250733508,1.0,0.001,0.001,0.0016416135724348227,0.09275279459572133,100,100
ENSMUSG00000098419,0.001,62.31581250733508,1.0,0.001,0.0010000000000000005,0.00179164079145537,0.1805578947410851,100,100
ENSMUSG00000098422,0.001,66.84427540036525,1.0,0.001,0.001,0.001734683196013244,0.21701591633528458,100,100
ENSMUSG00000098431,3.1566794506129394,367.2527774500799,1.0,0.001,17.323928815928824,0.001,0.015861697820897955,100,100
ENSMUSG00000098433,0.27213439610239265,65.36421030425801,1.0,0.001,6.199860460329104,0.001151357089010836,0.040873747151725495,100,100
ENSMUSG00000098434,0.001,62.31581250733508,1.0,0.001,0.001,0.0015189715653478645,0.28269430852391375,100,100
ENSMUSG00000098439,0.001,62.31581250733508,1.0,0.001,0.001,0.0014909589663901083,0.22458267445704472,100,100
ENSMUSG00000098445,0.001,62.31581250733508,1.0,0.001,0.0010000000000000009,0.0019473774803350755,0.10064009987634509,100,100
ENSMUSG00000098447,0.023068136099566972,20.28955591400032,14.760934845721492,0.001,10.73245127151721,0.0010000000017813936,26.88810125188383,100,100
ENSMUSG00000098449,0.001,62.31581250733508,1.0,0.001,0.001,0.0019351240095129662,0.33638857433341973,100,100
ENSMUSG00000098456,0.001,62.31581250733508,1.0,0.001,0.001,0.0015910603260847708,0.1725911248327421,100,100
ENSMUSG00000098464,0.001,62.31581250733508,1.0,0.001,0.001,0.0016149280047758857,0.2614933176331202,100,100
ENSMUSG00000098466,0.11384618112645052,26.95183298160442,1.0,0.001,8.032655607644939,0.001000000000010589,0.07065484197684835,100,100
ENSMUSG00000098483,0.001,66.84427540036525,1.0,0.001,0.001,0.001652065993740979,0.058748038971097274,100,100
ENSMUSG00000098487,0.001,62.31581250733508,1.0,0.001,0.001,0.001772586798016259,0.4574532811238628,100,100
ENSMUSG00000098488,0.001,66.84427540036525,1.0,0.001,0.001,0.0018150214182129482,0.5154743572350751,100,100
ENSMUSG00000098489,0.001,62.31581250733508,1.0,0.001,0.0010000000000000009,0.0016309297290841563,0.26826851940014984,100,100
ENSMUSG00000098490,0.001,62.31581250733508,1.0,0.001,0.0010000000000000005,0.0018758573092413316,0.29775772337885287,100,100
ENSMUSG00000098491,0.001,61.674132606755,1.0,0.001,0.001,0.0016375585846167052,0.1346488330906183,100,100
ENSMUSG00000098492,0.001,61.674132606755,1.0,0.001,0.001,0.0019765459446519527,0.07341566835946767,100,100
ENSMUSG00000098497,0.001,62.31581250733508,1.0,0.001,0.0010000000000000005,0.0016223185518713338,0.37869847336110435,100,100
ENSMUSG00000098513,0.001,66.84427540036525,1.0,0.001,0.001,0.0017336910342499161,0.14224582276395298,100,100
ENSMUSG00000098520,0.001,58.67549879914689,1.0,0.001,0.001,0.001993394816042174,50.03638244360435,100,100
ENSMUSG00000098525,0.001,62.31581250733508,1.0,0.001,0.001,0.0020970869988429616,0.12959036282523306,100,100
ENSMUSG00000098528,0.001,62.31581250733508,1.0,0.001,0.001,0.0018421023883928122,0.13921916576827673,100,100
ENSMUSG00000098530,0.001,62.31581250733508,1.0,0.001,0.001,0.0016614756173233675,0.11784428747910182,100,100
ENSMUSG00000098534,0.001,0.23304270309647757,3.0610064701179724,0.001,0.03239985380599607,0.00310968229345433,38.418733521129134,100,100
ENSMUSG00000098539,0.001,62.31581250733508,1.0,0.001,0.001,0.0016359649045739838,0.1178621016039523,100,100
ENSMUSG00000098540,0.001,66.84427540036525,1.0,0.001,0.001,0.0016935347664238328,0.18302647693133225,100,100
ENSMUSG00000098541,0.001,62.31581250733508,1.0,0.001,0.0010000000000000009,0.0019680490106009666,0.20877309070347375,100,100
ENSMUSG00000098544,0.001,62.31581250733508,1.0,0.001,0.001,0.0020129508722820867,0.5172254667719192,100,100
ENSMUSG00000098547,0.001,66.84427540036525,1.0,0.001,0.0010000000000000005,0.001998396218674207,0.2939867761132958,100,100
ENSMUSG00000098557,0.0810598784657818,14.845455510490149,81.84170168585494,0.04489931325264846,0.1393901659272733,1.897983542449677,11.525531073581623,100,100
ENSMUSG00000098559,0.001,53.49421221855202,1.0,0.001,0.0010000000000000009,0.0018355570553667353,0.353505627828943,100,100
ENSMUSG00000098572,1.421002959611816,340.4393560865186,1.0,0.001,9.950387523311239,0.0010646138345155576,0.08472460331389768,100,100
ENSMUSG00000098573,8.558495583274716,999.9999999985366,1.0,0.001,19.552431642796954,0.001,0.024900445227075137,100,100
ENSMUSG00000098575,0.001,62.31581250733508,1.0,0.001,0.0010000000000000005,0.001806238450503215,0.31912540442963877,100,100
ENSMUSG00000098577,0.001,62.31581250733508,1.0,0.001,0.001,0.0016126879196887512,0.4682762693469664,100,100
ENSMUSG00000098579,0.001,62.31581250733508,1.0,0.001,0.001,0.0017424234218251654,0.24510952387077833,100,100
ENSMUSG00000098588,0.001,62.31581250733508,1.0,0.001,0.0010000000000000005,0.0015452397899764546,0.18137551578917682,100,100
ENSMUSG00000098596,0.001,62.31581250733508,1.0,0.001,0.001,0.0017291697214430538,0.0832416898761032,100,100
ENSMUSG00000098600,1.8097731898307214,437.46334361701787,1.0,0.001,7.431410586431667,0.0011443101112501629,0.06278663581376928,100,100
ENSMUSG00000098604,0.001,62.31581250733508,1.0,0.001,0.0010000000000000005,0.0018709890668373867,0.1504533066259008,100,100
ENSMUSG00000098606,0.001,62.31581250733508,1.0,0.001,0.001,0.001965338290204916,0.12530465958137132,100,100
ENSMUSG00000098609,0.001,62.31581250733508,1.0,0.001,0.001,0.0018280830525997814,0.0943160856362428,100,100
ENSMUSG00000098613,0.001,62.31581250733508,1.0,0.001,0.0010000000000000005,0.001597288767020694,0.8157642796844534,100,100
ENSMUSG00000098620,0.001,62.31581250733508,1.0,0.001,0.001,0.001749543164947815,0.22960467744808832,100,100
ENSMUSG00000098625,0.001,62.31581250733508,1.0,0.001,0.001,0.0016995077479689058,0.20308570455892372,100,100
ENSMUSG00000098638,0.001,62.31581250733508,1.0,0.001,0.001,0.001622974751891525,0.752274536300875,100,100
ENSMUSG00000098640,0.001,66.84427540036525,1.0,0.001,0.001,0.0019089614256057935,0.12394195962297039,100,100
ENSMUSG00000098645,0.001,62.31581250733508,1.0,0.001,0.001,0.001618690895295596,0.2983319126414842,100,100
ENSMUSG00000098650,0.001,62.31581250733508,1.0,0.001,0.001,0.0017863126059689141,0.3643040968211547,100,100
ENSMUSG00000098656,0.001,62.31581250733508,1.0,0.001,0.001,0.0015498893285916548,0.1951879194216602,100,100
ENSMUSG00000098661,37.908370314876784,875.1645797721972,1.0,3.7316248343450322,63.69539174255018,0.0010484878252085667,0.008906460236272434,100,100
ENSMUSG00000098669,0.001,62.31581250733508,1.0,0.001,0.001,0.0017225631835873256,0.1356277088392821,100,100
ENSMUSG00000098672,0.001,62.31581250733508,1.0,0.001,0.001,0.0016798661015292964,0.26838440542869696,100,100
ENSMUSG00000098678,0.001,62.31581250733508,1.0,0.001,0.001,0.0019382359496397982,0.1272689822870186,100,100
ENSMUSG00000098680,0.001,62.31581250733508,1.0,0.001,0.001,0.0015071809844663876,0.20007875032051775,100,100
ENSMUSG00000098683,0.001,61.259704531272526,1.0,0.001,0.001,0.0015864433923782637,0.15149251194153418,100,100
ENSMUSG00000098684,0.001,62.31581250733508,1.0,0.001,0.0010000000000000005,0.0020007834839989177,0.12112732512492203,100,100
ENSMUSG00000098689,0.001,62.31581250733508,1.0,0.001,0.001,0.00151553956129938,0.13925420866536142,100,100
ENSMUSG00000098690,0.001,62.31581250733508,1.0,0.001,0.001,0.0017817366222795965,0.11082185471228252,100,100
ENSMUSG00000098692,0.001,66.84427540036525,1.0,0.001,0.001,0.0019176335260956759,0.1581405848048572,100,100
ENSMUSG00000098698,0.001,62.31581250733508,1.0,0.001,0.001,0.0015770333618855717,0.2710635535023501,100,100
ENSMUSG00000098702,1.0364560632573618,93.36839403374836,11.245238401530564,0.24853332512966392,98.74262179535872,0.0013013939854983145,0.46160216447278357,100,100
ENSMUSG00000098708,6.560793196533554,536.7454912639184,1.0202258452691566,0.001,20.7607115016149,0.001,0.019982193463463166,100,100
ENSMUSG00000098711,0.001,62.31581250733508,1.0,0.001,0.001,0.0018988875394546768,0.2476667315996784,100,100
ENSMUSG00000098713,0.001,0.0050289743532562076,3.986284316944756,0.001,0.0993871930248975,6.044583086620182,1319.12520837185,100,100
ENSMUSG00000098718,0.001,62.31581250733508,1.0,0.001,0.001,0.0016104870666020427,0.1508899405494265,100,100
ENSMUSG00000098721,0.001,66.84427540036525,1.0,0.001,0.0010000000000000009,0.0019356349038276801,0.2916892113532672,100,100
ENSMUSG00000098729,0.001,62.31581250733508,1.0,0.001,0.0010000000000000009,0.0016828384821926808,0.3141185780563198,100,100
ENSMUSG00000098731,0.001,62.31581250733508,1.0,0.001,0.001,0.0014837543035689576,0.2076516011637513,100,100
ENSMUSG00000098750,2.684773051267332,649.196933434762,1.0,0.001,12.388794876281558,0.001,0.10032044490821831,100,100
ENSMUSG00000098752,0.001,62.31581250733508,1.0,0.001,0.001,0.001529684538961863,0.09127333506757906,100,100
ENSMUSG00000098754,0.001,66.84427540036525,1.0,0.001,0.001,0.0017998741790837755,0.07130101796602187,100,100
ENSMUSG00000098755,1.9436899174801565,467.0695388708544,1.0,0.001,7.528579094635468,0.0010000000125657954,0.04322437154415874,100,100
ENSMUSG00000098759,0.001,62.31581250733508,1.0,0.001,0.0010000000000000009,0.0015773321387406334,0.2561395000390124,100,100
ENSMUSG00000098761,0.001,61.259704531272526,1.0,0.001,0.001,0.0017871674103550478,0.20312511775505462,100,100
ENSMUSG00000098766,0.001,61.674132606755,1.0,0.001,0.001,0.0021793363289840523,0.1595524308616944,100,100
ENSMUSG00000098781,0.001,66.84427540036525,1.0,0.001,0.0010000000000000005,0.0016391639580293437,0.12982645805162651,100,100
ENSMUSG00000098789,0.4024130899572902,17.286178920472455,3.282554173818199,0.10157723851856837,61.785988359913276,0.0012635704343736426,0.7132989562632533,100,100
ENSMUSG00000098790,0.001,62.31581250733508,1.0,0.001,0.001,0.001799178687147418,0.20591194034082086,100,100
ENSMUSG00000098793,0.001,62.31581250733508,1.0,0.001,0.0010000000000000005,0.001758131537503984,0.12101430966500865,100,100
ENSMUSG00000098800,0.001,62.31581250733508,1.0,0.001,0.001,0.0015036544407763456,0.39392387701638154,100,100
ENSMUSG00000098801,0.001,62.31581250733508,1.0,0.001,0.001,0.0018133318798511477,0.1827425498746108,100,100
ENSMUSG00000098802,0.001,62.31581250733508,1.0,0.001,0.001,0.0016992214536153331,0.13586981875880916,100,100
ENSMUSG00000098807,0.001,62.31581250733508,1.0,0.001,0.001,0.0016412792159866227,0.2089396001561563,100,100
ENSMUSG00000098808,0.001,61.88525872635182,1.0,0.001,0.001,0.0015860410609858815,0.28474473116556615,100,100
ENSMUSG00000098811,0.001,62.31581250733508,1.0,0.001,0.001,0.001514979146442438,0.311521587249597,100,100
ENSMUSG00000098812,0.001,62.31581250733508,1.0,0.001,0.001,0.0019693196453674437,0.3005169621946099,100,100
ENSMUSG00000098813,0.001,62.31581250733508,1.0,0.001,0.001,0.0016466379096145756,0.35394048480369866,100,100
ENSMUSG00000098823,0.001,62.31581250733508,1.0,0.001,0.001,0.001453635808578481,0.20118912335344533,100,100
ENSMUSG00000098825,0.001,62.31581250733508,1.0,0.001,0.0010000000000000009,0.0015750587176105693,0.3076057021855837,100,100
ENSMUSG00000098827,0.001,62.31581250733508,1.0,0.001,0.001,0.0019002198101383226,0.07852129332805301,100,100
ENSMUSG00000098832,0.001,62.31581250733508,1.0,0.001,0.001,0.0016675965431201928,0.13793195510648487,100,100
ENSMUSG00000098837,0.001,62.31581250733508,1.0,0.001,0.001,0.0018177812809590896,0.097635923448832,100,100
ENSMUSG00000098839,0.001,62.31581250733508,1.0,0.001,0.001,0.0013908736952765502,0.15933322516150072,100,100
ENSMUSG00000098843,9.549565767085044,763.8152494878024,1.0,0.001,17.435390114054805,0.0010000000000006859,0.00902681843419164,100,100
ENSMUSG00000098859,0.001,52.84301763644715,1.0,0.001,0.0010000000000000009,0.0017736821096543353,0.14847953093421917,100,100
ENSMUSG00000098865,23.765256291878476,673.8183471409308,1.0,0.6883640905921851,45.47217402626768,0.0010179912104874376,0.008448614418097522,100,100
ENSMUSG00000098866,0.001,62.31581250733508,1.0,0.001,0.0010000000000000005,0.0018369092017216755,0.2227552041607809,100,100
ENSMUSG00000098871,0.001,62.31581250733508,1.0,0.001,0.0010000000000000005,0.0021234114620886893,0.23164353869741758,100,100
ENSMUSG00000098873,2.1571940611220364,521.5346265951073,1.0,0.001,5.4317105788526145,0.0011188801130052354,0.021095472445018755,100,100
ENSMUSG00000098874,0.0034179507663047223,11.109077281412995,27.175852255567495,0.001,0.05903810783539551,0.002139517426414982,14.973595304786361,100,100
ENSMUSG00000098879,0.001,66.84427540036525,1.0,0.001,0.001,0.001657056671742183,0.23959858403773104,100,100
ENSMUSG00000098886,0.001,62.31581250733508,1.0,0.001,0.001,0.0018252776721384115,0.40422017430631424,100,100
ENSMUSG00000098889,1.2942464081253242,312.7073817864961,1.0,0.001,5.376525382888815,0.001325282312472653,0.07367868620347338,100,100
ENSMUSG00000098893,0.001,29.806820499156235,1.0,0.001,0.001,0.0028419091897296583,0.4400677520329972,100,100
ENSMUSG00000098898,1.8855242048223924,454.9597606392765,1.0,0.001,8.300408596003127,0.0010864065669556864,0.08952443540668475,100,100
ENSMUSG00000098900,0.001,59.94762576822368,1.0,0.001,0.0010000000000000009,0.0015944623227500355,0.07345090420408422,100,100
ENSMUSG00000098905,0.06455941418474581,19.050725557750777,7.784833136512209,0.0013953091137661776,17.865103083386828,0.001,2.0724198291702596,100,100
ENSMUSG00000098912,0.020668096555187778,2.0967674730995425,3.1256534705570007,0.001,20.447458958187823,0.0010910949488080373,11.773869679799706,100,100
ENSMUSG00000098914,0.4282965282830732,103.14966607220127,1.0,0.001,8.300713179368504,0.001000000000026129,0.06865131095309347,100,100
ENSMUSG00000098915,0.001,13.797859525462927,1.0,0.001,0.001,0.023856689013965284,2.2562125623512457,100,100
ENSMUSG00000098919,0.001,61.88525872635182,1.0,0.001,0.001,0.001480736507301858,0.22512025397081933,100,100
ENSMUSG00000098940,0.001,62.31581250733508,1.0,0.001,0.001,0.0015236952410480767,0.0944092878914371,100,100
ENSMUSG00000098942,0.001,62.31581250733508,1.0,0.001,0.001,0.0019326127650014335,0.36909427267209355,100,100
ENSMUSG00000098950,1.2942464081253242,312.7073817864961,1.0,0.001,12.170969478584873,0.0010006102541945108,0.11380288096037833,100,100
ENSMUSG00000098951,0.001,62.31581250733508,1.0,0.001,0.001,0.0018439748415914861,0.28001502134929374,100,100
ENSMUSG00000098956,0.001,62.31581250733508,1.0,0.001,0.0010000000000000005,0.001645790135397584,0.6991440216879987,100,100
ENSMUSG00000098958,0.001,62.31581250733508,1.0,0.001,0.001,0.0014683773660642517,0.36459198605950655,100,100
ENSMUSG00000098967,0.001,61.674132606755,1.0,0.001,0.0010000000000000005,0.0018869757155148053,0.46094077892699703,100,100
ENSMUSG00000098979,0.001,62.31581250733508,1.0,0.001,0.001,0.0017088989432748807,0.06319356258852572,100,100
ENSMUSG00000098980,0.001,62.31581250733508,1.0,0.001,0.001,0.001843062309998458,0.1492998822211823,100,100
ENSMUSG00000098990,0.001,62.31581250733508,1.0,0.001,0.001,0.0014198132355413857,0.3968845953612824,100,100
ENSMUSG00000098994,0.001,62.31581250733508,1.0,0.001,0.001,0.0019265371568590428,0.6008312397168716,100,100
ENSMUSG00000099005,0.001,66.84427540036525,1.0,0.001,0.001,0.001981042491873519,0.35570337509189404,100,100
ENSMUSG00000099008,0.001,62.31581250733508,1.0,0.001,0.0010000000000000005,0.0018628662219579992,0.26940065871836116,100,100
ENSMUSG00000099019,4.132577005576439,999.9999999828615,1.0,0.001,4.422554699386236,0.0010002352871980684,0.023665182758628747,100,100
ENSMUSG00000099021,0.001,52.5155361231892,1.0,0.001,0.001,0.0022753080727984537,0.19967160287671987,100,100
ENSMUSG00000099032,0.001,66.84427540036525,1.0,0.001,0.001,0.0017828977599181604,0.2906363103877063,100,100
ENSMUSG00000099033,0.001,62.31581250733508,1.0,0.001,0.001,0.002191097451809592,0.1977391877450711,100,100
ENSMUSG00000099034,8.279738628167864,490.2717054576412,1.0,0.001,21.197257249518977,0.001,0.009556498293101356,100,100
ENSMUSG00000099035,0.001,62.31581250733508,1.0,0.001,0.001,0.0018792351888818435,0.199721739212695,100,100
ENSMUSG00000099039,0.001,62.31581250733508,1.0,0.001,0.0010000000000000005,0.0016492216718177438,0.18295512969335329,100,100
ENSMUSG00000099041,2.5852839622765096,617.2738366179137,1.0,0.001,5.621809766680214,0.0014778140327185302,0.060525566314425225,100,100
ENSMUSG00000099043,1.904987380173481,512.8252263426539,1.1354335991243487,0.001,6.845938261886599,0.0011600241379105636,0.21104425185020326,100,100
ENSMUSG00000099047,0.001,62.31581250733508,1.0,0.001,0.001,0.0016702074559113923,0.1416372370030713,100,100
ENSMUSG00000099051,0.6986166948955506,35.04289158440525,6.636197216107498,0.20718010087561795,90.88355535803171,0.0013798296126261008,0.7109938188433076,100,100
ENSMUSG00000099060,0.001,62.31581250733508,1.0,0.001,0.001,0.0016478805999272112,0.1547755808394956,100,100
ENSMUSG00000099063,0.001,62.31581250733508,1.0,0.001,0.001,0.0016280680832769612,0.21046666234662845,100,100
ENSMUSG00000099068,0.023941450588879847,6.461958563329342,9.613655572723479,0.001,0.6200333994188668,0.0017875559659996387,48.70164050914761,100,100
ENSMUSG00000099076,0.001,62.31581250733508,1.0,0.001,0.001,0.0016640051267667422,0.3193497616908545,100,100
ENSMUSG00000099083,0.3412213405766435,0.22869340245886982,2.251575514456809,0.04601037364474676,4.848340168096015,0.2898735168725316,107.54689124663939,100,100
ENSMUSG00000099091,0.001,62.31581250733508,1.0,0.001,0.001,0.0018628614178846906,0.3013746387900852,100,100
ENSMUSG00000099094,0.11146405561813201,6.792382057746729,2.0377501380676404,0.005716226206821853,25.29011847863255,0.001128029607740276,1.1758593268770092,100,100
ENSMUSG00000099098,0.001,62.31581250733508,1.0,0.001,0.001,0.0017241158675687855,0.3502557132903966,100,100
ENSMUSG00000099099,0.001,62.31581250733508,1.0,0.001,0.0010000000000000005,0.001714100171225232,0.49680158612658715,100,100
ENSMUSG00000099104,0.001,61.45463549419866,1.0,0.001,0.001,0.0019134908686773548,0.33652808815765567,100,100
ENSMUSG00000099107,0.07246665883119398,18.494438550247,15.27139531187566,0.001,4.651274451495928,0.003468095988343911,70.40933095672585,100,100
ENSMUSG00000099110,0.001,62.31581250733508,1.0,0.001,0.0010000000000000005,0.0016011298411627015,0.21641730186626446,100,100
ENSMUSG00000099112,0.001,62.31581250733508,1.0,0.001,0.001,0.001850956931968403,0.24413502716099278,100,100
ENSMUSG00000099120,0.001,62.31581250733508,1.0,0.001,0.001,0.0016930755828710755,0.5274079060745467,100,100
ENSMUSG00000099126,4.168917566870232,1000.0,1.0,0.001,8.372243667695319,0.001,0.12009195337413368,100,100
ENSMUSG00000099127,0.010822584820998828,19.8693689060644,22.65479702754779,0.001,4.355113088217699,0.0015390341238385775,16.470098932482276,100,100
ENSMUSG00000099133,0.12382230996388181,0.5524416304166786,4.3237035307473946,0.0018878153249834789,0.31297550721027484,2.242070002148246,598.0975505421297,100,100
ENSMUSG00000099137,0.001,66.84427540036525,1.0,0.001,0.001,0.0017919048503174401,0.09133787420174641,100,100
ENSMUSG00000099139,0.001,62.31581250733508,1.0,0.001,0.001,0.0020527681932006187,0.28393982424286707,100,100
ENSMUSG00000099140,0.001,62.31581250733508,1.0,0.001,0.001,0.001461818011024282,0.38603434304392464,100,100
ENSMUSG00000099141,0.001,62.31581250733508,1.0,0.001,0.001,0.0017495675205704002,0.14964953164016984,100,100
ENSMUSG00000099145,0.001,66.84427540036525,1.0,0.001,0.001,0.001578921319320126,0.07252408608951708,100,100
ENSMUSG00000099146,0.001,66.84427540036525,1.0,0.001,0.001,0.0016468206933990272,0.20611972337877965,100,100
ENSMUSG00000099147,0.001,62.31581250733508,1.0,0.001,0.001,0.0019648548558747645,0.3181956569920727,100,100
ENSMUSG00000099148,0.001,61.88525872635182,1.0,0.001,0.001,0.0018703071612949738,0.3463732155103123,100,100
ENSMUSG00000099155,0.001,66.84427540036525,1.0,0.001,0.0010000000000000005,0.0017469660924009259,0.26700901025081164,100,100
ENSMUSG00000099172,0.001,62.31581250733508,1.0,0.001,0.001,0.0016896960979202891,0.15073614477931419,100,100
ENSMUSG00000099181,2.480594763839179,594.840040661044,1.0,0.001,8.372523308620897,0.001,0.026087027025532512,100,100
ENSMUSG00000099183,0.001,62.31581250733508,1.0,0.001,0.001,0.0016195985850668635,0.12687769726170536,100,100
ENSMUSG00000099190,0.001,62.31581250733508,1.0,0.001,0.001,0.0019621227525349052,0.24104974126217502,100,100
ENSMUSG00000099193,0.001,62.31581250733508,1.0,0.001,0.0010000000000000009,0.0015504529725192903,0.1050005119361232,100,100
ENSMUSG00000099196,0.001,62.31581250733508,1.0,0.001,0.001,0.0016817817403805616,0.27272640521195085,100,100
ENSMUSG00000099197,4.134300499511258,1000.0,1.0,0.001,11.035787963798956,0.0010000000000024035,0.0407106460597736,100,100
ENSMUSG00000099206,0.001,62.31581250733508,1.0,0.001,0.001,0.001884289999109071,0.08110920015590702,100,100
ENSMUSG00000099207,0.001,62.31581250733508,1.0,0.001,0.0010000000000000005,0.0015134495757314786,0.343882135127418,100,100
ENSMUSG00000099209,0.001,62.31581250733508,1.0,0.001,0.001,0.0016249236193635204,0.3296309686019162,100,100
ENSMUSG00000099210,0.6271465480030781,154.92719237319113,1.0725811857353496,0.001,8.4354026533023,0.0010000000000000234,0.057181404728930615,100,100
ENSMUSG00000099213,0.001,62.31581250733508,1.0,0.001,0.001,0.0017096532956964161,0.26388529607314704,100,100
ENSMUSG00000099216,0.001,62.31581250733508,1.0,0.001,0.001,0.0017333211837506522,0.27255221794317197,100,100
ENSMUSG00000099224,0.001,62.31581250733508,1.0,0.001,0.001,0.0016726213857127291,0.21363709807161715,100,100
ENSMUSG00000099238,0.001,66.84427540036525,1.0,0.001,0.001,0.0017013993824902527,0.1026317147576905,100,100
ENSMUSG00000099244,0.001,62.31581250733508,1.0,0.001,0.0010000000000000005,0.0015085135831373856,0.15311508407362717,100,100
ENSMUSG00000099252,0.001,62.31581250733508,1.0,0.001,0.001,0.001677603458333761,0.11940211844030621,100,100
ENSMUSG00000099255,0.001,62.31581250733508,1.0,0.001,0.001,0.0017309155301476434,0.5952981902726133,100,100
ENSMUSG00000099258,0.001,62.31581250733508,1.0,0.001,0.0010000000000000005,0.0017249203365260154,0.3126823216846507,100,100
ENSMUSG00000099267,2.0826313051015224,503.49146876914733,1.0,0.001,8.164198122641219,0.0010000001484682013,0.17691408526962102,100,100
ENSMUSG00000099270,0.001,62.31581250733508,1.0,0.001,0.001,0.002028971227908436,0.09821423366190188,100,100
ENSMUSG00000099273,0.001,62.31581250733508,1.0,0.001,0.001,0.0018954827150698267,0.2070646910925263,100,100
ENSMUSG00000099280,0.001,62.31581250733508,1.0,0.001,0.001,0.0015016654061177546,0.19703741613309192,100,100
ENSMUSG00000099284,0.881564516204355,212.83947995384116,1.0,0.001,4.134414418884933,0.0010266765359511999,0.07451207290500433,100,100
ENSMUSG00000099287,0.001,62.31581250733508,1.0,0.001,0.001,0.0016541529886233903,0.5542452229840337,100,100
ENSMUSG00000099292,0.001,62.31581250733508,1.0,0.001,0.001,0.0018933211430231228,0.06331132271701592,100,100
ENSMUSG00000099294,0.001,62.31581250733508,1.0,0.001,0.0010000000000000005,0.001515788604054587,0.18474087125152988,100,100
ENSMUSG00000099301,0.001,62.31581250733508,1.0,0.001,0.001,0.0017168767937794822,0.19560052584509413,100,100
ENSMUSG00000099310,0.001,62.31581250733508,1.0,0.001,0.001,0.0015011737360698949,0.11444476777315493,100,100
ENSMUSG00000099311,0.001,61.88525872635182,1.0,0.001,0.001,0.00178015934787413,0.13593027888461945,100,100
ENSMUSG00000099313,4.150387291782612,499.60939810355876,1.0,0.001,16.82055947987655,0.001000000000000936,0.017279059979086298,100,100
ENSMUSG00000099314,1.4794348014843814,357.52131026778807,1.0,0.001,8.239434439791498,0.0012190478309119894,0.0573204460023149,100,100
ENSMUSG00000099320,0.001,62.31581250733508,1.0,0.001,0.001,0.0016281183935591538,0.13785567987468622,100,100
ENSMUSG00000099322,0.001,62.31581250733508,1.0,0.001,0.001,0.0018609048366937152,0.2889737091037997,100,100
ENSMUSG00000099328,0.001,66.84427540036525,1.0,0.001,0.001,0.001496408693603209,0.40837251689653276,100,100
ENSMUSG00000099330,0.001,62.31581250733508,1.0,0.001,0.001,0.0018273695821358089,0.05694835638046935,100,100
ENSMUSG00000099337,0.001,62.31581250733508,1.0,0.001,0.001,0.0016915451734309012,0.11631283919185101,100,100
ENSMUSG00000099338,0.001,62.31581250733508,1.0,0.001,0.001,0.0017036255296202774,0.1640932321275564,100,100
ENSMUSG00000099343,0.001,62.31581250733508,1.0,0.001,0.001,0.0019082678591799622,0.19737211186821096,100,100
ENSMUSG00000099349,0.001,62.31581250733508,1.0,0.001,0.001,0.0017187205455531933,0.3312465218836356,100,100
ENSMUSG00000099354,0.001,66.84427540036525,1.0,0.001,0.001,0.002033328468544751,0.1819494132424655,100,100
ENSMUSG00000099364,4.132577005576439,999.9999999828615,1.0,0.001,7.962098129698651,0.0010605885317478206,0.2426407487291363,100,100
ENSMUSG00000099375,0.001,61.88525872635182,1.0,0.001,0.001,0.001722241616912912,0.11866762408600076,100,100
ENSMUSG00000099384,0.001,62.31581250733508,1.0,0.001,0.001,0.00234935815544947,0.1920091909617082,100,100
ENSMUSG00000099397,0.08740742205644746,13.410890171010127,18.19858431862927,0.00182204808458012,31.89655333053661,0.0014109624752971011,69.34461554232894,100,100
ENSMUSG00000099398,0.001,62.31581250733508,1.0,0.001,0.0010000000000000005,0.002211184997216014,0.1831003950232645,100,100
ENSMUSG00000099401,0.001,62.31581250733508,1.0,0.001,0.001,0.0015761500947262383,0.08115128650683862,100,100
ENSMUSG00000099404,0.001,62.31581250733508,1.0,0.001,0.001,0.0017465147327830484,0.4353590644566022,100,100
ENSMUSG00000099407,0.001,62.31581250733508,1.0,0.001,0.0010000000000000005,0.0016708352027444363,0.1998207132376784,100,100
ENSMUSG00000099413,0.001,62.31581250733508,1.0,0.001,0.001,0.0016708203835651017,0.2885421525407421,100,100
ENSMUSG00000099417,0.001,62.31581250733508,1.0,0.001,0.001,0.0020592913014061097,0.1608798249178003,100,100
ENSMUSG00000099419,0.02356876998091536,20.057336161961267,14.589301629197198,0.001,17.475946370866673,0.0010000000001689263,13.878368344117883,100,100
ENSMUSG00000099422,0.004204847837714939,13.831174129226653,19.884656824807006,0.001,0.08245709564430354,0.0018286334530202843,16.80449885119894,100,100
ENSMUSG00000099423,26.25721526171061,870.2134677091665,1.0083775566698612,0.5592436376543909,46.09868811010719,0.0010004983242556235,0.008918755609764462,100,100
ENSMUSG00000099428,0.001,62.31581250733508,1.0,0.001,0.0010000000000000009,0.0015818872754378844,0.20604829964210303,100,100
ENSMUSG00000099429,2.554623719334885,611.1212554727563,1.0179416703652293,0.001,8.786149871010068,0.0011853855061599553,0.0738404082123958,100,100
ENSMUSG00000099432,0.001,62.31581250733508,1.0,0.001,0.001,0.0017402988251181226,0.09352914527008195,100,100
ENSMUSG00000099449,0.001,62.31581250733508,1.0,0.001,0.001,0.0015727814611134708,0.093841149234874,100,100
ENSMUSG00000099452,0.001,62.31581250733508,1.0,0.001,0.001,0.0018988785106381308,1.5969164595099425,100,100
ENSMUSG00000099459,0.001,62.31581250733508,1.0,0.001,0.001,0.001616548504975004,0.3157061806837889,100,100
ENSMUSG00000099465,5.46185340650194,657.6421538181719,1.0,0.001,16.202619921490147,0.001000003137820913,0.11189725910346932,100,100
ENSMUSG00000099470,0.02454915548387151,21.95096043017695,30.073080796232098,0.001,9.992927063347734,0.0011275319412241166,45.79382618130202,100,100
ENSMUSG00000099471,0.001,37.151908057274504,1.0,0.001,0.001,0.0025798668381443093,0.19263534313275144,100,100
ENSMUSG00000099478,0.001,62.31581250733508,1.0,0.001,0.001,0.0018386793628790913,0.2276376726428414,100,100
ENSMUSG00000099481,0.47887531797849286,1.7421378068175157,1.7199627441261383,0.10604630313223606,1.9965732369054425,0.19719373051520112,6.698225514236846,100,100
ENSMUSG00000099488,0.013018584168176618,0.0886459230977875,2.1569096306543862,0.001,0.15148515769924084,1.4353095478154152,431.2635319781101,100,100
ENSMUSG00000099510,0.881564516204355,212.83947995384116,1.0,0.001,8.298694462253174,0.0010004484798657569,0.05713038003427591,100,100
ENSMUSG00000099519,0.001,66.84427540036525,1.0,0.001,0.001,0.0019288371198628808,0.06615181601623761,100,100
ENSMUSG00000099543,0.010776132078142344,19.71554728455166,22.484067109943616,0.001,2.741613452256993,0.001399186698903938,14.91356761301142,100,100
ENSMUSG00000099556,0.022603250517698688,20.860663187266276,15.168752181705328,0.001,10.390785145458379,0.001064103338900524,23.219222048385966,100,100
ENSMUSG00000099564,0.001,66.84427540036525,1.0,0.001,0.001,0.0014941058308658626,0.1683435061607451,100,100
ENSMUSG00000099568,1.3185553849482623,315.95047008738493,1.0,0.001,5.761806782908263,0.0010000000000216168,0.037016752281001965,100,100
ENSMUSG00000099569,0.001,62.31581250733508,1.0,0.001,0.0010000000000000002,0.001507296919256279,0.36034326194518584,100,100
ENSMUSG00000099576,0.001,62.31581250733508,1.0,0.001,0.001,0.0017520191987435044,0.19975665224251915,100,100
ENSMUSG00000099583,0.001,45.540111715071134,1.0,0.001,0.001,0.002163894475438146,0.07588123384812248,100,100
ENSMUSG00000099590,0.001,66.84427540036525,1.0,0.001,0.0010000000000000009,0.0016380468312391185,0.22523558355587514,100,100
ENSMUSG00000099616,0.001,62.31581250733508,1.0,0.001,0.001,0.001837373478364073,0.4382369006858674,100,100
ENSMUSG00000099618,0.001,62.31581250733508,1.0,0.001,0.001,0.0014338039073299412,0.09169745835890299,100,100
ENSMUSG00000099632,0.6822126892358689,6.704784940337873,2.7412209806720926,0.09828606095296799,2.482499941589132,0.12887134622192203,4.543810772591405,100,100
ENSMUSG00000099655,0.001,59.75744064589286,1.0,0.001,0.0010000000000000005,0.001973173262327793,0.17290222499003194,100,100
ENSMUSG00000099681,0.06694337383797741,0.2516743213377489,1.0,0.0016875882063976172,0.7163039782209701,0.2693954497731766,126.38312359591404,100,100
ENSMUSG00000099689,0.05582155465677919,0.05009262197507911,1.9451121309765784,0.0011373278509320102,0.8568094405118512,1.402851191730247,1964.0007446777445,100,100
ENSMUSG00000099703,0.001,53.49421221855202,1.0,0.001,0.001,0.0025238011246603107,0.1728589226929826,100,100
ENSMUSG00000099706,0.001,61.88525872635182,1.0,0.001,0.001,0.002299586714569293,0.17676824538627772,100,100
ENSMUSG00000099707,0.10415229923731051,24.097351383614097,42.67859022587206,0.006816199564298482,0.1923602346352675,0.764406508588614,67.28228483837147,100,100
ENSMUSG00000099708,10.868926681140564,885.6510361440021,1.031183645439895,0.001,20.339998426698074,0.0010000000003376089,0.010020883869106293,100,100
ENSMUSG00000099719,0.001,66.84427540036525,1.0,0.001,0.001,0.0017732219219056592,0.08502832140470487,100,100
ENSMUSG00000099746,2.018411678437292,483.99366341008954,1.0,0.001,8.37217749338797,0.0010000000052737513,0.04073295543732604,100,100
ENSMUSG00000099757,0.001,62.31581250733508,1.0,0.001,0.0010000000000000005,0.0017099507913143335,0.08779205447046476,100,100
ENSMUSG00000099759,0.001,60.37820284006485,1.0,0.001,0.001,0.001846037293986331,0.22577110642208736,100,100
ENSMUSG00000099760,1.4794348014843814,357.52131026778807,1.0,0.001,4.797195091846637,0.0011611184788118479,0.171190625276953,100,100
ENSMUSG00000099773,1.503103188885066,363.25008257950475,1.0,0.001,6.509503258118592,0.0010512251482061928,0.10813356685178718,100,100
ENSMUSG00000099775,0.001,62.31581250733508,1.0,0.001,0.001,0.001832474946298175,0.341332850238416,100,100
ENSMUSG00000099779,2.38100765092326,555.6306789488924,1.0,0.001,10.20353864276862,0.0010264879750669766,0.09701326670364459,100,100
ENSMUSG00000099794,0.001,62.31581250733508,1.0,0.001,0.001,0.001903159878157898,0.16322465714170567,100,100
ENSMUSG00000099796,0.001,62.31581250733508,1.0,0.001,0.001,0.0015638278166919518,0.07254770546483727,100,100
ENSMUSG00000099803,0.001,61.45463549419866,1.0,0.001,0.001,0.0019909663946695733,0.18912462024232868,100,100
ENSMUSG00000099810,0.001,62.31581250733508,1.0,0.001,0.001,0.001906497186157602,0.17595659074794742,100,100
ENSMUSG00000099825,0.03417280800320521,20.70004912245094,17.92558295633977,0.001,9.65708074462246,0.002377891322630216,50.43139938164555,100,100
ENSMUSG00000099835,0.001,61.674132606755,1.0,0.001,0.001,0.0016525100736119358,0.24254321610847496,100,100
ENSMUSG00000099839,0.001,62.31581250733508,1.0,0.001,0.0010000000000000009,0.0017940579236618833,0.08687438064905897,100,100
ENSMUSG00000099843,0.001150469790014896,0.0010290575832201804,1.0048813349622332,0.001,1.5711251938626203,0.35975256547140466,1074.7074226096775,100,100
ENSMUSG00000099847,0.15256263016493224,3.30850584793719,2.872214599406316,0.029404714848208016,1.0954840145434455,0.08542187222122102,4.619829368098148,100,100
ENSMUSG00000099851,0.001,62.31581250733508,1.0,0.001,0.0010000000000000009,0.0016079051171837737,0.18313280650927738,100,100
ENSMUSG00000099860,0.001,62.31581250733508,1.0,0.001,0.0010000000000000005,0.001390749301242781,0.17261861558036168,100,100
ENSMUSG00000099868,1.841988715766862,443.41926254649763,1.0,0.001,9.660709655719796,0.0010018434096455157,0.05326221369302189,100,100
ENSMUSG00000099875,3.284685912844287,242.84801043487764,474.993621557609,2.292970238524585,7.070071624424665,0.8505574837865616,3.5795813763709887,100,100
ENSMUSG00000099879,0.001,62.31581250733508,1.0,0.001,0.001,0.0015380845366784444,0.16869072010442354,100,100
ENSMUSG00000099881,0.2378818081544101,0.569147694557952,1.931913244218619,0.001,1.001416018401432,0.5706678554004301,1003.7601245633718,100,100
ENSMUSG00000099891,0.001,61.88525872635182,1.0,0.001,0.0010000000000000005,0.001611659715270153,0.170272094334298,100,100
ENSMUSG00000099907,0.001,62.31581250733508,1.0,0.001,0.001,0.001712152464041688,0.1272496902254801,100,100
ENSMUSG00000099913,0.001,62.31581250733508,1.0,0.001,0.001,0.001571528586349243,0.13875167663385865,100,100
ENSMUSG00000099922,0.001,62.31581250733508,1.0,0.001,0.001,0.0016074230570689361,0.15567274843166337,100,100
ENSMUSG00000099923,3.47513668850878,415.4867151082628,1.0001338608186843,0.001,16.88750663566202,0.001,0.03063358292543651,100,100
ENSMUSG00000099924,0.001,66.84427540036525,1.0,0.001,0.001,0.0016268372171406383,0.09712521838807185,100,100
ENSMUSG00000099928,0.001,66.84427540036525,1.0,0.001,0.001,0.0018241050326702943,0.23415549797726892,100,100
ENSMUSG00000099931,0.11384618112645052,26.95183298160442,1.0,0.001,4.922755544518775,0.0013390975854830258,0.032087104689192555,100,100
ENSMUSG00000099936,0.001,62.31581250733508,1.0,0.001,0.001,0.001681081299311475,0.17027747154012615,100,100
ENSMUSG00000099937,0.001,62.31581250733508,1.0,0.001,0.001,0.0017694574186707967,0.33113413262887914,100,100
ENSMUSG00000099950,0.001,62.31581250733508,1.0,0.001,0.0010000000000000005,0.0017988125947382013,0.1448571368813376,100,100
ENSMUSG00000099954,0.001,62.31581250733508,1.0,0.001,0.001,0.002310317118400588,0.0882934350414081,100,100
ENSMUSG00000099958,0.001,62.31581250733508,1.0,0.001,0.001,0.0018800306307136336,0.18246510795778031,100,100
ENSMUSG00000099959,0.001,62.31581250733508,1.0,0.001,0.0010000000000000005,0.0016467962200402103,0.07795020379576047,100,100
ENSMUSG00000099966,0.30674409470350755,3.349475665303535,1.4835938976215106,0.001,34.95490699367353,0.0020560281959775047,1.5945125456918974,100,100
ENSMUSG00000099968,0.001,62.31581250733508,1.0,0.001,0.0010000000000000005,0.001597404480385365,0.11702969159112728,100,100
ENSMUSG00000099979,0.001,58.00999307220888,1.0,0.001,0.001,0.001875629934259812,0.2908657449473446,100,100
ENSMUSG00000099988,0.001,62.31581250733508,1.0,0.001,0.0010000000000000009,0.0013606873004783086,0.12280323424963693,100,100
ENSMUSG00000100002,0.08734671106822461,18.940217676294324,6.271679077246528,0.0038048033755895124,30.198408714840824,0.001025531955246887,1.2917870229279558,100,100
ENSMUSG00000100005,0.048058015688090726,18.77488211984524,29.381213902269838,0.001,0.15795775695102066,0.33094638400997983,119.42501280601593,100,100
ENSMUSG00000100017,17.868853997618064,810.7334277102744,1.0,1.3194818234519357,35.28888644277967,0.001,0.008928306381296863,100,100
ENSMUSG00000100018,0.1656588662673191,39.53920567850924,1.0,0.001,8.12972957834654,0.0010000000000016317,0.22261154882460357,100,100
ENSMUSG00000100022,0.001,62.31581250733508,1.0,0.001,0.0010000000000000005,0.001604981873865125,0.27400586495768753,100,100
ENSMUSG00000100025,0.001,66.84427540036525,1.0,0.001,0.001,0.0015471461011742848,0.05701529273821492,100,100
ENSMUSG00000100029,0.001,62.31581250733508,1.0,0.001,0.001,0.001710703823032587,0.2229602532522929,100,100
ENSMUSG00000100039,0.016426457299649876,23.600568830389733,41.63087350038939,0.001,7.016111386379965,0.0015327442779035283,43.235141831899895,100,100
ENSMUSG00000100053,0.06214545004852382,37.57187389692001,22.4355675659026,0.001,32.678849414934284,0.0011118849850878711,2.1900507468986197,100,100
ENSMUSG00000100068,0.001,62.31581250733508,1.0,0.001,0.001,0.0019972902689862912,0.29616810598369386,100,100
ENSMUSG00000100071,0.001,62.31581250733508,1.0,0.001,0.001,0.001437687873739533,0.18180625833044628,100,100
ENSMUSG00000100075,0.001,62.31581250733508,1.0,0.001,0.001,0.0015093023852652493,0.12921085714619268,100,100
ENSMUSG00000100081,0.001,66.84427540036525,1.0,0.001,0.001,0.002001049985525005,0.23958510103666705,100,100
ENSMUSG00000100084,22.62646481534838,999.9999999906137,1.129616463134349,0.971734131369566,36.11335580939648,0.001,0.008975510866724042,100,100
ENSMUSG00000100090,0.001,62.31581250733508,1.0,0.001,0.001,0.0016401883304023393,0.09770467809933281,100,100
ENSMUSG00000100094,0.001,66.84427540036525,1.0,0.001,0.001,0.001816617443987379,0.18351661621455756,100,100
ENSMUSG00000100101,0.001,62.31581250733508,1.0,0.001,0.001,0.0017288319168774153,0.22034611138494156,100,100
ENSMUSG00000100113,0.001,59.94762576822368,1.0,0.001,0.001,0.0019364883544560037,0.657572775969665,100,100
ENSMUSG00000100129,0.001,62.31581250733508,1.0,0.001,0.001,0.0018063940733103923,0.10370595132266312,100,100
ENSMUSG00000100130,0.001,62.31581250733508,1.0,0.001,0.001,0.0019026566665515526,0.23908480862085163,100,100
ENSMUSG00000100131,nan,nan,nan,nan,nan,nan,nan,0,0
ENSMUSG00000100141,0.001,62.31581250733508,1.0,0.001,0.001,0.0017685764620511586,0.1450344359497364,100,100
ENSMUSG00000100158,0.2519943821071364,41.59744194485214,15.737832531874943,0.033727002849283726,74.43873977910798,0.0013847805683306986,1.0887543460109483,100,100
ENSMUSG00000100164,0.005546403172652004,0.011960408628390564,1.326846233446179,0.001,0.5147085597505868,0.8982117937007381,741.3737610485025,100,100
ENSMUSG00000100170,4.132577005576439,999.9999999828615,1.0,0.001,5.347037681245829,0.0012155275363218993,0.08882423082618299,100,100
ENSMUSG00000100172,0.001,62.31581250733508,1.0,0.001,0.001,0.0018908549293990419,0.25391894463318004,100,100
ENSMUSG00000100174,0.001,61.88525872635182,1.0,0.001,0.0010000000000000005,0.0016795191235706424,0.22178264247651588,100,100
ENSMUSG00000100175,0.4282965282830732,103.14966607220127,1.0,0.001,7.660822885140767,0.0012741332890474615,0.14310619528259327,100,100
ENSMUSG00000100176,0.001,62.31581250733508,1.0,0.001,0.001,0.001646946393894733,0.23279026231596434,100,100
ENSMUSG00000100188,0.001,62.31581250733508,1.0,0.001,0.001,0.001489101852936302,0.2061375780391268,100,100
ENSMUSG00000100199,0.11326462766202659,2.1223798514229966,4.454785432714345,0.009094962700956742,0.27018756242676045,0.7732864557852679,72.27343017640737,100,100
ENSMUSG00000100200,8.296926765839343,999.9999999532419,1.0,0.001,17.52475347936118,0.001,0.07298249115591454,100,100
ENSMUSG00000100201,1.9751834003142985,475.50700159073045,1.0,0.001,9.695965595430653,0.0010315669029733764,0.04177769815578832,100,100
ENSMUSG00000100209,0.001,62.31581250733508,1.0,0.001,0.001,0.001627140197922209,0.20933558571615968,100,100
ENSMUSG00000100211,7.782674978793196,933.4141933337714,1.0,0.001,12.560428366170953,0.0010000000000155102,0.07853793615412921,100,100
ENSMUSG00000100213,0.001,62.31581250733508,1.0,0.001,0.0010000000000000005,0.0019370903446737338,0.524101387410709,100,100
ENSMUSG00000100220,0.001,62.31581250733508,1.0,0.001,0.001,0.001689980635449599,0.23020554527556542,100,100
ENSMUSG00000100222,9.038015366526192,716.5070944621158,1.0,0.001,20.53307016384026,0.0010000749243752353,0.007866412529482369,100,100
ENSMUSG00000100228,0.001,57.620632314225304,1.0,0.001,0.001,0.002007051989972238,0.0991548993262299,100,100
ENSMUSG00000100235,0.1595295167525895,1.3252643068097572,1.0,0.05931740862487047,2.9168357219442416,0.042063064891450064,1.5231642141609982,100,100
ENSMUSG00000100247,8.40430948122257,512.4063303581601,1.020355253388761,0.001,25.832858037100962,0.001,0.008979136445857782,100,100
ENSMUSG00000100255,0.001,66.84427540036525,1.0,0.001,0.001,0.001555139863738269,0.15197761413152863,100,100
ENSMUSG00000100269,0.001,62.31581250733508,1.0,0.001,0.0010000000000000005,0.0017918836112934934,0.12739491234490394,100,100
ENSMUSG00000100280,5.66546614832015,682.1838783260594,1.0,0.001,15.41790731696089,0.001,0.022570422788822486,100,100
ENSMUSG00000100313,0.001,62.31581250733508,1.0,0.001,0.001,0.0018421054405486931,0.0882725989436137,100,100
ENSMUSG00000100319,0.001,62.31581250733508,1.0,0.001,0.001,0.001657278064640358,0.10004823027481091,100,100
ENSMUSG00000100320,3.5392960386463654,386.5426918831338,1.0048234970217222,0.001,18.527648150449238,0.001,0.030048521751547586,100,100
ENSMUSG00000100334,0.001,61.88525872635182,1.0,0.001,0.0010000000000000005,0.0019050851608739367,0.046900382703465686,100,100
ENSMUSG00000100335,0.06639913523723712,1.057269524998551,1.193907877018569,0.001,6.070236152590643,0.00242996484592398,5.808505808055405,100,100
ENSMUSG00000100344,0.001,62.31581250733508,1.0,0.001,0.001,0.0018218022995788589,0.30083679521840123,100,100
ENSMUSG00000100351,1.2107757427200323,287.553808868097,1.0,0.001,7.316137169104465,0.0010019813207772222,0.06764395113943625,100,100
ENSMUSG00000100367,0.001,62.31581250733508,1.0,0.001,0.001,0.0018004137013492068,0.31010265874855725,100,100
ENSMUSG00000100387,0.001,62.31581250733508,1.0,0.001,0.001,0.0018742698631173554,0.21046539708258005,100,100
ENSMUSG00000100393,0.06080907384878529,19.089987221849626,7.83418126051216,0.001,24.561725093565222,0.0010252738081353997,4.569098631901214,100,100
ENSMUSG00000100394,1.2150558106855553,287.4677615660729,1.0,0.001,8.825288123387232,0.0010819984010513144,0.11444519795743324,100,100
ENSMUSG00000100396,0.274471701491809,65.11353644473616,1.0,0.001,7.392249324243721,0.0011553750233959847,0.05733857914397941,100,100
ENSMUSG00000100397,1.4275905501715376,345.13246017114864,1.0,0.001,6.868412766942177,0.0012127129604585078,0.057149104949059865,100,100
ENSMUSG00000100398,0.001,62.31581250733508,1.0,0.001,0.0010000000000000005,0.0016909597518307887,0.11042587354520014,100,100
ENSMUSG00000100402,0.001,62.31581250733508,1.0,0.001,0.001,0.0016429864844245627,0.37778533916116463,100,100
ENSMUSG00000100410,0.001,62.31581250733508,1.0,0.001,0.001,0.0015247186112107732,0.21902827637980454,100,100
ENSMUSG00000100417,0.001,62.31581250733508,1.0,0.001,0.001,0.0017784919172563226,0.31401081837950234,100,100
ENSMUSG00000100426,0.001,62.31581250733508,1.0,0.001,0.001,0.002004902299344632,0.18189467815351354,100,100
ENSMUSG00000100437,0.001,60.60768216058454,1.0,0.001,0.001,0.0018401296927143614,0.41501849081802467,100,100
ENSMUSG00000100455,4.752273924456378,575.1144123455982,1.0,0.001,17.597185539356573,0.001,0.018217787593771302,100,100
ENSMUSG00000100465,0.001,62.31581250733508,1.0,0.001,0.0010000000000000009,0.001670038699899055,0.2710081610231575,100,100
ENSMUSG00000100480,15.860428422935342,948.8798125592474,1.0027161335696766,0.001,25.771803041750776,0.001,0.010172757416613212,100,100
ENSMUSG00000100490,0.001,61.674132606755,1.0,0.001,0.001,0.0015740280530862276,0.25344899558150913,100,100
ENSMUSG00000100506,0.001,62.31581250733508,1.0,0.001,0.001,0.0017492228769982084,0.17053989585673712,100,100
ENSMUSG00000100512,0.001,62.31581250733508,1.0,0.001,0.001,0.0015896535179750885,0.11845683510564362,100,100
ENSMUSG00000100514,0.001,17.98592907212819,1.0,0.001,0.001,0.005120249156417508,1.5798024673018913,100,100
ENSMUSG00000100516,0.001,62.31581250733508,1.0,0.001,0.001,0.0019385290005382297,0.3495837127319382,100,100
ENSMUSG00000100522,0.001,62.31581250733508,1.0,0.001,0.0010000000000000009,0.0017579069775329197,0.25985740569146837,100,100
ENSMUSG00000100536,1.77889767106868,435.05565630393556,1.0337441480290168,0.001,7.22430735615143,0.0010000000000117658,0.05204708663327354,100,100
ENSMUSG00000100546,0.001,62.31581250733508,1.0,0.001,0.0010000000000000009,0.0015179087791577033,0.10240685517770834,100,100
ENSMUSG00000100548,0.001,62.31581250733508,1.0,0.001,0.001,0.0017371232763118715,0.2180993337651282,100,100
ENSMUSG00000100550,0.001,61.88525872635182,1.0,0.001,0.001,0.001904127119157206,0.23589492352492059,100,100
ENSMUSG00000100555,3.8949609823838607,464.95099009642274,1.0,0.001,14.725696673626643,0.0010000253427675438,0.01430216351131872,100,100
ENSMUSG00000100561,0.001,60.60768216058454,1.0,0.001,0.001,0.0018782096937609042,0.3850462039225778,100,100
ENSMUSG00000100572,41.10338741769573,582.6272790451359,1.0,6.155908159757857,75.01699233940913,0.0010531481421484322,0.009335138638326865,100,100
ENSMUSG00000100580,0.001,62.31581250733508,1.0,0.001,0.001,0.001910496601627378,0.15248173142293953,100,100
ENSMUSG00000100583,0.001,62.31581250733508,1.0,0.001,0.0010000000000000005,0.0019170361268200033,0.19649396714848694,100,100
ENSMUSG00000100585,0.001,62.31581250733508,1.0,0.001,0.001,0.001503684535533365,0.24180804982512327,100,100
ENSMUSG00000100590,0.001,62.31581250733508,1.0,0.001,0.0010000000000000005,0.0014462197233785267,0.15803808748185633,100,100
ENSMUSG00000100593,0.001,62.31581250733508,1.0,0.001,0.001,0.0019956475360234033,0.18610938245719688,100,100
ENSMUSG00000100594,17.22815535806705,999.9999993694969,1.0093009648333016,0.001,22.040958489297005,0.001,0.014879751469104661,100,100
ENSMUSG00000100599,4.8775163977927,847.997411535505,1.0,0.001,11.56653968240947,0.0010000000000019824,0.06607825061182412,100,100
ENSMUSG00000100605,0.060835281968761395,19.220302967631582,7.8838694680832635,0.0024882262586452568,22.235729455862554,0.0010000000000014173,4.349223161499051,100,100
ENSMUSG00000100618,4.312735583789206,598.7483387816477,1.2235920501799804,0.001,14.24233304019487,0.001000000625577231,0.032162408856630915,100,100
ENSMUSG00000100620,0.001,62.31581250733508,1.0,0.001,0.001,0.002049239794684586,0.73551359527064,100,100
ENSMUSG00000100621,0.001,62.31581250733508,1.0,0.001,0.001,0.001614748854362033,0.12285283132102383,100,100
ENSMUSG00000100622,0.001,62.31581250733508,1.0,0.001,0.001,0.0018526793320859662,0.32430825581708494,100,100
ENSMUSG00000100625,0.4282965282830732,103.14966607220127,1.0,0.001,8.86357099409105,0.0010000000000081584,0.03311206466300079,100,100
ENSMUSG00000100627,0.001,62.31581250733508,1.0,0.001,0.001,0.0015055723156942522,0.21063300353322945,100,100
ENSMUSG00000100629,2.065833196503532,495.2968110176281,1.0,0.001,7.249297801835358,0.0010695691897088275,0.06879257859388936,100,100
ENSMUSG00000100632,0.001,60.37820284006485,1.0,0.001,0.001,0.0017365988515128993,0.13215691232059895,100,100
ENSMUSG00000100636,0.001,62.31581250733508,1.0,0.001,0.001,0.0017007777067760644,0.43426776893687524,100,100
ENSMUSG00000100652,0.001,66.84427540036525,1.0,0.001,0.0010000000000000005,0.0016531885944247476,0.26843992436237646,100,100
ENSMUSG00000100658,0.14598726860073483,26.202814433236405,46.31798106096591,0.001,0.24330976108307806,1.0015612859616019,339.04336834271476,100,100
ENSMUSG00000100672,0.001,62.31581250733508,1.0,0.001,0.001,0.0015815998131620836,0.1495969493387055,100,100
ENSMUSG00000100679,0.010764613233893165,19.69036825090493,22.46512459418694,0.001,3.995992364695243,0.001167955268993166,19.900962745276637,100,100
ENSMUSG00000100680,0.2916875547597159,24.72711287670072,8.768189658109522,0.06486906157119565,25.54515266546168,0.0029660925924433162,1.1660423943700815,100,100
ENSMUSG00000100685,0.001,62.31581250733508,1.0,0.001,0.0010000000000000009,0.0015045383452463555,0.06594889321447094,100,100
ENSMUSG00000100690,0.001,61.88525872635182,1.0,0.001,0.001,0.00191858624034257,0.0964427415909834,100,100
ENSMUSG00000100691,0.3637153372690187,1.660726200288878,2.25999582155695,0.002313137501661583,1.1234899855139688,0.3869612122573486,418.1763344957795,100,100
ENSMUSG00000100696,0.001,62.31581250733508,1.0,0.001,0.001,0.0015752055392517549,0.08424166991350385,100,100
ENSMUSG00000100701,0.02496225511705781,19.019961350227668,13.83636213771107,0.001,12.166978580256313,0.001261501414869975,29.1860756787226,100,100
ENSMUSG00000100702,0.001,61.88525872635182,1.0,0.001,0.001,0.0017726549289915647,0.1343574606910248,100,100
ENSMUSG00000100706,0.001,62.31581250733508,1.0,0.001,0.001,0.001732024405646552,1.0268611311010487,100,100
ENSMUSG00000100707,0.14171992442673617,26.48770929512903,35.29152323617643,0.001,0.23470017715948055,0.6313628388489942,306.4872894044949,100,100
ENSMUSG00000100714,0.010794427412717975,19.909114048137837,22.651011694570514,0.001,9.649508514990167,0.0010000000000427859,14.912692250067195,100,100
ENSMUSG00000100744,0.001,66.84427540036525,1.0,0.001,0.001,0.0018993275444261133,0.4162749316004595,100,100
ENSMUSG00000100747,0.001,61.674132606755,1.0,0.001,0.001,0.0020588528620296646,0.07362785852588388,100,100
ENSMUSG00000100760,0.001,66.84427540036525,1.0,0.001,0.0010000000000000005,0.0017870664646866458,0.15578205339645945,100,100
ENSMUSG00000100763,0.001,62.31581250733508,1.0,0.001,0.001,0.0018035244780268435,0.386850957059772,100,100
ENSMUSG00000100764,0.001,61.45463549419866,1.0,0.001,0.001,0.002045230687351695,0.19666642228364767,100,100
ENSMUSG00000100769,0.001,62.31581250733508,1.0,0.001,0.001,0.0015414786100270347,0.22219822710383058,100,100
ENSMUSG00000100775,0.12207720572868483,4.126195351426883,5.323975635519146,0.04287529545688161,0.6640153955572674,0.14539875868505348,5.15971861927707,100,100
ENSMUSG00000100779,0.12426501717982769,3.2365860168874745,2.280733684440598,0.001362364210214528,0.8264493604836218,0.016562114768222325,45.96573372831324,100,100
ENSMUSG00000100783,8.136565388635185,654.9873397200475,1.008342177494197,0.001,20.8180240396634,0.0010000000012659192,0.01237242291122313,100,100
ENSMUSG00000100786,0.001,66.84427540036525,1.0,0.001,0.001,0.0016893886692624176,0.2716832806023869,100,100
ENSMUSG00000100791,0.001,62.31581250733508,1.0,0.001,0.001,0.0017811827325914876,0.44371268480262505,100,100
ENSMUSG00000100794,0.001,60.80878088638715,1.0,0.001,0.0010000000000000005,0.0017636069999767275,0.1692696768325791,100,100
ENSMUSG00000100798,0.03958168910752276,0.38901657298595327,1.0,0.001,13.172921176372078,0.003260763353812156,64.76131678187353,100,100
ENSMUSG00000100801,5.401318752988916,214.5450217560824,1575.6944131797447,4.427056764562483,6.837254195795146,5.585439578403621,9.158565508861349,100,100
ENSMUSG00000100811,0.12247837741722209,18.3188131960873,5.0172739440779734,0.001,31.004432089086777,0.0010874219762470698,1.382331344008951,100,100
ENSMUSG00000100813,0.06060383365235097,19.453247427797404,7.976290801332881,0.001,21.336222796839984,0.0010014424241239057,5.4884247091271625,100,100
ENSMUSG00000100816,0.001,61.88525872635182,1.0,0.001,0.001,0.0015306139879480542,0.09018943513189945,100,100
ENSMUSG00000100819,13.54643350979833,718.1068480848454,1.1415865998374315,0.001,28.92219098505022,0.0010000000000126396,0.00899037485455875,100,100
ENSMUSG00000100825,0.001,62.31581250733508,1.0,0.001,0.0010000000000000005,0.001656737592626109,0.12237216935522902,100,100
ENSMUSG00000100826,0.09710862998979686,0.37413758645310724,1.550263672104065,0.001,0.49676547769347157,0.5833258439655318,435.024619342204,100,100
ENSMUSG00000100833,0.001,62.31581250733508,1.0,0.001,0.001,0.0015168590165980118,0.13992170235780368,100,100
ENSMUSG00000100843,0.03974468887809457,16.680879900716075,73.16893632373575,0.013694823747159343,4.328371184561229,0.14119189956438652,15.946847738471217,100,100
ENSMUSG00000100860,2.0108927129187566,475.90964916538866,1.0,0.001,13.974961502215123,0.0010000001407814514,0.0761131614459892,100,100
ENSMUSG00000100862,10.0,10.0,10.0,0.027451153518370235,0.9452469742428795,1.731272151730362,143.92547420064892,100,100
ENSMUSG00000100865,0.001,49.189649470338075,1.0,0.001,0.001,0.0024013069683447514,0.2029318578556211,100,100
ENSMUSG00000100876,1.4128770543681246,356.62825466702924,1.0812061690635208,0.001,6.564485566736559,0.001287479857251093,0.13644413000934766,100,100
ENSMUSG00000100894,0.02260687588254527,20.94510264463342,15.227470626577174,0.001,8.465125574212744,0.0014451487000508678,19.904800314162614,100,100
ENSMUSG00000100901,0.001,66.84427540036525,1.0,0.001,0.001,0.0018542565497235602,0.22054601137347085,100,100
ENSMUSG00000100908,0.001,62.31581250733508,1.0,0.001,0.001,0.001720151004769127,0.21041882041667936,100,100
ENSMUSG00000100916,0.001,62.31581250733508,1.0,0.001,0.001,0.002008388838746887,0.32884155323376885,100,100
ENSMUSG00000100922,20.76544801140397,666.931689838364,1.0,1.7817184974274378,45.0476775780667,0.001000000000011736,0.009130151082713332,100,100
ENSMUSG00000100927,0.001,61.88525872635182,1.0,0.001,0.001,0.001709990522422556,0.22732451341609589,100,100
ENSMUSG00000100931,0.001,62.31581250733508,1.0,0.001,0.001,0.0017598647136565378,0.1302395124059831,100,100
ENSMUSG00000100932,21.196275348457302,1000.0,1.0,0.001,31.46326692672642,0.001,0.008963314411306125,100,100
ENSMUSG00000100937,0.001,61.674132606755,1.0,0.001,0.001,0.0015031817091036713,0.286360688797893,100,100
ENSMUSG00000100954,0.21850808363999732,3.3112150625118733,2.5071717123367847,0.07855433833008446,0.9425958155539093,0.17531464484288578,2.5782524301159553,100,100
ENSMUSG00000100959,0.001,66.84427540036525,1.0,0.001,0.001,0.0021124185600740588,0.12962457065525562,100,100
ENSMUSG00000100965,0.001,62.31581250733508,1.0,0.001,0.001,0.0014264635166052482,0.08918259203059681,100,100
ENSMUSG00000100967,8.461716021637898,896.4524218963575,1.0,0.001,18.151224850099023,0.001,0.02429052012376982,100,100
ENSMUSG00000100975,0.38189412918816357,3.020642193884474,8.761960937202481,0.15888539009828923,0.5371369289309409,1.7676176152687764,7.881752606651046,100,100
ENSMUSG00000100980,0.010777510811735738,19.903554972027905,22.6935018697902,0.001,6.88528389022431,0.0012724272595360066,16.675023273906124,100,100
ENSMUSG00000101004,0.001,62.31581250733508,1.0,0.001,0.001,0.0019677155092654853,0.2081034022997874,100,100
ENSMUSG00000101007,0.001,62.31581250733508,1.0,0.001,0.0010000000000000005,0.001857649364421349,0.19926577758430902,100,100
ENSMUSG00000101009,0.021905872331438852,2.7002888760581514,5.123152661515043,0.001,13.10840918796046,0.0010449969820400286,34.09797916894421,100,100
ENSMUSG00000101013,0.1242270227348964,18.259788968024793,4.993750546247077,0.001,27.820027977532554,0.0010000000000054308,2.2178770721875973,100,100
ENSMUSG00000101014,0.001,61.88525872635182,1.0,0.001,0.001,0.0014744792111251064,0.17054513022662815,100,100
ENSMUSG00000101026,0.001,62.31581250733508,1.0,0.001,0.001,0.0015077028673474442,0.1581887371923905,100,100
ENSMUSG00000101028,0.001,62.31581250733508,1.0,0.001,0.001,0.0015582828431670835,0.21270095447717224,100,100
ENSMUSG00000101037,0.13748599621665863,28.307424138781293,21.990971107586425,0.04684202555188843,17.819685302938503,0.012021625175780312,3.131019675141239,100,100
ENSMUSG00000101061,0.001,62.31581250733508,1.0,0.001,0.001,0.0018027024673081642,0.13483119371075028,100,100
ENSMUSG00000101077,0.001,66.84427540036525,1.0,0.001,0.001,0.0018194502741569387,0.18599623637603968,100,100
ENSMUSG00000101082,0.001,66.84427540036525,1.0,0.001,0.0010000000000000005,0.0017996479112343258,0.14376283087066458,100,100
ENSMUSG00000101089,15.761853591518419,727.4792847875043,1.0,0.0526933511405848,29.4555870661827,0.001,0.009008544133719942,100,100
ENSMUSG00000101102,0.001,62.31581250733508,1.0,0.001,0.001,0.0015037194060952535,0.07790052115602969,100,100
ENSMUSG00000101111,0.001,13.147732610051081,1.0,0.001,0.001,0.15170050566653243,6.234377630553135,100,100
ENSMUSG00000101122,26.062329947573033,761.8094525738618,1.0,0.001,41.18690353253165,0.0010130260040715306,0.03145699500278808,100,100
ENSMUSG00000101132,0.19056851434747732,4.811812110702583,4.206347288413736,0.001821960739782732,0.4579602460626758,0.3613818093879253,139.45557138422387,100,100
ENSMUSG00000101133,0.001,62.31581250733508,1.0,0.001,0.001,0.0015343558926424515,0.20895121592914162,100,100
ENSMUSG00000101135,0.001,62.31581250733508,1.0,0.001,0.001,0.0016987734035332413,0.11015690549072078,100,100
ENSMUSG00000101144,0.001,61.88525872635182,1.0,0.001,0.001,0.002143496278661044,0.20341467949419056,100,100
ENSMUSG00000101156,0.001,66.84427540036525,1.0,0.001,0.001,0.00213761433109418,1.025493337389366,100,100
ENSMUSG00000101162,3.188250970411826,378.89770882544065,1.0,0.001,19.230546162979625,0.001,0.022826121928713264,100,100
ENSMUSG00000101166,0.001,66.84427540036525,1.0,0.001,0.0010000000000000009,0.002064596807866535,0.2003897866805454,100,100
ENSMUSG00000101167,0.001,52.62771755854346,1.0,0.001,0.001,0.001793464167752026,0.24395489467846126,100,100
ENSMUSG00000101168,0.001,62.31581250733508,1.0,0.001,0.0010000000000000009,0.0016827187849684888,0.29306772572542145,100,100
ENSMUSG00000101172,0.3649031667375555,34.75243924167178,9.939516720696966,0.0020972103733059968,3.8855196695829317,0.019980166346087708,2.375988685564727,100,100
ENSMUSG00000101173,0.001,61.259704531272526,1.0,0.001,0.001,0.0015389852109077133,0.18293222749219895,100,100
ENSMUSG00000101188,2.484958170776588,5.767286758542499,33.93859827513063,1.762018259050088,5.495688956018899,1.894383930622749,10.688213888046384,100,100
ENSMUSG00000101191,0.18666881202316374,2.233503087819958,2.1700523339191347,0.07078504926342845,1.0017087515622953,0.16567529162228997,2.7253140892254444,100,100
ENSMUSG00000101199,4.1336179629762935,999.9999943156627,1.0,0.001,8.302321260155342,0.0010000000000165543,0.09049898024606992,100,100
ENSMUSG00000101206,0.001,66.84427540036525,1.0,0.001,0.001,0.0016336562676823325,0.3289247128234873,100,100
ENSMUSG00000101210,0.010809204424784169,19.456296665164924,22.214576165598025,0.001,3.757246811650554,0.0015690035039320122,13.612398781706684,100,100
ENSMUSG00000101211,12.638310403810301,729.3708191764025,1.0,0.001,26.395741276635626,0.001,0.008032002697292484,100,100
ENSMUSG00000101214,0.001,62.31581250733508,1.0,0.001,0.001,0.0017097075749285154,0.18281572068366403,100,100
ENSMUSG00000101223,0.001,62.31581250733508,1.0,0.001,0.001,0.0018267653415463864,0.13946173204787207,100,100
ENSMUSG00000101225,0.001,50.58150214605088,1.0,0.001,0.0010000000000000005,0.001990052300734224,0.27198488694510264,100,100
ENSMUSG00000101242,0.001,62.31581250733508,1.0,0.001,0.001,0.001874969411032679,0.2910347651578624,100,100
ENSMUSG00000101249,nan,nan,nan,nan,nan,nan,nan,0,0
ENSMUSG00000101257,0.001,62.31581250733508,1.0,0.001,0.001,0.0016353300800878534,1.5874132408083605,100,100
ENSMUSG00000101258,0.001,61.259704531272526,1.0,0.001,0.0010000000000000005,0.0019598593411988105,0.12041486482018543,100,100
ENSMUSG00000101262,0.001,48.321874409932285,1.0,0.001,0.001,0.0020093588475480245,0.240310664072781,100,100
ENSMUSG00000101268,0.016713341934560033,2.0845605717764997,3.122409340904799,0.001,18.6746287029714,0.00100000000000527,12.133988782651528,100,100
ENSMUSG00000101295,0.001,62.31581250733508,1.0,0.001,0.001,0.0017552780559908568,0.2033517551090918,100,100
ENSMUSG00000101308,0.001,62.31581250733508,1.0,0.001,0.0010000000000000009,0.0016420310298661187,0.2520904000662806,100,100
ENSMUSG00000101316,0.012723928183239773,16.19332002815021,87.93709365977219,0.001,0.04536493739610689,0.00888922444416349,150.57086994884008,100,100
ENSMUSG00000101320,0.001,61.88525872635182,1.0,0.001,0.001,0.0014886532472049307,0.13500258233544865,100,100
ENSMUSG00000101328,0.001,62.31581250733508,1.0,0.001,0.001,0.0015191816957534324,0.118761188960363,100,100
ENSMUSG00000101330,0.001,60.80878088638715,1.0,0.001,0.001,0.001615359681542233,0.06544293789746498,100,100
ENSMUSG00000101335,0.04239200375917169,19.459580486452424,10.254650694279908,0.001,22.522114912140587,0.0010000000000016129,5.705075852423744,100,100
ENSMUSG00000101337,0.001,66.84427540036525,1.0,0.001,0.001,0.0017568958170859753,0.19930722347695656,100,100
ENSMUSG00000101348,0.001,62.31581250733508,1.0,0.001,0.001,0.0019648520700037983,0.10808707760188613,100,100
ENSMUSG00000101355,0.001,62.31581250733508,1.0,0.001,0.001,0.0016886999896407037,0.06706694579894648,100,100
ENSMUSG00000101356,3.07783631307003,741.2598198343227,1.0,0.001,7.504392457403728,0.001039603949477653,0.08540966459378786,100,100
ENSMUSG00000101357,0.001,66.84427540036525,1.0,0.001,0.001,0.0016217457164947105,0.20813171400358532,100,100
ENSMUSG00000101386,0.039987027703375574,19.89564710619712,10.503389957978916,0.001,18.12953819042217,0.0010180728534621509,22.89305780301783,100,100
ENSMUSG00000101387,0.001,62.31581250733508,1.0,0.001,0.001,0.001612553255549659,0.15094433429137,100,100
ENSMUSG00000101389,0.001,62.31581250733508,1.0,0.001,0.001,0.0017697597296337012,0.4603095489119584,100,100
ENSMUSG00000101406,0.001,62.31581250733508,1.0,0.001,0.001,0.001862241470845244,0.1015580316368446,100,100
ENSMUSG00000101414,0.0765166277362857,6.205439258412472,7.848885585237668,0.01896355134516888,1.3927337898135312,0.08423870187434468,7.6412160284135755,100,100
ENSMUSG00000101431,0.2933740981375301,1.400637298742732,45.34230605602403,0.15258113219346064,0.43356660976207695,21.14095571929316,64.86662595490807,100,100
ENSMUSG00000101433,0.001,66.84427540036525,1.0,0.001,0.001,0.0018425055054476,0.2907548392725136,100,100
ENSMUSG00000101437,0.001,66.84427540036525,1.0,0.001,0.001,0.0014267074226652853,0.17613414839141284,100,100
ENSMUSG00000101438,0.1599261182044482,1.5784034343979743,3.6533959945790757,0.014414118604456917,0.39957285166946954,0.7702989135803713,45.12711822717831,100,100
ENSMUSG00000101439,0.001,62.31581250733508,1.0,0.001,0.001,0.002006392961132401,0.15989148916488882,100,100
ENSMUSG00000101450,0.001,66.84427540036525,1.0,0.001,0.0010000000000000005,0.0018122701645642927,0.19113087490286412,100,100
ENSMUSG00000101462,0.001,61.259704531272526,1.0,0.001,0.001,0.0016482094032193293,0.3146939357637645,100,100
ENSMUSG00000101481,0.001,61.45463549419866,1.0,0.001,0.001,0.0015461179314603425,0.1819413161974122,100,100
ENSMUSG00000101483,0.001,62.31581250733508,1.0,0.001,0.001,0.0016643350075900031,0.48838933641682925,100,100
ENSMUSG00000101493,0.05754335596775028,19.284098000598583,15.162826206986654,0.001,0.24839085067476196,0.05032836689939224,71.91370388205999,100,100
ENSMUSG00000101501,0.001,62.31581250733508,1.0,0.001,0.001,0.001575002692931492,0.17978172401368286,100,100
ENSMUSG00000101503,0.001,61.88525872635182,1.0,0.001,0.0010000000000000005,0.00180234738669534,0.1359634526774247,100,100
ENSMUSG00000101517,8.303528396591057,999.9999999923217,1.0,0.001,21.01552676970487,0.001,0.0755061611020563,100,100
ENSMUSG00000101540,0.001,62.31581250733508,1.0,0.001,0.0010000000000000005,0.0017825062439072628,0.659735041496124,100,100
ENSMUSG00000101549,0.12135475455148131,18.413281433397476,5.047288327586837,0.014189416091112291,25.25546157860102,0.0011326675238322434,0.8273262228680611,100,100
ENSMUSG00000101551,0.001,62.31581250733508,1.0,0.001,0.001,0.0015941484075305062,0.4623923146568116,100,100
ENSMUSG00000101555,8.337677806203578,999.9999978314997,1.0,0.001,16.011307890105513,0.001000000000041848,0.07546012138923673,100,100
ENSMUSG00000101556,8.302644172194114,1000.0,1.0,0.001,18.98031969259817,0.0010000000010126893,0.05029315181219751,100,100
ENSMUSG00000101559,0.001,66.84427540036525,1.0,0.001,0.001,0.0017253710016542979,0.3941388566715742,100,100
ENSMUSG00000101567,4.555843937974963,512.0270806626112,1.0,0.001,15.767131350720305,0.0010000000000001553,0.04967015300183161,100,100
ENSMUSG00000101574,14.195727809965701,675.2093057661073,1.0,1.5284361674224984,33.905425372169255,0.001,0.008896575749444923,100,100
ENSMUSG00000101581,0.009540866721379918,0.6237107603668955,14.557289911927944,0.001,36.55469961379602,0.0010000565016719057,44.40415634655136,100,100
ENSMUSG00000101583,0.001,61.45463549419866,1.0,0.001,0.001,0.001705020144870896,0.12128082167651952,100,100
ENSMUSG00000101585,4.146906333238779,999.9999999237627,1.0,0.001,10.434526339613965,0.0010000212443640822,0.07607291714723599,100,100
ENSMUSG00000101586,0.001,62.31581250733508,1.0,0.001,0.001,0.002112503611667085,0.4127747163586423,100,100
ENSMUSG00000101587,0.4282965282830732,103.14966607220127,1.0,0.001,8.232693762576464,0.0010000001776848482,0.048431137169775956,100,100
ENSMUSG00000101589,0.001,60.80878088638715,1.0,0.001,0.001,0.0017281616157929414,0.3865966893268239,100,100
ENSMUSG00000101595,0.001,62.31581250733508,1.0,0.001,0.001,0.0015854743472235233,0.17798253406930875,100,100
ENSMUSG00000101597,nan,nan,nan,nan,nan,nan,nan,0,0
ENSMUSG00000101599,0.5741749046924407,17.20077747884201,1.8057562006755503,0.02941300252412839,59.899710647348584,0.001099640435065996,0.6410695471362782,100,100
ENSMUSG00000101603,0.02344960702538271,1.9620873549925801,8.10920951160738,0.001,0.40835521542946057,0.0018307819710803902,47.53409380727018,100,100
ENSMUSG00000101608,0.001,62.31581250733508,1.0,0.001,0.001,0.0015569571558296344,0.23739626115253398,100,100
ENSMUSG00000101609,8.069077918052457,907.2592808690524,1.0,0.001,16.647085398880453,0.0010000000000003433,0.09230795964002542,100,100
ENSMUSG00000101628,0.001,62.31581250733508,1.0,0.001,0.001,0.0014993512967103678,0.13804574106442097,100,100
ENSMUSG00000101634,0.001,62.31581250733508,1.0,0.001,0.001,0.0022383319970868333,0.16987097025861225,100,100
ENSMUSG00000101636,0.001,66.84427540036525,1.0,0.001,0.001,0.001480217822340052,0.208785396576779,100,100
ENSMUSG00000101639,0.001,62.31581250733508,1.0,0.001,0.001,0.0014827722872893965,0.17093102585359105,100,100
ENSMUSG00000101640,0.001,62.31581250733508,1.0,0.001,0.001,0.0016289624885980677,0.0819946505851139,100,100
ENSMUSG00000101641,0.11384618112645052,26.95183298160442,1.0,0.001,7.107254626641965,0.0010517799841022605,0.04850634658901595,100,100
ENSMUSG00000101651,1.503103188885066,363.25008257950475,1.0,0.001,9.569086683718165,0.0010000067617483722,0.037547681170133025,100,100
ENSMUSG00000101655,1.635823575166389,374.26888537503544,1.0006892217257088,0.001,8.614441764255254,0.0011480145986616833,0.06737910346211007,100,100
ENSMUSG00000101660,14.188250442797942,671.392877091893,1.0151947571964188,0.001,27.353571791230557,0.001,0.009005081122223453,100,100
ENSMUSG00000101662,3.9929180233335866,480.65321700273626,1.0,0.001,16.51999079679421,0.001,0.08834027388095148,100,100
ENSMUSG00000101671,0.001,62.31581250733508,1.0,0.001,0.001,0.0018173232052040979,0.23631033012530933,100,100
ENSMUSG00000101674,0.001,62.31581250733508,1.0,0.001,0.0010000000000000005,0.0015239938473190148,0.11208877607966057,100,100
ENSMUSG00000101678,7.208544730309703,857.3169199594234,1.0,0.001,16.28150648205175,0.0010047077865493704,0.06353760487457771,100,100
ENSMUSG00000101682,0.001,62.31581250733508,1.0,0.001,0.001,0.0016890537019938162,0.6395486687401923,100,100
ENSMUSG00000101693,0.001,66.84427540036525,1.0,0.001,0.001,0.0020082903035626783,0.1703012642070993,100,100
ENSMUSG00000101701,0.001,62.31581250733508,1.0,0.001,0.0010000000000000005,0.0016029571008756584,0.23590927822666444,100,100
ENSMUSG00000101705,0.001,66.84427540036525,1.0,0.001,0.001,0.0020418050659434276,0.092898868127605,100,100
ENSMUSG00000101711,0.001,62.31581250733508,1.0,0.001,0.001,0.0014763617315982384,0.19232886514853254,100,100
ENSMUSG00000101716,0.001,62.31581250733508,1.0,0.001,0.001,0.0017833378603360106,0.10213871281337697,100,100
ENSMUSG00000101722,0.001,62.31581250733508,1.0,0.001,0.001,0.001793104041581427,0.2734488311987558,100,100
ENSMUSG00000101724,0.001,62.31581250733508,1.0,0.001,0.001,0.0017411332298401443,0.27896787097838693,100,100
ENSMUSG00000101729,0.001,62.31581250733508,1.0,0.001,0.0010000000000000005,0.0017915533009775172,0.11734012125914647,100,100
ENSMUSG00000101730,0.001,62.31581250733508,1.0,0.001,0.0010000000000000005,0.0021097497062823193,0.11769861962606279,100,100
ENSMUSG00000101731,0.001,62.31581250733508,1.0,0.001,0.0010000000000000009,0.0016518726101617176,0.6522361763151079,100,100
ENSMUSG00000101741,0.001,62.31581250733508,1.0,0.001,0.001,0.0016082470834620122,0.06951860499617706,100,100
ENSMUSG00000101746,0.001,66.84427540036525,1.0,0.001,0.001,0.0017552995656670493,0.17669283181718298,100,100
ENSMUSG00000101778,0.001,66.84427540036525,1.0,0.001,0.001,0.0017602149648516378,0.07515307924003342,100,100
ENSMUSG00000101791,3.2661621821567013,688.6496451124317,1.0,0.001,9.52852820359157,0.0010000000000002936,0.04301679495015781,100,100
ENSMUSG00000101795,0.3558292319920399,83.420428528177,104.79067085679317,0.16345646480784348,0.7652809810972159,0.5211626179539004,2.9448352636210693,100,100
ENSMUSG00000101798,0.001,62.31581250733508,1.0,0.001,0.0010000000000000005,0.001506476368699809,0.18299965679202235,100,100
ENSMUSG00000101799,1.83302084009983,450.71221849226544,1.0412196463980667,0.001,10.687631718975778,0.0010000012989126897,0.06096976223645027,100,100
ENSMUSG00000101800,0.001,60.188376913276144,1.0,0.001,0.001,0.0018640883211294352,0.2032678928730861,100,100
ENSMUSG00000101814,0.11384618112645052,26.95183298160442,1.0,0.001,7.032266620160756,0.0012214677342212816,0.15779096723529862,100,100
ENSMUSG00000101823,0.001,62.31581250733508,1.0,0.001,0.0010000000000000005,0.0022579802551934394,0.15003924447663616,100,100
ENSMUSG00000101826,0.001,62.31581250733508,1.0,0.001,0.0010000000000000005,0.001724236470771157,0.0968729714290679,100,100
ENSMUSG00000101827,0.001,62.31581250733508,1.0,0.001,0.001,0.001746739679682671,0.15885786834401222,100,100
ENSMUSG00000101828,0.07631720305024432,2.952904768020615,2.953874958005014,0.0010335304328940697,3.924492233718611,0.0037792987101220137,58.71534196968234,100,100
ENSMUSG00000101832,2.398468794745146,577.0230940414881,1.0,0.001,9.635929367849771,0.0011381690252071919,0.576254861841627,100,100
ENSMUSG00000101834,0.001,66.84427540036525,1.0,0.001,0.001,0.0018032056967130974,0.3732917157847891,100,100
ENSMUSG00000101838,0.001,62.31581250733508,1.0,0.001,0.001,0.0018498348771080126,0.22778021580074215,100,100
ENSMUSG00000101840,0.001,66.84427540036525,1.0,0.001,0.0010000000000000005,0.0016271779169696652,0.20614617907673494,100,100
ENSMUSG00000101845,0.001,60.80878088638715,1.0,0.001,0.001,0.0019113051175613073,0.12846796882570766,100,100
ENSMUSG00000101846,0.001,62.31581250733508,1.0,0.001,0.001,0.0019483343414582641,0.13788437549672072,100,100
ENSMUSG00000101848,0.01671890395334255,2.089019850624241,3.1281099528505334,0.001,16.575939758439787,0.0010347578978002476,9.648735676632105,100,100
ENSMUSG00000101849,0.001,66.84427540036525,1.0,0.001,0.001,0.0018605966980225568,0.2620912101671372,100,100
ENSMUSG00000101856,7.654482456293966,910.3865687298296,1.0,0.001,16.942290223164203,0.00100000000000062,0.0954763783706651,100,100
ENSMUSG00000101859,0.09559034973138353,17.31622804194847,12.93260614625567,0.01416431191921874,3.3845653569040097,0.019125930467473674,6.898692034581184,100,100
ENSMUSG00000101862,0.001,62.31581250733508,1.0,0.001,0.0010000000000000009,0.0018001713202030643,0.2224071282327691,100,100
ENSMUSG00000101867,7.401245039927268,880.2536305084244,1.0,0.001,19.223995902723047,0.001000000000002044,0.0852768315582542,100,100
ENSMUSG00000101872,9.357436324138531,549.2294303438385,1.0,0.001,24.10208865347453,0.001,0.012736411507732564,100,100
ENSMUSG00000101875,0.001,61.259704531272526,1.0,0.001,0.001,0.0018030102976993993,0.07502887965838759,100,100
ENSMUSG00000101880,0.001,62.31581250733508,1.0,0.001,0.001,0.0021022500140886954,0.31923937028876204,100,100
ENSMUSG00000101888,0.001,62.31581250733508,1.0,0.001,0.001,0.0016701586410919889,0.23992537495214944,100,100
ENSMUSG00000101892,0.6823858813699373,2.2681681768595734,5.3955600251943325,0.19486279279578156,1.2744938393260319,1.0137771064737615,11.27889835862663,100,100
ENSMUSG00000101895,0.001,62.31581250733508,1.0,0.001,0.001,0.0016423536762489271,0.20099096196287736,100,100
ENSMUSG00000101897,0.001,62.31581250733508,1.0,0.001,0.001,0.00194768471309957,0.34613205895723953,100,100
ENSMUSG00000101904,0.001,66.84427540036525,1.0,0.001,0.0010000000000000005,0.001952764987172622,0.2840244874692863,100,100
ENSMUSG00000101922,0.001,66.84427540036525,1.0,0.001,0.0010000000000000009,0.0018117940104402897,0.09398334260753421,100,100
ENSMUSG00000101935,0.001,61.674132606755,1.0,0.001,0.001,0.0016980792264870458,0.08706619043381017,100,100
ENSMUSG00000101936,0.001,62.31581250733508,1.0,0.001,0.001,0.0020909006074255783,0.23352252958382033,100,100
ENSMUSG00000101940,0.001,62.31581250733508,1.0,0.001,0.001,0.002104394447628151,0.09669597806146296,100,100
ENSMUSG00000101949,0.001,62.31581250733508,1.0,0.001,0.0010000000000000005,0.0016845488779416553,0.1741822269563175,100,100
ENSMUSG00000101951,0.001,66.84427540036525,1.0,0.001,0.0010000000000000009,0.0017721442682005093,0.17721064412229554,100,100
ENSMUSG00000101952,0.025358499541189336,2.8063157628001867,3.249541722145407,0.001,20.308840063604336,0.0010000000000068797,18.15186310791085,100,100
ENSMUSG00000101955,0.001,62.31581250733508,1.0,0.001,0.001,0.002116265186958028,0.24232381809124198,100,100
ENSMUSG00000101958,0.001,62.31581250733508,1.0,0.001,0.001,0.0013593257163492683,0.18278410241221446,100,100
ENSMUSG00000101959,0.001,66.84427540036525,1.0,0.001,0.001,0.0015202855882028993,0.13528909510702458,100,100
ENSMUSG00000101963,0.001,62.31581250733508,1.0,0.001,0.001,0.0018811515671323853,0.08208670023884967,100,100
ENSMUSG00000101964,0.001,62.31581250733508,1.0,0.001,0.001,0.001705167120018226,0.30946096469561457,100,100
ENSMUSG00000101969,0.12671634798969791,30.30047175518959,65.55833150099005,0.003756907775074093,0.1842209366470987,1.2598706664831814,88.88879313861575,100,100
ENSMUSG00000101970,0.046393435490623657,0.17853026761516685,1.0,0.00485813092468634,0.603205229714944,0.341813936681322,65.51791402903262,100,100
ENSMUSG00000101972,3.07783631307003,741.2598198343227,1.0,0.001,8.337399737534863,0.001,0.1790092410694381,100,100
ENSMUSG00000101997,0.001,62.31581250733508,1.0,0.001,0.001,0.002048870317788423,0.32318998464453985,100,100
ENSMUSG00000102009,0.001,66.84427540036525,1.0,0.001,0.001,0.0017253261070475196,0.22226032342727525,100,100
ENSMUSG00000102014,9.212706366677986,548.5898761683625,1.0,0.001,23.405451329787454,0.001,0.010025590354710836,100,100
ENSMUSG00000102018,0.10272419627425644,10.096205510592354,5.816175907046383,0.00805286887709518,35.48260675097184,0.0011644503757929656,2.7052929925355502,100,100
ENSMUSG00000102027,0.001,62.31581250733508,1.0,0.001,0.001,0.0014582410206913916,0.3921230203550327,100,100
ENSMUSG00000102030,0.001,62.31581250733508,1.0,0.001,0.0010000000000000005,0.0016865331086462559,0.17073539734754856,100,100
ENSMUSG00000102038,0.001,60.60768216058454,1.0,0.001,0.001,0.001779227254594151,0.28412971160718004,100,100
ENSMUSG00000102046,0.001,62.31581250733508,1.0,0.001,0.001,0.001761595863294225,0.10858228590191989,100,100
ENSMUSG00000102047,0.001,62.31581250733508,1.0,0.001,0.001,0.0018426352410409804,0.14768234085083848,100,100
ENSMUSG00000102048,0.001,62.31581250733508,1.0,0.001,0.001,0.0021264593962162823,0.21712524953282475,100,100
ENSMUSG00000102051,0.001,61.674132606755,1.0,0.001,0.001,0.0018618737700867413,0.20623578816194732,100,100
ENSMUSG00000102055,6.249305017745597,499.44377380620176,1.0,0.001,20.4106329831918,0.001,0.00886436794405001,100,100
ENSMUSG00000102059,0.22658474426702477,29.645771132086015,21.11709409420327,0.001125689150301802,0.5807016585492449,0.24053058511806297,210.72700309245698,100,100
ENSMUSG00000102063,0.001,62.31581250733508,1.0,0.001,0.0010000000000000009,0.0017634935812315283,0.38734621221284826,100,100
ENSMUSG00000102090,0.001,62.31581250733508,1.0,0.001,0.001,0.0016906302985498908,0.12618125705295014,100,100
ENSMUSG00000102093,8.302907533841555,1000.0,1.0,0.001,14.042406138244381,0.001000000000018953,0.05291611220623518,100,100
ENSMUSG00000102096,0.001,62.31581250733508,1.0,0.001,0.001,0.0019392049942584524,0.32018668751363366,100,100
ENSMUSG00000102097,0.07349625230215918,1.057781807593238,2.749864232729865,0.021159078794571136,0.23661843195334253,0.5571588521209309,10.238350375096358,100,100
ENSMUSG00000102101,0.2675451588317286,33.426278080521854,14.86939005282846,0.001,0.7226465607144794,0.005554791586512932,2.8892347927511843,100,100
ENSMUSG00000102106,0.001,62.31581250733508,1.0,0.001,0.001,0.001420295867624273,0.16069464999544303,100,100
ENSMUSG00000102112,0.001,61.88525872635182,1.0,0.001,0.001,0.0019344042432885844,0.13308847936269005,100,100
ENSMUSG00000102114,0.001,62.31581250733508,1.0,0.001,0.001,0.0016110931159458053,0.21586361885524114,100,100
ENSMUSG00000102117,0.0933031592804186,11.688593653329301,14.90630055755055,0.001,0.25913367304798796,0.3583705868667026,139.1526968269531,100,100
ENSMUSG00000102123,0.010999568833424874,19.434584150555214,22.16975137877747,0.001,5.559880732348162,0.0012042553006308505,10.94770493826831,100,100
ENSMUSG00000102133,2.8043454615252004,678.1527302530274,1.0,0.001,5.729787614038276,0.0010652012270337533,0.11619070471199117,100,100
ENSMUSG00000102135,0.04878141961319962,19.65719974164321,13.832437343515133,0.001,8.70896255825921,0.0013305908030239715,32.9314765725986,100,100
ENSMUSG00000102139,0.001,62.31581250733508,1.0,0.001,0.001,0.0015870902543144209,0.36412897669244626,100,100
ENSMUSG00000102140,0.001,62.31581250733508,1.0,0.001,0.001,0.001661573779994595,0.1840871903732011,100,100
ENSMUSG00000102142,12.5566251919172,999.9999999919049,1.0,0.001,21.641377805743254,0.001,0.009927549100872318,100,100
ENSMUSG00000102143,4.151342993858895,1000.0,1.0,0.001,11.016913779644204,0.0010326184776035946,0.05905377160521956,100,100
ENSMUSG00000102147,0.001,61.88525872635182,1.0,0.001,0.001,0.0016052809737501753,0.07745477338211433,100,100
ENSMUSG00000102148,0.001,66.84427540036525,1.0,0.001,0.001,0.001546550632335096,0.12308360226527448,100,100
ENSMUSG00000102151,0.010865139354915005,19.596213370015644,22.348254891467036,0.001,5.749697096147177,0.0013234125361292763,23.9853630540512,100,100
ENSMUSG00000102153,0.12080622182934259,18.39754895946559,5.044724845800819,0.001,29.257610203375854,0.0010078245451936617,1.7066477548321575,100,100
ENSMUSG00000102157,0.001,61.88525872635182,1.0,0.001,0.001,0.001966465931130919,0.6276271718031651,100,100
ENSMUSG00000102158,0.16578623844538515,17.81466811847946,4.1006492133700725,0.02401965328223499,30.661912527494312,0.0011448998675343963,1.1593666470457757,100,100
ENSMUSG00000102163,0.001,62.31581250733508,1.0,0.001,0.0010000000000000009,0.0018046361296698967,0.2257354535525224,100,100
ENSMUSG00000102166,0.001,62.31581250733508,1.0,0.001,0.0010000000000000005,0.0017616435207853016,0.12482523109443097,100,100
ENSMUSG00000102175,1.5692075055706873,369.831648386946,1.0,0.001,8.570333293724156,0.0011190739331528407,0.07727877978367342,100,100
ENSMUSG00000102176,0.001,62.31581250733508,1.0,0.001,0.001,0.0017160939332696438,0.09453911687668066,100,100
ENSMUSG00000102179,0.001,62.31581250733508,1.0,0.001,0.0010000000000000005,0.001699135559545875,0.31657373915219084,100,100
ENSMUSG00000102189,0.001,62.31581250733508,1.0,0.001,0.0010000000000000009,0.0015966389646488285,0.1950964314318656,100,100
ENSMUSG00000102191,0.07138512260855376,18.914038573702467,18.125752775495318,0.001,2.3269351218876055,0.005116794903498274,104.67849950119026,100,100
ENSMUSG00000102193,0.001,41.21724323966517,1.0,0.001,0.001,0.0020106752593832523,0.20589087842188963,100,100
ENSMUSG00000102201,0.001,62.31581250733508,1.0,0.001,0.0010000000000000005,0.0018124475539392803,0.5086934213810155,100,100
ENSMUSG00000102202,0.001,62.31581250733508,1.0,0.001,0.001,0.0017884578755691014,0.3735890550417372,100,100
ENSMUSG00000102205,0.001,61.88525872635182,1.0,0.001,0.001,0.0017402953008694415,0.3404630286686445,100,100
ENSMUSG00000102206,0.001,66.84427540036525,1.0,0.001,0.001,0.0015187638295787093,0.33827151086481305,100,100
ENSMUSG00000102211,0.03896231158140105,20.213413358329976,10.679667425510837,0.001,21.01854425589209,0.00100023733313542,23.785453138026533,100,100
ENSMUSG00000102212,0.001,62.31581250733508,1.0,0.001,0.001,0.0016063444386076693,0.10310510707792739,100,100
ENSMUSG00000102213,0.001,62.31581250733508,1.0,0.001,0.0010000000000000005,0.0016821142376198268,0.2220531607031378,100,100
ENSMUSG00000102219,0.001,62.31581250733508,1.0,0.001,0.001,0.0016713436652019535,0.1613347963592779,100,100
ENSMUSG00000102222,0.04933382449013739,0.5213552347585914,1.1570562622871952,0.014612341142663458,0.5020391540230028,0.12526300222084616,4.763244664210131,100,100
ENSMUSG00000102224,0.05347973817769228,0.47187182664740573,1.0,0.001,0.5748599676287129,0.14711119987936777,94.22197323788461,100,100
ENSMUSG00000102234,0.001,66.84427540036525,1.0,0.001,0.001,0.0014632974706545628,0.13080484280820082,100,100
ENSMUSG00000102241,1.4794348014843814,357.52131026778807,1.0,0.001,8.466093191481804,0.001001254700225706,0.07715845592844726,100,100
ENSMUSG00000102243,0.02259632462006937,20.75860176626575,15.09921887538253,0.001,13.76094228372568,0.0010000000029676836,20.8904424327934,100,100
ENSMUSG00000102246,0.001,62.31581250733508,1.0,0.001,0.001,0.0017586655545435838,0.1162384058511477,100,100
ENSMUSG00000102252,1.2212302526918837,271.5536537254397,1.0,0.001,8.533610346828779,0.0010282743388549888,0.06529217198972254,100,100
ENSMUSG00000102254,0.7993080209561964,217.92583072533083,1.1771870948118182,0.001,8.717040793450929,0.001000004276723151,0.06994763865269404,100,100
ENSMUSG00000102258,0.001,62.31581250733508,1.0,0.001,0.001,0.001652622870715912,0.13623927924511375,100,100
ENSMUSG00000102263,0.001,62.31581250733508,1.0,0.001,0.001,0.001730032825826338,0.06279473956478085,100,100
ENSMUSG00000102267,2.684773051267332,649.196933434762,1.0,0.001,9.614968464153225,0.0011923248265205046,0.07259926499618988,100,100
ENSMUSG00000102270,0.001,62.31581250733508,1.0,0.001,0.0010000000000000005,0.00170269788763211,0.22188702404766253,100,100
ENSMUSG00000102272,0.001,66.84427540036525,1.0,0.001,0.001,0.0017292050128352543,0.17047202164210992,100,100
ENSMUSG00000102275,0.001,61.45463549419866,1.0,0.001,0.0010000000000000005,0.0018941126607304602,0.508245747022413,100,100
ENSMUSG00000102277,0.001,61.45463549419866,1.0,0.001,0.001,0.00207150558244401,0.276840036231645,100,100
ENSMUSG00000102279,0.001,62.31581250733508,1.0,0.001,0.001,0.0015767848662783116,0.10411151826350071,100,100
ENSMUSG00000102282,0.001,62.31581250733508,1.0,0.001,0.001,0.002002007533820676,0.07170131084481332,100,100
ENSMUSG00000102289,0.001,62.31581250733508,1.0,0.001,0.001,0.0015004911230973882,0.2590448405049571,100,100
ENSMUSG00000102297,0.001,62.31581250733508,1.0,0.001,0.0010000000000000009,0.0014891373176263315,0.1360710606553547,100,100
ENSMUSG00000102299,0.001,62.31581250733508,1.0,0.001,0.001,0.0017657102490024655,0.22126662707987887,100,100
ENSMUSG00000102300,1.4264657657904025,341.6272039188167,1.0,0.001,8.321191705044797,0.001053833837945556,0.05719424527880372,100,100
ENSMUSG00000102302,0.001,66.84427540036525,1.0,0.001,0.001,0.0017253688107270126,0.5017117463047265,100,100
ENSMUSG00000102305,0.6437621963837976,154.64850262092747,1.0,0.001,7.665697622290722,0.001298092952405462,0.13031771301366113,100,100
ENSMUSG00000102312,1.503103188885066,363.25008257950475,1.0,0.001,9.387328544384555,0.0010000000000167414,0.06702169098162518,100,100
ENSMUSG00000102319,9.168885025487892,729.9294032185292,1.0,0.001,21.107766927454968,0.001,0.008998170033353665,100,100
ENSMUSG00000102323,5.326817358312119,688.3495819164847,1.070033205459652,0.001,18.825492630481204,0.001,0.03427971061958776,100,100
ENSMUSG00000102324,0.001,62.31581250733508,1.0,0.001,0.001,0.002012397321654218,0.07957640850768752,100,100
ENSMUSG00000102326,7.908501288719759,469.98263414192286,1.0,0.001,25.46673418332733,0.001,0.009223564787301927,100,100
ENSMUSG00000102329,0.001,62.31581250733508,1.0,0.001,0.001,0.0014627910753342208,0.2082878068821585,100,100
ENSMUSG00000102330,0.001,58.655869952050985,1.0,0.001,0.0010000000000000005,0.0017118622656228772,0.13506361489678378,100,100
ENSMUSG00000102336,1.6063900285533348,378.61810613487575,1.0,0.001,8.963253805636208,0.001009621953472435,0.08197872427118677,100,100
ENSMUSG00000102344,1.076091105497729,252.38178864317754,1.0,0.001,7.195512105327727,0.0010001198267096684,0.06728578437690867,100,100
ENSMUSG00000102349,0.36589191288789974,78.31145800185074,1.0,0.001,8.860906348924662,0.001,0.021368904070792782,100,100
ENSMUSG00000102353,2.961200185399535,721.6290393901162,1.0064427689282454,0.001,7.005660179005542,0.0010000000090556861,0.16612190910207858,100,100
ENSMUSG00000102356,0.001,61.88525872635182,1.0,0.001,0.001,0.0018854097335594755,0.08430528581219962,100,100
ENSMUSG00000102365,0.001,62.31581250733508,1.0,0.001,0.001,0.0019806155183826465,0.2114406648029324,100,100
ENSMUSG00000102369,0.001,66.84427540036525,1.0,0.001,0.001,0.0015006679104128738,0.16523130617654266,100,100
ENSMUSG00000102370,0.001,62.31581250733508,1.0,0.001,0.001,0.001735571306611301,0.17730753524487214,100,100
ENSMUSG00000102373,0.001,3.9495349498357633,953.0378299644096,0.001,0.0382414223199877,0.00199656934785508,47.70461680549245,100,100
ENSMUSG00000102374,0.0331708378214876,21.2727912231394,18.42799910630868,0.001,5.5324114272322085,0.0018136481710119418,30.3604955970602,100,100
ENSMUSG00000102383,2.2847492689943922,578.7622526003178,1.0770843335328297,0.001,11.944868538340902,0.0010204076978400502,0.12437669050906405,100,100
ENSMUSG00000102385,0.001,62.31581250733508,1.0,0.001,0.001,0.001588180879880722,0.22549456243213672,100,100
ENSMUSG00000102398,0.001,66.84427540036525,1.0,0.001,0.001,0.0015632917602294363,0.16091354545459224,100,100
ENSMUSG00000102401,0.001,61.88525872635182,1.0,0.001,0.001,0.0014509837945690242,0.42885634783351545,100,100
ENSMUSG00000102406,0.001,62.31581250733508,1.0,0.001,0.001,0.0016531477302733919,0.2587189110833733,100,100
ENSMUSG00000102410,0.0537088981535569,18.041225848583323,30.436410190095632,0.001,0.15728586063292138,0.366796970835917,132.7576694462109,100,100
ENSMUSG00000102411,0.016777169609531812,23.216676258387093,40.95821703484199,0.001,3.1734279513558232,0.001561128889506358,54.95603174952296,100,100
ENSMUSG00000102415,0.001,66.84427540036525,1.0,0.001,0.0010000000000000005,0.0018749994171509705,0.18245926892989828,100,100
ENSMUSG00000102418,0.022219257273854775,0.8229723416397483,3.7423666876127286,0.003935553588323381,0.26023049733040626,0.27602706819084905,21.865259089105276,100,100
ENSMUSG00000102419,0.001,61.88525872635182,1.0,0.001,0.001,0.001717424025620833,0.14516067110574848,100,100
ENSMUSG00000102423,0.001,66.84427540036525,1.0,0.001,0.001,0.0018662069299424967,0.11607600089007133,100,100
ENSMUSG00000102425,13.537483181640358,826.5426194732421,1.022413945898625,0.001,25.700307199800807,0.001,0.009830675011614973,100,100
ENSMUSG00000102428,1.066419623984238,8.579169749014525,3.445893790159574,0.020244404699466208,1.539464063419786,0.2612652765762025,118.47894263691187,100,100
ENSMUSG00000102434,0.001,62.31581250733508,1.0,0.001,0.001,0.0014644926165500495,0.08759419003898944,100,100
ENSMUSG00000102436,0.001,62.31581250733508,1.0,0.001,0.001,0.0017863063387606576,0.20461704483122461,100,100
ENSMUSG00000102437,0.001,66.84427540036525,1.0,0.001,0.001,0.0016337630695009119,0.16212698028126185,100,100
ENSMUSG00000102440,0.21763002786165095,17.69501383985125,3.4578450801827048,0.0034982586468884427,29.384210178606196,0.0011102865922961117,0.9493032408348046,100,100
ENSMUSG00000102448,33.17659365377155,854.7210243166787,1.0,0.001,47.924455723266455,0.0010089488276368353,0.008991375283993578,100,100
ENSMUSG00000102451,0.001,62.31581250733508,1.0,0.001,0.001,0.0018408361309741788,0.22090274166963947,100,100
ENSMUSG00000102452,0.03628293065850037,20.81334129191211,26.133568041306784,0.001,0.30043873510431757,0.005343453425609223,68.0680335239118,100,100
ENSMUSG00000102457,4.168917566870232,1000.0,1.0,0.001,6.095730434630768,0.001021607488177138,0.12218269584250795,100,100
ENSMUSG00000102466,0.001,62.31581250733508,1.0,0.001,0.001,0.0018423104158988694,0.1066035632077584,100,100
ENSMUSG00000102471,0.001,60.80878088638715,1.0,0.001,0.0010000000000000005,0.0015644283869942766,0.10674079189205277,100,100
ENSMUSG00000102474,21.019443132096608,1000.0,1.0,0.001,31.344572039712265,0.001,0.009251593896678475,100,100
ENSMUSG00000102475,0.001,62.31581250733508,1.0,0.001,0.001,0.0017531693371867821,0.09137328145589535,100,100
ENSMUSG00000102478,8.955939197710286,699.0558000309909,1.0070250306227917,0.001,21.27826432549005,0.001,0.01568938886687972,100,100
ENSMUSG00000102481,0.001,62.31581250733508,1.0,0.001,0.001,0.0018843850002579251,0.11534849972972602,100,100
ENSMUSG00000102493,0.001,48.96775181971175,1.0,0.001,0.001,0.0020636719416798387,0.08801314172226293,100,100
ENSMUSG00000102494,0.12244358267500191,32.20335521948355,28.21723563309048,0.013162724749560206,0.30817377781064925,0.24111456621067934,5.79459121121064,100,100
ENSMUSG00000102495,0.001,62.31581250733508,1.0,0.001,0.001,0.0015225268540471689,0.1397120399087483,100,100
ENSMUSG00000102496,5.876119951007304,714.6535840616135,1.017782823937638,0.001,13.896128218400698,0.0010214146232412572,0.01631135633129724,100,100
ENSMUSG00000102503,3.3007683296355843,398.5904281546431,1.0,0.001,16.74469472814429,0.001,0.07311788950285851,100,100
ENSMUSG00000102505,0.001,62.31581250733508,1.0,0.001,0.001,0.0018830462072592898,0.1344413524904606,100,100
ENSMUSG00000102509,0.001,66.84427540036525,1.0,0.001,0.001,0.0018070235101527187,0.09287957057583607,100,100
ENSMUSG00000102516,0.15871298544347495,40.39994111118138,17.482922010339518,0.003145851449896889,49.92730870950646,0.0012198329387657428,2.461391358343265,100,100
ENSMUSG00000102523,0.022977972139154704,20.479277674146594,14.894003561402567,0.001,4.692212534280474,0.0016870034830652326,12.48719867954117,100,100
ENSMUSG00000102526,0.001,62.31581250733508,1.0,0.001,0.0010000000000000009,0.0017265585618808702,0.4031422455067095,100,100
ENSMUSG00000102530,0.001,62.31581250733508,1.0,0.001,0.001,0.0019217529757474335,0.24891242866263047,100,100
ENSMUSG00000102531,0.001,62.31581250733508,1.0,0.001,0.001,0.0017451019281225057,0.19375739253953192,100,100
ENSMUSG00000102533,0.001,66.84427540036525,1.0,0.001,0.001,0.0015344862206641912,0.086707542207688,100,100
ENSMUSG00000102534,0.001,62.31581250733508,1.0,0.001,0.0010000000000000005,0.0017694968329427863,0.17193951241663935,100,100
ENSMUSG00000102538,0.001,62.31581250733508,1.0,0.001,0.0010000000000000005,0.001626588659734823,0.13655917272272736,100,100
ENSMUSG00000102539,1.827408594187776,433.33200259696997,1.0,0.001,11.010991774636764,0.0010783140843216052,0.016162863374356087,100,100
ENSMUSG00000102540,1.624957448616934,384.6014072568248,1.0,0.001,7.580075093117102,0.0014217561991653283,0.07257647478056,100,100
ENSMUSG00000102543,0.09265328091855293,22.737243533051966,40.242112363544535,0.001,0.18132048592536645,0.6200445917568851,218.92888802185894,100,100
ENSMUSG00000102545,0.001,59.94762576822368,1.0,0.001,0.001,0.0017256457512087671,0.08344485286391973,100,100
ENSMUSG00000102546,0.495546829797183,32.18356132014669,9.669612668095153,0.04773322614388993,34.43035842517863,0.003517198839297908,2.4017445613047848,100,100
ENSMUSG00000102548,4.839478388077299,582.656941344552,1.0,0.001,16.745059188201225,0.001,0.04816453583004732,100,100
ENSMUSG00000102553,0.001,62.31581250733508,1.0,0.001,0.001,0.002059723677680989,0.07949955077985132,100,100
ENSMUSG00000102554,1.2942464081253242,312.7073817864961,1.0,0.001,11.022600210756963,0.001057986019402814,0.24760037602592327,100,100
ENSMUSG00000102555,0.02275645355632087,20.137743720550564,14.667904750802084,0.001,8.371319277019696,0.0010000573407042853,12.381898884729537,100,100
ENSMUSG00000102556,4.132577005576439,999.9999999828615,1.0,0.001,7.289092781373538,0.0011158916701744011,0.0638209887522929,100,100
ENSMUSG00000102559,4.132577005576439,999.9999999828615,1.0,0.001,6.821633679552269,0.0010058924001457264,0.10173096984663978,100,100
ENSMUSG00000102562,0.001,61.259704531272526,1.0,0.001,0.001,0.0015480345048468282,0.2846535132381056,100,100
ENSMUSG00000102563,0.001,62.31581250733508,1.0,0.001,0.001,0.0017947594011217234,0.11124527195610755,100,100
ENSMUSG00000102565,0.001,62.31581250733508,1.0,0.001,0.001,0.0013796471685904796,0.11849460159632241,100,100
ENSMUSG00000102568,0.001,62.31581250733508,1.0,0.001,0.001,0.0017769495310597922,0.6184984319466373,100,100
ENSMUSG00000102570,0.02402991816616973,22.603665735154415,30.981271726526348,0.001,8.355112794106232,0.001465520419020453,42.117052639292055,100,100
ENSMUSG00000102571,5.161632735578088,613.7286049501806,1.0,0.001,15.02716306249172,0.0010000000000076768,0.014407676451791165,100,100
ENSMUSG00000102573,0.37303870047096327,103.52645591645486,30.143902727471527,0.08112993481207781,53.582505162025285,0.001959570684150807,0.9731673216392998,100,100
ENSMUSG00000102575,0.001,62.31581250733508,1.0,0.001,0.001,0.0015583897265897383,0.15757668585328585,100,100
ENSMUSG00000102577,0.15786937643851487,17.83916132148908,7.655948761877217,0.019147055096727515,4.819845162748392,0.006334478198015507,2.8624375352355518,100,100
ENSMUSG00000102588,0.001,66.84427540036525,1.0,0.001,0.001,0.0016106744288749441,0.1989234141976144,100,100
ENSMUSG00000102590,0.016678031263424483,2.0769812195263526,3.1154245639891616,0.001,11.36590716994882,0.0012554416744848262,19.209953633159323,100,100
ENSMUSG00000102593,0.001,62.31581250733508,1.0,0.001,0.001,0.0017693931019193091,0.21097912496441323,100,100
ENSMUSG00000102594,3.795449630191917,453.104209454903,1.0,0.001,16.413937915540718,0.001,0.016287336786128752,100,100
ENSMUSG00000102602,0.005463173971510017,0.1029176850687065,1.0,0.001,15.704142071467507,0.0016799960775786755,61.18741113094886,100,100
ENSMUSG00000102606,0.4004979157358827,93.6212610223716,1.0,0.001,8.098104596648323,0.001,0.1050801552771626,100,100
ENSMUSG00000102615,0.001,61.88525872635182,1.0,0.001,0.0010000000000000009,0.0017808060453643904,0.10672806145429016,100,100
ENSMUSG00000102617,0.001,61.88525872635182,1.0,0.001,0.001,0.0018067318768992375,0.197812318023344,100,100
ENSMUSG00000102620,3.9276406581767263,942.1623723314058,1.0,0.001,6.9830105002249825,0.0012682516966617359,0.13414339798948677,100,100
ENSMUSG00000102626,0.001,61.45463549419866,1.0,0.001,0.001,0.0022260261229947857,0.3508742283677,100,100
ENSMUSG00000102630,0.08732368866839099,18.92241155669566,6.267950623797492,0.001,23.431741917472614,0.0010166137401948336,5.063771521840889,100,100
ENSMUSG00000102632,0.001,62.31581250733508,1.0,0.001,0.001,0.0017154116227501156,0.10154419849187288,100,100
ENSMUSG00000102635,0.001,61.88525872635182,1.0,0.001,0.001,0.001960530862985803,0.15790517517512304,100,100
ENSMUSG00000102639,0.001,66.84427540036525,1.0,0.001,0.001,0.0015757353298290699,0.10415279151670051,100,100
ENSMUSG00000102642,0.001,62.31581250733508,1.0,0.001,0.001,0.0016858370148687503,0.3473981861824319,100,100
ENSMUSG00000102644,0.5917984585360032,97.30803265941815,100.3385935251924,0.09601920237515355,1.1114050229416885,0.47606407546422386,10.272594739028438,100,100
ENSMUSG00000102648,0.001,66.84427540036525,1.0,0.001,0.001,0.0018572727948909505,0.15679471656464727,100,100
ENSMUSG00000102649,0.001,66.84427540036525,1.0,0.001,0.0010000000000000005,0.001551763991303314,0.07320242091575266,100,100
ENSMUSG00000102651,0.001,61.88525872635182,1.0,0.001,0.001,0.0021995599208156544,0.25225048611615286,100,100
ENSMUSG00000102657,0.07902200677120963,10.03555458874311,33.79516716907039,0.027990572581668184,0.15260233872138826,1.1888285312645341,10.193012533242129,100,100
ENSMUSG00000102662,0.033408523960156825,20.419945456500038,17.712409579469973,0.001,14.916115454698488,0.0013396131426767315,38.619054910450394,100,100
ENSMUSG00000102664,0.06118025120137407,20.348191996982052,12.416559201758611,0.013459896138378146,28.785173712395444,0.0010458567712488959,2.862362181703986,100,100
ENSMUSG00000102666,0.001,61.45463549419866,1.0,0.001,0.0010000000000000005,0.001975886644310451,0.4218387862007149,100,100
ENSMUSG00000102670,0.001,62.31581250733508,1.0,0.001,0.001,0.001700111587150456,0.13873799714601792,100,100
ENSMUSG00000102672,0.001,62.31581250733508,1.0,0.001,0.0010000000000000005,0.0017332215671154098,0.3933361604300264,100,100
ENSMUSG00000102687,0.001,66.84427540036525,1.0,0.001,0.001,0.002191954554265613,0.08126620195515549,100,100
ENSMUSG00000102691,4.165242867676982,993.2841871673811,1.0110861425037663,0.001,5.63925346909283,0.0013397314578063424,0.09138127440018859,100,100
ENSMUSG00000102692,8.072144063652306,976.0953373897692,1.0294706654282684,0.001,16.1711722031299,0.001000000004320807,0.01679197219593035,100,100
ENSMUSG00000102697,12.611360396322095,1000.0,1.0,0.001,21.19305578094233,0.001,0.017030761889248736,100,100
ENSMUSG00000102703,0.001,62.31581250733508,1.0,0.001,0.001,0.0018401663054821936,0.22531700275223024,100,100
ENSMUSG00000102704,0.001,61.88525872635182,1.0,0.001,0.001,0.0018279875752709842,0.20004554855196477,100,100
ENSMUSG00000102714,0.001,66.84427540036525,1.0,0.001,0.001,0.001781474105679449,0.2001685314092477,100,100
ENSMUSG00000102715,0.001,62.31581250733508,1.0,0.001,0.0010000000000000005,0.0017370798538193168,0.197867852024555,100,100
ENSMUSG00000102719,19.15731581881956,877.3913909362899,1.0173780901063005,0.001,33.32364075791783,0.001,0.008957606292165434,100,100
ENSMUSG00000102721,0.001,62.31581250733508,1.0,0.001,0.001,0.0014391311758549723,0.39396839969500297,100,100
ENSMUSG00000102722,7.782674978793196,933.4141933337714,1.0,0.001,11.186493953249514,0.0010000000000092081,0.0720140444211263,100,100
ENSMUSG00000102725,0.0032079960951040534,9.289832689011513,23.399263341457136,0.001,0.04217023551272224,0.0017497704811929912,21.238265895474044,100,100
ENSMUSG00000102732,0.001,62.31581250733508,1.0,0.001,0.001,0.001607990109908223,0.43960889652959656,100,100
ENSMUSG00000102733,0.001,61.88525872635182,1.0,0.001,0.0010000000000000005,0.0017353392401862886,0.21172790173595618,100,100
ENSMUSG00000102742,0.039023359478230095,1.5264631372208188,1.8394364330536799,0.001,24.57751738457574,0.0011830762318645778,45.53477247256207,100,100
ENSMUSG00000102743,0.001,66.84427540036525,1.0,0.001,0.001,0.0014815122218959573,0.12761698510723188,100,100
ENSMUSG00000102744,0.0020575607345699773,4.153097740131472,24.044753920472594,0.001,0.05676957611070481,0.0022760634400263336,38.359310193145745,100,100
ENSMUSG00000102748,0.030560957616733893,16.882531921775723,40.371853263598794,0.001,0.23474000229185454,0.16906315751484313,77.5918865697075,100,100
ENSMUSG00000102749,0.001,66.84427540036525,1.0,0.001,0.001,0.0016705596125690483,0.1283717315680096,100,100
ENSMUSG00000102752,0.04738930748472298,18.74529466756428,13.097474893151125,0.001,18.344761739530718,0.0010601456282510408,37.590418321768055,100,100
ENSMUSG00000102758,0.07682687954404845,2.160628203775009,3.040256862266183,0.020592696137642873,7.468939905149312,0.003885855800942621,4.052042466889922,100,100
ENSMUSG00000102759,0.023471209960475452,20.108733933295447,14.623946828425533,0.001,16.994748130529217,0.001000000000027248,1.7187262519270408,100,100
ENSMUSG00000102760,1.6223363639982018,20.277994336120784,1.0,0.1227550452333584,76.44098314851921,0.001168604188349456,0.4880105907309489,100,100
ENSMUSG00000102761,0.001,62.31581250733508,1.0,0.001,0.001,0.0016673466049147842,0.17527039420170476,100,100
ENSMUSG00000102762,0.08914221273117612,18.65291753874446,11.224590253586,0.001,3.191490813715729,0.005310591146123854,57.65986808027361,100,100
ENSMUSG00000102764,0.038691719073840884,1.5270776789538918,1.8403378201549068,0.001,26.020391699832572,0.0012356229604491478,34.2881676947441,100,100
ENSMUSG00000102766,0.001,62.31581250733508,1.0,0.001,0.001,0.0018735135677059992,0.14134340271484286,100,100
ENSMUSG00000102770,0.001,66.84427540036525,1.0,0.001,0.0010000000000000009,0.0015397111050366435,0.13756981766838206,100,100
ENSMUSG00000102775,0.001,61.88525872635182,1.0,0.001,0.001,0.00167469896945344,0.13000653695449038,100,100
ENSMUSG00000102776,0.001,61.88525872635182,1.0,0.001,0.001,0.0016736029683225315,0.11814831949139706,100,100
ENSMUSG00000102779,0.001,62.31581250733508,1.0,0.001,0.0010000000000000009,0.001977035915498158,0.21215118648680437,100,100
ENSMUSG00000102780,0.001,66.84427540036525,1.0,0.001,0.001,0.0016248171573308816,0.21625239848458194,100,100
ENSMUSG00000102782,0.001,62.31581250733508,1.0,0.001,0.001,0.00169427906851874,0.1731018274098793,100,100
ENSMUSG00000102783,0.001,62.31581250733508,1.0,0.001,0.001,0.0013778604456699552,0.23403453139887626,100,100
ENSMUSG00000102784,0.001,62.31581250733508,1.0,0.001,0.001,0.0016151964888425968,0.11886979182825202,100,100
ENSMUSG00000102785,0.001,62.31581250733508,1.0,0.001,0.001,0.001703169881082777,0.24903742353908564,100,100
ENSMUSG00000102786,8.250918468228248,658.0166631453305,1.0,0.001,21.640528370822718,0.0010000000000011965,0.013299005494660919,100,100
ENSMUSG00000102805,0.044398262953832736,10.360949044339945,7.808411166310923,0.005347699024617517,24.624565112950616,0.0010000000000000252,4.683721546053864,100,100
ENSMUSG00000102808,0.010815508963890377,19.456251664825153,22.198211505331535,0.001,7.037605049362918,0.0012535880359519239,11.504041950257163,100,100
ENSMUSG00000102809,0.001,62.31581250733508,1.0,0.001,0.001,0.0017939360808034888,0.22244867161372542,100,100
ENSMUSG00000102813,0.3948347936606267,29.972224512554554,21.50480001273972,0.0021603844755467626,0.8486796679804218,0.3399005480728693,206.19569605341718,100,100
ENSMUSG00000102817,0.001,62.31581250733508,1.0,0.001,0.001,0.0017731351497542167,0.22716393832131826,100,100
ENSMUSG00000102819,0.001,66.84427540036525,1.0,0.001,0.0010000000000000005,0.0018086679611302781,0.2436846890432975,100,100
ENSMUSG00000102827,0.001,54.99590512765986,1.0,0.001,0.001,0.0018687505124173748,0.5442422778575087,100,100
ENSMUSG00000102830,0.001,62.31581250733508,1.0,0.001,0.001,0.0013992903837870031,0.17451870878297482,100,100
ENSMUSG00000102833,0.001,62.31581250733508,1.0,0.001,0.0010000000000000009,0.0017015493827609867,0.10412780120557152,100,100
ENSMUSG00000102837,0.001,62.31581250733508,1.0,0.001,0.0010000000000000009,0.0022558205738482636,0.2520141868953184,100,100
ENSMUSG00000102840,0.001,66.84427540036525,1.0,0.001,0.001,0.0018240124047959616,0.16575597464860503,100,100
ENSMUSG00000102844,0.001,59.94762576822368,1.0,0.001,0.001,0.0017861432390418092,0.17760189695346124,100,100
ENSMUSG00000102845,0.001,62.31581250733508,1.0,0.001,0.0010000000000000009,0.002221134030546335,0.46388182769345854,100,100
ENSMUSG00000102850,0.0031417610150830414,8.470634489153055,22.27950756457322,0.001,0.046538656014960086,0.0013686454625758742,16.939737398466896,100,100
ENSMUSG00000102853,0.001,62.31581250733508,1.0,0.001,0.001,0.0017357659940598256,0.11324539288615645,100,100
ENSMUSG00000102854,0.46252387248146104,33.09130320676899,11.402289442081122,0.08407835001021956,7.082842020847311,0.012037332638959402,1.6652177699109667,100,100
ENSMUSG00000102856,12.02653767255311,954.992318084959,1.001577006802328,0.001,21.201118433793454,0.001,0.011082277088346072,100,100
ENSMUSG00000102861,0.001,62.31581250733508,1.0,0.001,0.001,0.0015462074741719686,0.27917719211808883,100,100
ENSMUSG00000102862,0.001,62.31581250733508,1.0,0.001,0.001,0.0018278899635936951,0.15113051663648835,100,100
ENSMUSG00000102863,0.001,61.88525872635182,1.0,0.001,0.001,0.0014352305738085866,0.3093466208768572,100,100
ENSMUSG00000102864,0.001,61.024058264401226,1.0,0.001,0.001,0.0015529162078394415,0.3537659120982722,100,100
ENSMUSG00000102868,0.001,61.45463549419866,1.0,0.001,0.0010000000000000009,0.0015000436587263722,0.18246222690665231,100,100
ENSMUSG00000102869,1.1191589162573379,1.3906765735122437,39.15470722055597,0.8373521655926304,2.7466124108566103,6.616536336335074,40.23262531145099,100,100
ENSMUSG00000102874,0.022602589338105387,20.82508781723003,15.14292230626865,0.001,11.24844033888267,0.001450669199399881,10.918351775948524,100,100
ENSMUSG00000102875,0.010866759617012405,19.94037809402186,22.738550205829206,0.001,4.75386494190629,0.001442178443794961,10.648746306059248,100,100
ENSMUSG00000102879,0.001,62.31581250733508,1.0,0.001,0.001,0.0018743912449555773,0.21370074746102324,100,100
ENSMUSG00000102881,0.001,62.31581250733508,1.0,0.001,0.001,0.0015194574448525837,0.05812460713398934,100,100
ENSMUSG00000102882,0.001,66.84427540036525,1.0,0.001,0.001,0.0018299515693999031,0.08992395096268227,100,100
ENSMUSG00000102886,0.001,62.31581250733508,1.0,0.001,0.001,0.001638773765818709,0.1499206339345613,100,100
ENSMUSG00000102887,0.001,62.31581250733508,1.0,0.001,0.001,0.0020828184807952527,0.08387238650168388,100,100
ENSMUSG00000102893,0.0391542804265732,20.322096660634852,10.728776901933962,0.001,13.151139888825252,0.0012346299707629127,20.3628021176807,100,100
ENSMUSG00000102899,0.001,62.31581250733508,1.0,0.001,0.001,0.0017579486602249728,0.21119640697415595,100,100
ENSMUSG00000102900,0.001,61.259704531272526,1.0,0.001,0.001,0.0017107162790558476,0.13170809605842437,100,100
ENSMUSG00000102904,0.001,62.31581250733508,1.0,0.001,0.001,0.0019322593427115327,0.24661948542407797,100,100
ENSMUSG00000102909,0.001,62.31581250733508,1.0,0.001,0.001,0.0018337155115950993,0.32431539828270334,100,100
ENSMUSG00000102912,0.001,62.31581250733508,1.0,0.001,0.001,0.0019688399172120338,0.11990016505006626,100,100
ENSMUSG00000102914,4.447393485708213,999.9999999335192,1.0,0.001,12.035689033656451,0.0010097063260740076,0.11388822870592268,100,100
ENSMUSG00000102918,0.19707395906901556,0.5752150410864725,2.7785242125432448,0.01800325202604908,0.6000216870614485,1.2118520285989787,203.7098577708627,100,100
ENSMUSG00000102919,0.001,62.31581250733508,1.0,0.001,0.001,0.0015075270281997995,0.09196503454714403,100,100
ENSMUSG00000102921,0.001,62.31581250733508,1.0,0.001,0.001,0.0016447253651611943,0.21419431312505716,100,100
ENSMUSG00000102923,2.2847492689943922,578.7622526003178,1.0770843335328297,0.001,6.865604200559442,0.0010228063446249933,0.19633078126364703,100,100
ENSMUSG00000102927,0.001,62.31581250733508,1.0,0.001,0.001,0.0018197991492373156,0.2263735667190732,100,100
ENSMUSG00000102929,0.001,66.84427540036525,1.0,0.001,0.001,0.0014436733797539357,0.3649728486452029,100,100
ENSMUSG00000102930,10.493770617922827,842.8056221969082,1.012909247389539,0.001,22.869786234165385,0.001,0.008871375479496207,100,100
ENSMUSG00000102931,0.001,61.259704531272526,1.0,0.001,0.0010000000000000009,0.0016868763253700977,0.2260548992274053,100,100
ENSMUSG00000102935,16.81526896689393,999.9941094356581,1.0,0.001,25.283464949997523,0.001,0.009010996041807981,100,100
ENSMUSG00000102937,0.001,62.31581250733508,1.0,0.001,0.001,0.0017277413760887687,0.7254851421124726,100,100
ENSMUSG00000102939,0.001,62.31581250733508,1.0,0.001,0.001,0.001607724536728658,0.4157120180244709,100,100
ENSMUSG00000102946,0.001,62.31581250733508,1.0,0.001,0.001,0.0017690467909380432,0.12836553732355707,100,100
ENSMUSG00000102950,0.38293321294740384,3.4865879094238994,1.0,0.11119296726906638,73.65101070219923,0.0011702595752696833,0.8832341248775323,100,100
ENSMUSG00000102953,0.6437621963837976,154.64850262092747,1.0,0.001,4.8870571726085075,0.0012478925982803584,0.08206489597420069,100,100
ENSMUSG00000102956,0.001,62.31581250733508,1.0,0.001,0.001,0.0018869421326193259,0.11624446019705599,100,100
ENSMUSG00000102961,0.001,62.31581250733508,1.0,0.001,0.001,0.001883750378542276,0.17405560660390587,100,100
ENSMUSG00000102964,1.355819176371755,328.0735537411803,1.0066363793788677,0.001,7.723407144001265,0.0013887853745965092,0.0691226538081632,100,100
ENSMUSG00000102967,0.001,62.31581250733508,1.0,0.001,0.001,0.0015770046234032243,0.3241870880991057,100,100
ENSMUSG00000102970,0.001,66.84427540036525,1.0,0.001,0.001,0.001842585956276553,0.09008786941608038,100,100
ENSMUSG00000102971,0.001,62.31581250733508,1.0,0.001,0.001,0.0014577187571462333,0.09153026017062207,100,100
ENSMUSG00000102973,0.001,62.31581250733508,1.0,0.001,0.001,0.0015746590371506618,0.5695219543998649,100,100
ENSMUSG00000102976,0.15385753258066398,9.087875613304117,6.613322842402357,0.016814653119371973,55.18330152155457,0.0011597740895673172,2.9362216533594396,100,100
ENSMUSG00000102982,18.130536019305048,794.5468698272259,1.120595319283197,0.001,28.332225814348796,0.001,0.008997013835632086,100,100
ENSMUSG00000102983,0.001,61.259704531272526,1.0,0.001,0.001,0.002406720447019636,0.21332874952783326,100,100
ENSMUSG00000102990,0.001,62.31581250733508,1.0,0.001,0.001,0.0017043143995705912,0.056426719642270785,100,100
ENSMUSG00000103000,0.001,62.31581250733508,1.0,0.001,0.001,0.0018633766268975204,0.1933480082950258,100,100
ENSMUSG00000103001,0.001,66.84427540036525,1.0,0.001,0.0010000000000000005,0.0017887834223697073,0.15940809861910207,100,100
ENSMUSG00000103006,1.9084349789585087,457.80829610882074,1.0,0.001,12.444524249013298,0.0010786490893617351,0.05233973565457474,100,100
ENSMUSG00000103009,0.41009548577984034,10.87565270620064,3.8835180229713515,0.15827115760606975,19.90300655821425,0.007346511930275926,0.916505956046328,100,100
ENSMUSG00000103011,0.001,61.674132606755,1.0,0.001,0.0010000000000000009,0.001423942895719803,0.1615137427443098,100,100
ENSMUSG00000103013,0.001,62.31581250733508,1.0,0.001,0.001,0.0017535733498243783,0.37174893028173017,100,100
ENSMUSG00000103015,0.001,62.31581250733508,1.0,0.001,0.001,0.0017864106291624413,0.08110231862231326,100,100
ENSMUSG00000103016,0.001,62.31581250733508,1.0,0.001,0.001,0.0017747711356620602,0.20969134208996443,100,100
ENSMUSG00000103018,0.4282965282830732,103.14966607220127,1.0,0.001,5.369581084823112,0.0010000000001372793,0.021404002080753222,100,100
ENSMUSG00000103024,0.001,61.45463549419866,1.0,0.001,0.001,0.0015977888458932421,0.24381159549702475,100,100
ENSMUSG00000103030,16.907711588128596,567.1063874005619,1.0,0.001,34.37057135958491,0.0010141813298149515,0.009137789023632333,100,100
ENSMUSG00000103031,0.001,62.31581250733508,1.0,0.001,0.001,0.0016469305141583626,0.2740551347172336,100,100
ENSMUSG00000103032,0.012743333872351903,11.72553181895702,18.87629337450427,0.001,8.30315326606829,0.001000000000000327,22.359827098161364,100,100
ENSMUSG00000103037,0.08847998390274049,18.778793159351583,6.2165429397666765,0.00309652546148958,21.97456763836267,0.0010000000000012549,3.8048372048803385,100,100
ENSMUSG00000103038,0.010768495034542686,19.482914389841163,22.23710775908291,0.001,2.6788100627563467,0.0015787018131365011,25.726360830289217,100,100
ENSMUSG00000103039,0.6929120873771311,166.48605762337863,1.0,0.001,5.877230126396271,0.0015561417347607178,0.07314212458721975,100,100
ENSMUSG00000103041,0.04162679106674359,0.6493918206794813,1.7080484732351582,0.0010898057683224535,0.27479556933636273,0.1770774943888592,41.071850550380695,100,100
ENSMUSG00000103042,3.0240390365127214,359.3574922159944,1.0,0.001,16.73039007981936,0.001,0.018485147751823666,100,100
ENSMUSG00000103046,8.453206507312641,675.7517640104356,1.0,0.001,25.08924796171042,0.001,0.009063931488122514,100,100
ENSMUSG00000103047,0.001,62.31581250733508,1.0,0.001,0.001,0.0018550082872334551,0.28513225849376994,100,100
ENSMUSG00000103049,11.6912189222357,683.4162357147846,1.0,0.001,24.828626683970846,0.001,0.021444524351188987,100,100
ENSMUSG00000103051,0.001,62.31581250733508,1.0,0.001,0.001,0.0014876356817153994,0.17003261957141727,100,100
ENSMUSG00000103061,0.0011685787871257845,6.804255026266434,43.263567680648734,0.001,0.06496052852617792,0.0021399562770998593,16.820136040247917,100,100
ENSMUSG00000103062,0.001,61.45463549419866,1.0,0.001,0.001,0.0014187449095416386,0.2162180957923864,100,100
ENSMUSG00000103065,0.001,58.8711705984019,1.0,0.001,0.001,0.001948321131480496,0.18621778150779406,100,100
ENSMUSG00000103072,0.001,62.31581250733508,1.0,0.001,0.0010000000000000005,0.0018185379429923553,0.2802523897886792,100,100
ENSMUSG00000103073,0.001,62.31581250733508,1.0,0.001,0.001,0.002249604650913637,0.23958922365418145,100,100
ENSMUSG00000103076,0.001,62.31581250733508,1.0,0.001,0.001,0.0017732453945648152,0.38869152182061006,100,100
ENSMUSG00000103080,0.001,62.31581250733508,1.0,0.001,0.001,0.0013974396429832234,0.16677141633496065,100,100
ENSMUSG00000103081,21.845199950008436,1000.0,1.0,1.2722348863440378,27.468100102059665,0.0010000000000029044,0.009141546571774111,100,100
ENSMUSG00000103082,0.002049521852066471,6.860315662251298,38.51545357832797,0.001,0.025630901221943017,0.0029625868688308793,39.16431783202514,100,100
ENSMUSG00000103085,6.424062031583254,515.1127717633942,1.0000000000000644,0.001,20.452400420246192,0.001,0.009010981252541399,100,100
ENSMUSG00000103087,2.3992539462854334,631.6350691373558,1.0917831779394422,0.001,7.138090517560485,0.0010441526560466578,0.055939836687128486,100,100
ENSMUSG00000103088,0.04858865224716582,19.77481812873429,13.909444303296251,0.001,18.052337623269636,0.001192035456389134,32.34019245262975,100,100
ENSMUSG00000103092,3.299489443786608,395.85393043582826,1.0,0.001,16.702834014511645,0.001,0.021286066194643124,100,100
ENSMUSG00000103094,0.1642388487998015,17.967978922096048,4.139159902433423,0.007134575678499082,32.7030498305633,0.0010997178188361053,1.032648889715044,100,100
ENSMUSG00000103098,0.001,62.31581250733508,1.0,0.001,0.0010000000000000009,0.0018955819291229224,0.20971342260779274,100,100
ENSMUSG00000103100,7.680107208286151,915.8148540086121,1.0,0.001,14.192948993852003,0.0010000000000017885,0.0998765212494115,100,100
ENSMUSG00000103103,0.15530800150711188,26.21224336806451,33.933629314090595,0.001,0.26442843098574725,0.7083243092530018,253.3304295194165,100,100
ENSMUSG00000103108,0.001,62.31581250733508,1.0,0.001,0.001,0.0016313114402714817,0.24142462139720908,100,100
ENSMUSG00000103115,0.10184806372688063,10.057201152216079,5.793605958739092,0.01740668985103468,37.51506919053591,0.0011020175931856688,3.2352284912286056,100,100
ENSMUSG00000103119,0.001,62.31581250733508,1.0,0.001,0.001,0.00181871369237848,0.0832389709795188,100,100
ENSMUSG00000103122,1.8855242048223924,454.9597606392765,1.0,0.001,5.853388622394784,0.0012245361426439288,0.08368911519020272,100,100
ENSMUSG00000103123,0.003272094247093233,10.904616368804046,26.588246441302896,0.001,0.12239812371455822,0.002245460268762138,15.078488896895871,100,100
ENSMUSG00000103131,0.001,62.31581250733508,1.0,0.001,0.001,0.0016041492231468907,0.134194975953311,100,100
ENSMUSG00000103132,0.0395812062493127,19.37353483012965,10.24615608328834,0.001,9.412827129399707,0.0012108627453169742,6.562485832558897,100,100
ENSMUSG00000103133,2.398468794745146,577.0230940414881,1.0,0.001,8.337457566024842,0.0010228384261688427,0.05132758363430498,100,100
ENSMUSG00000103135,0.001,66.84427540036525,1.0,0.001,0.001,0.0020299689733418312,0.2166287171768184,100,100
ENSMUSG00000103138,0.001,62.31581250733508,1.0,0.001,0.001,0.001953511417936804,0.19675210283304645,100,100
ENSMUSG00000103139,0.22703563292633022,29.921649511306132,29.649535332945693,0.001,0.41204609414350224,0.4799458472811077,184.82065381995682,100,100
ENSMUSG00000103143,0.001,62.31581250733508,1.0,0.001,0.0010000000000000005,0.001700097580922942,0.19545891959773898,100,100
ENSMUSG00000103144,0.31913706784996093,33.9599981879835,10.606785208511598,0.009458242014510145,7.609850961041345,0.002676983797239148,1.1524462044857717,100,100
ENSMUSG00000103149,11.456134222143834,691.4137549923224,1.0267608259504886,0.001,23.054575006593033,0.001,0.008944093950334353,100,100
ENSMUSG00000103151,0.001,62.31581250733508,1.0,0.001,0.001,0.0018634438436400612,0.13314709108971737,100,100
ENSMUSG00000103156,0.08115393110210682,1.5507232246112954,1.0,0.010055490186475004,25.252008935918717,0.0012876479414924067,1.3017648261258326,100,100
ENSMUSG00000103159,0.001,62.31581250733508,1.0,0.001,0.001,0.0018724077741605932,0.07125393397092597,100,100
ENSMUSG00000103160,0.0168795781248661,22.00941685332996,38.30569547455479,0.001,0.5764125923072951,0.004663165956099714,46.31021971423847,100,100
ENSMUSG00000103162,0.010783285014831381,20.04607223184209,22.845690999767246,0.001,4.131891565482844,0.0011048516943173096,17.018503159753433,100,100
ENSMUSG00000103163,0.001,62.31581250733508,1.0,0.001,0.001,0.0014894036852755384,0.06896256815502019,100,100
ENSMUSG00000103164,0.0066034355316208,18.090317794120697,44.46159409613049,0.001,0.05944041366890038,0.002046381651669325,25.27853435060111,100,100
ENSMUSG00000103170,0.007054608394522859,1.325048150164295,4.729438489798391,0.001,10.09441466861613,0.0010395980834288026,16.111426691687967,100,100
ENSMUSG00000103178,0.001,62.31581250733508,1.0,0.001,0.001,0.0016757526228586813,0.19452333386383702,100,100
ENSMUSG00000103183,0.024000993265928625,2.6409137690478763,5.0229630053795455,0.001,10.78109492814365,0.0012468581336855544,24.73953091228422,100,100
ENSMUSG00000103186,0.002437373437744167,9.045673883751435,30.346439378689848,0.001,0.11539762109304813,0.0017821135509577175,16.838919412999093,100,100
ENSMUSG00000103189,0.001,62.31581250733508,1.0,0.001,0.0010000000000000009,0.00151940220545388,0.15389793256960704,100,100
ENSMUSG00000103191,18.084583740022364,856.3291941321024,1.0,0.001,32.38272154530347,0.001,0.008992503580458453,100,100
ENSMUSG00000103194,0.001,62.31581250733508,1.0,0.001,0.0010000000000000005,0.002081641189040752,0.1358883430058199,100,100
ENSMUSG00000103195,25.98924668391569,864.5370519300784,1.0,0.001,33.84885568222791,0.0010000652103990934,0.00806416878054305,100,100
ENSMUSG00000103199,0.001,66.84427540036525,1.0,0.001,0.001,0.001695629128778226,0.0731578290616241,100,100
ENSMUSG00000103202,1.6262619868264967,395.3519615968364,1.004113302142248,0.001,6.445441279281031,0.0011007956881893483,0.025090398480337988,100,100
ENSMUSG00000103206,0.19060623630168289,17.780793798956697,4.001869091198897,0.03558119620341396,39.17145299977838,0.0010863913972994712,0.8573827010960957,100,100
ENSMUSG00000103207,0.001,66.84427540036525,1.0,0.001,0.001,0.0017528799845099828,0.17938377643176248,100,100
ENSMUSG00000103213,0.001,66.84427540036525,1.0,0.001,0.001,0.001455868568557899,0.26837509027126244,100,100
ENSMUSG00000103215,0.001,62.31581250733508,1.0,0.001,0.001,0.0016104217212656847,0.2237128503244202,100,100
ENSMUSG00000103216,0.001,62.31581250733508,1.0,0.001,0.001,0.0018028686980465871,0.16725739409796303,100,100
ENSMUSG00000103219,0.001,62.31581250733508,1.0,0.001,0.0010000000000000005,0.0017464507256540742,0.10336038875305247,100,100
ENSMUSG00000103220,0.49843187389431554,12.143384136053355,2.521073752394646,0.0025135997209063897,38.035674486560204,0.0021519417705736185,31.18686793157733,100,100
ENSMUSG00000103227,0.6437621963837976,154.64850262092747,1.0,0.001,8.327393402352584,0.0010000000000569232,0.30658031677295305,100,100
ENSMUSG00000103232,0.001,62.31581250733508,1.0,0.001,0.001,0.0020114410737581386,0.1945123522735145,100,100
ENSMUSG00000103233,4.185987715338416,1000.0,1.0,0.001,7.951623185161136,0.00100286699563964,0.07284031699445732,100,100
ENSMUSG00000103238,0.6437621963837976,154.64850262092747,1.0,0.001,6.771847149470948,0.0010273693080387618,0.10072481628473112,100,100
ENSMUSG00000103247,0.001,62.31581250733508,1.0,0.001,0.001,0.0015948639095876784,0.20132422681891698,100,100
ENSMUSG00000103251,0.19755560452516102,17.604222343035325,5.254378674182385,0.06580521821020655,46.24624002785287,0.0012094505816762492,1.028490860405174,100,100
ENSMUSG00000103260,0.001,66.84427540036525,1.0,0.001,0.0010000000000000005,0.0018324333207168082,0.13239655843965492,100,100
ENSMUSG00000103265,0.001,66.84427540036525,1.0,0.001,0.001,0.001740245117932353,0.1856734526974227,100,100
ENSMUSG00000103270,0.001,62.31581250733508,1.0,0.001,0.001,0.0016531357991616325,0.4267825296997131,100,100
ENSMUSG00000103272,1.4264657657904025,341.6272039188167,1.0,0.001,8.252764007467443,0.0010000317328023927,0.17365848956918553,100,100
ENSMUSG00000103273,0.001,61.88525872635182,1.0,0.001,0.001,0.0015245087978076654,0.07887897969678814,100,100
ENSMUSG00000103280,17.249987037680548,1000.0,1.0,0.001,26.656061397386487,0.001,0.0090108634085635,100,100
ENSMUSG00000103284,0.12307022788922359,1.4634695985613715,3.814080658834448,0.0630097690995218,0.28520741199104216,1.0040161944761308,5.127099857161918,100,100
ENSMUSG00000103285,0.05831916335236667,19.30814257263005,20.75624265170475,0.001,0.3241673836625873,0.001821056702946766,65.1620258695119,100,100
ENSMUSG00000103291,3.701603335738348,439.9875750693099,1.0,0.001,14.359002890627856,0.0010000000023211047,0.03913004593937849,100,100
ENSMUSG00000103292,0.001,59.94762576822368,1.0,0.001,0.001,0.001729159837308334,0.6648512117102453,100,100
ENSMUSG00000103293,0.04513691038863336,15.392380348038921,17.149493410950235,0.001,26.195168860127914,0.0013597258107504316,51.184314038951925,100,100
ENSMUSG00000103301,0.3388683256416914,6.6792220344647015,2.2255256310672067,0.03206623115213708,39.790676921756386,0.0021417402008896726,0.706092460168144,100,100
ENSMUSG00000103303,0.001,66.84427540036525,1.0,0.001,0.001,0.0016058094895525378,0.20657059641466197,100,100
ENSMUSG00000103308,4.167900571260349,999.96934494846,1.0,0.001,7.1137770465354375,0.0014142339809044614,0.06402436975644865,100,100
ENSMUSG00000103309,0.04753271330391321,18.750063712774832,17.194041260448337,0.001,11.807709939046916,0.0019391138650614204,52.054635180453005,100,100
ENSMUSG00000103313,1.4275905501715376,345.13246017114864,1.0,0.001,7.105262722065962,0.0010598239885427,0.025890969574842573,100,100
ENSMUSG00000103314,0.001,66.84427540036525,1.0,0.001,0.0010000000000000009,0.0018870856998919158,0.05276557397915253,100,100
ENSMUSG00000103317,0.3281187306671318,2.6086505762983547,4.163256783628789,0.14904842805942492,0.7708923042799549,0.5478137443678103,4.110719630584311,100,100
ENSMUSG00000103320,0.001,62.31581250733508,1.0,0.001,0.001,0.0015799877845461942,0.16066415530519895,100,100
ENSMUSG00000103324,0.001,62.31581250733508,1.0,0.001,0.001,0.0016536266042467944,0.05443012996479406,100,100
ENSMUSG00000103332,0.06138205374384082,19.228332593991404,7.882547513958527,0.001,19.522345623941504,0.001025800184866465,18.803951296443635,100,100
ENSMUSG00000103348,0.001,62.31581250733508,1.0,0.001,0.001,0.0018236542167419537,0.13566218171364264,100,100
ENSMUSG00000103355,1.7932015621888362,392.1633667950199,1.0,0.001,12.552108394427119,0.0010000000000034421,0.1541797491745565,100,100
ENSMUSG00000103360,0.006529099159207424,17.182816141323116,42.91939188469392,0.001,3.407012935205896,0.0016942938030642162,26.309331153958617,100,100
ENSMUSG00000103364,0.001,59.75744064589286,1.0,0.001,0.001,0.0020270246837596137,0.13290754644799307,100,100
ENSMUSG00000103366,0.001,62.31581250733508,1.0,0.001,0.001,0.001784130977582556,0.5192898180865534,100,100
ENSMUSG00000103367,48.32416944542148,447.06532211231956,1.0,0.17691118309836615,102.74345896797674,0.0011383290743094579,0.3098197428040754,100,100
ENSMUSG00000103373,0.011371996770853082,18.550576945867036,21.180390586624405,0.001,4.8492058556017055,0.0010198474154145293,8.870579368304885,100,100
ENSMUSG00000103374,0.001,62.31581250733508,1.0,0.001,0.001,0.0017806516184214185,0.08874211525697819,100,100
ENSMUSG00000103380,0.001,62.31581250733508,1.0,0.001,0.001,0.0019107016980113678,0.5304329516405907,100,100
ENSMUSG00000103382,0.001,62.31581250733508,1.0,0.001,0.0010000000000000005,0.0016690454543632448,0.15902531864938194,100,100
ENSMUSG00000103383,16.88676672832698,1000.0,1.0,0.001,24.778927393683915,0.001,0.009077561258237034,100,100
ENSMUSG00000103388,0.001,62.31581250733508,1.0,0.001,0.001,0.0015355582672103626,0.1314044316685351,100,100
ENSMUSG00000103393,2.684773051267332,649.196933434762,1.0,0.001,8.037421994490597,0.001000000000000711,0.07350196610979698,100,100
ENSMUSG00000103398,0.001,62.31581250733508,1.0,0.001,0.0010000000000000009,0.00164468722860572,0.08675967951043465,100,100
ENSMUSG00000103400,1.0412593922483107,249.40287378335123,1.0,0.001,6.033319890336806,0.001452381102262546,0.09238485407370116,100,100
ENSMUSG00000103403,0.001,62.31581250733508,1.0,0.001,0.001,0.0021112886276988966,0.12464802827201416,100,100
ENSMUSG00000103404,0.001,62.31581250733508,1.0,0.001,0.001,0.0016965014115532932,0.280035845029268,100,100
ENSMUSG00000103408,0.022597870756520116,20.766928170668198,15.104331498357904,0.001,14.264983257833332,0.001000000000000203,5.461960537817488,100,100
ENSMUSG00000103409,0.001,62.31581250733508,1.0,0.001,0.0010000000000000005,0.0015132417353431458,0.20856396330143795,100,100
ENSMUSG00000103411,0.001,62.31581250733508,1.0,0.001,0.001,0.0022276433557481467,0.18085804708230793,100,100
ENSMUSG00000103412,0.001,66.84427540036525,1.0,0.001,0.0010000000000000005,0.0018273776938151178,0.1369856222281806,100,100
ENSMUSG00000103415,4.168377986529852,999.9999999525479,1.0,0.001,10.597561065026031,0.0010000000000206666,0.07894786477731788,100,100
ENSMUSG00000103422,0.001,66.84427540036525,1.0,0.001,0.001,0.0017992910568344856,0.388454241230188,100,100
ENSMUSG00000103423,0.05442383894857498,16.99996373334321,8.891276126947597,0.001,26.718788501815858,0.0010106397986580449,30.39188284574679,100,100
ENSMUSG00000103427,0.001,59.94762576822368,1.0,0.001,0.001,0.0018238455786351348,0.1708300896726101,100,100
ENSMUSG00000103435,4.924642261062224,590.4512981103302,1.0,0.001,17.639997548723446,0.001,0.018331424606431848,100,100
ENSMUSG00000103436,8.295931115911436,999.1884787534035,1.0,0.001,13.172951029965551,0.001,0.0679761410681129,100,100
ENSMUSG00000103440,0.001,61.259704531272526,1.0,0.001,0.001,0.0016379149952517576,0.14845506676214748,100,100
ENSMUSG00000103441,0.001,62.31581250733508,1.0,0.001,0.0010000000000000009,0.0016207624586295323,0.1603585399200812,100,100
ENSMUSG00000103445,0.001,66.84427540036525,1.0,0.001,0.001,0.0017686921163292213,0.24216572315511908,100,100
ENSMUSG00000103451,0.001,66.84427540036525,1.0,0.001,0.001,0.0016237375576932385,0.17211255026138322,100,100
ENSMUSG00000103457,0.001,62.31581250733508,1.0,0.001,0.001,0.0015235073292625273,0.2176138260096274,100,100
ENSMUSG00000103467,0.001,61.024058264401226,1.0,0.001,0.001,0.0015249555381805784,0.39096984072389646,100,100
ENSMUSG00000103472,0.3062996365743006,2.870416772005956,1.6988528531656624,0.08611932977081216,9.158781096043223,0.007908008693066026,1.8669261929932977,100,100
ENSMUSG00000103473,0.001,66.84427540036525,1.0,0.001,0.0010000000000000005,0.0014780630754912408,0.18765671446386012,100,100
ENSMUSG00000103477,0.001,62.31581250733508,1.0,0.001,0.0010000000000000009,0.001865208737177793,0.09229788037610387,100,100
ENSMUSG00000103485,0.001,62.31581250733508,1.0,0.001,0.0010000000000000009,0.0017995010255389189,0.13048012787417823,100,100
ENSMUSG00000103486,0.1656588662673191,39.53920567850924,1.0,0.001,8.333588745774268,0.0010004219477589824,0.03647896291562071,100,100
ENSMUSG00000103493,0.001,66.84427540036525,1.0,0.001,0.001,0.0017407003987785995,0.19186951464061397,100,100
ENSMUSG00000103495,0.001,61.024058264401226,1.0,0.001,0.001,0.001999446050769025,0.18521235837078648,100,100
ENSMUSG00000103497,20.30565022225034,957.9386144995045,1.0,1.1778252756878727,29.45911502059596,0.001,0.00899120298998009,100,100
ENSMUSG00000103502,0.001,62.31581250733508,1.0,0.001,0.001,0.0019088218437189111,0.14689202425800688,100,100
ENSMUSG00000103505,25.4133507488795,668.6470140609999,1.0199101852933599,3.3188707588323956,49.424909691698765,0.0010354031100978595,0.009060213912706928,100,100
ENSMUSG00000103506,0.08732847845336277,18.92570355093574,6.268402532597574,0.001,29.164229310454196,0.0010418891680880724,2.074730560117814,100,100
ENSMUSG00000103507,0.001,62.31581250733508,1.0,0.001,0.001,0.001966981413992619,0.16598186894493033,100,100
ENSMUSG00000103509,1.904987380173481,512.8252263426539,1.1354335991243487,0.001,7.979491974340478,0.0010000000000335812,0.06051557483130188,100,100
ENSMUSG00000103520,0.06486563273072968,19.013117346022682,7.767302458283785,0.001,27.116389595357635,0.0010003168274198468,11.449541493292411,100,100
ENSMUSG00000103525,0.001,62.31581250733508,1.0,0.001,0.0010000000000000005,0.0017493527811369535,0.16086654208163348,100,100
ENSMUSG00000103529,0.001,62.31581250733508,1.0,0.001,0.001,0.0019064860517788546,0.18880757993414832,100,100
ENSMUSG00000103532,4.639343038969373,558.5005705555635,1.0,0.001,12.682720101193802,0.001,0.015491668374408315,100,100
ENSMUSG00000103543,0.001,62.31581250733508,1.0,0.001,0.001,0.001554001131095324,0.13577759018408478,100,100
ENSMUSG00000103546,1.7473965363946644,362.95329377208446,1.0,0.001,7.302172698842784,0.0011346676945660516,0.06958386434267973,100,100
ENSMUSG00000103553,0.001,66.84427540036525,1.0,0.001,0.0010000000000000005,0.001547175752738044,0.14447551388367427,100,100
ENSMUSG00000103556,8.558807050211799,700.0538957156837,1.021754552503724,0.001,22.855588404885538,0.001,0.008974527134125105,100,100
ENSMUSG00000103558,9.353500581182384,556.0276435546073,1.0,0.001,22.216296814502186,0.001,0.011564475108511534,100,100
ENSMUSG00000103560,0.06400595170364601,19.244147166825687,11.33734500353185,0.001,24.3465342853636,0.001185933136301856,5.062273332250026,100,100
ENSMUSG00000103567,0.20728730862720887,5.577296409564558,1.1571802974770493,0.001,34.760166628866614,0.001146667538522416,1.0593189963055656,100,100
ENSMUSG00000103568,0.001,62.31581250733508,1.0,0.001,0.0010000000000000005,0.0021337264809552815,0.2098015332141317,100,100
ENSMUSG00000103569,0.001,62.31581250733508,1.0,0.001,0.001,0.001656476940965371,0.1544989562374346,100,100
ENSMUSG00000103570,0.001,62.31581250733508,1.0,0.001,0.0010000000000000005,0.001538695141526928,0.17342150898891295,100,100
ENSMUSG00000103572,12.346350573930097,999.9999999784415,1.0170752374754646,0.001,21.105734316142883,0.001,0.009310913273395695,100,100
ENSMUSG00000103574,0.09360965636738261,18.480104922337937,6.088666369565135,0.001,27.629051876325263,0.001091845651360242,1.7417089177977747,100,100
ENSMUSG00000103576,0.001,62.31581250733508,1.0,0.001,0.001,0.0017520646494021204,0.378595242068986,100,100
ENSMUSG00000103584,0.001,62.31581250733508,1.0,0.001,0.001,0.0020220097306072786,0.327247469908005,100,100
ENSMUSG00000103585,0.10778880499626098,27.791786031806016,28.05234234966228,0.001,0.3770701669765461,0.2014263518936916,115.77136147894737,100,100
ENSMUSG00000103590,0.001,62.31581250733508,1.0,0.001,0.001,0.0015908877952770474,0.13112790592325127,100,100
ENSMUSG00000103591,0.001,61.88525872635182,1.0,0.001,0.001,0.0016691466523257618,0.43149401891310124,100,100
ENSMUSG00000103592,0.001,66.84427540036525,1.0,0.001,0.0010000000000000005,0.0018115239906871868,0.07406087905547246,100,100
ENSMUSG00000103593,0.003423743534240824,12.144997031076366,29.640474044508046,0.001,0.07756629220648123,0.0019171372043803932,22.192024002862922,100,100
ENSMUSG00000103596,0.02287880410909257,20.521992421711154,14.927546329661203,0.001,9.845667462762595,0.0010187239948934697,13.78797514798843,100,100
ENSMUSG00000103611,0.001,62.31581250733508,1.0,0.001,0.001,0.0016124420718742658,0.18579497680350432,100,100
ENSMUSG00000103613,0.001,62.31581250733508,1.0,0.001,0.001,0.0016234805158862806,0.13818257967887718,100,100
ENSMUSG00000103614,0.0389845198650468,20.451401605836914,10.799111325016,0.001,17.610286508919643,0.0010579845358068872,3.3978083284886385,100,100
ENSMUSG00000103620,0.02288244682783789,20.598280990699884,14.980618330797073,0.001,12.295794563580852,0.0010017318091836403,14.669927742924267,100,100
ENSMUSG00000103621,0.001,62.31581250733508,1.0,0.001,0.001,0.001704000843307912,0.1330024891258487,100,100
ENSMUSG00000103622,34.899511280911234,735.5467214349864,1.0,1.1246660388202672,55.15015500271733,0.0010403503534699892,0.008914865396801655,100,100
ENSMUSG00000103624,0.001,61.88525872635182,1.0,0.001,0.001,0.0019260137056279927,0.18284055529636667,100,100
ENSMUSG00000103628,1.6951184992399486,434.6310646958758,1.0591007154072447,0.001,5.627496033422906,0.0011020917620906778,0.05268727334988911,100,100
ENSMUSG00000103630,0.001,62.31581250733508,1.0,0.001,0.0010000000000000005,0.0017758896902442124,0.21040058684801233,100,100
ENSMUSG00000103634,1.4264657657904025,341.6272039188167,1.0,0.001,9.127056806339526,0.0010000000000022716,0.0886724125385809,100,100
ENSMUSG00000103636,0.6437621963837976,154.64850262092747,1.0,0.001,7.271672411104184,0.0010001332063232786,0.06490990928746877,100,100
ENSMUSG00000103646,4.42394888846714,529.7820837246334,1.0,0.001,11.835084530373386,0.001,0.010726777922058176,100,100
ENSMUSG00000103649,0.001,62.31581250733508,1.0,0.001,0.001,0.001923119941935304,0.2257892566633203,100,100
ENSMUSG00000103651,0.03767730475447235,19.30169552313824,24.639536170480124,0.001,16.988583212413438,0.0011885435858086891,37.79233271615645,100,100
ENSMUSG00000103657,0.001,61.88525872635182,1.0,0.001,0.001,0.0016189846586868418,0.20111964181125783,100,100
ENSMUSG00000103658,0.001,61.024058264401226,1.0,0.001,0.0010000000000000009,0.0018893473852800299,0.3692141111193703,100,100
ENSMUSG00000103659,0.001,62.31581250733508,1.0,0.001,0.001,0.0014770030903144941,0.09511253270872644,100,100
ENSMUSG00000103662,0.060064891935242275,16.862916246511432,23.564212442341233,0.001,0.25782340601241055,0.20224144776383268,138.7065331472279,100,100
ENSMUSG00000103669,4.240520197523601,1000.0,1.0,0.001,8.520112038402573,0.0010000000000585764,0.05658732258391856,100,100
ENSMUSG00000103670,0.001,62.31581250733508,1.0,0.001,0.001,0.0019842678949405297,0.16917483210175666,100,100
ENSMUSG00000103672,0.010862439509039598,19.535145518535646,22.28065801713843,0.001,2.72337452256539,0.0018438463368844716,12.684722340397403,100,100
ENSMUSG00000103674,0.1627466026556993,6.081005129977444,5.072366292266273,0.05464617813973239,0.94111805452494,0.07785604059895201,2.5173828688065383,100,100
ENSMUSG00000103676,0.001,62.31581250733508,1.0,0.001,0.001,0.001545766276902059,0.22632202127996806,100,100
ENSMUSG00000103677,0.001,61.88525872635182,1.0,0.001,0.0010000000000000005,0.001539360500105736,0.131654878870518,100,100
ENSMUSG00000103696,1.5172437438947775,363.64103982169183,1.0,0.001,9.454663818205095,0.0010258053742959483,0.05568993111425458,100,100
ENSMUSG00000103697,0.001,61.674132606755,1.0,0.001,0.0010000000000000009,0.0017652883367642166,0.18047708430605514,100,100
ENSMUSG00000103701,2.867152843803597,686.0406369234706,1.002516036849355,0.001,8.407761911033012,0.0010000031458602485,0.05644638237842116,100,100
ENSMUSG00000103703,3.338165727611042,807.3831051292377,1.0,0.001,8.715254370211982,0.0010583008139193662,0.07838940583707077,100,100
ENSMUSG00000103706,0.001,66.84427540036525,1.0,0.001,0.001,0.00195646228636161,0.12904801484779935,100,100
ENSMUSG00000103707,0.001,62.31581250733508,1.0,0.001,0.001,0.002003274521439426,0.06892918558587864,100,100
ENSMUSG00000103708,0.001,62.31581250733508,1.0,0.001,0.001,0.0014537325495761306,0.13989058918148262,100,100
ENSMUSG00000103710,0.05732832561285406,19.791481506681762,21.28340235676864,0.001,0.2818833490555302,0.0018467453676313792,73.1609360879563,100,100
ENSMUSG00000103711,0.008614315968237477,0.018156676344991757,1.540902212765196,0.001,0.43334382707612984,1.015163442030667,784.3499486844894,100,100
ENSMUSG00000103715,0.001,61.88525872635182,1.0,0.001,0.001,0.002069839072047581,0.1571441711602778,100,100
ENSMUSG00000103722,1.3185553849482623,315.95047008738493,1.0,0.001,8.587257318125623,0.0010744217097060124,0.05524208301833183,100,100
ENSMUSG00000103723,0.001,61.024058264401226,1.0,0.001,0.001,0.0015060070714263836,0.1621202726311499,100,100
ENSMUSG00000103726,0.35923448307817796,32.593102045374124,14.961870016544678,0.10737764150224287,1.3503688822665048,0.1218260158301329,1.8853303556771523,100,100
ENSMUSG00000103730,0.001,62.31581250733508,1.0,0.001,0.001,0.0017750266317413748,0.3501731199943958,100,100
ENSMUSG00000103731,0.0035359886149406625,10.328451088527153,22.14192190112874,0.001,0.06934961006439515,0.0020001309352700187,13.578485411274148,100,100
ENSMUSG00000103734,5.5394453177263685,695.2369171394405,1.0469993547505954,0.001,15.381407468564092,0.001000000008859573,0.01678857558896782,100,100
ENSMUSG00000103738,0.001,62.31581250733508,1.0,0.001,0.001,0.001536621964649306,0.19561061278172304,100,100
ENSMUSG00000103739,11.03125947551538,619.9817927778704,1.0,0.001,30.1267907984706,0.001,0.008853288512289937,100,100
ENSMUSG00000103741,0.001,61.88525872635182,1.0,0.001,0.001,0.0017066894593689972,0.1282719523554552,100,100
ENSMUSG00000103746,0.003302289408687619,10.888253323061361,26.39299911153767,0.001,0.08829928629621646,0.0017413544734655674,13.613564078134262,100,100
ENSMUSG00000103747,0.055570702409309065,2.5361701837207136,2.303727864619413,0.001,34.99145486633928,0.0011511362370801358,30.444074756888856,100,100
ENSMUSG00000103748,0.03354812892178466,21.435871347279093,23.920545644237855,0.001,18.838889881568083,0.0010412349382120988,31.82722491942394,100,100
ENSMUSG00000103749,2.978076117915037,35.98954738979376,1.0762502559440172,0.21578666625713666,86.1188613259781,0.0011062427684972655,0.30505783819691745,100,100
ENSMUSG00000103751,0.001,60.60768216058454,1.0,0.001,0.001,0.0021129732774287334,0.13419934122707222,100,100
ENSMUSG00000103754,0.001,62.31581250733508,1.0,0.001,0.001,0.0014928736242901899,0.06889420261119489,100,100
ENSMUSG00000103755,0.001,61.45463549419866,1.0,0.001,0.001,0.001516453542687699,0.35767570592024456,100,100
ENSMUSG00000103756,0.001,62.31581250733508,1.0,0.001,0.001,0.0016438178317465535,0.22824169271583356,100,100
ENSMUSG00000103759,0.001,66.84427540036525,1.0,0.001,0.0010000000000000009,0.0016407623383156654,0.15703841164134608,100,100
ENSMUSG00000103760,0.001,62.31581250733508,1.0,0.001,0.001,0.0022144853817168677,0.1866034369769214,100,100
ENSMUSG00000103763,0.001,62.31581250733508,1.0,0.001,0.001,0.0016274508547107415,0.30383753840926747,100,100
ENSMUSG00000103766,0.039317769152217366,20.348166508043825,10.742836285840564,0.001,12.611725377076912,0.0010052924604366416,6.859438306364663,100,100
ENSMUSG00000103770,0.001,62.31581250733508,1.0,0.001,0.001,0.0014694302870676482,0.3494062362810998,100,100
ENSMUSG00000103772,0.001,62.31581250733508,1.0,0.001,0.001,0.0016499237707591535,0.16761702280032292,100,100
ENSMUSG00000103778,0.001,62.31581250733508,1.0,0.001,0.001,0.0019075944830538225,0.14849405468656346,100,100
ENSMUSG00000103779,0.001,62.31581250733508,1.0,0.001,0.001,0.002015858648129716,0.12631639832827368,100,100
ENSMUSG00000103780,3.9250524344960955,468.1551473387566,1.0,0.001,13.225708098391088,0.001016516304094672,0.08311139171317374,100,100
ENSMUSG00000103789,0.001,62.31581250733508,1.0,0.001,0.001,0.0021651830333085965,0.29008609556553117,100,100
ENSMUSG00000103793,0.16497216282962648,17.837498771247674,4.108476927751324,0.01240698140212505,36.90027776387298,0.001049670808181326,0.900531810574977,100,100
ENSMUSG00000103800,0.8351502032981986,199.10283567453752,1.0,0.001,8.728905985302431,0.0010000000000027205,0.08027930978287491,100,100
ENSMUSG00000103805,0.001,61.88525872635182,1.0,0.001,0.001,0.0016178908102363761,0.1920951855233038,100,100
ENSMUSG00000103807,0.001,62.31581250733508,1.0,0.001,0.0010000000000000009,0.002295507803850278,0.17083546148440132,100,100
ENSMUSG00000103808,0.3529280138572615,17.395663737561318,3.7422912351280475,0.09577683739669747,75.68567427404207,0.0011017753506763245,0.6048125848984743,100,100
ENSMUSG00000103811,0.001,62.31581250733508,1.0,0.001,0.001,0.0016278362448636282,0.17305397998001593,100,100
ENSMUSG00000103818,0.240663875281829,34.24169952790582,16.58348722069504,0.08468525176297277,3.5627972171506634,0.014391722434557596,1.3275238822707922,100,100
ENSMUSG00000103821,0.001,66.84427540036525,1.0,0.001,0.001,0.0019758957285273557,0.3567692179999168,100,100
ENSMUSG00000103822,0.006561205933827796,17.283086444353223,43.09525466077957,0.001,3.7842473866554656,0.0014855599563458658,34.393635867245166,100,100
ENSMUSG00000103823,0.001,61.674132606755,1.0,0.001,0.0010000000000000009,0.001971041376850724,0.1311314924587328,100,100
ENSMUSG00000103825,0.001,62.31581250733508,1.0,0.001,0.001,0.0017962876529186286,0.06872363264434342,100,100
ENSMUSG00000103827,6.726640132347155,539.7263719016787,1.0000000000000417,0.001,21.020349347862236,0.001,0.009012070369665792,100,100
ENSMUSG00000103828,22.01409110390777,879.152626934616,1.0149260509562377,0.4399773297847963,36.67238662253645,0.001000000000003413,0.009002827670224195,100,100
ENSMUSG00000103835,2.7968977494920817,670.7392088866607,1.0,0.001,8.37665560531877,0.001,0.1661615235503851,100,100
ENSMUSG00000103839,3.877625532465753,464.3737725390798,1.011101716852586,0.001,17.08271041257945,0.0010000000000149841,0.021581587048807766,100,100
ENSMUSG00000103843,0.010865078659791177,19.291920813677024,21.99403834142712,0.001,4.187936248492404,0.0014237179972029787,9.209953021010097,100,100
ENSMUSG00000103845,0.001,61.45463549419866,1.0,0.001,0.001,0.0014204998460892134,0.23147853566275317,100,100
ENSMUSG00000103846,0.001,62.31581250733508,1.0,0.001,0.001,0.0018675499675486584,0.19799783131305498,100,100
ENSMUSG00000103847,16.725323424180615,994.2777218447376,1.0208198072636598,0.001,25.58115478579607,0.001,0.009225950027658277,100,100
ENSMUSG00000103851,0.09572093505667778,17.196094333898667,22.950716490649704,0.0010338741594267706,0.2605343714138574,0.4830922883260229,125.27693259776852,100,100
ENSMUSG00000103854,0.08733589995829606,18.916675050092387,6.26466422955328,0.0023687299111636102,26.054659112039698,0.0010147119313613688,6.8528938215939235,100,100
ENSMUSG00000103857,0.001,62.31581250733508,1.0,0.001,0.001,0.0019361769850542924,0.4509853789667777,100,100
ENSMUSG00000103864,0.11384618112645052,26.95183298160442,1.0,0.001,9.381249610171412,0.001025016389523778,0.10130185301159189,100,100
ENSMUSG00000103869,4.132577005576439,999.9999999828615,1.0,0.001,7.576790375634721,0.0010000001022746527,0.07379691487225706,100,100
ENSMUSG00000103878,0.001,62.31581250733508,1.0,0.001,0.001,0.0018044313079059572,0.11248026820902798,100,100
ENSMUSG00000103881,0.001,61.88525872635182,1.0,0.001,0.001,0.0017081595885560445,0.312560562370306,100,100
ENSMUSG00000103882,0.09094519427509842,18.490583984396082,6.109040498005108,0.001,17.9864378212351,0.0010638828175061575,6.847232478535835,100,100
ENSMUSG00000103887,0.001,61.259704531272526,1.0,0.001,0.001,0.0016594720053644228,0.18096358037779403,100,100
ENSMUSG00000103897,15.005679249969175,575.2845940537919,1.000142811865346,0.001,35.332213220950955,0.001000000223759843,0.008945898838552338,100,100
ENSMUSG00000103898,0.06167630940405305,19.321742460874308,7.916085848481305,0.001,23.150113536385696,0.001054463371900292,21.44643216834097,100,100
ENSMUSG00000103899,1.6951184992399486,434.6310646958758,1.0591007154072447,0.001,5.483659853612122,0.001,0.048977567578134325,100,100
ENSMUSG00000103900,7.917346115913388,999.9999992669784,1.0521097649937037,0.001,16.183866593565856,0.001,0.02452035356418265,100,100
ENSMUSG00000103901,0.0032095746470734133,9.032517373907408,23.076835845341208,0.001,0.05453685082353746,0.0015719406869225973,22.46770210113,100,100
ENSMUSG00000103906,0.39022195492774314,2.429873637413727,1.3551139795463654,0.17903597260570298,14.18884172041057,0.04240409745423561,1.0843574052113105,100,100
ENSMUSG00000103908,0.001,62.31581250733508,1.0,0.001,0.001,0.0015548728278107437,0.1679502595761689,100,100
ENSMUSG00000103916,5.925854637533637,710.6073977934514,1.0,0.001,16.276415142053004,0.001014681959743833,0.0504471583019665,100,100
ENSMUSG00000103921,0.001,50.90538465914777,1.0,0.001,0.001,0.0022397970381952854,0.5712702004931252,100,100
ENSMUSG00000103922,0.1368585367322883,17.844159920216377,8.483911936301002,0.0033877002492531047,0.7965072806248106,0.084090750274037,20.351036203052466,100,100
ENSMUSG00000103925,0.03156004946014477,31.87433011365066,38.05189746079511,0.001,24.22645886762421,0.0010641992150652933,4.6550961846411845,100,100
ENSMUSG00000103926,0.010777586485063348,20.19099826005036,23.02570314104106,0.001,3.474501948926868,0.0014143866143652081,8.085881437642115,100,100
ENSMUSG00000103928,0.042083975344187785,2.8322045199798684,4.677350780661574,0.001,9.992365851933311,0.0016823860148984097,4.126660758938669,100,100
ENSMUSG00000103930,0.001,62.31581250733508,1.0,0.001,0.001,0.0015030787620950409,0.1200032451821636,100,100
ENSMUSG00000103932,0.161936046060929,17.966782139481303,6.040631548136449,0.0012491741897561384,26.78090049502366,0.0013172889460726605,5.5006801610095,100,100
ENSMUSG00000103937,0.001,62.31581250733508,1.0,0.001,0.001,0.0018228171485599855,0.5922656103104963,100,100
ENSMUSG00000103940,3.634046016353861,918.1272007117527,1.0645298810813961,0.001,8.478765379611614,0.0010000207874878647,0.06890134308378476,100,100
ENSMUSG00000103945,0.001,66.84427540036525,1.0,0.001,0.0010000000000000009,0.0016243866725335029,0.28755701695572655,100,100
ENSMUSG00000103948,0.001,62.31581250733508,1.0,0.001,0.001,0.0016888202092585,0.18445319151727135,100,100
ENSMUSG00000103953,0.001,55.64789659794357,1.0,0.001,0.001,0.0019993426844236327,0.24721620563681834,100,100
ENSMUSG00000103955,0.001,66.84427540036525,1.0,0.001,0.001,0.0014800638438601129,0.07348686039647073,100,100
ENSMUSG00000103956,0.001,62.31581250733508,1.0,0.001,0.001,0.0022476339368273533,0.5731731885846053,100,100
ENSMUSG00000103957,0.02214646834532651,22.005389933209507,24.518051050389012,0.001,8.861653209019307,0.0010292694247707426,26.805648416848598,100,100
ENSMUSG00000103959,0.001,56.71823759891341,1.0,0.001,0.001,0.001572436284912175,0.31157013452687454,100,100
ENSMUSG00000103964,0.010779468631017535,20.063399635996177,22.873351434892925,0.001,5.551950553810207,0.0016243044952315448,25.483148822323507,100,100
ENSMUSG00000103966,0.03369663735381167,20.973608753626,43.14069656746557,0.001,0.22137433858028313,0.0017575150047769157,96.33923754680845,100,100
ENSMUSG00000103970,20.309422528914165,1000.0,1.0335360414518588,0.049318002157683685,34.96319574895913,0.001000143780772884,0.008820847495940736,100,100
ENSMUSG00000103972,0.001,62.31581250733508,1.0,0.001,0.001,0.0018831950001871726,0.2597354114556809,100,100
ENSMUSG00000103973,0.0034826880560710665,11.116057974098004,33.12602386357397,0.001,0.09574002601487488,0.0019206135405378192,9.653432959901036,100,100
ENSMUSG00000103975,0.41255842175207114,106.5239264516264,1.1902719199752163,0.001,6.761769083958728,0.0010015037417435999,0.13927808228123617,100,100
ENSMUSG00000103976,3.001067174457267,356.6212751156678,1.0,0.001,14.032104101501098,0.0010169774691806614,0.016450955437467035,100,100
ENSMUSG00000103979,0.001,27.966180531513864,1.0,0.001,0.001,0.0032773760551637176,0.8831444708148612,100,100
ENSMUSG00000103983,0.29285801971461584,32.27600629848394,17.982930856777617,0.03904648648804896,0.8261227982888566,0.23202501004525825,7.11079198647661,100,100
ENSMUSG00000103984,8.302973688731017,1000.0,1.0,0.001,12.506421076858977,0.001,0.019805815862973284,100,100
ENSMUSG00000103985,0.001,62.31581250733508,1.0,0.001,0.0010000000000000009,0.0017021165528141708,0.21148126272336293,100,100
ENSMUSG00000103996,0.4282965282830732,103.14966607220127,1.0,0.001,10.403521863276504,0.0010722426369513594,0.062169097955923916,100,100
ENSMUSG00000103999,0.001,66.84427540036525,1.0,0.001,0.001,0.002174064098788184,0.4988308177157519,100,100
ENSMUSG00000104002,0.08973544022512249,18.74190338751905,6.195088537184491,0.001,24.240781288082893,0.0010949304161901063,2.278370012340579,100,100
ENSMUSG00000104007,0.001,62.31581250733508,1.0,0.001,0.001,0.0015871364316577224,0.07286652071097041,100,100
ENSMUSG00000104010,9.526217654016445,745.3173344174149,1.0,0.001,22.60822659909243,0.0010000000000004322,0.013102321984638352,100,100
ENSMUSG00000104011,0.001,62.31581250733508,1.0,0.001,0.0010000000000000009,0.002002360453428831,0.2320632806700262,100,100
ENSMUSG00000104018,12.059583109159316,984.6639819848366,1.0417528665833373,0.001,22.030888973812786,0.001,0.028374635855058495,100,100
ENSMUSG00000104022,1.5409586744888182,369.11848257209584,1.0,0.001,11.402214446312268,0.0010000000032109818,0.08046317711152438,100,100
ENSMUSG00000104030,0.173202498060086,1.3970314957102687,3.5160095468963424,0.09499675598581883,0.37132851512597553,0.9901446218027363,6.050802798552553,100,100
ENSMUSG00000104034,0.001,62.31581250733508,1.0,0.001,0.001,0.0018870397800788072,0.14831489234467532,100,100
ENSMUSG00000104037,0.001,62.31581250733508,1.0,0.001,0.001,0.0017385287961345587,0.3143268583059756,100,100
ENSMUSG00000104040,0.001,61.45463549419866,1.0,0.001,0.001,0.0017820784778394866,0.14317211122167822,100,100
ENSMUSG00000104043,0.1296497396647995,2.8646730353652825,2.3897685923416923,0.0033808544164413163,0.6852103661144013,0.15359235535035387,61.45035485364116,100,100
ENSMUSG00000104044,0.046543216628776675,19.61328164856228,17.96911669189954,0.001,0.8778632882070325,0.0027782077226783932,36.16708024395183,100,100
ENSMUSG00000104045,3.701005531631313,443.5056561933886,1.0,0.001,16.81277078586865,0.001,0.012464675206072978,100,100
ENSMUSG00000104052,0.003318716349167493,11.178856676788758,27.328866393733886,0.001,0.03782972135389001,0.0019970293828524307,13.662465288512095,100,100
ENSMUSG00000104060,0.001,61.88525872635182,1.0,0.001,0.001,0.0018653442445179017,0.15008001188597722,100,100
ENSMUSG00000104063,16.88592031609543,999.9996454125107,1.0,0.001,30.26790571844469,0.001,0.011507627068960882,100,100
ENSMUSG00000104064,0.001,62.31581250733508,1.0,0.001,0.0010000000000000005,0.0018349431728878671,0.2042254719773901,100,100
ENSMUSG00000104066,0.001,62.31581250733508,1.0,0.001,0.001,0.001634925529241056,0.1710113672328772,100,100
ENSMUSG00000104069,0.001,62.31581250733508,1.0,0.001,0.001,0.0015600266429695623,0.2358101735317525,100,100
ENSMUSG00000104074,0.11765232441716844,0.16711272322044507,8.620323362900033,0.001,0.6368307572596758,6.788542341373187,8541.666882765965,100,100
ENSMUSG00000104075,0.001,62.31581250733508,1.0,0.001,0.001,0.0017942472457680662,0.696893760116056,100,100
ENSMUSG00000104078,0.001,62.31581250733508,1.0,0.001,0.001,0.0023259627705963836,0.24748223773815056,100,100
ENSMUSG00000104082,0.001,62.31581250733508,1.0,0.001,0.0010000000000000005,0.0016166802489654662,0.1630285861751231,100,100
ENSMUSG00000104088,0.001,62.31581250733508,1.0,0.001,0.001,0.00150382639619614,0.21107019927956813,100,100
ENSMUSG00000104091,0.001,66.84427540036525,1.0,0.001,0.001,0.0017325180897917892,0.13930247145560684,100,100
ENSMUSG00000104093,1.457749481852015,407.6017385509011,1.170393506276041,0.001,6.632308884450806,0.0012363009609667728,0.09253988414605971,100,100
ENSMUSG00000104094,0.001,66.84427540036525,1.0,0.001,0.001,0.0016772829492509942,0.17857329035766295,100,100
ENSMUSG00000104097,4.1336179629762935,999.9999943156627,1.0,0.001,8.380056055986385,0.0011125790246457458,0.06510261353575607,100,100
ENSMUSG00000104102,0.001,62.31581250733508,1.0,0.001,0.001,0.0021598995665997674,0.18952915263961032,100,100
ENSMUSG00000104107,4.151342993858895,1000.0,1.0,0.001,8.338262904008703,0.0010000010163046607,0.08893033128812126,100,100
ENSMUSG00000104108,0.001,62.31581250733508,1.0,0.001,0.001,0.0019225922651710198,0.16055629058175594,100,100
ENSMUSG00000104113,0.010855454435807212,19.28590080671599,22.01324915726544,0.001,2.3913720987728544,0.001729718485670903,12.948627302132465,100,100
ENSMUSG00000104114,4.327988390854518,521.0006095732293,1.0,0.001,15.936027835473645,0.001,0.01689957173462344,100,100
ENSMUSG00000104116,0.001,62.31581250733508,1.0,0.001,0.001,0.0015215895342781584,0.14197792843848472,100,100
ENSMUSG00000104118,0.001,66.84427540036525,1.0,0.001,0.001,0.0016093128858009876,0.16994437069799123,100,100
ENSMUSG00000104122,0.001,62.31581250733508,1.0,0.001,0.001,0.0015106164575236238,0.14637048880650547,100,100
ENSMUSG00000104125,0.001,61.45463549419866,1.0,0.001,0.001,0.0017702733098808137,0.11059233810310273,100,100
ENSMUSG00000104126,0.014464606223589065,18.94562777905287,29.259498999388956,0.001,3.7058951560307456,0.0017140024927999745,45.44063184179468,100,100
ENSMUSG00000104135,0.001,62.31581250733508,1.0,0.001,0.0010000000000000005,0.001558312099009644,0.2119004529629403,100,100
ENSMUSG00000104136,0.001,62.31581250733508,1.0,0.001,0.001,0.0015405991921238267,0.23410250500787022,100,100
ENSMUSG00000104140,6.194660333128645,493.0055808452411,1.0,0.001,23.330999874856936,0.001,0.018397448576587986,100,100
ENSMUSG00000104145,8.44285925915969,1000.0,1.0,0.001,17.027360796827665,0.001000000000005232,0.07293902921962181,100,100
ENSMUSG00000104150,0.001,62.31581250733508,1.0,0.001,0.0010000000000000005,0.0018115615121113747,0.24033707706633872,100,100
ENSMUSG00000104154,0.001,62.31581250733508,1.0,0.001,0.0010000000000000009,0.0019344976405989308,0.19826720102424022,100,100
ENSMUSG00000104156,0.02279030237519588,20.691567897737276,15.046175740783776,0.001,12.525119915111533,0.0010069163187980948,26.541062807037115,100,100
ENSMUSG00000104158,0.001,62.31581250733508,1.0,0.001,0.001,0.0016287484470081772,0.10693780673122082,100,100
ENSMUSG00000104159,0.001,62.31581250733508,1.0,0.001,0.001,0.0017452073363734377,0.2105234820630451,100,100
ENSMUSG00000104161,0.001,62.31581250733508,1.0,0.001,0.001,0.0017657018457788885,0.20935928633645357,100,100
ENSMUSG00000104164,1.421002959611816,340.4393560865186,1.0,0.001,12.203640244035473,0.001000000000006077,0.0547832637920834,100,100
ENSMUSG00000104166,4.131519129298434,1000.0,1.000247281024765,0.001,12.04806097091815,0.0010042949293097231,0.0286052955162715,100,100
ENSMUSG00000104168,0.4113139928541766,33.324108267053845,12.461364754430685,0.14197143315651806,16.466353353223287,0.005693621301733479,1.0829455961547967,100,100
ENSMUSG00000104170,0.001,62.31581250733508,1.0,0.001,0.001,0.0016947931007707442,0.1693133671415432,100,100
ENSMUSG00000104181,0.001,62.31581250733508,1.0,0.001,0.001,0.001829684585276223,0.32309573643813627,100,100
ENSMUSG00000104187,0.001,61.259704531272526,1.0,0.001,0.0010000000000000009,0.0014366774257110713,0.14244290651995897,100,100
ENSMUSG00000104190,0.001,62.31581250733508,1.0,0.001,0.0010000000000000005,0.0021887109930375506,0.08562306922530674,100,100
ENSMUSG00000104192,0.001,62.31581250733508,1.0,0.001,0.001,0.001868091824221923,0.23007340318710373,100,100
ENSMUSG00000104195,16.660510620855753,990.7991522330892,1.0,0.001,27.93656715700194,0.001,0.008966420354323316,100,100
ENSMUSG00000104197,0.003278745494802053,11.907628964341697,29.167348987211728,0.001,0.1703702479048235,0.0016684575986057938,18.584712537421133,100,100
ENSMUSG00000104200,0.023968818552293714,21.160267308540067,29.08865872214441,0.001,10.279276785413504,0.0013944762628788564,48.875926833583165,100,100
ENSMUSG00000104204,0.001,62.31581250733508,1.0,0.001,0.001,0.0018265764819334757,0.09324246989289516,100,100
ENSMUSG00000104208,8.05317260520757,605.302332721695,1.0086047764462662,0.001,22.80587754959057,0.0010000000000052647,0.013279427621034956,100,100
ENSMUSG00000104212,0.001,61.259704531272526,1.0,0.001,0.001,0.0015758244381158892,0.33591534412288887,100,100
ENSMUSG00000104214,12.24376453197033,842.8694808836475,1.1591376556689086,0.001,27.89296271413827,0.001,0.010057312054477949,100,100
ENSMUSG00000104217,0.001,62.31581250733508,1.0,0.001,0.001,0.0015787722219831827,0.22434212176178608,100,100
ENSMUSG00000104225,0.003272510232694795,9.794560368167126,23.900672066372177,0.001,0.03470751053523889,0.0015489893029323415,13.861630558401082,100,100
ENSMUSG00000104231,0.001,62.31581250733508,1.0,0.001,0.001,0.0018625001040771588,0.35961400236023555,100,100
ENSMUSG00000104235,0.001,61.674132606755,1.0,0.001,0.001,0.0015831438760125767,0.22875007815119525,100,100
ENSMUSG00000104239,0.001,62.31581250733508,1.0,0.001,0.001,0.0017154449607181366,0.18988510683037715,100,100
ENSMUSG00000104240,0.001,62.31581250733508,1.0,0.001,0.001,0.0018547180471115475,0.2107271189741348,100,100
ENSMUSG00000104241,0.013394287459038628,21.528223724978954,33.00301007751438,0.001,2.408006288331803,0.0016460402643999298,32.16795993566217,100,100
ENSMUSG00000104244,0.001,62.31581250733508,1.0,0.001,0.001,0.0016992694190030894,0.1486106502507329,100,100
ENSMUSG00000104245,0.001,66.84427540036525,1.0,0.001,0.001,0.001884612847779053,0.1321193200255026,100,100
ENSMUSG00000104252,2.0813166845897446,503.1765750646759,1.0,0.001,8.303900983272484,0.0010000000518842816,0.04409104453159681,100,100
ENSMUSG00000104253,0.001,61.674132606755,1.0,0.001,0.0010000000000000005,0.001665021262022923,0.21061371772315124,100,100
ENSMUSG00000104262,0.8851908330809943,212.44662419193685,1.0,0.001,6.196694569921965,0.0012788845503598672,0.0811264883772963,100,100
ENSMUSG00000104263,0.001,61.674132606755,1.0,0.001,0.001,0.0017281190276553413,0.21019604714555917,100,100
ENSMUSG00000104266,0.001,62.31581250733508,1.0,0.001,0.001,0.0018375758411656937,0.23894820832878427,100,100
ENSMUSG00000104268,0.001,50.69008473218016,1.0,0.001,0.001,0.0016994127525612316,0.10918405327002666,100,100
ENSMUSG00000104272,0.001,61.674132606755,1.0,0.001,0.001,0.001650655462610345,0.19424023817197456,100,100
ENSMUSG00000104273,0.34623129974846123,4.666013980199029,1.7946939045140953,0.03976599795029635,60.76115826485346,0.0017720245042018787,1.9077612476226782,100,100
ENSMUSG00000104279,0.038996095395461935,5.38453060684183,5.739824997537192,0.009748242016794082,21.887631722679497,0.0012640285666350585,4.49616199431131,100,100
ENSMUSG00000104280,0.01132035104209177,18.464572145062846,21.089050618955397,0.001,4.655300841000936,0.001395355497351544,11.580868717455363,100,100
ENSMUSG00000104286,0.001,62.31581250733508,1.0,0.001,0.001,0.0019650685664681974,0.38599663552913105,100,100
ENSMUSG00000104291,0.001,62.31581250733508,1.0,0.001,0.001,0.0020648226340868447,0.08138656354999044,100,100
ENSMUSG00000104292,0.001000140260250876,0.0012136702539652427,1.13464947415777,0.001,0.9138963055618718,0.5133457286709107,1052.0694863240583,100,100
ENSMUSG00000104293,4.397925028509689,997.9887629447819,1.0,0.001,8.319448020932604,0.0010000000000007798,0.20583054074634483,100,100
ENSMUSG00000104302,0.001,61.45463549419866,1.0,0.001,0.001,0.0014593255176443432,0.19219548284220173,100,100
ENSMUSG00000104316,0.001,62.31581250733508,1.0,0.001,0.0010000000000000005,0.0015329743423633869,0.3141459069020275,100,100
ENSMUSG00000104324,0.001,61.674132606755,1.0,0.001,0.001,0.001576844860059553,0.3472239030869109,100,100
ENSMUSG00000104325,1.8145822829794953,434.3402381094074,1.0,0.001,11.958762211662599,0.0010011240103584085,0.04534756589400983,100,100
ENSMUSG00000104327,0.001,62.31581250733508,1.0,0.001,0.001,0.0017051705265948534,0.05642577137000662,100,100
ENSMUSG00000104330,0.002105417527305254,6.329981712902209,36.701240565934334,0.001,0.038954534287706136,0.002858446083972872,28.79755599028191,100,100
ENSMUSG00000104334,0.4282965282830732,103.14966607220127,1.0,0.001,7.2036837429201,0.001378626266512748,0.1315448116011391,100,100
ENSMUSG00000104339,0.3321302552175838,3.5733159370276883,1.903024343286757,0.09407017596114542,15.781704368868573,0.031197529180694815,2.1696552970658525,100,100
ENSMUSG00000104340,0.001,66.84427540036525,1.0,0.001,0.001,0.0015362560402001312,0.5357563353353949,100,100
ENSMUSG00000104342,0.001,62.31581250733508,1.0,0.001,0.0010000000000000005,0.0016303409580878249,0.13134644137044219,100,100
ENSMUSG00000104344,1.6046320348181988,386.05076768576816,1.0,0.001,6.875688443691789,0.0013020403112586052,0.04437342459415752,100,100
ENSMUSG00000104346,0.062366162929092306,2.039604062637114,1.0,0.009353256866380957,23.849488122420272,0.0010000017404700123,2.248051514369801,100,100
ENSMUSG00000104347,0.001,66.84427540036525,1.0,0.001,0.0010000000000000005,0.0015309841741766156,0.1651569703020579,100,100
ENSMUSG00000104351,0.001,66.84427540036525,1.0,0.001,0.001,0.0016250599389852245,0.19102627310552764,100,100
ENSMUSG00000104358,4.132577005576439,999.9999999828615,1.0,0.001,10.853806546071073,0.001,0.1514128642635134,100,100
ENSMUSG00000104360,0.001,51.120684877935744,1.0,0.001,0.001,0.002235041400113091,0.2365041995025149,100,100
ENSMUSG00000104362,0.001,62.31581250733508,1.0,0.001,0.001,0.0017744846780512144,0.1205205693545158,100,100
ENSMUSG00000104367,0.001,62.31581250733508,1.0,0.001,0.0010000000000000005,0.0015917166712578774,0.15575113876677382,100,100
ENSMUSG00000104368,0.001,62.31581250733508,1.0,0.001,0.001,0.0017674230383496066,0.253959349922816,100,100
ENSMUSG00000104369,0.2673127090714669,20.190228447448874,7.370454031265622,0.0813543282087369,66.56761700104299,0.001162680558629611,1.3206636196396124,100,100
ENSMUSG00000104370,0.001,62.31581250733508,1.0,0.001,0.001,0.001727878045706296,0.2056402361565134,100,100
ENSMUSG00000104376,0.001,62.31581250733508,1.0,0.001,0.001,0.0016975822149299783,0.08272364918281844,100,100
ENSMUSG00000104378,12.515739487643256,725.4010592258202,1.0,0.32916507793096356,21.656037967162753,0.001,0.008938770984127665,100,100
ENSMUSG00000104379,0.001,62.31581250733508,1.0,0.001,0.001,0.001653908801252887,0.13181989912279762,100,100
ENSMUSG00000104383,0.001,62.31581250733508,1.0,0.001,0.001,0.001987343593218517,0.173253279417818,100,100
ENSMUSG00000104385,0.001,62.31581250733508,1.0,0.001,0.0010000000000000005,0.0015428468810468048,0.27530045861502367,100,100
ENSMUSG00000104388,16.09721803642464,946.5483658666124,1.043602006674231,0.001,27.827921476361738,0.001,0.009019509614096585,100,100
ENSMUSG00000104391,0.001,62.31581250733508,1.0,0.001,0.0010000000000000005,0.0015623880200654572,0.14922582201096146,100,100
ENSMUSG00000104392,0.34950224435675087,17.442810755861913,2.513813170286084,0.023266493461009993,45.28536468379667,0.0011251783545567018,0.6399123054199459,100,100
ENSMUSG00000104394,2.2909001878826274,546.7058370600222,1.0,0.001,7.561644239482096,0.0010000581180829539,0.07108683673167078,100,100
ENSMUSG00000104399,0.0391514072726854,20.307344256921905,10.72139350196991,0.001,19.367589599097514,0.0010000000000000135,7.256025750113697,100,100
ENSMUSG00000104400,0.001,62.31581250733508,1.0,0.001,0.001,0.0016002829009206842,0.3179930738710437,100,100
ENSMUSG00000104401,0.001,66.84427540036525,1.0,0.001,0.001,0.0016395655870310739,0.31946641970078843,100,100
ENSMUSG00000104406,12.163481507049573,999.9999999949056,1.040338826567265,0.001,18.88292304284699,0.0010000052881979334,0.012336763442918293,100,100
ENSMUSG00000104413,0.001,59.101841166386166,1.0,0.001,0.001,0.0015059833349826707,0.1490440962431416,100,100
ENSMUSG00000104414,0.001,62.31581250733508,1.0,0.001,0.001,0.0018053245424070555,0.2670256742755157,100,100
ENSMUSG00000104415,12.120838721294525,576.4139555155732,1.0,0.001,29.11003088457939,0.001,0.00902911730582176,100,100
ENSMUSG00000104416,0.3434048644031658,4.414515479987349,4.809794752106289,0.00932489417939243,0.8110364300630029,0.4328847378213509,39.79443802281781,100,100
ENSMUSG00000104418,5.201597701870122,540.7093178379345,1.0251438693451778,0.001,23.611767760252796,0.001,0.014026217693300758,100,100
ENSMUSG00000104420,0.048399130559588395,18.031398163102242,9.468518933032216,0.001,18.0366047490242,0.0011115874331123017,22.05077228615685,100,100
ENSMUSG00000104427,0.001,62.31581250733508,1.0,0.001,0.001,0.0024899882250429186,0.08650952984833263,100,100
ENSMUSG00000104432,4.132577005576439,999.9999999828615,1.0,0.001,5.990490350000387,0.0010000000023633235,0.07383224476398995,100,100
ENSMUSG00000104435,9.217602384011764,559.6768351472551,1.0147629378992569,0.001,24.905848028803987,0.00100003912015946,0.008367744596135165,100,100
ENSMUSG00000104436,3.07783631307003,741.2598198343227,1.0,0.001,14.541279533881486,0.0010716399741469917,0.05485662248178409,100,100
ENSMUSG00000104443,0.001,62.31581250733508,1.0,0.001,0.0010000000000000005,0.0015063657742730397,0.10309581025447692,100,100
ENSMUSG00000104445,0.001,66.84427540036525,1.0,0.001,0.001,0.0015679657989641663,0.601909869755777,100,100
ENSMUSG00000104448,2.684773051267332,649.196933434762,1.0,0.001,7.672586710649801,0.0011070965212989095,0.042489311754306494,100,100
ENSMUSG00000104449,0.16345342490396755,17.366630032985256,9.702233578058284,0.02119370278724555,0.7276238910647441,0.09330751369639413,4.784534048782221,100,100
ENSMUSG00000104453,0.001,62.31581250733508,1.0,0.001,0.001,0.001597849980926162,0.2611827424400324,100,100
ENSMUSG00000104459,0.0030759525965025486,9.479427714505475,26.36337171415412,0.001,0.10566832890592726,0.001707105237226795,16.931100450081566,100,100
ENSMUSG00000104467,0.02259983950231183,20.744559301379834,15.086198223966184,0.001,12.585565720306407,0.001002867108032717,14.908859532773842,100,100
ENSMUSG00000104469,8.303227721357834,1000.0,1.0,0.001,17.44565879064106,0.001,0.016898739575911616,100,100
ENSMUSG00000104476,0.5584042643200869,16.593029618344502,33.176797134804694,0.15485323119758793,0.7092460309536335,1.5760970972122563,11.841502257653051,100,100
ENSMUSG00000104479,0.001,62.31581250733508,1.0,0.001,0.001,0.001814451442194861,0.20832600889380898,100,100
ENSMUSG00000104484,3.587294459550871,865.3617848798796,1.0,0.001,8.336980153970265,0.0010000000052864289,0.1236308785785008,100,100
ENSMUSG00000104485,0.001,62.31581250733508,1.0,0.001,0.001,0.001518155959244687,0.15100657290320146,100,100
ENSMUSG00000104493,0.001,66.84427540036525,1.0,0.001,0.0010000000000000005,0.0017330078624298584,0.2449275619882374,100,100
ENSMUSG00000104497,0.001,62.31581250733508,1.0,0.001,0.001,0.001991256219814396,0.13799844784698082,100,100
ENSMUSG00000104501,0.001,60.60768216058454,1.0,0.001,0.001,0.0018783675336553171,0.09657137109270396,100,100
ENSMUSG00000104502,0.001,62.31581250733508,1.0,0.001,0.001,0.0021821986105767,0.16398273229701252,100,100
ENSMUSG00000104503,19.092095581255855,640.444413703967,1.0,0.001,38.08336386936588,0.001,0.008984892175235584,100,100
ENSMUSG00000104504,0.001,62.31581250733508,1.0,0.001,0.001,0.0015806274045997199,0.16148693755375582,100,100
ENSMUSG00000104512,0.001,62.31581250733508,1.0,0.001,0.001,0.001747904308288006,0.08162039624835526,100,100
ENSMUSG00000104514,0.001,66.84427540036525,1.0,0.001,0.001,0.0024260525372096046,0.18378619933655038,100,100
ENSMUSG00000104515,0.001,62.31581250733508,1.0,0.001,0.001,0.001969363961219497,0.14502093903801244,100,100
ENSMUSG00000104523,0.001,62.31581250733508,1.0,0.001,0.0010000000000000005,0.001543843503977037,0.20097338183348096,100,100
ENSMUSG00000104524,0.12138074655278797,18.440642773282686,5.053568537661681,0.001,33.544482572145455,0.0010320443913487494,2.2347871009690703,100,100
ENSMUSG00000104528,0.001,62.31581250733508,1.0,0.001,0.0010000000000000009,0.001660364117853599,0.14481643794277554,100,100
ENSMUSG00000104529,0.001,62.31581250733508,1.0,0.001,0.001,0.001943198028564685,0.20317063580926198,100,100
ENSMUSG00000104535,0.001,62.31581250733508,1.0,0.001,0.001,0.0015629494703706475,0.1605943555233743,100,100
ENSMUSG00000104546,0.07318343729292714,1.493842320446073,3.1335599056979064,0.001,0.31421240111537785,0.27346035507873645,129.2212958977565,100,100
ENSMUSG00000104547,0.10374751724408575,5.977044054937382,10.707368725878885,0.013352697424947223,0.27990380208977683,0.39132384123499797,7.491544270564123,100,100
ENSMUSG00000104548,0.010817921180787438,19.661622444343653,22.428140324187684,0.001,3.6685498577335673,0.0016848976518949042,19.065509408868827,100,100
ENSMUSG00000104549,0.001,61.674132606755,1.0,0.001,0.001,0.0019371058755600276,0.3629897250880628,100,100
ENSMUSG00000104554,0.001,62.31581250733508,1.0,0.001,0.001,0.0019879091189011267,0.20953793035083687,100,100
ENSMUSG00000104559,21.111837879708236,840.9930760481485,1.0109821711679068,0.001,29.826082197071273,0.001010281843464036,0.007821561946433773,100,100
ENSMUSG00000104564,2.684773051267332,649.196933434762,1.0,0.001,8.471451159925497,0.001284862237180605,0.06641723320173237,100,100
ENSMUSG00000104566,0.881564516204355,212.83947995384116,1.0,0.001,4.782328549042461,0.0013750065311887482,0.045336563040260854,100,100
ENSMUSG00000104569,0.001,66.84427540036525,1.0,0.001,0.001,0.0017343123525594007,0.08207364055503222,100,100
ENSMUSG00000104571,0.001,62.31581250733508,1.0,0.001,0.001,0.0017885916408872237,0.08524806905996829,100,100
ENSMUSG00000104574,0.001,62.31581250733508,1.0,0.001,0.001,0.0017484986339459762,0.18080664946043265,100,100
ENSMUSG00000104576,29.550904618647557,685.0606980803889,1.0,0.001,49.117051315500724,0.0010274148869509406,0.008715327032247904,100,100
ENSMUSG00000104580,0.001,62.31581250733508,1.0,0.001,0.001,0.0014210994933244042,0.10430788353097274,100,100
ENSMUSG00000104583,3.573965933788812,426.5850839695306,1.0,0.001,16.521722955780596,0.001,0.03095306038508174,100,100
ENSMUSG00000104585,0.060339084277518155,19.50082685441968,7.997741032966733,0.001,20.264982917702504,0.0010000000327644036,2.137887028257751,100,100
ENSMUSG00000104586,0.001,62.31581250733508,1.0,0.001,0.0010000000000000005,0.001477124268440632,0.2741188624265022,100,100
ENSMUSG00000104588,0.001,62.31581250733508,1.0,0.001,0.001,0.0014916892555040752,0.1979236929775155,100,100
ENSMUSG00000104591,0.001,61.674132606755,1.0,0.001,0.001,0.001848794078734456,0.24931744445147952,100,100
ENSMUSG00000104597,0.001,61.88525872635182,1.0,0.001,0.0010000000000000009,0.0017689343938498267,0.37721964697511806,100,100
ENSMUSG00000104605,0.001,61.88525872635182,1.0,0.001,0.0010000000000000005,0.0017263663140395153,0.14466311085433473,100,100
ENSMUSG00000104610,0.001,62.31581250733508,1.0,0.001,0.001,0.0018381316423866784,0.06607733920823544,100,100
ENSMUSG00000104612,0.001,66.84427540036525,1.0,0.001,0.001,0.0016935983587841586,0.14799455991224397,100,100
ENSMUSG00000104615,0.001,61.674132606755,1.0,0.001,0.001,0.0016795898045347244,0.0656775528400268,100,100
ENSMUSG00000104616,0.0032033766347731173,9.488363155065302,24.011424445382403,0.001,0.048181548558029974,0.0018905513988779498,16.89049796587709,100,100
ENSMUSG00000104621,0.04710251670174405,20.088746818345726,14.153590438220435,0.001,6.4696206820074185,0.0020929938447820824,17.136266884145286,100,100
ENSMUSG00000104623,4.331105334778328,15.033360625563214,138.2017031425828,2.9598138352646695,6.4219545430387335,4.970545811216941,19.375325259409763,100,100
ENSMUSG00000104627,0.001,62.31581250733508,1.0,0.001,0.001,0.001992168719218486,0.3583533180455047,100,100
ENSMUSG00000104631,0.18471948424549425,4.788077132608706,2.4159135435939865,0.02892250053970591,29.727901282225126,0.0021162343396555604,3.749495509527548,100,100
ENSMUSG00000104633,0.001,62.31581250733508,1.0,0.001,0.001,0.0019146020890516606,0.48694281152296803,100,100
ENSMUSG00000104639,0.001,62.31581250733508,1.0,0.001,0.001,0.0015948892128744862,0.14520192767390028,100,100
ENSMUSG00000104641,0.1656588662673191,39.53920567850924,1.0,0.001,12.006235967365882,0.001009812213640443,0.059358315200486116,100,100
ENSMUSG00000104646,0.001,55.86744339634488,1.0,0.001,0.001,0.0019625330733253196,0.23459645807152338,100,100
ENSMUSG00000104648,0.001,62.31581250733508,1.0,0.001,0.0010000000000000009,0.0017993244929276056,0.15867158264928058,100,100
ENSMUSG00000104653,2.4117868720731566,566.1443840916913,1.0,0.001,7.410388358276737,0.001209619763708554,0.07793787528318699,100,100
ENSMUSG00000104654,0.001,62.31581250733508,1.0,0.001,0.0010000000000000009,0.001536551322528714,0.1574304868991322,100,100
ENSMUSG00000104662,8.11122088141008,637.5746610023273,1.0,0.001,19.28200545820878,0.001000019615546222,0.019203043307755834,100,100
ENSMUSG00000104663,0.001,61.674132606755,1.0,0.001,0.001,0.0015239761161297172,0.3161553879545116,100,100
ENSMUSG00000104667,0.001,61.88525872635182,1.0,0.001,0.001,0.001415077245651783,0.18410731254743243,100,100
ENSMUSG00000104670,0.001,66.84427540036525,1.0,0.001,0.0010000000000000005,0.0016231475023013647,0.15432522952101635,100,100
ENSMUSG00000104671,0.010802611086956428,19.98429023348946,22.726030831136615,0.001,3.2241267840616166,0.001989206541946269,17.107798945691986,100,100
ENSMUSG00000104674,0.001,62.31581250733508,1.0,0.001,0.001,0.001635230571585104,0.10210467646041417,100,100
ENSMUSG00000104675,0.001,61.88525872635182,1.0,0.001,0.001,0.0018433063100610208,0.4195918190664109,100,100
ENSMUSG00000104676,0.001,66.84427540036525,1.0,0.001,0.001,0.0016225400233198942,0.11790639361360056,100,100
ENSMUSG00000104682,17.176160840238676,1000.0,1.0,0.001,31.86281155601186,0.001,0.009015724539258588,100,100
ENSMUSG00000104684,0.001,66.84427540036525,1.0,0.001,0.001,0.0016327708723333002,0.35256286608101395,100,100
ENSMUSG00000104685,0.001,62.31581250733508,1.0,0.001,0.001,0.0018260425137534661,0.07385096787175546,100,100
ENSMUSG00000104686,0.22778595171932306,1.914480260607438,1.3014794000455734,0.05609645732134763,1.703315566518295,0.056900104298267876,2.6712846839229227,100,100
ENSMUSG00000104687,0.29645884693400076,30.91345607529891,19.505603475515414,0.15411340384896838,1.2222106425881336,0.1426398264194162,1.3951990173458797,100,100
ENSMUSG00000104693,8.30255325224178,1000.0,1.0,0.001,13.094620525738115,0.0010273674308948818,0.0665157577087391,100,100
ENSMUSG00000104694,0.001,66.84427540036525,1.0,0.001,0.0010000000000000005,0.001697575286731431,0.18608336466130143,100,100
ENSMUSG00000104695,0.001,42.85656449594439,1.0,0.001,0.001,0.0024862149123362712,0.2377983708487564,100,100
ENSMUSG00000104701,0.001,66.84427540036525,1.0,0.001,0.001,0.0018068315438583473,0.49976131423299525,100,100
ENSMUSG00000104704,0.001,66.84427540036525,1.0,0.001,0.0010000000000000005,0.0016736010188599503,0.8612175457655068,100,100
ENSMUSG00000104706,0.001,61.88525872635182,1.0,0.001,0.001,0.0017755399686950786,0.15545766262320898,100,100
ENSMUSG00000104708,0.001,62.31581250733508,1.0,0.001,0.001,0.0015976916527321583,0.20364783985354806,100,100
ENSMUSG00000104709,2.684773051267332,649.196933434762,1.0,0.001,10.295649796664046,0.0010000134476061784,0.039904527691254806,100,100
ENSMUSG00000104713,0.011147328960678757,19.366081517834555,22.07389573138254,0.001,5.049753404809733,0.0015241958432338706,20.809540105258744,100,100
ENSMUSG00000104717,0.001,62.31581250733508,1.0,0.001,0.0010000000000000005,0.0018007170237880148,0.1375467318477767,100,100
ENSMUSG00000104719,0.001,61.024058264401226,1.0,0.001,0.001,0.0016190956100327245,0.5776018963879456,100,100
ENSMUSG00000104720,0.001,61.259704531272526,1.0,0.001,0.001,0.0018768067233746462,0.2855482125811368,100,100
ENSMUSG00000104723,0.001,62.31581250733508,1.0,0.001,0.0010000000000000005,0.00176812375582257,0.1680840628926855,100,100
ENSMUSG00000104724,8.142456658454897,999.9999985789157,1.023170245601045,0.001,13.538905394612796,0.0010787295957940027,0.03519751105709261,100,100
ENSMUSG00000104728,6.928071200189064,831.0118335892882,1.0,0.001,21.058254670271374,0.0010000000000000148,0.01316855047263927,100,100
ENSMUSG00000104729,0.001,61.024058264401226,1.0,0.001,0.001,0.0016343061762289562,0.13429934141420846,100,100
ENSMUSG00000104735,0.20526508093410747,2.2142464775601627,5.160506643302067,0.1045303343184037,0.4286421158785251,0.9786666070958674,5.7344017318176235,100,100
ENSMUSG00000104737,0.001,66.84427540036525,1.0,0.001,0.0010000000000000009,0.0019218147696345705,0.14843957580096553,100,100
ENSMUSG00000104748,0.001,66.84427540036525,1.0,0.001,0.0010000000000000005,0.0015462598842980607,0.12266112758915787,100,100
ENSMUSG00000104755,0.001,62.31581250733508,1.0,0.001,0.0010000000000000009,0.0021737079824188108,0.20018942171655402,100,100
ENSMUSG00000104756,0.001,62.31581250733508,1.0,0.001,0.0010000000000000009,0.001650640378659682,0.08579804577343093,100,100
ENSMUSG00000104761,4.511091945557395,999.9999999969147,1.0004959400683953,0.001,8.390419251871768,0.0010422136842470476,0.07260329888490627,100,100
ENSMUSG00000104767,0.001,62.31581250733508,1.0,0.001,0.001,0.00234878443082686,0.19288753313154228,100,100
ENSMUSG00000104776,0.001,62.31581250733508,1.0,0.001,0.001,0.0016262347260975788,0.30015065852558204,100,100
ENSMUSG00000104781,0.001,66.84427540036525,1.0,0.001,0.0010000000000000005,0.0017509334607075182,0.1566193413678691,100,100
ENSMUSG00000104784,8.302194090422104,999.9999999969199,1.0,0.001,13.251889581991774,0.0010058860279903762,0.20647713071965174,100,100
ENSMUSG00000104786,0.001,61.88525872635182,1.0,0.001,0.001,0.0016933267493127473,0.2668400683750064,100,100
ENSMUSG00000104788,4.134300499511258,1000.0,1.0,0.001,5.593769777198642,0.001224078346508736,0.0688995575189971,100,100
ENSMUSG00000104793,0.001,66.84427540036525,1.0,0.001,0.001,0.0019806686046754795,0.10901674127827493,100,100
ENSMUSG00000104795,0.19877241049921848,22.379383524739964,26.581080577015747,0.00393619240281593,0.3661065111538888,0.6187376829591381,101.30334034792878,100,100
ENSMUSG00000104801,0.001,62.31581250733508,1.0,0.001,0.001,0.0013924869181350017,0.2645256928376407,100,100
ENSMUSG00000104802,0.001,43.800753885780274,1.0,0.001,0.001,0.0021104560274152677,0.2625170668025725,100,100
ENSMUSG00000104814,0.046729465529353115,19.413044004475267,17.79058741007441,0.001,1.6412763812128015,0.001662156195489646,47.56337412806917,100,100
ENSMUSG00000104818,0.001,61.88525872635182,1.0,0.001,0.0010000000000000005,0.001712284816119508,0.1696822379150941,100,100
ENSMUSG00000104821,3.6798704859081064,444.70131365698893,1.0,0.001,16.10595601132241,0.0010000000000066405,0.0314800109972464,100,100
ENSMUSG00000104822,0.001,62.31581250733508,1.0,0.001,0.0010000000000000005,0.0016320436297005147,0.12686446527458525,100,100
ENSMUSG00000104823,0.001,61.45463549419866,1.0,0.001,0.001,0.0015126500691157521,0.18570314408622288,100,100
ENSMUSG00000104828,28.999347735993055,952.3198926320648,1.0,0.001,41.83556848402476,0.0010000000000016216,0.008864752431402194,100,100
ENSMUSG00000104829,0.001,62.31581250733508,1.0,0.001,0.001,0.001895613901030255,0.19495907171907742,100,100
ENSMUSG00000104830,0.001,62.31581250733508,1.0,0.001,0.0010000000000000009,0.0016986961092027024,0.22341832627882363,100,100
ENSMUSG00000104835,0.001,62.31581250733508,1.0,0.001,0.001,0.001694509461239404,0.18385456907813463,100,100
ENSMUSG00000104841,0.004266957043634825,9.598687238975597,54.48945405971839,0.001,8.529598812342996,0.0011295189450689145,24.16051423511169,100,100
ENSMUSG00000104846,0.23962944108549117,17.492983884292194,4.642821765876847,0.034827235231606156,37.05305466971643,0.0013646727611555704,1.8559863734220232,100,100
ENSMUSG00000104850,0.001,66.84427540036525,1.0,0.001,0.001,0.0015200551623954508,0.18014559922939088,100,100
ENSMUSG00000104852,0.001,61.88525872635182,1.0,0.001,0.001,0.00163253642725659,0.24142131949717943,100,100
ENSMUSG00000104854,0.001,62.31581250733508,1.0,0.001,0.0010000000000000005,0.001448752284579797,0.12054306217550198,100,100
ENSMUSG00000104858,0.007001478580871561,14.852338677814117,81.1095028493811,0.001,0.07061693486322598,0.00528256797330948,69.95616622151431,100,100
ENSMUSG00000104860,0.001,62.31581250733508,1.0,0.001,0.001,0.0018280155471906137,0.30442190003869135,100,100
ENSMUSG00000104861,0.001,62.31581250733508,1.0,0.001,0.0010000000000000005,0.0018158113516513234,0.18018797586078877,100,100
ENSMUSG00000104864,0.001,66.84427540036525,1.0,0.001,0.0010000000000000005,0.0018364689942414988,0.18845865664870678,100,100
ENSMUSG00000104867,0.001,61.88525872635182,1.0,0.001,0.001,0.0015834780966142246,0.26708564860901973,100,100
ENSMUSG00000104869,4.132577005576439,999.9999999828615,1.0,0.001,6.320253829928994,0.001000922046266313,0.08655019587757681,100,100
ENSMUSG00000104871,5.5623235570686465,668.9800071663468,1.0444128278986637,0.001,17.44626383982201,0.001,0.0542722155526066,100,100
ENSMUSG00000104872,0.001,62.31581250733508,1.0,0.001,0.001,0.001748650027306791,0.10031849897075526,100,100
ENSMUSG00000104873,0.001,62.31581250733508,1.0,0.001,0.001,0.001677905372062261,0.2243279830760727,100,100
ENSMUSG00000104874,0.003187314744809363,11.008311262188817,28.254790821369774,0.001,0.05676291136888249,0.0014716633889860862,15.783493882891825,100,100
ENSMUSG00000104876,0.10326377140871987,10.650236829333483,6.098842202002821,0.02155361126850812,23.662821588777074,0.0013571867823321487,2.1142967449611536,100,100
ENSMUSG00000104877,0.001,62.31581250733508,1.0,0.001,0.001,0.00150885880183342,0.3876060063084924,100,100
ENSMUSG00000104882,0.001,60.60768216058454,1.0,0.001,0.001,0.0019152524034858282,0.14648816944248289,100,100
ENSMUSG00000104886,0.001,62.31581250733508,1.0,0.001,0.001,0.002119231193316293,0.07301190381376894,100,100
ENSMUSG00000104891,0.09803674959365684,8.557893742769252,4.695556199188257,0.003181008647468651,5.233138967253711,0.0027274123634692263,10.634689021605336,100,100
ENSMUSG00000104893,0.001,62.31581250733508,1.0,0.001,0.001,0.0015951232348306648,0.13248551976068745,100,100
ENSMUSG00000104897,0.001,62.31581250733508,1.0,0.001,0.0010000000000000009,0.0014934135125313414,0.14443844805853082,100,100
ENSMUSG00000104900,0.001,62.31581250733508,1.0,0.001,0.001,0.0015024644031057795,0.10138885638699005,100,100
ENSMUSG00000104903,0.001,66.84427540036525,1.0,0.001,0.001,0.001386197351832998,0.2465644991404064,100,100
ENSMUSG00000104904,2.0813166845897446,503.1765750646759,1.0,0.001,11.296733475000458,0.0010011100267531157,0.11640307558910061,100,100
ENSMUSG00000104906,4.499215241665067,537.7913865366548,1.0020230966268138,0.001,16.888559532682507,0.001,0.017677243068073265,100,100
ENSMUSG00000104910,0.06087902954851832,19.531128280227932,8.005168541730079,0.001,20.143387390091398,0.0010215912716366876,13.58290694476795,100,100
ENSMUSG00000104912,0.001,66.84427540036525,1.0,0.001,0.001,0.0016261637956953142,0.2594784955618552,100,100
ENSMUSG00000104913,nan,nan,nan,nan,nan,nan,nan,0,0
ENSMUSG00000104914,0.001,62.31581250733508,1.0,0.001,0.001,0.0017253327430938482,0.13239588634727312,100,100
ENSMUSG00000104916,9.168355309418061,729.9101187740961,1.0,0.001,21.10143310556672,0.001,0.009046200452152972,100,100
ENSMUSG00000104917,0.003207854322711785,10.353985893480228,26.27662992682541,0.001,0.07901777503559759,0.00168730661104078,11.430728810425784,100,100
ENSMUSG00000104918,0.006557723098110739,17.44349648474507,43.575935113642224,0.001,3.5974992418230514,0.0017372340923046195,19.640900730957934,100,100
ENSMUSG00000104920,4.132577005576439,999.9999999828615,1.0,0.001,6.133245984169344,0.0011332451931991396,0.06448733868906203,100,100
ENSMUSG00000104925,0.001,62.31581250733508,1.0,0.001,0.001,0.0018807776579625325,0.10207378091839076,100,100
ENSMUSG00000104932,0.001,62.31581250733508,1.0,0.001,0.001,0.001683130677260575,0.11147891607457416,100,100
ENSMUSG00000104936,0.001733207268556493,6.900728240589365,63.42841090668227,0.001,0.014176419688007666,0.002144744888843407,32.15278310458764,100,100
ENSMUSG00000104938,1.962277371549482,468.48058284406227,1.0,0.001,6.374014229959602,0.001217518171972784,0.06004781024629131,100,100
ENSMUSG00000104940,0.881564516204355,212.83947995384116,1.0,0.001,7.394325326243708,0.0011323147696597345,0.03123781143098213,100,100
ENSMUSG00000104943,1.2942464081253242,312.7073817864961,1.0,0.001,8.09097707231492,0.001062712912540456,0.05545426517413342,100,100
ENSMUSG00000104945,0.001,62.31581250733508,1.0,0.001,0.001,0.0018631013991817801,0.07550048398881708,100,100
ENSMUSG00000104946,0.4282965282830732,103.14966607220127,1.0,0.001,7.847081818679388,0.0010001725096775264,0.12059475067858588,100,100
ENSMUSG00000104947,0.001,62.31581250733508,1.0,0.001,0.001,0.0021680120343638525,0.07909676568660454,100,100
ENSMUSG00000104950,0.03316579662700898,21.1715636564321,18.343006186677467,0.001,10.04976868044993,0.0012973415291126595,26.312116860600838,100,100
ENSMUSG00000104951,0.0067054789724258395,20.7291788735452,50.47435894525615,0.001,0.05594488873211659,0.0018119359372826787,42.79307218508485,100,100
ENSMUSG00000104952,0.001,62.31581250733508,1.0,0.001,0.0010000000000000009,0.001542882324234599,0.09793457425573468,100,100
ENSMUSG00000104956,0.001,66.84427540036525,1.0,0.001,0.001,0.0016219938329800423,0.5109090692780767,100,100
ENSMUSG00000104960,2.8063997475291993,24.69586181381303,98.38916104863681,2.3000747799128636,4.6987775816577955,2.0937214918711513,5.508585908792851,100,100
ENSMUSG00000104965,6.989309734471989,856.0563073940409,1.0191902591691848,0.001,16.81515078271867,0.001000381595357876,0.013688228971818095,100,100
ENSMUSG00000104966,0.001,62.31581250733508,1.0,0.001,0.001,0.001511099074873526,0.2086299480852694,100,100
ENSMUSG00000104968,0.001,61.45463549419866,1.0,0.001,0.0010000000000000005,0.0016742810872927985,0.17982484058837594,100,100
ENSMUSG00000104970,0.001,62.31581250733508,1.0,0.001,0.001,0.0017341357854774686,0.13163272399622683,100,100
ENSMUSG00000104972,4.203795467877943,1000.0,1.0,0.001,12.717036417646748,0.0010000000000073713,0.04464053201818602,100,100
ENSMUSG00000104973,2.4158100153465694,602.2558097932875,1.1293592519764601,0.001,9.103485027944888,0.0010031486042397328,0.07137164022505553,100,100
ENSMUSG00000104978,0.001,61.674132606755,1.0,0.001,0.001,0.0016571169433836882,0.06899278866314448,100,100
ENSMUSG00000104979,0.001,62.31581250733508,1.0,0.001,0.001,0.001769627565478034,0.07605303387915446,100,100
ENSMUSG00000104983,0.001,62.31581250733508,1.0,0.001,0.0010000000000000005,0.0015433010306411732,0.21025618127095713,100,100
ENSMUSG00000104985,0.001,66.84427540036525,1.0,0.001,0.0010000000000000005,0.0015940577018606823,0.082359576125417,100,100
ENSMUSG00000104986,16.50718082791464,999.9999806901144,1.013629557368587,0.001,23.33577345109019,0.001,0.009001893250494494,100,100
ENSMUSG00000104987,0.001,66.84427540036525,1.0,0.001,0.001,0.0016996292545031762,0.13778120919093578,100,100
ENSMUSG00000104994,0.001,62.31581250733508,1.0,0.001,0.001,0.0016749181298500214,0.45245970196747487,100,100
ENSMUSG00000104997,0.001,62.31581250733508,1.0,0.001,0.0010000000000000009,0.0013236741075272882,0.2626716082890972,100,100
ENSMUSG00000104999,0.001,62.31581250733508,1.0,0.001,0.001,0.0018501698752341458,0.12266248426061249,100,100
ENSMUSG00000105002,0.001,62.31581250733508,1.0,0.001,0.001,0.0018006583650640874,0.2001756633372305,100,100
ENSMUSG00000105004,0.001,62.31581250733508,1.0,0.001,0.001,0.0016422766912869413,0.12413150088221636,100,100
ENSMUSG00000105006,0.039310607716019796,20.134082134632504,10.631014128773511,0.001,11.336144373039996,0.0011808476096728123,2.2785322347283206,100,100
ENSMUSG00000105008,0.001,61.88525872635182,1.0,0.001,0.0010000000000000009,0.001313064333332108,0.3341060744478272,100,100
ENSMUSG00000105011,0.001,62.31581250733508,1.0,0.001,0.001,0.001801813724832299,0.047616252414731955,100,100
ENSMUSG00000105015,0.001,62.31581250733508,1.0,0.001,0.001,0.0015599993045657618,0.11837752202246633,100,100
ENSMUSG00000105031,0.001,13.186998118948347,1.0,0.001,0.001,0.096141422695567,6.554055555013136,100,100
ENSMUSG00000105033,0.030559064132185836,0.1508270965449223,1.2761003504341935,0.001,0.2424830895071071,0.9916760837929107,404.52644085430813,100,100
ENSMUSG00000105034,0.001,62.31581250733508,1.0,0.001,0.001,0.0017407692530807574,0.10212896910926358,100,100
ENSMUSG00000105039,0.24557386385439212,51.04481619230705,16.53579739699093,0.001,49.99510784116756,0.001311847814144937,1.0355925057552944,100,100
ENSMUSG00000105044,0.001,66.84427540036525,1.0,0.001,0.001,0.001649011532052385,0.12993780973994418,100,100
ENSMUSG00000105045,0.001,61.88525872635182,1.0,0.001,0.001,0.0019759319769962437,0.12762820157936616,100,100
ENSMUSG00000105047,8.302846857213225,1000.0,1.0,0.001,11.423267794764403,0.0010030407871100867,0.05650450985533633,100,100
ENSMUSG00000105049,0.001,66.84427540036525,1.0,0.001,0.0010000000000000005,0.0018398077887832095,0.21156569941689218,100,100
ENSMUSG00000105050,0.001,61.45463549419866,1.0,0.001,0.001,0.001797618245308353,0.1826703052047494,100,100
ENSMUSG00000105053,0.001,62.31581250733508,1.0,0.001,0.001,0.0018022274497028683,0.10349825105754995,100,100
ENSMUSG00000105062,4.131519129298434,1000.0,1.000247281024765,0.001,7.706165268136935,0.0010457435449062339,0.07808517725268799,100,100
ENSMUSG00000105063,0.001,62.31581250733508,1.0,0.001,0.001,0.0017090303926693081,0.14522838176784786,100,100
ENSMUSG00000105071,0.08507862082023737,17.70195237602446,20.060873065123218,0.00297436745501469,0.42434118876571825,0.1763129531181792,53.99259597854424,100,100
ENSMUSG00000105072,8.302803247273898,999.9997797426172,1.0,0.001,16.744020142074866,0.0010000000000054184,0.031184004085875665,100,100
ENSMUSG00000105078,0.05767891917149259,18.59383092453131,14.650615119495981,0.001,8.184148958311964,0.0014641357524372445,34.98437543877985,100,100
ENSMUSG00000105082,0.001,62.31581250733508,1.0,0.001,0.0010000000000000005,0.0017600929439084653,0.22124657267069373,100,100
ENSMUSG00000105084,0.001,66.84427540036525,1.0,0.001,0.001,0.0015110842341572069,0.08983328375384561,100,100
ENSMUSG00000105085,7.051521725026677,862.8618134578404,1.014536045517645,0.001,15.526661229721416,0.0010000000000392607,0.015656141066668502,100,100
ENSMUSG00000105086,0.001,62.31581250733508,1.0,0.001,0.001,0.001526778003515135,0.3404474681152787,100,100
ENSMUSG00000105093,0.001,62.31581250733508,1.0,0.001,0.0010000000000000009,0.0021322179364025333,0.19749662585893404,100,100
ENSMUSG00000105095,0.006502019136937741,17.592716064817832,44.27867418006896,0.001,3.311388872500583,0.0015563107518706666,32.11369649113145,100,100
ENSMUSG00000105100,0.001,55.64789659794357,1.0,0.001,0.001,0.001685338744152703,0.13674210881420837,100,100
ENSMUSG00000105104,0.001,62.31581250733508,1.0,0.001,0.001,0.001777638457667661,0.14785673806634558,100,100
ENSMUSG00000105105,0.001,62.31581250733508,1.0,0.001,0.001,0.0016792086971073425,0.28034403920720974,100,100
ENSMUSG00000105107,1.962277371549482,468.48058284406227,1.0,0.001,7.67952172367621,0.001015854462229966,0.06911488738468201,100,100
ENSMUSG00000105112,0.001,62.31581250733508,1.0,0.001,0.0010000000000000005,0.002086390609692373,0.1998267654031648,100,100
ENSMUSG00000105124,0.001,61.45463549419866,1.0,0.001,0.001,0.0014430591841829996,0.17093064133846536,100,100
ENSMUSG00000105127,0.001,62.31581250733508,1.0,0.001,0.001,0.0015976731313208491,0.08065772617141735,100,100
ENSMUSG00000105130,0.001,62.31581250733508,1.0,0.001,0.001,0.0014282190293999019,0.12757885797063598,100,100
ENSMUSG00000105135,0.001,66.84427540036525,1.0,0.001,0.001,0.0018778112929512555,0.3625061417618197,100,100
ENSMUSG00000105137,0.01680417285130067,2.0935692213969888,3.131547277852477,0.001,13.951883444025658,0.001,12.780853744628748,100,100
ENSMUSG00000105139,0.001,60.188376913276144,1.0,0.001,0.001,0.0014956756341940516,0.1489851152378255,100,100
ENSMUSG00000105140,0.001,62.31581250733508,1.0,0.001,0.001,0.001596717910033687,0.17260651754034514,100,100
ENSMUSG00000105143,11.010687233068873,586.0469191969537,1.005064013749925,0.001,26.9674105038194,0.001,0.008940912021517068,100,100
ENSMUSG00000105144,0.001,52.5155361231892,1.0,0.001,0.0010000000000000009,0.001795666325428173,0.08930315520043533,100,100
ENSMUSG00000105154,0.001,62.31581250733508,1.0,0.001,0.001,0.0015571281553220639,0.14134629459808856,100,100
ENSMUSG00000105156,2.018411678437292,483.99366341008954,1.0,0.001,7.658603340745331,0.0010000000000000005,0.040796649391295195,100,100
ENSMUSG00000105161,3.8686194148535553,913.6007576493873,1.0,0.001,12.891510409590428,0.001,0.1030839878300403,100,100
ENSMUSG00000105167,17.41413170023576,831.2128033743778,1.0204841188692435,0.39822756305766854,33.06625411428391,0.001,0.008988708423808507,100,100
ENSMUSG00000105170,0.001,62.31581250733508,1.0,0.001,0.0010000000000000009,0.002060916698156893,0.15496504893189234,100,100
ENSMUSG00000105176,20.774706626394767,1000.0,1.01519003844291,0.001,31.54631201316834,0.001031578416926181,0.008983034100517727,100,100
ENSMUSG00000105179,2.1461883628863268,516.8437340473623,1.0,0.001,6.668283978508745,0.0010000000000373814,0.056947110274139234,100,100
ENSMUSG00000105181,0.001,62.31581250733508,1.0,0.001,0.001,0.001614693363678888,0.05113715985180242,100,100
ENSMUSG00000105184,0.001,66.84427540036525,1.0,0.001,0.001,0.001649009736434579,0.08498701693026568,100,100
ENSMUSG00000105191,0.001,62.31581250733508,1.0,0.001,0.001,0.0016236387296239834,0.6070399403693838,100,100
ENSMUSG00000105196,0.001,62.31581250733508,1.0,0.001,0.0010000000000000005,0.0015797442498597714,0.1769111488534329,100,100
ENSMUSG00000105198,0.001,66.84427540036525,1.0,0.001,0.001,0.001728619607851532,0.045249216151783095,100,100
ENSMUSG00000105199,1.6046320348181988,386.05076768576816,1.0,0.001,8.337523142549923,0.001,0.07303410779319836,100,100
ENSMUSG00000105200,0.001,62.31581250733508,1.0,0.001,0.001,0.0016644228717324356,0.09243763459996418,100,100
ENSMUSG00000105201,0.053173007147428744,2.0084582102643704,5.2846437972200135,0.002040945313578639,0.2681737180602084,0.3236091622781174,79.83915424968824,100,100
ENSMUSG00000105202,1.841988715766862,443.41926254649763,1.0,0.001,7.962794322522436,0.0010000000000367293,0.15692508518130222,100,100
ENSMUSG00000105203,0.001,61.674132606755,1.0,0.001,0.001,0.0015673828342903306,0.15483782256508127,100,100
ENSMUSG00000105204,0.001,62.31581250733508,1.0,0.001,0.001,0.0022124874787573844,0.31930529111396355,100,100
ENSMUSG00000105212,0.001,62.31581250733508,1.0,0.001,0.001,0.0016433727128516008,0.30828329561321466,100,100
ENSMUSG00000105217,0.001,62.31581250733508,1.0,0.001,0.0010000000000000005,0.0016459514651766796,0.7035003650502611,100,100
ENSMUSG00000105228,2.0826313051015224,503.49146876914733,1.0,0.001,12.48480990134816,0.0010000000000161694,0.05336263848104349,100,100
ENSMUSG00000105229,0.001,62.31581250733508,1.0,0.001,0.001,0.0016633704814174363,0.11767028431759147,100,100
ENSMUSG00000105230,0.001,66.84427540036525,1.0,0.001,0.001,0.001973912865535655,0.15815441295049656,100,100
ENSMUSG00000105233,0.26835813723085794,22.937439954906623,5.446652002813072,0.030608970086800753,67.1797927170617,0.0010705972903099713,1.9620207356304098,100,100
ENSMUSG00000105238,0.001,61.88525872635182,1.0,0.001,0.001,0.002053611250217903,0.09767315852989802,100,100
ENSMUSG00000105239,0.001,62.31581250733508,1.0,0.001,0.001,0.0019033258588441679,0.3412709355538059,100,100
ENSMUSG00000105241,0.003298181165199921,14.397167880225226,35.329083876329165,0.001,0.054368974909932505,0.0027235620833536475,17.45279788068587,100,100
ENSMUSG00000105245,0.001,62.31581250733508,1.0,0.001,0.001,0.0017645905671213069,0.2754770789498907,100,100
ENSMUSG00000105250,0.001,61.88525872635182,1.0,0.001,0.001,0.0017018326525179788,0.2780484439487781,100,100
ENSMUSG00000105253,0.001,62.31581250733508,1.0,0.001,0.0010000000000000009,0.0019984033426749424,0.21298495854527882,100,100
ENSMUSG00000105255,0.001,62.31581250733508,1.0,0.001,0.001,0.0018310549381829599,0.36261000090552276,100,100
ENSMUSG00000105258,1.8855242048223924,454.9597606392765,1.0,0.001,4.499047486901871,0.0014495802357905288,0.056162245372722665,100,100
ENSMUSG00000105259,0.001,62.31581250733508,1.0,0.001,0.001,0.001835197247795032,0.07206904406537079,100,100
ENSMUSG00000105261,0.001,62.31581250733508,1.0,0.001,0.001,0.0015767204455684077,0.17341384188218434,100,100
ENSMUSG00000105265,0.001,62.31581250733508,1.0,0.001,0.001,0.001824575999816388,0.15456336214706146,100,100
ENSMUSG00000105270,0.001,62.31581250733508,1.0,0.001,0.001,0.0015926945343407023,0.06643322610649294,100,100
ENSMUSG00000105272,0.001,61.259704531272526,1.0,0.001,0.001,0.001569246859389369,0.18337690866223563,100,100
ENSMUSG00000105275,0.001,61.024058264401226,1.0,0.001,0.001,0.001425220210189681,0.18407699166629693,100,100
ENSMUSG00000105283,0.001,66.84427540036525,1.0,0.001,0.001,0.0014752759564186286,0.3600318731697302,100,100
ENSMUSG00000105286,0.001,66.84427540036525,1.0,0.001,0.001,0.001783491189569802,0.33401872823878154,100,100
ENSMUSG00000105287,0.001,62.31581250733508,1.0,0.001,0.001,0.0015354095522192228,0.11706119322385712,100,100
ENSMUSG00000105289,0.001,62.31581250733508,1.0,0.001,0.001,0.0015064135901386713,0.19068554994564996,100,100
ENSMUSG00000105290,0.001,62.31581250733508,1.0,0.001,0.001,0.0016766107561279812,0.23929449719823626,100,100
ENSMUSG00000105298,0.001,62.31581250733508,1.0,0.001,0.001,0.0019075047063647694,0.18051112679527323,100,100
ENSMUSG00000105302,0.11443577613697782,23.275342003547596,35.758859283784126,0.001,0.18684451182467016,0.7289659305467155,242.57320205994296,100,100
ENSMUSG00000105304,0.0137507100734165,19.90760359180277,31.36324285566705,0.001,11.204930183316758,0.0010000000000035506,22.093558462519248,100,100
ENSMUSG00000105322,0.001,61.024058264401226,1.0,0.001,0.001,0.0016035032992089387,0.21857362526623697,100,100
ENSMUSG00000105326,15.843332566254036,754.1774345186102,1.000048549447986,0.001,32.50074837925163,0.001,0.008992560938381293,100,100
ENSMUSG00000105327,0.001,62.31581250733508,1.0,0.001,0.0010000000000000005,0.0017777921974889142,1.0312037956037017,100,100
ENSMUSG00000105328,3.3467679826601007,809.4058638924901,1.0,0.001,9.432231951982729,0.0010017465128221153,0.046116713705772645,100,100
ENSMUSG00000105329,0.001,60.60768216058454,1.0,0.001,0.001,0.0019131510221923294,0.1538442463887385,100,100
ENSMUSG00000105331,0.16883317755578994,29.50932845544649,21.052428895840908,0.003852169555853468,0.5086016195509926,0.1529829759548586,27.11435178244404,100,100
ENSMUSG00000105339,0.001,66.84427540036525,1.0,0.001,0.001,0.0014480823159201315,0.09279417174794499,100,100
ENSMUSG00000105340,0.0033290310235633085,9.992716998115611,24.396686795692588,0.001,0.034828465953296875,0.001904951357543001,15.551865747924092,100,100
ENSMUSG00000105341,4.134300499511258,1000.0,1.0,0.001,8.302954633584989,0.0011180658879152545,0.04779654493633646,100,100
ENSMUSG00000105344,0.001,62.31581250733508,1.0,0.001,0.0010000000000000005,0.0018986671063346968,0.21224057687859005,100,100
ENSMUSG00000105345,0.01745829976226468,2.0882024271360446,3.1243150407288414,0.001,17.55030792952422,0.0010001250846152765,12.257461592716519,100,100
ENSMUSG00000105349,3.7284293297695235,448.25905781711697,1.0,0.001,15.362155587956599,0.001,0.03214094745450708,100,100
ENSMUSG00000105350,0.001,66.84427540036525,1.0,0.001,0.001,0.0016328975701524638,0.21333222137226668,100,100
ENSMUSG00000105355,0.001,61.45463549419866,1.0,0.001,0.001,0.0016881165574655034,0.1587834572825708,100,100
ENSMUSG00000105356,0.022686879526763543,20.668168780734007,15.0363741389709,0.001,14.077827430786984,0.001,19.98541201029489,100,100
ENSMUSG00000105359,0.001,56.07238254938317,1.0,0.001,0.0010000000000000005,0.0018334197945680565,0.10350777508711342,100,100
ENSMUSG00000105362,0.001,66.84427540036525,1.0,0.001,0.001,0.0018465334243725953,0.1386115651462563,100,100
ENSMUSG00000105366,0.17192199336467687,17.964748303880818,4.1092306798689275,0.001,32.72321216062951,0.0010183950601621008,1.7709572761771177,100,100
ENSMUSG00000105368,0.001,61.88525872635182,1.0,0.001,0.001,0.0015409698915588863,0.10478580153202355,100,100
ENSMUSG00000105371,0.001,66.84427540036525,1.0,0.001,0.001,0.002143137679506307,0.1147544688769375,100,100
ENSMUSG00000105374,0.0034826880560710665,11.116057974098004,33.12602386357397,0.001,0.04181167382325774,0.002173526435076188,16.84538344217774,100,100
ENSMUSG00000105376,0.001,66.84427540036525,1.0,0.001,0.001,0.0016211475896981316,0.20439921311275472,100,100
ENSMUSG00000105378,0.09940195267244979,8.628995722221106,5.138416106698479,0.016952073888580534,23.708541751628733,0.0015659383628626236,3.203859504936835,100,100
ENSMUSG00000105379,0.001,62.31581250733508,1.0,0.001,0.001,0.0014981653825099149,0.10670463867873259,100,100
ENSMUSG00000105382,0.001,66.84427540036525,1.0,0.001,0.0010000000000000009,0.0016221796565472498,0.1386450656856306,100,100
ENSMUSG00000105383,0.35985366264923113,72.26647467947818,41.26191223408683,0.1629384017029908,1.6246778738313554,0.10847422891090006,1.365023643634888,100,100
ENSMUSG00000105387,0.001,62.31581250733508,1.0,0.001,0.001,0.0018917328596179989,0.2466283246136427,100,100
ENSMUSG00000105388,0.001,15.041655592791999,1.0,0.001,0.0010000000000000005,0.008572256516088388,1.7326733527759446,100,100
ENSMUSG00000105395,0.001,62.31581250733508,1.0,0.001,0.001,0.0018010587849123594,0.10878146842676525,100,100
ENSMUSG00000105396,0.001,62.31581250733508,1.0,0.001,0.001,0.001486872855162657,0.21134383464424764,100,100
ENSMUSG00000105397,0.001,60.60768216058454,1.0,0.001,0.001,0.0020706287507510123,0.47764279934364284,100,100
ENSMUSG00000105401,0.001,62.31581250733508,1.0,0.001,0.001,0.0016055086003410393,0.44919680282315344,100,100
ENSMUSG00000105402,0.08539702074471837,44.621711741657485,149.55568893890498,0.03234976021375008,0.31104763164944754,0.5332110664358969,10.685760470633916,100,100
ENSMUSG00000105403,1.6578195835162874,390.74308302403836,1.0,0.001,8.486028773076631,0.0010034251473124288,0.04065640374450355,100,100
ENSMUSG00000105404,0.001,62.31581250733508,1.0,0.001,0.001,0.0017844718776553869,0.32347965986526594,100,100
ENSMUSG00000105408,0.011776237291927576,17.820151686488813,20.353760225614035,0.001,11.031238441313345,0.0010346672620682137,18.40871774055997,100,100
ENSMUSG00000105411,0.001,62.31581250733508,1.0,0.001,0.0010000000000000009,0.001713675513487304,0.14617876576683403,100,100
ENSMUSG00000105412,0.001,62.31581250733508,1.0,0.001,0.001,0.0017649634214628991,0.12981780731444648,100,100
ENSMUSG00000105415,0.001,61.45463549419866,1.0,0.001,0.0010000000000000009,0.0016714329602253418,0.17028151242121056,100,100
ENSMUSG00000105427,0.001,62.31581250733508,1.0,0.001,0.001,0.001922102720502172,0.08134633563022795,100,100
ENSMUSG00000105428,0.001,62.31581250733508,1.0,0.001,0.001,0.0015625763632323548,0.21965386016582547,100,100
ENSMUSG00000105429,0.26839149750344354,29.785630383396505,24.54407881262283,0.027200233573735574,0.5773621608412016,0.3464322999539754,11.144739068923904,100,100
ENSMUSG00000105434,0.14917865499264538,58.630467762340835,71.05924533470946,0.023463844177171355,0.3483491297279943,0.255787794131359,3.645651347718384,100,100
ENSMUSG00000105439,0.001,62.31581250733508,1.0,0.001,0.001,0.002106115025346097,0.26797709601612557,100,100
ENSMUSG00000105443,0.001,66.84427540036525,1.0,0.001,0.0010000000000000009,0.0016845854778930508,0.149017147088242,100,100
ENSMUSG00000105447,0.001,62.31581250733508,1.0,0.001,0.0010000000000000005,0.0016743140887146408,0.1302191528535498,100,100
ENSMUSG00000105449,3.8686194148535553,913.6007576493873,1.0,0.001,8.47890592760567,0.0010000000000528796,0.02137628650204435,100,100
ENSMUSG00000105453,0.001,62.31581250733508,1.0,0.001,0.001,0.0016698925466910527,0.19403875823136144,100,100
ENSMUSG00000105454,0.001,66.84427540036525,1.0,0.001,0.001,0.0018727850040995662,0.23844061667127303,100,100
ENSMUSG00000105457,0.0027408208219374805,11.938634918218684,34.00449731266143,0.001,0.025200599961150132,0.002045883605120788,21.23418789533869,100,100
ENSMUSG00000105458,0.001,62.31581250733508,1.0,0.001,0.001,0.0016488039683414,0.5518029394891746,100,100
ENSMUSG00000105460,0.6929120873771311,166.48605762337863,1.0,0.001,7.915426573623931,0.001000000000006893,0.032907751937705024,100,100
ENSMUSG00000105465,0.001,61.88525872635182,1.0,0.001,0.001,0.001849992139595121,0.13132012903821305,100,100
ENSMUSG00000105466,0.003287900118923213,10.712309588871499,26.189860279174738,0.001,0.03525250615366521,0.001664859919910406,13.033963959480861,100,100
ENSMUSG00000105469,0.001,62.31581250733508,1.0,0.001,0.001,0.001928387132281266,0.1465434582052724,100,100
ENSMUSG00000105470,0.6271465480030781,154.92719237319113,1.0725811857353496,0.001,8.718984102360881,0.0010224875912619542,0.0723902959967328,100,100
ENSMUSG00000105471,0.36192373290317326,17.434707417135904,2.489593241442629,0.04587490697929211,47.95999631376233,0.001098929101909653,0.7799571246875932,100,100
ENSMUSG00000105472,0.46056013602421586,17.303469005304695,2.1155919448519347,0.01943478947138626,52.47665586136452,0.0010718383739075957,0.7687780156174064,100,100
ENSMUSG00000105484,0.001,62.31581250733508,1.0,0.001,0.001,0.002112660008909331,0.21612381467102296,100,100
ENSMUSG00000105492,0.001,62.31581250733508,1.0,0.001,0.0010000000000000009,0.0018131411456146153,0.5093631492050495,100,100
ENSMUSG00000105495,0.001,62.31581250733508,1.0,0.001,0.0010000000000000005,0.0016386815985374118,0.1695307000918952,100,100
ENSMUSG00000105498,0.001,62.31581250733508,1.0,0.001,0.0010000000000000005,0.0020137052131924717,0.06477061958623664,100,100
ENSMUSG00000105502,0.03963438336737829,19.843633459194855,10.479705266020893,0.001,20.344760335368274,0.001000000000060764,9.247716899908665,100,100
ENSMUSG00000105503,3.3467679826601007,809.4058638924901,1.0,0.001,8.261710633230251,0.0010000000000253244,0.16072108255269144,100,100
ENSMUSG00000105504,1.457749481852015,407.6017385509011,1.170393506276041,0.001,4.323329579461847,0.001502026703238163,0.06826539739025374,100,100
ENSMUSG00000105506,0.001,57.20236353089962,1.0,0.001,0.001,0.0018565717697977993,0.12258085633267068,100,100
ENSMUSG00000105509,0.09206380854921521,1.2935713017423391,1.1823592929482807,0.013493863028870973,16.44961539563345,0.0019553885739050742,4.050256375563223,100,100
ENSMUSG00000105512,3.587294459550871,865.3617848798796,1.0,0.001,5.281677588072682,0.001169680763104507,0.0866150765179816,100,100
ENSMUSG00000105514,2.0813166845897446,503.1765750646759,1.0,0.001,6.804472891018223,0.0013798648534701459,0.18329531049064768,100,100
ENSMUSG00000105516,0.001,61.45463549419866,1.0,0.001,0.0010000000000000005,0.0017623495650523828,0.2407443811683252,100,100
ENSMUSG00000105517,8.302936761401075,1000.0,1.0,0.001,13.359770567537222,0.0010000000000049884,0.04851769087930515,100,100
ENSMUSG00000105518,0.001,55.42650537347377,1.0,0.001,0.001,0.0017131092370290457,0.0858228073268257,100,100
ENSMUSG00000105519,0.17234397044810018,2.5878954880978204,1.0,0.04550797937597226,51.76633351792442,0.0011593059801406772,1.13724355718481,100,100
ENSMUSG00000105522,0.001,44.23135347793147,1.0,0.001,0.0010000000000000005,0.0019438079905535566,0.2065828496692958,100,100
ENSMUSG00000105526,8.141956190917702,999.9999999858071,1.021037290987185,0.001,16.73603465510654,0.0010095476941741803,0.09351922477699051,100,100
ENSMUSG00000105528,0.001,61.88525872635182,1.0,0.001,0.0010000000000000002,0.0017065311600346358,0.10534223859884813,100,100
ENSMUSG00000105534,0.001,62.31581250733508,1.0,0.001,0.001,0.0019319702837010296,0.2520616495359861,100,100
ENSMUSG00000105535,0.001,62.31581250733508,1.0,0.001,0.001,0.0017071274071004962,0.20476968209647373,100,100
ENSMUSG00000105536,0.001,61.88525872635182,1.0,0.001,0.001,0.001783574611967482,0.13654432673057326,100,100
ENSMUSG00000105540,0.001,62.31581250733508,1.0,0.001,0.001,0.001825509400039986,0.08630350126475791,100,100
ENSMUSG00000105541,0.27213439610239265,65.36421030425801,1.0,0.001,12.50607827364066,0.0010000000000041794,0.23037976631867796,100,100
ENSMUSG00000105542,0.001,62.31581250733508,1.0,0.001,0.001,0.0015911623165819288,0.21241976865168466,100,100
ENSMUSG00000105550,0.001,62.31581250733508,1.0,0.001,0.0010000000000000005,0.0017719518701201568,0.25950815668569366,100,100
ENSMUSG00000105552,0.38048972094981426,33.14595963634305,8.222740166004446,0.11614788404396291,35.57833141831098,0.0019394582236456558,0.7331524716841448,100,100
ENSMUSG00000105553,0.001,66.84427540036525,1.0,0.001,0.001,0.0018128350841511314,0.14684757829374392,100,100
ENSMUSG00000105556,0.001,61.88525872635182,1.0,0.001,0.001,0.0015824025288363563,0.2336485916910882,100,100
ENSMUSG00000105558,0.0338764903621837,16.042154227549577,24.422623816615218,0.001,8.038962839539698,0.0014842745047935293,62.22658758482954,100,100
ENSMUSG00000105560,0.001,66.84427540036525,1.0,0.001,0.001,0.001797067187591998,0.16944539046941814,100,100
ENSMUSG00000105561,0.03899331612007015,20.400154676806753,10.769149367264681,0.004643666372991529,18.969034333711647,0.0010008969641820422,1.937113128519016,100,100
ENSMUSG00000105565,16.567071718688275,999.9999831129675,1.0184370840605335,0.001,22.807172284924786,0.001,0.008932055623959902,100,100
ENSMUSG00000105568,2.1600815543213012,536.0515105142401,1.0887238331893088,0.001,8.760424947818034,0.0010134642075160653,0.11313445990916451,100,100
ENSMUSG00000105569,0.0076759187473498134,13.194410036059322,33.024286551277456,0.001,6.432724170316547,0.0014588655273177628,30.230551685546587,100,100
ENSMUSG00000105572,0.6437621963837976,154.64850262092747,1.0,0.001,4.437256303760741,0.0010000054183946987,0.12362265596562794,100,100
ENSMUSG00000105580,0.001,66.84427540036525,1.0,0.001,0.0010000000000000005,0.0015677099543470073,0.14045924728199644,100,100
ENSMUSG00000105584,0.001,62.31581250733508,1.0,0.001,0.001,0.0018895597081270456,0.05312746693678641,100,100
ENSMUSG00000105585,0.001,62.31581250733508,1.0,0.001,0.001,0.0017425620461622112,0.10866905894477025,100,100
ENSMUSG00000105586,0.6929120873771311,166.48605762337863,1.0,0.001,6.575961305368246,0.001186092608301961,0.20085885162370581,100,100
ENSMUSG00000105594,0.001,62.31581250733508,1.0,0.001,0.001,0.00191910630382452,0.30668776941988574,100,100
ENSMUSG00000105597,3.3467679826601007,809.4058638924901,1.0,0.001,6.305787490143507,0.0010525291861886291,0.041586437985373224,100,100
ENSMUSG00000105598,0.001,62.31581250733508,1.0,0.001,0.0010000000000000009,0.0015057387082015629,0.17060204114992483,100,100
ENSMUSG00000105599,0.001,61.45463549419866,1.0,0.001,0.0010000000000000005,0.0018693408952503475,0.16862009849346163,100,100
ENSMUSG00000105601,0.001,61.88525872635182,1.0,0.001,0.001,0.001570576766352248,0.171729618476197,100,100
ENSMUSG00000105604,0.001,62.31581250733508,1.0,0.001,0.0010000000000000005,0.0016624790036241922,0.2423728404396895,100,100
ENSMUSG00000105607,4.168917566870232,1000.0,1.0,0.001,7.788075696609344,0.0010818533986038572,0.19764347773771368,100,100
ENSMUSG00000105609,0.001,62.31581250733508,1.0,0.001,0.001,0.001638261263334534,0.17231624970437065,100,100
ENSMUSG00000105611,0.001,62.31581250733508,1.0,0.001,0.001,0.0017172570547261405,0.41783687818681026,100,100
ENSMUSG00000105613,0.001,58.440570410729244,1.0,0.001,0.001,0.002180971889592152,0.13392751259423163,100,100
ENSMUSG00000105617,0.6271465480030781,154.92719237319113,1.0725811857353496,0.001,8.303172183974189,0.0010009758839883715,0.06200510174676122,100,100
ENSMUSG00000105624,0.001,62.31581250733508,1.0,0.001,0.001,0.0016931310719845469,0.13124493378266064,100,100
ENSMUSG00000105636,0.014864421216797376,1.384662736894718,1.3894385481549638,0.001,10.336396783953024,0.001269388900212725,9.159687296402254,100,100
ENSMUSG00000105637,0.010986279156965508,19.181634947077033,21.914423294490838,0.001,4.291635928773947,0.0015313671676433335,21.694758734770296,100,100
ENSMUSG00000105638,0.001,62.31581250733508,1.0,0.001,0.001,0.0017165263116687961,0.22159851268205205,100,100
ENSMUSG00000105641,0.001,39.49749466388842,1.0,0.001,0.001,0.0027970706849323283,0.166877980295298,100,100
ENSMUSG00000105643,4.053698145818247,963.0508682253362,1.0,0.001,7.922144755048214,0.0010000000001648985,0.0653082719860074,100,100
ENSMUSG00000105644,40.286049921628276,696.7326554397628,1.0,2.196012903830317,69.72693957413489,0.0010687812315977572,0.008571086817787912,100,100
ENSMUSG00000105645,0.001,62.31581250733508,1.0,0.001,0.001,0.0020296217926007577,0.20524317441189682,100,100
ENSMUSG00000105651,0.0919802627933452,4.023396350124088,8.513126952040313,0.035278037442368494,0.18448060776939212,0.7754264391553509,6.9853335026032095,100,100
ENSMUSG00000105654,0.001,66.84427540036525,1.0,0.001,0.0010000000000000005,0.0015809817990859783,0.15541483455898408,100,100
ENSMUSG00000105655,8.555469500877205,678.2423763586845,1.0,0.001,14.979871637011932,0.001,0.01036519450926628,100,100
ENSMUSG00000105656,0.001,62.31581250733508,1.0,0.001,0.001,0.001723895806121852,0.13088950931557836,100,100
ENSMUSG00000105664,0.001,66.84427540036525,1.0,0.001,0.0010000000000000009,0.001666417295302671,0.06881823089647711,100,100
ENSMUSG00000105674,0.001,62.31581250733508,1.0,0.001,0.0010000000000000009,0.0020719373482590868,0.32919811515163144,100,100
ENSMUSG00000105676,0.0030998268690124544,10.352855946328352,25.95215770679995,0.001,0.07410074283266188,0.0016627945176377417,16.956042178744646,100,100
ENSMUSG00000105677,0.039324919212735225,20.350562850228375,10.74132820575803,0.001,17.948556700319816,0.0010625833869475694,7.8963492398404105,100,100
ENSMUSG00000105679,1.8855242048223924,454.9597606392765,1.0,0.001,5.69492874159914,0.0010000375700351114,0.22274173842628275,100,100
ENSMUSG00000105681,2.0813166845897446,503.1765750646759,1.0,0.001,6.331648600482937,0.0011484727068189417,0.05762692101144108,100,100
ENSMUSG00000105687,3.496435128669398,419.06922081508816,1.0,0.001,13.771966293463926,0.0010730096915408773,0.04331093613840047,100,100
ENSMUSG00000105689,0.001,62.31581250733508,1.0,0.001,0.001,0.0015773755358469265,0.10953089949867917,100,100
ENSMUSG00000105691,0.023131334338755596,9.64713458701762,6.6793250118167595,0.001,6.605406066430192,0.0017684358569332072,12.923503830489707,100,100
ENSMUSG00000105692,5.891448625862302,722.039376138599,1.0,0.001,21.015597287875654,0.0010000000024469296,0.14289489392557025,100,100
ENSMUSG00000105694,0.001,62.31581250733508,1.0,0.001,0.001,0.0016485171023199058,0.18732480305851684,100,100
ENSMUSG00000105695,0.8649469716225952,35.33958476891918,3.8691112487942716,0.034814129215198344,95.10606846328417,0.001224990264685341,0.5821183291043923,100,100
ENSMUSG00000105698,0.001,62.31581250733508,1.0,0.001,0.001,0.0019852101178036673,0.24001734028890856,100,100
ENSMUSG00000105699,0.001,62.31581250733508,1.0,0.001,0.0010000000000000002,0.0017438905222045239,0.26890387755919193,100,100
ENSMUSG00000105700,0.1749722185736302,4.05353580110084,1.0,0.013920625016689175,40.538334267571635,0.0011018449986914597,1.5146385737857178,100,100
ENSMUSG00000105703,0.001,55.86744339634488,1.0,0.001,0.001,0.0014639536235106503,0.2438818885719332,100,100
ENSMUSG00000105707,4.235010345991206,999.9999999792054,1.001196087400877,0.001,12.82444536600223,0.001000000061245504,0.056808569698700774,100,100
ENSMUSG00000105710,9.990991684380313,798.7283750378276,1.0,0.001,23.432330061809168,0.001,0.00982101335050959,100,100
ENSMUSG00000105714,0.001,62.31581250733508,1.0,0.001,0.001,0.0016169468622843223,0.09037655106077527,100,100
ENSMUSG00000105716,0.001,62.31581250733508,1.0,0.001,0.001,0.0015686920732164932,0.12341528358889006,100,100
ENSMUSG00000105717,0.001,62.31581250733508,1.0,0.001,0.001,0.0015475184293769068,0.22233388500546059,100,100
ENSMUSG00000105719,0.001,58.8711705984019,1.0,0.001,0.001,0.0020456716869707175,0.19729863177253948,100,100
ENSMUSG00000105720,0.001,62.31581250733508,1.0,0.001,0.001,0.0015615468597450534,0.2086111784968994,100,100
ENSMUSG00000105726,0.001,62.31581250733508,1.0,0.001,0.001,0.0019663330250554284,0.10179991898003765,100,100
ENSMUSG00000105728,0.001,66.84427540036525,1.0,0.001,0.001,0.0015997734702055373,0.21348533066198477,100,100
ENSMUSG00000105731,0.001,62.31581250733508,1.0,0.001,0.001,0.00175488890086869,0.19152567362543016,100,100
ENSMUSG00000105733,0.001,62.31581250733508,1.0,0.001,0.001,0.0016128649937648125,0.0892482981501112,100,100
ENSMUSG00000105734,0.001,62.31581250733508,1.0,0.001,0.001,0.00145226887950521,0.15155251831577704,100,100
ENSMUSG00000105739,0.001,62.31581250733508,1.0,0.001,0.001,0.0016391794516510288,0.2388462160040425,100,100
ENSMUSG00000105740,0.001,62.31581250733508,1.0,0.001,0.001,0.0018146131621413221,0.12237480939011938,100,100
ENSMUSG00000105741,10.370693559235203,617.7905795560989,1.0080642098630004,0.001,24.4889423640195,0.001,0.008978538375746234,100,100
ENSMUSG00000105742,3.3467679826601007,809.4058638924901,1.0,0.001,7.438141146952162,0.001020494848920016,0.050398137170886745,100,100
ENSMUSG00000105744,0.001,62.31581250733508,1.0,0.001,0.0010000000000000005,0.001591392151737273,0.1740582869906364,100,100
ENSMUSG00000105745,0.001,66.84427540036525,1.0,0.001,0.0010000000000000009,0.0018331744147553777,0.1992649680458833,100,100
ENSMUSG00000105748,0.03899440134649548,20.44581905660986,10.793718377783856,0.001,13.329375720731072,0.0010751200026958528,10.555416619274393,100,100
ENSMUSG00000105755,0.001,62.31581250733508,1.0,0.001,0.001,0.0017965281145960461,0.15716572776644633,100,100
ENSMUSG00000105759,0.001,61.45463549419866,1.0,0.001,0.0010000000000000009,0.0017617746337109858,0.04816276098546894,100,100
ENSMUSG00000105761,0.001,62.31581250733508,1.0,0.001,0.001,0.0017569710610074664,0.2132171166215423,100,100
ENSMUSG00000105767,0.001,62.31581250733508,1.0,0.001,0.001,0.0017227655146058929,0.06299704070105613,100,100
ENSMUSG00000105773,0.001,62.31581250733508,1.0,0.001,0.001,0.0016375483242828362,0.26448722435754,100,100
ENSMUSG00000105774,2.2386239439353877,560.8732842949564,1.0391422282568814,0.001,8.525384822511352,0.0011327565997414281,0.13028971643289783,100,100
ENSMUSG00000105775,1.2438409714485001,263.1854716113648,1.0,0.001,11.385887567320566,0.001000000000002755,0.05763313096984758,100,100
ENSMUSG00000105776,0.001,66.84427540036525,1.0,0.001,0.001,0.0020572592696729303,0.23246832372740722,100,100
ENSMUSG00000105777,0.001,66.84427540036525,1.0,0.001,0.001,0.0014648730128580274,0.15916159712880573,100,100
ENSMUSG00000105784,1.5172437438947775,363.64103982169183,1.0,0.001,7.502900189077831,0.0011903932750182654,0.08495091009143071,100,100
ENSMUSG00000105787,0.001,61.88525872635182,1.0,0.001,0.001,0.0015151853797725277,0.18625665391796004,100,100
ENSMUSG00000105789,12.327936968678205,999.9999999948983,1.0134591695746114,0.001,16.43126346151908,0.0010000000000000356,0.008852174332660247,100,100
ENSMUSG00000105798,0.001,62.31581250733508,1.0,0.001,0.001,0.0016769656247623437,0.17482620662680307,100,100
ENSMUSG00000105799,0.001,62.31581250733508,1.0,0.001,0.001,0.001809866691327235,0.25634059121946356,100,100
ENSMUSG00000105801,1.503103188885066,363.25008257950475,1.0,0.001,6.119005669162144,0.0011553016447897945,0.3175280865549098,100,100
ENSMUSG00000105802,0.001,62.31581250733508,1.0,0.001,0.001,0.0020898690253867867,0.07847928163558433,100,100
ENSMUSG00000105804,2.684773051267332,649.196933434762,1.0,0.001,7.161002484696336,0.001165103720468527,0.0237178038582338,100,100
ENSMUSG00000105810,0.001,62.31581250733508,1.0,0.001,0.001,0.002279482512180193,0.20428610119783563,100,100
ENSMUSG00000105813,0.03704127797424355,11.079668679197198,6.196029344731259,0.001,23.246647999652872,0.0010000028029089525,4.630382403329108,100,100
ENSMUSG00000105820,0.001,66.84427540036525,1.0,0.001,0.001,0.0015026625449519235,0.17469504678394462,100,100
ENSMUSG00000105824,0.001,62.31581250733508,1.0,0.001,0.001,0.0013955998464039517,0.12918642923592796,100,100
ENSMUSG00000105827,0.35154229916694335,17.44722269693924,2.5104358692447164,0.06545536039674962,45.35993136274428,0.0010611832256858088,0.6678700147074577,100,100
ENSMUSG00000105833,0.001,66.84427540036525,1.0,0.001,0.001,0.001675579555301901,0.08818961630638883,100,100
ENSMUSG00000105834,0.001,62.31581250733508,1.0,0.001,0.0010000000000000005,0.0017644239329606694,0.15613247015792997,100,100
ENSMUSG00000105835,0.001,62.31581250733508,1.0,0.001,0.001,0.0016128186778576947,0.2217778896531556,100,100
ENSMUSG00000105839,0.0035153189958338324,11.459522831816152,22.638819099550066,0.001,0.04632793746998913,0.0019939711372572912,16.991721293767107,100,100
ENSMUSG00000105842,13.102969080293084,779.1282043235914,1.0,0.001,24.378345472331613,0.001,0.009055813053843186,100,100
ENSMUSG00000105843,7.7729023833831485,625.9331292670289,1.011989324819424,0.001,20.48349449528593,0.001,0.019879532640759336,100,100
ENSMUSG00000105848,5.087381207952031,612.5350120705614,1.0,0.001,16.74494537517337,0.0010000000000042562,0.047569809919897676,100,100
ENSMUSG00000105851,0.022607230662185226,20.90217547211602,15.196851722349285,0.001,7.339158510140443,0.0012270510625881875,11.107557425429494,100,100
ENSMUSG00000105852,2.961200185399535,721.6290393901162,1.0064427689282454,0.001,8.302681329829595,0.0010583808115207064,0.0840472451293769,100,100
ENSMUSG00000105856,0.001,62.31581250733508,1.0,0.001,0.001,0.001680601896140713,0.5798993029869475,100,100
ENSMUSG00000105858,0.001,61.674132606755,1.0,0.001,0.0010000000000000005,0.0020919749725953826,0.3861827221658506,100,100
ENSMUSG00000105860,0.001,62.31581250733508,1.0,0.001,0.001,0.0017034853304414255,0.30435030272424446,100,100
ENSMUSG00000105864,0.001,66.84427540036525,1.0,0.001,0.001,0.0015202410556790593,0.14585978322039156,100,100
ENSMUSG00000105866,0.05467122221150138,0.2817193104676218,1.0,0.001,0.6176905453107161,0.24869639125908494,164.91311505894026,100,100
ENSMUSG00000105867,5.268272539222099,412.1199817680068,1.0,0.001,28.335769098251816,0.0010000000000148401,0.008952402615023218,100,100
ENSMUSG00000105868,1.4567771929458773,342.86552954263067,1.0,0.001,6.788288566163444,0.001,0.1087407041937151,100,100
ENSMUSG00000105870,0.001,66.84427540036525,1.0,0.001,0.001,0.0018427245636011662,0.19897315087015627,100,100
ENSMUSG00000105873,0.001,62.31581250733508,1.0,0.001,0.001,0.0020697134258228166,0.24754334021398477,100,100
ENSMUSG00000105875,0.001,62.31581250733508,1.0,0.001,0.001,0.001915707032886594,0.28495840616324264,100,100
ENSMUSG00000105877,0.001,62.31581250733508,1.0,0.001,0.001,0.0017571027491779976,0.09301193509096567,100,100
ENSMUSG00000105878,0.01754410831348522,8.714178814533813,27.86997838075009,0.001,0.2823475684570366,0.08306338182396096,99.42834399464199,100,100
ENSMUSG00000105879,0.001,16.309444177817674,1.0,0.001,0.001,0.005956597586317977,2.0925109236069503,100,100
ENSMUSG00000105881,0.011983711647031351,17.290889231278406,19.765783917879677,0.001,6.545201866708922,0.0010774419398963337,18.738835384783535,100,100
ENSMUSG00000105890,0.06280164702885849,19.269954723592267,7.886595938695186,0.006938140077042855,25.294060094072627,0.001,3.038595767589361,100,100
ENSMUSG00000105891,0.001,62.31581250733508,1.0,0.001,0.001,0.0016099678197289897,0.20517908268022714,100,100
ENSMUSG00000105893,0.00241886078347181,7.346621029564347,37.7511134216274,0.001,0.18913049569490764,0.0028009120345135917,13.062023082191283,100,100
ENSMUSG00000105895,0.001,61.88525872635182,1.0,0.001,0.001,0.0016404722015232226,0.2275537000214613,100,100
ENSMUSG00000105896,16.81141433613745,999.9999999973971,1.0078575210275393,0.001,23.02086300078459,0.001,0.008789915633021984,100,100
ENSMUSG00000105908,0.001,62.31581250733508,1.0,0.001,0.001,0.0016645449511961032,0.2113272597388351,100,100
ENSMUSG00000105910,6.353131256658005,747.0447997941077,1.0,0.001,14.882927537360258,0.0010000000000008977,0.011928182984116867,100,100
ENSMUSG00000105912,0.001,62.31581250733508,1.0,0.001,0.001,0.0017857864034312128,0.07508444780722039,100,100
ENSMUSG00000105925,0.001,62.31581250733508,1.0,0.001,0.0010000000000000005,0.0016326316725918531,0.10970410139221547,100,100
ENSMUSG00000105926,0.001,62.31581250733508,1.0,0.001,0.001,0.0019768304186111125,0.44536979307696284,100,100
ENSMUSG00000105929,0.001,66.84427540036525,1.0,0.001,0.001,0.001670964968076439,0.2172277792278035,100,100
ENSMUSG00000105935,0.001,60.80878088638715,1.0,0.001,0.001,0.001858849144296673,0.09988184511927602,100,100
ENSMUSG00000105936,0.03898561064438001,20.36951944214586,10.755473118005353,0.001,19.966342339684367,0.0010377675786094817,3.74107909163361,100,100
ENSMUSG00000105939,0.001,0.2347478315376643,3.0750703339043644,0.001,0.026097356891841048,0.002123619604581152,39.14137274252815,100,100
ENSMUSG00000105940,1.962277371549482,468.48058284406227,1.0,0.001,5.249709859284433,0.0012869649958883959,0.07750226223123198,100,100
ENSMUSG00000105941,0.001,66.84427540036525,1.0,0.001,0.0010000000000000009,0.0019204242593122397,0.19368036053348353,100,100
ENSMUSG00000105950,6.8386279274465265,555.0022542511908,1.013819385801841,0.001,21.017923501370184,0.001,0.012964817693960379,100,100
ENSMUSG00000105954,0.11906964802740758,1.930124033369027,3.0262427115587864,0.05152901760548791,0.3738532229319434,0.39587243010427253,3.7339027374577745,100,100
ENSMUSG00000105957,0.024789938643700854,21.270131316681965,50.24708410994618,0.001,0.11318425535126483,0.039692926614670596,103.23042001428615,100,100
ENSMUSG00000105959,1.4264657657904025,341.6272039188167,1.0,0.001,6.324863922886227,0.001000000410429203,0.07040204892801272,100,100
ENSMUSG00000105960,0.001,62.31581250733508,1.0,0.001,0.0010000000000000005,0.0020364637035315395,0.1888920569213778,100,100
ENSMUSG00000105961,0.001,62.31581250733508,1.0,0.001,0.001,0.0015507376242535845,0.3336602525331191,100,100
ENSMUSG00000105962,0.440511277485974,1.517056404263812,1.62690055204433,0.0010423280423728695,1.1557268588133405,0.37371222616058286,797.6105145543133,100,100
ENSMUSG00000105966,0.001,62.31581250733508,1.0,0.001,0.001,0.0017429508286747125,0.222056290257932,100,100
ENSMUSG00000105969,0.001,61.674132606755,1.0,0.001,0.001,0.001692065057594763,0.3809487453759274,100,100
ENSMUSG00000105970,0.001,61.88525872635182,1.0,0.001,0.0010000000000000005,0.0014226757874914592,0.16054006943097657,100,100
ENSMUSG00000105971,0.04361960530447087,0.8898372367388491,1.2409137030404254,0.001,18.007446962224876,0.0016339988123510222,53.87125446160398,100,100
ENSMUSG00000105973,0.001,60.188376913276144,1.0,0.001,0.001,0.0014931095687504424,0.19827798151755846,100,100
ENSMUSG00000105975,0.010775015033627627,19.813977205205493,22.598378680442277,0.001,4.139046912779316,0.0017133216556014614,19.00289629622357,100,100
ENSMUSG00000105976,0.001,62.31581250733508,1.0,0.001,0.0010000000000000009,0.0015997680304306989,0.8601061328466495,100,100
ENSMUSG00000105977,0.001,56.07238254938317,1.0,0.001,0.001,0.0016182043100792035,0.11813959952518038,100,100
ENSMUSG00000105979,0.001,62.31581250733508,1.0,0.001,0.0010000000000000005,0.0016544447190955504,0.15065457343810254,100,100
ENSMUSG00000105981,0.001,62.31581250733508,1.0,0.001,0.001,0.001822622616293299,0.20361011545934204,100,100
ENSMUSG00000105982,0.001,62.31581250733508,1.0,0.001,0.001,0.0018287007877821268,0.07789902398661991,100,100
ENSMUSG00000105983,8.13725295345881,999.9999999522702,1.0196461662704788,0.001,15.748102879358894,0.0010000000000001796,0.017035143808162075,100,100
ENSMUSG00000105985,0.001,62.31581250733508,1.0,0.001,0.0010000000000000005,0.0016160566692357743,0.18889240751009873,100,100
ENSMUSG00000105986,0.001,62.31581250733508,1.0,0.001,0.001,0.0015667091989127382,0.20215908385242048,100,100
ENSMUSG00000105987,0.7474801009039099,0.7445030853958541,25.67420127796812,0.31730640778940244,4.7632511231774,3.1292062211861777,109.84405786225304,100,100
ENSMUSG00000105990,0.001,61.88525872635182,1.0,0.001,0.001,0.001494689528108904,0.18705666834774726,100,100
ENSMUSG00000105992,0.001,62.31581250733508,1.0,0.001,0.0010000000000000009,0.001685220005358062,0.11848098892842604,100,100
ENSMUSG00000106000,0.010870380216076793,19.68621253708831,22.434971638810154,0.001,4.841930437728028,0.0015227617081102352,13.21795319323671,100,100
ENSMUSG00000106002,0.001,62.31581250733508,1.0,0.001,0.0010000000000000005,0.002078402244055934,0.31629348561846116,100,100
ENSMUSG00000106005,0.001,61.259704531272526,1.0,0.001,0.001,0.0015008844375516961,0.08196439063092784,100,100
ENSMUSG00000106006,0.001,62.31581250733508,1.0,0.001,0.001,0.0018445016580366427,0.19358245817221992,100,100
ENSMUSG00000106009,0.001,62.31581250733508,1.0,0.001,0.001,0.0019578801100332372,0.09455608351645964,100,100
ENSMUSG00000106015,0.001,62.31581250733508,1.0,0.001,0.001,0.0015753679401936415,0.6814400734345942,100,100
ENSMUSG00000106017,0.001,62.31581250733508,1.0,0.001,0.0010000000000000005,0.0018446320508790537,0.19048743653972208,100,100
ENSMUSG00000106019,0.027009256719095244,22.81901253877696,34.71518212671468,0.001,0.9158185730691303,0.0017682548689759662,58.393642444340216,100,100
ENSMUSG00000106020,0.001,62.31581250733508,1.0,0.001,0.001,0.0017664151622900147,0.15863539100220073,100,100
ENSMUSG00000106022,0.001,66.84427540036525,1.0,0.001,0.001,0.0016965568981120104,0.15245935727455723,100,100
ENSMUSG00000106025,0.010768780895866283,19.733805947394895,22.516609938192147,0.001,4.002338789044279,0.0018084495454015071,16.808865523063243,100,100
ENSMUSG00000106028,0.001,62.31581250733508,1.0,0.001,0.001,0.001475504253201425,0.14743368949889005,100,100
ENSMUSG00000106032,0.001,62.31581250733508,1.0,0.001,0.001,0.0014435851935541862,0.17643079189027813,100,100
ENSMUSG00000106035,0.002158688206990861,20.232604411006157,66.80655435960244,0.001,0.27402762270075554,0.0014932600286491915,21.363403632771906,100,100
ENSMUSG00000106036,3.9276406581767263,942.1623723314058,1.0,0.001,7.6971251211504805,0.0010000000798371764,0.08638784072006672,100,100
ENSMUSG00000106045,0.001,62.31581250733508,1.0,0.001,0.0010000000000000005,0.0015345641850599127,0.1316103073940999,100,100
ENSMUSG00000106046,0.001,66.84427540036525,1.0,0.001,0.001,0.0013963886494377056,0.11316016489658826,100,100
ENSMUSG00000106049,0.001,62.31581250733508,1.0,0.001,0.0010000000000000005,0.0016135987471334553,0.18828393077550679,100,100
ENSMUSG00000106054,6.135059840134726,738.7728132816488,1.0,0.001,16.96358366547018,0.001,0.01793549857895007,100,100
ENSMUSG00000106056,0.001,62.31581250733508,1.0,0.001,0.001,0.0016437555495628568,0.06845266126558774,100,100
ENSMUSG00000106057,23.55479407532236,922.0664001041636,1.0,0.5397915694517349,35.04712208960365,0.001,0.008998961910505192,100,100
ENSMUSG00000106058,0.001,62.31581250733508,1.0,0.001,0.001,0.0015694852634433529,0.12023688015571132,100,100
ENSMUSG00000106061,2.8043454615252004,678.1527302530274,1.0,0.001,10.057967563740913,0.0010155245720374672,0.07059135282008204,100,100
ENSMUSG00000106064,1.2713990456225448,306.23830823351676,1.0,0.001,11.415951604766533,0.0010000000150631968,0.09005645239045931,100,100
ENSMUSG00000106068,0.001,66.84427540036525,1.0,0.001,0.001,0.0018701876617656966,0.24853895759687047,100,100
ENSMUSG00000106073,0.001,66.84427540036525,1.0,0.001,0.001,0.0016334478986330728,0.06422692900098045,100,100
ENSMUSG00000106075,0.001,62.31581250733508,1.0,0.001,0.0010000000000000005,0.0016728301449841932,0.13392483437854846,100,100
ENSMUSG00000106082,0.001,66.84427540036525,1.0,0.001,0.001,0.0018065630278550054,0.24578294376969045,100,100
ENSMUSG00000106086,0.001,66.84427540036525,1.0,0.001,0.001,0.0021015908244742627,0.5833249671799409,100,100
ENSMUSG00000106087,0.014272403929061366,19.22172410990117,29.681194800147672,0.001,8.07963195290201,0.0011671798583465327,34.718251788200895,100,100
ENSMUSG00000106092,0.001,62.31581250733508,1.0,0.001,0.0010000000000000005,0.0018630844889201785,0.10774927791240618,100,100
ENSMUSG00000106094,0.9175671651252996,220.60414164730648,1.0263039117429216,0.001,8.346643991976247,0.001000000000013872,0.06474837382535913,100,100
ENSMUSG00000106096,7.26936491345813,999.9999999464173,1.150798547407283,0.001,14.537970034160058,0.001,0.023027679430846493,100,100
ENSMUSG00000106099,0.001,66.84427540036525,1.0,0.001,0.0010000000000000009,0.00160410122085013,0.13753548927890663,100,100
ENSMUSG00000106103,16.81772506340733,999.9999964472892,1.0,0.001,24.47697864304404,0.0010009220250222417,0.00899382942862791,100,100
ENSMUSG00000106106,2.3941988066713975,584.0052212635452,977.8105138099098,0.4495806622985237,3.4018889119135025,1.2030046656004312,37.84902971574057,100,100
ENSMUSG00000106108,0.001,62.31581250733508,1.0,0.001,0.001,0.0020729530751818514,0.18599456595167385,100,100
ENSMUSG00000106110,11.682213624032737,926.2848203738976,1.0,0.001,20.25345021150357,0.0010000408568161256,0.00900204640893933,100,100
ENSMUSG00000106112,0.001,62.31581250733508,1.0,0.001,0.0010000000000000005,0.001573443398971262,0.23932324856877527,100,100
ENSMUSG00000106115,16.745229773955607,1000.0,1.0,0.001,27.26302866057275,0.001,0.008951954375639467,100,100
ENSMUSG00000106121,0.035349075251905414,0.6657049038005532,2.2867717752384795,0.001,0.262976360656524,0.4400422055491112,124.12797294930186,100,100
ENSMUSG00000106125,0.001,61.88525872635182,1.0,0.001,0.0010000000000000009,0.0019090535544698042,0.19481999918462894,100,100
ENSMUSG00000106127,0.001,62.31581250733508,1.0,0.001,0.001,0.0017513572641123572,0.2698676850512044,100,100
ENSMUSG00000106135,3.324723213702041,35.514103281673655,1.0,0.01161237073808023,81.90089453106674,0.0011161733015073415,0.42608922929457593,100,100
ENSMUSG00000106137,0.001,62.31581250733508,1.0,0.001,0.001,0.0015427005364077552,0.3232222966495629,100,100
ENSMUSG00000106140,0.001,62.31581250733508,1.0,0.001,0.001,0.0018573495414011488,0.09619952576764469,100,100
ENSMUSG00000106149,0.10255391027820024,9.574848605566958,8.224814039198561,0.021352216997852974,12.270416335809497,0.0041335006529229406,2.306402697574949,100,100
ENSMUSG00000106151,0.001,62.31581250733508,1.0,0.001,0.001,0.0019124925653007277,0.23421395682694834,100,100
ENSMUSG00000106153,13.156761410136502,514.7985129438208,1.0,1.1634380838669565,38.20365134368588,0.001000000008441427,0.008954851021266688,100,100
ENSMUSG00000106157,0.001,62.31581250733508,1.0,0.001,0.001,0.0017247918859118684,0.1559438034631085,100,100
ENSMUSG00000106158,19.096914852613086,555.6788004109823,1.0,2.5765355393101235,46.7006259472753,0.0010270344928827047,0.00899233833601186,100,100
ENSMUSG00000106161,0.001,62.31581250733508,1.0,0.001,0.0010000000000000005,0.0016110735321475038,0.13172561687174145,100,100
ENSMUSG00000106166,14.907470275426425,882.6747339854104,1.0,0.001,26.22833499340076,0.001,0.01049518534111024,100,100
ENSMUSG00000106175,0.001,62.31581250733508,1.0,0.001,0.001,0.0018563774204855038,0.17386695223528853,100,100
ENSMUSG00000106178,0.001,62.31581250733508,1.0,0.001,0.0010000000000000009,0.0015839650949250237,0.08346234895720447,100,100
ENSMUSG00000106179,0.001,62.31581250733508,1.0,0.001,0.001,0.001842297940395455,0.23679496894319066,100,100
ENSMUSG00000106184,0.001,62.31581250733508,1.0,0.001,0.001,0.00166796140455985,0.2082280575070274,100,100
ENSMUSG00000106186,0.17409373878222537,4.050590225107238,1.0,0.032821177958127154,42.562686095012964,0.001083573869640921,0.7860499974918655,100,100
ENSMUSG00000106190,0.001,61.88525872635182,1.0,0.001,0.001,0.0015406614890246559,0.058609167254924065,100,100
ENSMUSG00000106193,0.001,62.31581250733508,1.0,0.001,0.001,0.0019767812371025203,0.21137485507391615,100,100
ENSMUSG00000106194,0.001,62.31581250733508,1.0,0.001,0.001,0.0014457806205460085,0.13419734263427568,100,100
ENSMUSG00000106195,0.001,66.84427540036525,1.0,0.001,0.0010000000000000009,0.0019051998809918175,0.1765464046001845,100,100
ENSMUSG00000106197,0.001,66.84427540036525,1.0,0.001,0.001,0.0016989342413715346,0.22446281220263745,100,100
ENSMUSG00000106198,0.001,61.88525872635182,1.0,0.001,0.001,0.0019232668292745365,0.09706275292239111,100,100
ENSMUSG00000106200,0.11384618112645052,26.95183298160442,1.0,0.001,8.336434877868188,0.0010000005164004803,0.06831470202285574,100,100
ENSMUSG00000106202,0.03373837832155727,21.01224671126268,18.197706410862736,0.001,6.896346200114346,0.0017138905503601542,55.99435011326607,100,100
ENSMUSG00000106203,0.001,62.31581250733508,1.0,0.001,0.001,0.0014394503395192902,0.2293464219700855,100,100
ENSMUSG00000106204,0.001,66.84427540036525,1.0,0.001,0.001,0.0020964331440725685,0.10429685322229898,100,100
ENSMUSG00000106205,24.78595612654036,1000.0,1.0084911035335864,1.5955854423582299,36.375686650251836,0.00100000000003276,0.009272409530487495,100,100
ENSMUSG00000106208,0.20013885189522107,27.113084658600236,19.261353022615005,0.016513292312835545,9.378346987314842,0.038265167187707325,9.404107515867764,100,100
ENSMUSG00000106212,0.039137871730254896,20.220245373701616,10.6796123926932,0.001,16.816608975284318,0.0010000206485172888,17.845639296738707,100,100
ENSMUSG00000106214,0.034249403106525564,2.1401186550488225,3.1399811052878634,0.00388859932739622,25.03829604431847,0.0010463933343663272,5.517308582543466,100,100
ENSMUSG00000106218,0.001,59.32355257794531,1.0,0.001,0.001,0.0018095333405108588,0.1849914193414615,100,100
ENSMUSG00000106219,0.001,62.31581250733508,1.0,0.001,0.0010000000000000009,0.0015332506812822868,0.24113233341044155,100,100
ENSMUSG00000106223,0.001,61.88525872635182,1.0,0.001,0.001,0.0015459415752808268,0.16585970144371776,100,100
ENSMUSG00000106224,0.001,59.94762576822368,1.0,0.001,0.001,0.001815883949839318,0.08267526870249953,100,100
ENSMUSG00000106225,0.001,62.31581250733508,1.0,0.001,0.001,0.001709997896561699,0.10615381696670875,100,100
ENSMUSG00000106229,0.3495007077341427,17.440876275162775,2.5135287434564155,0.056967059794815054,36.69722430718381,0.0011960451040063506,0.5216330087066283,100,100
ENSMUSG00000106230,0.001,61.88525872635182,1.0,0.001,0.001,0.0016609278081317867,0.31028810659846173,100,100
ENSMUSG00000106235,0.001,62.31581250733508,1.0,0.001,0.001,0.0017526989264765509,0.2408482431514142,100,100
ENSMUSG00000106237,0.001,62.31581250733508,1.0,0.001,0.0010000000000000005,0.0015865249080190273,0.062255056981123186,100,100
ENSMUSG00000106241,4.131519129298434,1000.0,1.000247281024765,0.001,8.707487453708456,0.0010000000063044696,0.02818482318691542,100,100
ENSMUSG00000106243,0.001,61.88525872635182,1.0,0.001,0.001,0.001687356495940784,0.15649530682328938,100,100
ENSMUSG00000106246,0.001,62.31581250733508,1.0,0.001,0.0010000000000000005,0.0014952822370651675,0.3017981741584085,100,100
ENSMUSG00000106247,0.001,62.31581250733508,1.0,0.001,0.0010000000000000005,0.0015550548481596865,0.13389626210387603,100,100
ENSMUSG00000106251,0.010812416376160322,19.543645437468875,22.30730122807363,0.001,3.345885420216776,0.001501207893320521,10.893628333735997,100,100
ENSMUSG00000106254,0.001,62.31581250733508,1.0,0.001,0.001,0.0017589872449222152,0.1408468016590054,100,100
ENSMUSG00000106260,0.001,62.31581250733508,1.0,0.001,0.001,0.0019287758879030486,0.1668754080589755,100,100
ENSMUSG00000106261,0.001,62.31581250733508,1.0,0.001,0.001,0.001912609915824157,0.3090077308606395,100,100
ENSMUSG00000106262,0.001,66.84427540036525,1.0,0.001,0.001,0.0015838111381272148,0.13891034174767386,100,100
ENSMUSG00000106267,0.001,62.31581250733508,1.0,0.001,0.0010000000000000005,0.001678634572593444,0.2865561001271857,100,100
ENSMUSG00000106268,0.001,66.84427540036525,1.0,0.001,0.0010000000000000005,0.0016451125877828881,0.10538375397003347,100,100
ENSMUSG00000106271,0.001,62.31581250733508,1.0,0.001,0.0010000000000000005,0.0020893778094889445,0.20867984624699426,100,100
ENSMUSG00000106285,0.001,62.31581250733508,1.0,0.001,0.001,0.00144693459175897,0.20405101714291585,100,100
ENSMUSG00000106287,0.001,62.31581250733508,1.0,0.001,0.001,0.0015703170134822877,0.20335445326169582,100,100
ENSMUSG00000106288,0.011096721006150133,19.131695062231525,21.809971376029967,0.001,4.90649376988002,0.001682277223336599,28.347110221184572,100,100
ENSMUSG00000106290,0.001,61.45463549419866,1.0,0.001,0.001,0.0015814691954271593,0.44566162949744215,100,100
ENSMUSG00000106291,0.001,62.31581250733508,1.0,0.001,0.001,0.0017738446870344876,0.1800999757533839,100,100
ENSMUSG00000106293,5.567910378479408,670.427962154944,1.0,0.001,13.768751091894021,0.0010000000000340557,0.057107179492658366,100,100
ENSMUSG00000106294,0.001,0.001471568252332862,2.0478165930614023,0.001,0.431166977015629,1.9322890781449331,1453.4582417022966,100,100
ENSMUSG00000106296,0.001,66.84427540036525,1.0,0.001,0.0010000000000000005,0.0015843697684204332,0.3359773469012021,100,100
ENSMUSG00000106302,0.001,62.31581250733508,1.0,0.001,0.0010000000000000009,0.0018110860912820838,0.18363210783951683,100,100
ENSMUSG00000106304,0.001,62.31581250733508,1.0,0.001,0.001,0.0016473243443235913,0.09998617239910776,100,100
ENSMUSG00000106306,0.001,62.31581250733508,1.0,0.001,0.001,0.001697170867674211,0.06399621799487332,100,100
ENSMUSG00000106311,0.001,66.84427540036525,1.0,0.001,0.001,0.0016673587425755354,0.19546530299874953,100,100
ENSMUSG00000106312,0.001,62.31581250733508,1.0,0.001,0.0010000000000000005,0.0017344823431376826,0.1747610331381335,100,100
ENSMUSG00000106317,0.001,62.31581250733508,1.0,0.001,0.001,0.0017707124545279296,0.06500735253969,100,100
ENSMUSG00000106320,0.881564516204355,212.83947995384116,1.0,0.001,8.4750267913472,0.0010005547390147832,0.1039890706023863,100,100
ENSMUSG00000106322,0.001,62.31581250733508,1.0,0.001,0.0010000000000000009,0.0018859056193756426,0.21359454039561904,100,100
ENSMUSG00000106323,0.001,62.31581250733508,1.0,0.001,0.0010000000000000009,0.001673303716707511,0.19104210414959233,100,100
ENSMUSG00000106329,0.001,62.31581250733508,1.0,0.001,0.001,0.0018126930798000132,0.1840811847323618,100,100
ENSMUSG00000106337,4.04511003757242,520.2255442104483,1.1003827097177246,0.001,19.793197461871337,0.0010000000000000007,0.07564394593755189,100,100
ENSMUSG00000106339,0.001,66.84427540036525,1.0,0.001,0.001,0.0017541540522795368,0.13293243963492907,100,100
ENSMUSG00000106341,1.5172437438947775,363.64103982169183,1.0,0.001,8.690485087222067,0.001000010090193293,0.05466196507328794,100,100
ENSMUSG00000106348,0.001,62.31581250733508,1.0,0.001,0.001,0.001590887536532729,0.13706108916593956,100,100
ENSMUSG00000106350,0.001,66.84427540036525,1.0,0.001,0.001,0.0015989240100207362,0.3442394095928612,100,100
ENSMUSG00000106353,0.001,62.31581250733508,1.0,0.001,0.001,0.0017065058409766807,0.18259526745073318,100,100
ENSMUSG00000106356,0.001,62.31581250733508,1.0,0.001,0.001,0.001694771873783741,0.18287958079511815,100,100
ENSMUSG00000106357,0.001,61.88525872635182,1.0,0.001,0.001,0.001760188918705233,0.07153774131260512,100,100
ENSMUSG00000106358,0.001,61.88525872635182,1.0,0.001,0.0010000000000000005,0.0017224670612213406,0.07017475865961191,100,100
ENSMUSG00000106361,0.2737406624668624,17.613154322613365,2.9575898539810517,0.02494310626098791,51.7784687173054,0.0011594060838631564,0.8475435676078369,100,100
ENSMUSG00000106364,4.1336179629762935,999.9999943156627,1.0,0.001,10.380346740770033,0.001,0.11277444944771979,100,100
ENSMUSG00000106365,0.001,62.31581250733508,1.0,0.001,0.001,0.0018194740617166003,0.18474405970790328,100,100
ENSMUSG00000106368,0.001,62.31581250733508,1.0,0.001,0.0010000000000000005,0.0015428542866409612,0.3495632065508735,100,100
ENSMUSG00000106374,2.0813166845897446,503.1765750646759,1.0,0.001,11.664706001740548,0.001010766716608716,0.0887779639801124,100,100
ENSMUSG00000106375,0.001,62.31581250733508,1.0,0.001,0.001,0.0017999066370029426,0.22171184432244118,100,100
ENSMUSG00000106383,0.011376011207031042,17.639012701229547,32.89073916918604,0.001,5.323211764845447,0.001260762477995338,15.051532431776316,100,100
ENSMUSG00000106384,0.001,62.31581250733508,1.0,0.001,0.001,0.00172178930519673,0.6668329382188128,100,100
ENSMUSG00000106386,2.337569118418018,573.9891342931422,1.0176277045143687,0.001,5.971207105395019,0.001003778652419932,0.2576606353461512,100,100
ENSMUSG00000106391,0.046689147227220916,20.10665349353429,14.172099407132048,0.001,10.837095414305551,0.001290023192597449,40.03023995545072,100,100
ENSMUSG00000106395,0.001,62.31581250733508,1.0,0.001,0.001,0.0017627410168878509,0.13375706693647976,100,100
ENSMUSG00000106396,0.001,62.31581250733508,1.0,0.001,0.001,0.0016864726133157296,0.6200075649674746,100,100
ENSMUSG00000106406,0.001,62.31581250733508,1.0,0.001,0.001,0.0019384131496643282,0.3472700860581343,100,100
ENSMUSG00000106407,0.001,62.31581250733508,1.0,0.001,0.001,0.0016965305860132751,0.15728591775946618,100,100
ENSMUSG00000106415,0.04070434382119752,19.86502587453435,10.479022986749044,0.001,21.356442896434793,0.001000498589123267,32.90020254683588,100,100
ENSMUSG00000106416,5.202452273935687,621.1812826362957,1.0,0.001,16.524556129258716,0.001,0.05869109553608983,100,100
ENSMUSG00000106418,0.010782326469770363,19.794792715013585,22.556314223564026,0.001,3.9554988047820983,0.0014743210920880197,14.453020396609888,100,100
ENSMUSG00000106419,0.001,61.674132606755,1.0,0.001,0.0010000000000000005,0.0017023330428274797,0.08695223383178856,100,100
ENSMUSG00000106421,1.841988715766862,443.41926254649763,1.0,0.001,8.337075310661461,0.0010182214156476065,0.05280105353341352,100,100
ENSMUSG00000106422,0.001,61.88525872635182,1.0,0.001,0.001,0.001785233520274376,0.2581438387346858,100,100
ENSMUSG00000106424,0.881564516204355,212.83947995384116,1.0,0.001,6.378332416745615,0.0013297344639457936,0.153086310344028,100,100
ENSMUSG00000106426,0.1651099103816954,21.662603503507007,33.86909351360569,0.001,0.29712982159522494,0.7401113828047005,412.1951077097485,100,100
ENSMUSG00000106427,0.23407420778338398,29.266781129596094,25.377991757976996,0.001,0.44413808926176734,0.3823757619922663,275.9936284066166,100,100
ENSMUSG00000106433,0.001,62.31581250733508,1.0,0.001,0.001,0.0016856937713843182,0.1791181969668551,100,100
ENSMUSG00000106438,0.001,62.31581250733508,1.0,0.001,0.001,0.0018219635870250972,0.18644523956117068,100,100
ENSMUSG00000106446,2.802543221300401,701.3251955151088,1.0607463065107965,0.001,7.8339736675952,0.0014961750105510355,0.10487014459105101,100,100
ENSMUSG00000106447,8.533637621397279,686.8237648104235,1.0120483076119309,0.001,18.265602629776662,0.001000001201028173,0.011046210440253482,100,100
ENSMUSG00000106450,0.001,62.31581250733508,1.0,0.001,0.001,0.0015920012476037348,0.10239220853000788,100,100
ENSMUSG00000106451,0.001,62.31581250733508,1.0,0.001,0.001,0.0018190066303582489,0.22593222724095893,100,100
ENSMUSG00000106455,0.001,62.31581250733508,1.0,0.001,0.001,0.0018731648997216215,0.17263132655568225,100,100
ENSMUSG00000106457,0.001,62.31581250733508,1.0,0.001,0.001,0.0018928595676772147,0.10626779130366171,100,100
ENSMUSG00000106458,4.428472488632281,533.0310286251964,1.0001077812410564,0.001,16.19944334750651,0.001,0.0685746690140063,100,100
ENSMUSG00000106461,0.001,61.88525872635182,1.0,0.001,0.001,0.0015272257590406456,0.3035796783444248,100,100
ENSMUSG00000106462,0.001,62.31581250733508,1.0,0.001,0.0010000000000000005,0.0017983692616467197,0.12970543040976878,100,100
ENSMUSG00000106463,0.34948665844163773,17.441731334209468,2.5137599535299584,0.0535213859676133,42.64042552595269,0.0010283642869178913,0.6068372547521936,100,100
ENSMUSG00000106464,0.001,62.31581250733508,1.0,0.001,0.0010000000000000005,0.0017806069360897156,0.4956544563539878,100,100
ENSMUSG00000106468,0.001,62.31581250733508,1.0,0.001,0.0010000000000000005,0.0015384710240560044,0.12831708429489416,100,100
ENSMUSG00000106472,0.009977317038195198,21.895735211083277,53.85821090179051,0.001,3.6817473908345653,0.0012803631398710664,51.35773216489218,100,100
ENSMUSG00000106475,0.10204722893715315,9.981696720744715,5.731112369192255,0.0028437872272849547,33.71135829018303,0.001265329412775022,3.0186003694560912,100,100
ENSMUSG00000106478,8.303025450734493,1000.0,1.0,0.001,16.74548430884466,0.001,0.09204996092685275,100,100
ENSMUSG00000106492,0.022787126513661892,20.66187796989222,15.025703562480748,0.001,11.070480445544316,0.001261094414093463,15.05287369675143,100,100
ENSMUSG00000106496,3.9839038171815946,947.6616630533084,1.0,0.001,10.89998932931488,0.0010216324437478674,0.19777530659152348,100,100
ENSMUSG00000106497,0.001,62.31581250733508,1.0,0.001,0.001,0.001556204551559456,0.09419516443892934,100,100
ENSMUSG00000106498,3.338165727611042,807.3831051292377,1.0,0.001,6.255589073266989,0.0011962168965775136,0.06735540143692097,100,100
ENSMUSG00000106499,0.001,60.80878088638715,1.0,0.001,0.001,0.001837970334381987,0.1126347302589594,100,100
ENSMUSG00000106508,1.83302084009983,450.71221849226544,1.0412196463980667,0.001,8.297766252601615,0.0010060196232742923,0.11527578094299473,100,100
ENSMUSG00000106511,0.001,62.31581250733508,1.0,0.001,0.0010000000000000009,0.0017589724845800641,0.09237682772093761,100,100
ENSMUSG00000106513,0.001,61.674132606755,1.0,0.001,0.001,0.0015862659414968327,0.11260444233136063,100,100
ENSMUSG00000106516,0.001,62.31581250733508,1.0,0.001,0.001,0.0016929461697402772,0.1630742497494553,100,100
ENSMUSG00000106518,0.001,61.88525872635182,1.0,0.001,0.001,0.001696286939924198,0.14412244386944184,100,100
ENSMUSG00000106534,2.398468794745146,577.0230940414881,1.0,0.001,7.344876762176987,0.0010025929508216493,0.06912640505633996,100,100
ENSMUSG00000106535,0.001,62.31581250733508,1.0,0.001,0.001,0.001758839554219645,0.15078666022146828,100,100
ENSMUSG00000106538,0.001,62.31581250733508,1.0,0.001,0.0010000000000000009,0.001364590275719728,0.5626416557082996,100,100
ENSMUSG00000106539,0.11384618112645052,26.95183298160442,1.0,0.001,5.887756972633238,0.0011288258162433984,0.16647351956901207,100,100
ENSMUSG00000106541,0.001,62.31581250733508,1.0,0.001,0.001,0.0016749842488421247,0.16988095996017938,100,100
ENSMUSG00000106543,0.001,61.024058264401226,1.0,0.001,0.001,0.0019454310319259628,0.06486163794809227,100,100
ENSMUSG00000106547,1.0752409784945784,280.3448670159383,1.0844986976483493,0.001,7.78288434539995,0.0012193375522327452,0.12694913031822,100,100
ENSMUSG00000106553,0.001,62.31581250733508,1.0,0.001,0.001,0.001480965239835374,0.23727491111170956,100,100
ENSMUSG00000106555,0.001,62.31581250733508,1.0,0.001,0.001,0.001922929910370728,0.08143062101014911,100,100
ENSMUSG00000106557,0.001,62.31581250733508,1.0,0.001,0.001,0.001734903860937942,0.17488964790844175,100,100
ENSMUSG00000106559,0.001,62.31581250733508,1.0,0.001,0.001,0.0020437607552682866,0.6446099836406088,100,100
ENSMUSG00000106560,0.001,61.45463549419866,1.0,0.001,0.001,0.0014149783728065427,0.16390641660444089,100,100
ENSMUSG00000106562,0.001,62.31581250733508,1.0,0.001,0.0010000000000000005,0.0015997359270277145,0.17147713672483722,100,100
ENSMUSG00000106565,0.001,62.31581250733508,1.0,0.001,0.001,0.002069314749018115,0.10089076807963032,100,100
ENSMUSG00000106568,0.11129419365105159,16.94949140795064,11.122545407908591,0.001,60.81273117283887,0.0010445466194922252,130.13418791110823,100,100
ENSMUSG00000106570,0.001,62.31581250733508,1.0,0.001,0.001,0.0016015108005797193,0.2695913837258163,100,100
ENSMUSG00000106574,0.2188656517674033,0.1089713337237324,10.866663197591329,0.0018811533268806057,10.631271580661931,0.6887794553440301,11349.54082719559,100,100
ENSMUSG00000106581,0.001,61.674132606755,1.0,0.001,0.001,0.001706252140623467,0.0958206629687757,100,100
ENSMUSG00000106583,0.001,61.45463549419866,1.0,0.001,0.001,0.0017788214636723907,0.2882083726816942,100,100
ENSMUSG00000106586,0.001,62.31581250733508,1.0,0.001,0.001,0.0016855680634937642,0.9682719998722724,100,100
ENSMUSG00000106588,0.001,66.84427540036525,1.0,0.001,0.001,0.0016772083234141352,0.16379509969837833,100,100
ENSMUSG00000106589,0.001,62.31581250733508,1.0,0.001,0.0010000000000000005,0.0017401923148818554,0.20994657730786298,100,100
ENSMUSG00000106590,0.001,62.31581250733508,1.0,0.001,0.001,0.0019436613115335014,0.2647425042158234,100,100
ENSMUSG00000106591,0.001,62.31581250733508,1.0,0.001,0.001,0.0020932085808773437,0.4456246557240843,100,100
ENSMUSG00000106595,3.3467679826601007,809.4058638924901,1.0,0.001,8.281018337067318,0.0010006864925317669,0.12299115171724916,100,100
ENSMUSG00000106596,0.001,66.84427540036525,1.0,0.001,0.001,0.001794207186867439,0.14136850419796484,100,100
ENSMUSG00000106607,0.001,61.88525872635182,1.0,0.001,0.0010000000000000009,0.0018374052344174562,0.21853463397035686,100,100
ENSMUSG00000106617,0.006717040219118025,16.421623765523403,41.04942960918248,0.001,4.912829551646792,0.001432728448581447,21.967153766214402,100,100
ENSMUSG00000106619,0.001,62.31581250733508,1.0,0.001,0.001,0.0015986731054938048,0.21145236959828667,100,100
ENSMUSG00000106621,4.131519129298434,1000.0,1.000247281024765,0.001,12.506057891047917,0.001,0.1177774649342659,100,100
ENSMUSG00000106623,1.9436899174801565,467.0695388708544,1.0,0.001,8.20365603131996,0.0010451187888915964,0.14015914606299595,100,100
ENSMUSG00000106629,0.001,61.88525872635182,1.0,0.001,0.001,0.0016671746886449982,0.5607722185691977,100,100
ENSMUSG00000106636,16.378659550836076,530.6161636094349,1.0,0.001,39.58276692507084,0.0010379457483970216,0.008787721794111594,100,100
ENSMUSG00000106641,0.001,62.31581250733508,1.0,0.001,0.0010000000000000005,0.0018116784157684686,0.10349544442390804,100,100
ENSMUSG00000106643,0.2163994237080156,17.67443000544523,3.4587039892364846,0.001,36.06553949096696,0.0010195965097946481,0.9706371622646018,100,100
ENSMUSG00000106646,0.001,61.674132606755,1.0,0.001,0.001,0.001765174582002546,0.07430518752234934,100,100
ENSMUSG00000106648,0.022689521030896585,20.711665006390497,15.065935816442625,0.001,10.653488245452134,0.0010006781689771895,16.88936850179593,100,100
ENSMUSG00000106651,4.132577005576439,999.9999999828615,1.0,0.001,10.465103521632988,0.0010000000000341168,0.02738789541422646,100,100
ENSMUSG00000106659,0.001,66.84427540036525,1.0,0.001,0.0010000000000000009,0.0017763509737408793,0.11854533853168654,100,100
ENSMUSG00000106662,0.1947375127017746,17.774931860741518,5.313882047333451,0.03164205783425292,41.35991337664758,0.0011435249659521264,1.301523380130491,100,100
ENSMUSG00000106663,0.001,62.31581250733508,1.0,0.001,0.001,0.0015587554336524267,0.15598268739617496,100,100
ENSMUSG00000106665,0.001,61.88525872635182,1.0,0.001,0.001,0.0016274176897048162,0.23353270671061618,100,100
ENSMUSG00000106671,0.0383213427927238,10.937881217353183,27.015929985746677,0.001700289407487252,0.23013775790931934,0.267258922865955,35.26643627420302,100,100
ENSMUSG00000106674,0.001,61.024058264401226,1.0,0.001,0.001,0.0017311745631722892,0.30118914477905423,100,100
ENSMUSG00000106676,20.607527448688757,597.1034206754439,1.0,0.001,44.268803467583936,0.0010141029687274492,0.00896629566119438,100,100
ENSMUSG00000106678,29.463058646842,846.5458729984687,1.0,0.001,46.032843280227524,0.0010110056585146926,0.008996689829979122,100,100
ENSMUSG00000106680,0.04670938188617144,20.170432931647113,14.210735524635878,0.001,13.305408680575109,0.0014376481933324886,29.59485441061055,100,100
ENSMUSG00000106682,0.001,62.31581250733508,1.0,0.001,0.001,0.0017383822282162876,0.14846303215754086,100,100
ENSMUSG00000106683,0.001,61.45463549419866,1.0,0.001,0.001,0.0018817705288471684,0.08316590381581279,100,100
ENSMUSG00000106688,0.002280834561220971,5.742913772861761,31.44302477186759,0.001,0.04750649420298918,0.002309719529761639,41.10409927671535,100,100
ENSMUSG00000106691,0.001,59.52330063774062,1.0,0.001,0.001,0.0017290791584658243,0.1801960708336019,100,100
ENSMUSG00000106694,0.001,66.84427540036525,1.0,0.001,0.001,0.0017188598878338248,0.3285880317342497,100,100
ENSMUSG00000106696,0.039398695585193426,1.5292849657914471,1.8410766230256626,0.0025045792749329105,33.042234588519,0.0011060140325610274,5.405320096782317,100,100
ENSMUSG00000106698,0.001,66.84427540036525,1.0,0.001,0.0010000000000000005,0.001809872330278215,0.20310434311224063,100,100
ENSMUSG00000106702,4.168917566870232,1000.0,1.0,0.001,6.664319983749532,0.0010108389262781336,0.1201081839621434,100,100
ENSMUSG00000106706,0.2121928536917897,17.596254658399282,6.212843225369708,0.019766564309470776,9.618558121729262,0.00328245033720942,2.672269679808294,100,100
ENSMUSG00000106709,20.91444970390364,1000.0,1.0085457956174562,0.001,30.67644585865364,0.001,0.008966018751720395,100,100
ENSMUSG00000106710,0.001,66.84427540036525,1.0,0.001,0.001,0.0016001656024041784,0.2899382647723602,100,100
ENSMUSG00000106717,9.4363821098477,760.6738093315633,1.0063698865185422,0.001,18.982675704271973,0.001,0.008849923351211774,100,100
ENSMUSG00000106718,0.00327325717561304,9.762087363893112,23.798195662918165,0.001,0.03954727628379587,0.0016093078861315947,21.07390310891353,100,100
ENSMUSG00000106719,0.001,62.31581250733508,1.0,0.001,0.001,0.002030512518953692,0.16261999414186024,100,100
ENSMUSG00000106720,11.196233068121607,527.9560003563964,1.0,1.0800837240665875,39.84117158830499,0.0010000000000029395,0.008467660058925358,100,100
ENSMUSG00000106725,0.001,62.31581250733508,1.0,0.001,0.0010000000000000005,0.0016870769758966452,0.18674702846543179,100,100
ENSMUSG00000106729,0.0032033766347731173,9.488363155065302,24.011424445382403,0.001,0.05669358008347489,0.00172604222397985,13.900710656229517,100,100
ENSMUSG00000106732,4.42394888846714,529.7820837246334,1.0,0.001,15.806715947215263,0.0010000000000085787,0.05060047929814694,100,100
ENSMUSG00000106734,0.07066372224650637,0.32740347720231644,3.339230314818089,0.0022881906042222875,0.2587236761172683,1.9945677011108345,442.1305919993269,100,100
ENSMUSG00000106736,0.27213439610239265,65.36421030425801,1.0,0.001,5.328896646674714,0.0010786845105800538,0.05563778723871413,100,100
ENSMUSG00000106738,0.004204847837714939,13.831174129226653,19.884656824807006,0.001,0.09102585281596522,0.0018157371766700913,13.463452599530346,100,100
ENSMUSG00000106739,0.001,62.31581250733508,1.0,0.001,0.001,0.0016773266848912319,0.13932300748260285,100,100
ENSMUSG00000106741,0.001,62.31581250733508,1.0,0.001,0.001,0.0021998905349714885,0.17060373135822074,100,100
ENSMUSG00000106750,0.001,62.31581250733508,1.0,0.001,0.0010000000000000005,0.0016582290941228612,0.6077244471177448,100,100
ENSMUSG00000106751,0.02202778164006667,21.436992906893824,23.920142425314626,0.001,4.636718449951778,0.001595735854728535,25.809825951641123,100,100
ENSMUSG00000106757,15.870408389840415,754.9533385205563,1.0,0.001,30.889211563267786,0.001,0.009554400155268235,100,100
ENSMUSG00000106758,10.671083230368561,853.2087494402568,1.0,0.001,17.536449791154485,0.001000000000017379,0.009488783056037384,100,100
ENSMUSG00000106760,12.664420281557645,999.9985621947823,1.0,0.001,22.397770274114485,0.001,0.008997459153840117,100,100
ENSMUSG00000106764,0.001,62.31581250733508,1.0,0.001,0.001,0.0017971019188052976,0.10811530232587083,100,100
ENSMUSG00000106766,0.001,62.31581250733508,1.0,0.001,0.0010000000000000005,0.0016614268993856273,0.1695590884692984,100,100
ENSMUSG00000106767,2.179983991730886,513.1039379594673,1.0,0.001,8.699688450264514,0.0010000000000970346,0.14253301152488296,100,100
ENSMUSG00000106768,0.001,62.31581250733508,1.0,0.001,0.001,0.0018957988238210634,0.3045115272440418,100,100
ENSMUSG00000106772,0.001,66.84427540036525,1.0,0.001,0.001,0.0013921539783538083,0.07146024938823745,100,100
ENSMUSG00000106777,0.001,66.84427540036525,1.0,0.001,0.001,0.0018017144672663012,0.24368478052409706,100,100
ENSMUSG00000106798,0.001,62.31581250733508,1.0,0.001,0.0010000000000000005,0.0019577041094426904,0.1345153374161769,100,100
ENSMUSG00000106801,0.001,62.31581250733508,1.0,0.001,0.0010000000000000009,0.0015087687096489613,0.1685265289273326,100,100
ENSMUSG00000106803,0.001,62.31581250733508,1.0,0.001,0.001,0.0017231386883248354,0.1430454488200057,100,100
ENSMUSG00000106808,0.001,61.674132606755,1.0,0.001,0.001,0.0016989261681163857,0.2865840790881625,100,100
ENSMUSG00000106812,0.001,62.31581250733508,1.0,0.001,0.0010000000000000009,0.0015418651745116529,0.21069087862000677,100,100
ENSMUSG00000106815,0.001,62.31581250733508,1.0,0.001,0.001,0.0017541533461412468,0.22813680664171726,100,100
ENSMUSG00000106818,3.07783631307003,741.2598198343227,1.0,0.001,7.181374632862325,0.001172818749236223,0.13010403593274136,100,100
ENSMUSG00000106820,0.6937341347501191,1.1372808699195984,6.445339075600169,0.41807245309200075,2.1309038437064376,1.2313794439695207,11.242363031264428,100,100
ENSMUSG00000106822,0.001,62.31581250733508,1.0,0.001,0.001,0.001731383324898454,0.2062274811634726,100,100
ENSMUSG00000106825,2.398468794745146,577.0230940414881,1.0,0.001,7.2434274898591475,0.0010000000000174201,0.049606872293912245,100,100
ENSMUSG00000106827,0.001,62.31581250733508,1.0,0.001,0.0010000000000000005,0.0017892961203183645,0.09897416419118413,100,100
ENSMUSG00000106828,2.0813166845897446,503.1765750646759,1.0,0.001,6.897082524453564,0.001,0.056605623741217734,100,100
ENSMUSG00000106831,0.001,0.00794534570355297,2.240161426153119,0.001,0.17799754865159773,0.42708575342023253,734.6590160063006,100,100
ENSMUSG00000106834,0.001,62.31581250733508,1.0,0.001,0.001,0.001875564132310369,0.29767758045337445,100,100
ENSMUSG00000106835,0.001,62.31581250733508,1.0,0.001,0.001,0.0019370896526697827,0.15659771548286017,100,100
ENSMUSG00000106836,0.001,61.259704531272526,1.0,0.001,0.001,0.0018942870592868635,0.21506887467326338,100,100
ENSMUSG00000106838,0.001,62.31581250733508,1.0,0.001,0.001,0.001603659289182228,0.12838833765921503,100,100
ENSMUSG00000106840,0.001,62.31581250733508,1.0,0.001,0.001,0.0017433362730307198,0.18444320460786023,100,100
ENSMUSG00000106847,0.001,59.75744064589286,1.0,0.001,0.001,0.0018208969392422222,0.2704249603633737,100,100
ENSMUSG00000106854,0.001,62.31581250733508,1.0,0.001,0.001,0.0015744373432944627,0.24035838954078478,100,100
ENSMUSG00000106858,0.001,62.31581250733508,1.0,0.001,0.001,0.0017226790209535002,0.16655515780401994,100,100
ENSMUSG00000106859,0.001,62.31581250733508,1.0,0.001,0.0010000000000000005,0.002005903166943577,0.5823398929419525,100,100
ENSMUSG00000106863,37.45655674222031,868.4761286272065,1.0,2.60900607400157,55.90171300226815,0.0010387115764875889,0.009006141098762088,100,100
ENSMUSG00000106864,0.365629869016034,0.9669868799375969,6.058846394614473,0.1320498883663715,0.6602765469448417,2.8367666113317487,21.69056964410226,100,100
ENSMUSG00000106867,0.001,61.45463549419866,1.0,0.001,0.001,0.0015236765843280452,0.13638472920290046,100,100
ENSMUSG00000106868,0.001,62.31581250733508,1.0,0.001,0.001,0.0017232350596790734,0.19116137173922193,100,100
ENSMUSG00000106869,0.001,62.31581250733508,1.0,0.001,0.0010000000000000005,0.0018252891717812903,0.1127070770831031,100,100
ENSMUSG00000106870,0.15239744109621062,0.17664509321923452,1.2282809898756428,0.001,1.128505966521065,0.5456721762155342,1191.1566690416144,100,100
ENSMUSG00000106874,0.001,59.75744064589286,1.0,0.001,0.001,0.0016957103840765492,0.23798035389322084,100,100
ENSMUSG00000106884,0.001,66.84427540036525,1.0,0.001,0.001,0.0016034676506403072,0.2766582237991504,100,100
ENSMUSG00000106885,0.001,66.84427540036525,1.0,0.001,0.0010000000000000009,0.001758110680317089,0.15191734084350642,100,100
ENSMUSG00000106891,0.001,61.88525872635182,1.0,0.001,0.0010000000000000007,0.0018116723980689483,0.41212207505329257,100,100
ENSMUSG00000106892,0.001,60.60768216058454,1.0,0.001,0.001,0.0017935196639008162,0.18146219079038756,100,100
ENSMUSG00000106894,0.001,62.31581250733508,1.0,0.001,0.001,0.0017263198496905237,0.422343738240916,100,100
ENSMUSG00000106902,0.001,62.31581250733508,1.0,0.001,0.001,0.001806446515359882,0.24828251073871416,100,100
ENSMUSG00000106904,1.750658321459322,421.40314619562344,1.0,0.001,7.978243075314905,0.0010000000035438293,0.042128108430001435,100,100
ENSMUSG00000106906,0.001,62.31581250733508,1.0,0.001,0.001,0.0019821341105611605,0.13037206955282646,100,100
ENSMUSG00000106910,0.001,62.31581250733508,1.0,0.001,0.001,0.0023577687202733424,0.07272556555855685,100,100
ENSMUSG00000106912,0.026116723329622282,20.070063391486098,27.62622879484716,0.001,9.766744039225582,0.0014120515635171738,41.88060594365126,100,100
ENSMUSG00000106915,0.001,62.31581250733508,1.0,0.001,0.001,0.0017220467580055278,0.3418056741413404,100,100
ENSMUSG00000106917,0.001,60.60768216058454,1.0,0.001,0.001,0.0020516468553660448,0.2227072418648448,100,100
ENSMUSG00000106918,0.9260060454365437,4.374221425654675,29.511249454563952,0.6443602019274578,1.2575731364654255,4.1443495523110325,13.946138689764886,100,100
ENSMUSG00000106928,0.10246688705900746,0.37219920954604435,2.0028764469336515,0.0029399226396694925,0.4293623292366047,0.8433834340254853,347.6297126244736,100,100
ENSMUSG00000106932,0.001,62.31581250733508,1.0,0.001,0.0010000000000000005,0.001857667501386738,0.2052624326981847,100,100
ENSMUSG00000106933,4.134300499511258,1000.0,1.0,0.001,4.359274880966197,0.0010281085264111597,0.1533380526545816,100,100
ENSMUSG00000106939,0.001,62.31581250733508,1.0,0.001,0.001,0.0017003976025209123,0.20274305413560248,100,100
ENSMUSG00000106940,6.546884295596521,523.1688301597276,1.0,0.001,28.066137147678617,0.001013313643264987,0.012092116203804182,100,100
ENSMUSG00000106943,0.18245636087896286,31.44830556209308,18.605747336795577,0.029930382166825704,9.375155557944291,0.003398246824571515,1.6258528086284212,100,100
ENSMUSG00000106946,0.001,62.31581250733508,1.0,0.001,0.001,0.0018211925061987935,0.21108758878926231,100,100
ENSMUSG00000106951,0.07202988079883542,7.557215065253051,10.639707862900284,0.03232016231432455,0.4283164383075372,0.16300008618949485,3.8703428132152156,100,100
ENSMUSG00000106956,0.001,66.84427540036525,1.0,0.001,0.0010000000000000009,0.002091761497164786,0.4546204155739041,100,100
ENSMUSG00000106959,22.661389304931497,907.1388747316179,1.0130924247668407,0.5320818514846443,36.82404923962198,0.0010000000000062329,0.008972323393482019,100,100
ENSMUSG00000106961,2.398468794745146,577.0230940414881,1.0,0.001,12.488237768043348,0.001097262852717962,0.05684451556042018,100,100
ENSMUSG00000106965,3.338165727611042,807.3831051292377,1.0,0.001,6.721976153355243,0.0010739652631859232,0.1810230200731877,100,100
ENSMUSG00000106967,0.001,62.31581250733508,1.0,0.001,0.001,0.0017848109865691332,0.24091729453492375,100,100
ENSMUSG00000106969,0.001,62.31581250733508,1.0,0.001,0.001,0.0015858685544555922,0.21444416759403143,100,100
ENSMUSG00000106973,0.08163171819164328,70.00887827609934,35.322777083045615,0.009904407377985189,38.1279570109124,0.0010321671370650736,1.5459303505674535,100,100
ENSMUSG00000106978,0.001,61.45463549419866,1.0,0.001,0.001,0.0019759378959264273,0.1411570313527141,100,100
ENSMUSG00000106980,0.001,62.31581250733508,1.0,0.001,0.001,0.0016544344495074861,0.11366202081102869,100,100
ENSMUSG00000106981,0.035341344359542094,21.270889843665717,27.15614529453216,0.001,3.0614848402515134,0.0029976819597226953,60.341301470034274,100,100
ENSMUSG00000106987,0.9175671651252996,220.60414164730648,1.0263039117429216,0.001,6.842268749467216,0.0013064349448735956,0.06626945587314456,100,100
ENSMUSG00000106990,0.9218515574696874,34.669115107649425,6.945379547404869,0.18743570971106663,61.821718798389995,0.003499958296247911,0.9723800016073192,100,100
ENSMUSG00000106992,3.384766615230161,408.6535384937126,1.0,0.001,15.822296268583422,0.0011575342299119501,0.027908144560575016,100,100
ENSMUSG00000106993,0.1213764962333973,18.4305988934887,5.050997948506837,0.001,29.586113005389933,0.0010294366797508826,6.01059726380616,100,100
ENSMUSG00000106994,0.001,62.31581250733508,1.0,0.001,0.0010000000000000009,0.0016661978431515446,0.09237382387347329,100,100
ENSMUSG00000106996,0.001,62.31581250733508,1.0,0.001,0.0010000000000000009,0.0015706200204265617,0.5285107260508035,100,100
ENSMUSG00000107000,21.59226827924874,852.4000927295278,1.0,0.001,33.2048832832302,0.001000022895150451,0.008950335053305856,100,100
ENSMUSG00000107002,0.02698029328376805,7.607863736768983,27.300921063380823,0.001,0.2213021216538838,0.301286709293186,202.70789190857084,100,100
ENSMUSG00000107005,0.001,61.45463549419866,1.0,0.001,0.001,0.002101809914649722,0.2522259981237012,100,100
ENSMUSG00000107008,0.001,62.31581250733508,1.0,0.001,0.001,0.001593135164375184,0.14267919153128994,100,100
ENSMUSG00000107009,14.369085656667188,567.0690185123789,1.0,0.001,34.88427153564014,0.0010000000000050778,0.008937499805338135,100,100
ENSMUSG00000107012,0.001,62.31581250733508,1.0,0.001,0.001,0.001555906030859641,0.1555719806195776,100,100
ENSMUSG00000107015,0.001,62.31581250733508,1.0,0.001,0.001,0.0017700306010344905,0.13723591407799868,100,100
ENSMUSG00000107019,0.8817513079932686,35.101785644123595,5.635099763346568,0.09439356332216577,118.20916611906338,0.0013881405300034764,0.7197520945426155,100,100
ENSMUSG00000107020,0.001,57.36411546318499,1.0,0.001,0.001,0.0016617387435366089,0.1093928244395805,100,100
ENSMUSG00000107023,0.001,56.71823759891341,1.0,0.001,0.001,0.0019198359121036738,0.3208949914364267,100,100
ENSMUSG00000107026,0.001,62.31581250733508,1.0,0.001,0.001,0.0017691108059324709,0.11688348743580862,100,100
ENSMUSG00000107029,0.001,62.31581250733508,1.0,0.001,0.001,0.0016889982255253481,0.15707713219160385,100,100
ENSMUSG00000107035,11.25848056055858,847.6179065158361,1.0,0.001,20.833345899116104,0.001,0.009013272070303434,100,100
ENSMUSG00000107037,0.001,62.31581250733508,1.0,0.001,0.001,0.0016423107662401001,0.09300182087116399,100,100
ENSMUSG00000107040,0.001,62.31581250733508,1.0,0.001,0.001,0.0015505724565602033,0.11308119230196453,100,100
ENSMUSG00000107043,0.001,66.84427540036525,1.0,0.001,0.001,0.001690140700116385,0.1384330329858252,100,100
ENSMUSG00000107045,0.001,62.31581250733508,1.0,0.001,0.001,0.0023334985765521782,0.1971015032276604,100,100
ENSMUSG00000107048,0.001,66.84427540036525,1.0,0.001,0.001,0.0019248146105700402,0.3454333604076675,100,100
ENSMUSG00000107050,0.001,62.31581250733508,1.0,0.001,0.001,0.0018500169694808878,0.2046773673907457,100,100
ENSMUSG00000107054,0.013245931987831118,21.223666904100046,33.40268035982946,0.001,9.800615690845927,0.001513171520704076,12.263691907565278,100,100
ENSMUSG00000107060,0.06426791679026636,19.121996827248473,7.815211716581031,0.001,21.48324739842421,0.0010012072329462231,10.000883446576266,100,100
ENSMUSG00000107061,0.001,62.31581250733508,1.0,0.001,0.001,0.0016795992688626092,0.42329378405655854,100,100
ENSMUSG00000107066,0.001,61.45463549419866,1.0,0.001,0.001,0.0018309780959463186,0.15659913478295717,100,100
ENSMUSG00000107068,0.003852874696602928,12.002137840356253,27.696565690799847,0.001,0.0407145068688283,0.0019722446926468983,20.63498143282829,100,100
ENSMUSG00000107071,0.001,62.31581250733508,1.0,0.001,0.001,0.0019907332860528157,0.16889729989295613,100,100
ENSMUSG00000107072,0.001,62.31581250733508,1.0,0.001,0.0010000000000000009,0.0016208927564700958,0.18401195435330314,100,100
ENSMUSG00000107079,0.001,62.31581250733508,1.0,0.001,0.001,0.00169940057808595,0.22240357332501864,100,100
ENSMUSG00000107082,0.001,66.84427540036525,1.0,0.001,0.001,0.0016862053139655323,0.40628605037967397,100,100
ENSMUSG00000107083,0.029339650012902303,0.703508961759308,1.0,0.001,16.542037180235873,0.0012866113114019641,34.069710870472726,100,100
ENSMUSG00000107085,1.4264657657904025,341.6272039188167,1.0,0.001,8.102454141585042,0.0010000226364449804,0.05320656322774048,100,100
ENSMUSG00000107086,0.010780121965175034,19.636724944471688,22.50325276493022,0.001,4.150133269153397,0.0010200146331789696,15.485863430913334,100,100
ENSMUSG00000107090,2.398468794745146,577.0230940414881,1.0,0.001,9.126620966255683,0.0010124690981333424,0.07067117322097773,100,100
ENSMUSG00000107091,0.009247782964824277,0.046578634707339736,1.0,0.001,0.3276618990497623,0.46865598951300536,167.19799283322232,100,100
ENSMUSG00000107094,0.001,62.31581250733508,1.0,0.001,0.001,0.0016379795037396285,0.11149291039264002,100,100
ENSMUSG00000107096,0.09200234622178938,2.6484754696140675,1.0,0.013733973751457795,25.787179749773088,0.0010238211306170097,1.2516505633364912,100,100
ENSMUSG00000107102,2.0813166845897446,503.1765750646759,1.0,0.001,11.92419251196537,0.0010134305059378607,0.04659209461792596,100,100
ENSMUSG00000107103,0.001,62.31581250733508,1.0,0.001,0.001,0.0017207785577054938,0.20920346161370715,100,100
ENSMUSG00000107108,0.001,62.31581250733508,1.0,0.001,0.001,0.0018320465156573583,0.14263789126493273,100,100
ENSMUSG00000107109,0.001,62.31581250733508,1.0,0.001,0.001,0.0016550824320412318,0.22085976972870802,100,100
ENSMUSG00000107115,0.001,62.31581250733508,1.0,0.001,0.001,0.0015962321730893449,0.27493297996398225,100,100
ENSMUSG00000107116,0.001,58.8711705984019,1.0,0.001,0.001,0.0017005510493213953,0.3269988139551182,100,100
ENSMUSG00000107118,12.415839240757508,1000.0,1.0105343109688893,0.001,20.537707358105372,0.001,0.010856899622514397,100,100
ENSMUSG00000107120,0.001,62.31581250733508,1.0,0.001,0.0010000000000000005,0.0016024668829502245,0.20302606837109877,100,100
ENSMUSG00000107121,0.21631179544795534,31.376071471891073,14.985469443801032,0.0018748466456324983,0.6360607306699986,0.06598257225911902,29.083033999857335,100,100
ENSMUSG00000107125,0.001,62.31581250733508,1.0,0.001,0.001,0.001790508618548664,0.30738427197762314,100,100
ENSMUSG00000107128,0.21537106913198475,17.697353916331775,3.465011139425038,0.03314588725783804,41.161784850633296,0.0010992655162846325,0.9348124196747393,100,100
ENSMUSG00000107140,5.572391373737276,665.9888714006186,1.0,0.001,17.581800446027835,0.0010000000000000087,0.016911675240225837,100,100
ENSMUSG00000107143,0.03317842871815363,21.21908487465733,18.376795132820536,0.001,18.610142484401724,0.0011968765980034286,53.088556887694864,100,100
ENSMUSG00000107149,0.001,62.31581250733508,1.0,0.001,0.0010000000000000009,0.0017540432736517068,0.10354564835042013,100,100
ENSMUSG00000107151,0.003278745494802053,11.907628964341697,29.167348987211728,0.001,0.03511989233702169,0.0014960266236146095,21.3236724535289,100,100
ENSMUSG00000107155,0.01083662302538329,20.03500611365411,22.804315664384806,0.001,4.382480004381316,0.0013698572517434704,21.08431449576042,100,100
ENSMUSG00000107158,0.001,62.31581250733508,1.0,0.001,0.001,0.002151932080523121,0.17014219068801367,100,100
ENSMUSG00000107163,0.001,66.84427540036525,1.0,0.001,0.001,0.0016514686845176692,0.2862891622478415,100,100
ENSMUSG00000107164,0.002132255261640563,5.997059999574964,39.355042855680075,0.001,0.07547344018083173,0.002009730246592463,53.485866864879014,100,100
ENSMUSG00000107165,0.001,62.31581250733508,1.0,0.001,0.001,0.0019897378162773236,0.09524289693701983,100,100
ENSMUSG00000107167,0.001,62.31581250733508,1.0,0.001,0.0010000000000000005,0.0015843715162906706,0.10482631365971609,100,100
ENSMUSG00000107168,0.001,62.31581250733508,1.0,0.001,0.0010000000000000005,0.0016102869880582618,0.18199133697580738,100,100
ENSMUSG00000107169,0.001,62.31581250733508,1.0,0.001,0.001,0.0017947533121967273,0.08201192959970438,100,100
ENSMUSG00000107171,0.001,62.31581250733508,1.0,0.001,0.001,0.001779932909719703,0.11837821071064882,100,100
ENSMUSG00000107173,0.001,62.31581250733508,1.0,0.001,0.0010000000000000005,0.001967877171229686,0.21327066769708075,100,100
ENSMUSG00000107176,nan,nan,nan,nan,nan,nan,nan,0,0
ENSMUSG00000107178,6.176697911040369,739.9491487496294,1.0159223176228693,0.001,15.04590304140116,0.0010514671546351859,0.08785009163623675,100,100
ENSMUSG00000107182,0.012744923677376167,11.86914450041953,19.10681933687489,0.001,12.506156413953756,0.001000000000011706,12.31399791774313,100,100
ENSMUSG00000107191,8.302936761401075,1000.0,1.0,0.001,15.726418307262593,0.0010000054078781596,0.04295655024198533,100,100
ENSMUSG00000107192,0.001,62.31581250733508,1.0,0.001,0.001,0.001747034029139493,0.238066713241116,100,100
ENSMUSG00000107194,0.001,53.49421221855202,1.0,0.001,0.001,0.0019541097375327266,0.22707164412557598,100,100
ENSMUSG00000107195,0.03316166398776156,21.14372674955064,18.323058657142813,0.001,7.146778024379898,0.001330909809644599,10.708122557399605,100,100
ENSMUSG00000107197,0.001,62.31581250733508,1.0,0.001,0.001,0.0016858376122057578,0.20021059951451767,100,100
ENSMUSG00000107200,0.001,66.84427540036525,1.0,0.001,0.001,0.0016700317930042992,0.41395042252965125,100,100
ENSMUSG00000107201,0.08018151194270187,21.87301141749865,11.366669250578521,0.001,31.449643152349424,0.001,1.9228862759817793,100,100
ENSMUSG00000107205,0.08783630111632704,1.1979471454585249,1.270954329652142,0.0188470494435366,0.5553921189464017,0.048353329047388045,3.231784775478153,100,100
ENSMUSG00000107207,0.001,62.31581250733508,1.0,0.001,0.001,0.001479351429272869,0.2159876756174794,100,100
ENSMUSG00000107209,0.001,62.31581250733508,1.0,0.001,0.001,0.0014283535433262465,0.15685829405548288,100,100
ENSMUSG00000107211,0.06455658298965929,23.32972114665678,27.7866686124814,0.001,13.225002105349006,0.0021172590674946876,115.35727690050904,100,100
ENSMUSG00000107215,0.001,61.674132606755,1.0,0.001,0.0010000000000000005,0.0015207865016922078,0.7860312983860431,100,100
ENSMUSG00000107218,0.001,62.31581250733508,1.0,0.001,0.001,0.0016815355683435546,0.1770459625851557,100,100
ENSMUSG00000107225,0.08082356703361057,15.662156524407186,8.178734891021112,0.007066999637328998,34.61486864663466,0.001083451229023698,2.0060625149347335,100,100
ENSMUSG00000107227,0.10647644939667801,10.344124133255248,5.942804561546943,0.0032279523578364125,27.656998969013806,0.0014939606434881578,5.44117817347731,100,100
ENSMUSG00000107230,0.001,62.31581250733508,1.0,0.001,0.001,0.0014601191549083413,0.2856089631404476,100,100
ENSMUSG00000107232,0.001,62.31581250733508,1.0,0.001,0.0010000000000000005,0.0018209094001613297,0.06483025245146412,100,100
ENSMUSG00000107246,0.001,61.45463549419866,1.0,0.001,0.001,0.0018663016328538977,0.18863645785421573,100,100
ENSMUSG00000107252,0.001,62.31581250733508,1.0,0.001,0.0010000000000000009,0.0017899795532654553,0.12443235742801735,100,100
ENSMUSG00000107253,0.001,62.31581250733508,1.0,0.001,0.0010000000000000005,0.0019031258147685207,0.0982740821342109,100,100
ENSMUSG00000107254,0.001,66.84427540036525,1.0,0.001,0.001,0.0017167668145478846,0.1962940529472159,100,100
ENSMUSG00000107255,0.001,62.31581250733508,1.0,0.001,0.001,0.001965296437193723,0.322090573192401,100,100
ENSMUSG00000107256,0.001,62.31581250733508,1.0,0.001,0.0010000000000000005,0.001538851686558321,0.21524900904820377,100,100
ENSMUSG00000107257,0.001,60.60768216058454,1.0,0.001,0.0010000000000000005,0.0015934555859885716,0.11758790280983303,100,100
ENSMUSG00000107263,0.001,62.31581250733508,1.0,0.001,0.001,0.0018273935608804017,0.1717017932457558,100,100
ENSMUSG00000107266,0.001,62.31581250733508,1.0,0.001,0.001,0.001733117576441615,0.09656876281134147,100,100
ENSMUSG00000107271,7.50974478015902,442.5768363200705,1.0,0.001,26.941964257127573,0.001000017845859428,0.00953316960536742,100,100
ENSMUSG00000107272,0.11384618112645052,26.95183298160442,1.0,0.001,7.567529237862003,0.001,0.06392538788037128,100,100
ENSMUSG00000107276,3.3504443964286903,803.5814128038414,1.0,0.001,8.139869244891733,0.0010017965395489772,0.23447641280143797,100,100
ENSMUSG00000107277,0.001,62.31581250733508,1.0,0.001,0.001,0.001567358430974205,0.5692062678791057,100,100
ENSMUSG00000107278,0.001,61.024058264401226,1.0,0.001,0.001,0.0015610975631000076,0.12134921293420642,100,100
ENSMUSG00000107283,1.7256782732899227,15.945142210761691,19.005905983751394,0.4473283665848423,3.2223813921925633,0.5482101008894844,9.137655973546511,100,100
ENSMUSG00000107286,2.867152843803597,686.0406369234706,1.002516036849355,0.001,7.76376672348643,0.001269959564546712,0.09601740427748473,100,100
ENSMUSG00000107287,0.001,62.31581250733508,1.0,0.001,0.001,0.0014936399747602518,0.18085807448159125,100,100
ENSMUSG00000107288,3.5621323522697406,428.7362738427486,1.0,0.001,13.50593287196141,0.001000722954835415,0.022451278372555353,100,100
ENSMUSG00000107292,1.827408594187776,433.33200259696997,1.0,0.001,6.450627562548787,0.0015861808383353364,0.05739782153105247,100,100
ENSMUSG00000107300,0.001,62.31581250733508,1.0,0.001,0.001,0.0014946760823316499,0.45957137588066144,100,100
ENSMUSG00000107304,8.337251809017895,1000.0,1.0,0.001,16.33571275704803,0.0010000000000351147,0.04167859637352925,100,100
ENSMUSG00000107306,0.001,61.45463549419866,1.0,0.001,0.0010000000000000009,0.0019091535111592536,0.1624006744000018,100,100
ENSMUSG00000107310,0.005439084652220067,0.24510733998582393,3.297917840915625,0.001,0.24752644079301264,0.10663804139192595,116.36807460001486,100,100
ENSMUSG00000107313,0.001,62.31581250733508,1.0,0.001,0.001,0.0015091463463278451,0.3395761664113656,100,100
ENSMUSG00000107314,0.001,61.88525872635182,1.0,0.001,0.001,0.001847539083503506,0.10159062954538968,100,100
ENSMUSG00000107317,3.911252269710252,958.3332849426147,1.0208715821848182,0.001,7.925135629862135,0.001303988302874153,0.08576331342953328,100,100
ENSMUSG00000107319,0.04033381100848208,19.959673698323908,10.5345602968221,0.001,18.011515199197326,0.0011198459748336304,17.705925426436934,100,100
ENSMUSG00000107320,0.001,61.674132606755,1.0,0.001,0.001,0.001636970645320976,0.15934716693018303,100,100
ENSMUSG00000107331,0.08812062132347372,18.874936917861145,6.247156903767945,0.001,25.632801149422164,0.0010049161641584908,13.308487890318137,100,100
ENSMUSG00000107334,0.001,62.31581250733508,1.0,0.001,0.001,0.0017930137637840284,0.2313404242844756,100,100
ENSMUSG00000107335,0.001,62.31581250733508,1.0,0.001,0.001,0.0015269245920937406,0.09983438021843014,100,100
ENSMUSG00000107336,0.001,62.31581250733508,1.0,0.001,0.0010000000000000009,0.0015526404300208007,0.19363025499297248,100,100
ENSMUSG00000107340,0.001,62.31581250733508,1.0,0.001,0.0010000000000000005,0.0014654537099142945,0.2001766167151715,100,100
ENSMUSG00000107350,0.08802809210697564,2.2837295612840047,5.447399570337797,0.04490902005807282,0.24791301559922968,0.5978285025321934,5.576333570851601,100,100
ENSMUSG00000107352,0.10060622173924345,9.706993829820656,5.616975012659449,0.001,42.622008205937625,0.0010805225297261206,3.3410909459525895,100,100
ENSMUSG00000107354,0.001,62.31581250733508,1.0,0.001,0.001,0.001569836144997486,0.21139612197509294,100,100
ENSMUSG00000107355,0.0060736317588113015,10.734421702403175,42.24555308601646,0.001,0.0863962279528592,0.0034476928220051107,57.08982744198307,100,100
ENSMUSG00000107358,4.131519129298434,1000.0,1.000247281024765,0.001,7.04020335916701,0.001215447872911334,0.06552146869896558,100,100
ENSMUSG00000107362,0.20471526959072803,32.54832719520034,19.85845956216706,0.06082570174302507,21.12462132182137,0.0045225465660046526,2.0810937596707983,100,100
ENSMUSG00000107364,0.001,66.84427540036525,1.0,0.001,0.001,0.0016773734512786937,0.10909959483783854,100,100
ENSMUSG00000107365,0.001,66.84427540036525,1.0,0.001,0.001,0.0018108509890653747,0.26012594676895967,100,100
ENSMUSG00000107369,0.001,59.52330063774062,1.0,0.001,0.001,0.0017044435770951975,0.20372217613603072,100,100
ENSMUSG00000107370,0.001,62.31581250733508,1.0,0.001,0.001,0.0015649741982908028,0.2142791114139379,100,100
ENSMUSG00000107373,0.001,62.31581250733508,1.0,0.001,0.001,0.0014982142661940983,0.23475800136011293,100,100
ENSMUSG00000107374,0.030813253585237427,1.5623586967035419,3.1430089463065705,0.001,18.227675263566304,0.0016047407492204735,48.229887889367426,100,100
ENSMUSG00000107379,6.761043780508342,810.8252603278167,1.0,0.001,16.01930136992833,0.0010000000008394728,0.02230334545966595,100,100
ENSMUSG00000107385,0.001,62.31581250733508,1.0,0.001,0.001,0.0018109489502668489,0.5235238776932294,100,100
ENSMUSG00000107387,0.001,61.674132606755,1.0,0.001,0.001,0.0015318301178662234,0.06893551597189401,100,100
ENSMUSG00000107388,0.006460373050335602,17.581490288819513,44.78657979769384,0.001,12.063733051912028,0.0010027947543511358,20.095347506149352,100,100
ENSMUSG00000107390,0.0874564022499086,1.2059889096405088,1.0,0.024096945159184268,27.58042009428811,0.0017077792390892887,1.9299375783048522,100,100
ENSMUSG00000107395,0.001,62.31581250733508,1.0,0.001,0.001,0.00171159362516146,0.17009073468877228,100,100
ENSMUSG00000107402,0.384296583141328,87.89225896100888,1.0,0.001,12.567987470080729,0.0010000000000334798,0.10547688463091603,100,100
ENSMUSG00000107406,0.001,62.31581250733508,1.0,0.001,0.001,0.0018409725574571214,0.47939621227167173,100,100
ENSMUSG00000107411,8.302800832267453,1000.0,1.0,0.001,18.06901985646276,0.0010000000000070827,0.024851730699727313,100,100
ENSMUSG00000107412,0.001,66.84427540036525,1.0,0.001,0.0010000000000000009,0.0017086307211181062,0.06491004035459323,100,100
ENSMUSG00000107422,0.001,62.31581250733508,1.0,0.001,0.001,0.0019408044625933638,0.3185548598713107,100,100
ENSMUSG00000107425,0.001,62.31581250733508,1.0,0.001,0.001,0.0016273485451380313,0.11231127850412612,100,100
ENSMUSG00000107427,0.001,62.31581250733508,1.0,0.001,0.001,0.0018429829982446744,0.06216567234528225,100,100
ENSMUSG00000107429,0.001,62.31581250733508,1.0,0.001,0.001,0.0014786564878975796,0.33607803404596087,100,100
ENSMUSG00000107430,0.001,66.84427540036525,1.0,0.001,0.001,0.0018449284555794117,0.18371536487396645,100,100
ENSMUSG00000107431,0.001,66.84427540036525,1.0,0.001,0.001,0.0019214055136350947,0.1383178779974446,100,100
ENSMUSG00000107432,0.001,66.84427540036525,1.0,0.001,0.001,0.0014351099800332303,0.19875100896183717,100,100
ENSMUSG00000107440,15.868424867384837,754.7618121570612,1.0,1.2987152458710338,31.654550158284845,0.001000125705844201,0.008999804068461875,100,100
ENSMUSG00000107448,4.1336179629762935,999.9999943156627,1.0,0.001,8.302931557139953,0.0010000000000032943,0.05080277225915557,100,100
ENSMUSG00000107451,0.001,62.31581250733508,1.0,0.001,0.001,0.0015865630338949624,0.2307153552603543,100,100
ENSMUSG00000107455,0.04044370035778797,2.8279459386255636,4.6764468346154295,0.009439142820156985,7.404564867655475,0.0024862468306224147,6.0052103029025545,100,100
ENSMUSG00000107456,0.047137998986203904,20.087210794099235,14.136797564530323,0.001,20.67110644402108,0.0011142240756582661,48.32720208198543,100,100
ENSMUSG00000107458,0.010451256303876695,19.488466470939002,47.8841238971861,0.001,1.1347224503303612,0.003653812708626485,51.344018095343365,100,100
ENSMUSG00000107461,0.0031960286591249045,9.733321940115207,24.389958688864752,0.001,0.17930789816621168,0.0016333271789133346,12.913006887752317,100,100
ENSMUSG00000107468,9.628150722967233,763.3142573455098,1.0,0.001,20.587640660948942,0.001,0.009026134744141528,100,100
ENSMUSG00000107470,0.001,13.186998118948347,1.0,0.001,0.001,0.04268146229728803,5.262297853328601,100,100
ENSMUSG00000107472,0.001,62.31581250733508,1.0,0.001,0.001,0.001794913574740293,0.17636513635735918,100,100
ENSMUSG00000107476,0.3231589827271757,32.724453988433524,16.225220760015453,0.027583990243137624,0.7693668052157844,0.21794779305972492,7.979741758489889,100,100
ENSMUSG00000107477,0.001,62.31581250733508,1.0,0.001,0.001,0.0017377462999558406,0.15082026668036025,100,100
ENSMUSG00000107478,0.001,66.84427540036525,1.0,0.001,0.001,0.001656767861331065,0.5170162847873973,100,100
ENSMUSG00000107479,0.04742608644033667,11.230585786813522,7.5706672349234,0.001,15.340575839702288,0.0013844393056602767,41.707565203093615,100,100
ENSMUSG00000107480,0.001,62.31581250733508,1.0,0.001,0.001,0.0016642804194341187,0.18928711028902956,100,100
ENSMUSG00000107482,0.001,62.31581250733508,1.0,0.001,0.001,0.0018482322234188381,0.143897508937261,100,100
ENSMUSG00000107491,0.001,61.674132606755,1.0,0.001,0.001,0.002477037742212992,0.18971603090793737,100,100
ENSMUSG00000107497,0.001,66.84427540036525,1.0,0.001,0.001,0.0017888517083160262,0.10884278276884132,100,100
ENSMUSG00000107499,3.338165727611042,807.3831051292377,1.0,0.001,7.246753898352474,0.0014403605616972025,0.19582332800770724,100,100
ENSMUSG00000107502,4.6726698743616595,371.7498491308318,1.0,0.001,20.57018314874172,0.001,0.012639297847344966,100,100
ENSMUSG00000107504,0.001,62.31581250733508,1.0,0.001,0.001,0.001797152488720275,0.32709389204060024,100,100
ENSMUSG00000107509,2.1461883628863268,516.8437340473623,1.0,0.001,12.535311378137784,0.0010000001880571797,0.024202452794323516,100,100
ENSMUSG00000107514,0.001,62.31581250733508,1.0,0.001,0.001,0.0015193126601047583,0.34664368871069984,100,100
ENSMUSG00000107524,0.001,66.84427540036525,1.0,0.001,0.001,0.0021099237012346724,0.13621183694190112,100,100
ENSMUSG00000107526,0.001,62.31581250733508,1.0,0.001,0.0010000000000000009,0.0019569215777285156,0.18333650147172137,100,100
ENSMUSG00000107529,14.758923343898452,873.9775548546319,1.0,0.001,24.500960011974136,0.001,0.009215375017280883,100,100
ENSMUSG00000107531,0.4282965282830732,103.14966607220127,1.0,0.001,5.791461793406556,0.0010088653692168575,0.15530041187261254,100,100
ENSMUSG00000107534,0.001,62.31581250733508,1.0,0.001,0.001,0.00182213272573422,0.0804734471629871,100,100
ENSMUSG00000107539,0.001,62.31581250733508,1.0,0.001,0.001,0.0015956170538076293,0.3385687943646845,100,100
ENSMUSG00000107542,0.001,66.84427540036525,1.0,0.001,0.001,0.0017206442928254409,0.18308031954730364,100,100
ENSMUSG00000107545,0.001,62.31581250733508,1.0,0.001,0.001,0.002097765656379669,0.1587324699222465,100,100
ENSMUSG00000107549,2.0826313051015224,503.49146876914733,1.0,0.001,10.53308542989031,0.0010000026854408133,0.03615792350421778,100,100
ENSMUSG00000107552,2.961200185399535,721.6290393901162,1.0064427689282454,0.001,11.506736364395739,0.0010026105283613969,0.0921586605818161,100,100
ENSMUSG00000107559,0.001,61.88525872635182,1.0,0.001,0.0010000000000000005,0.001619112883907058,0.23927065645548756,100,100
ENSMUSG00000107560,2.0813166845897446,503.1765750646759,1.0,0.001,8.202476680159148,0.0010000021414630995,0.056276875876710084,100,100
ENSMUSG00000107561,0.001,62.31581250733508,1.0,0.001,0.001,0.0017664621354285467,0.3167673254292303,100,100
ENSMUSG00000107566,0.001,62.31581250733508,1.0,0.001,0.001,0.0015907703813647005,0.20664897185205175,100,100
ENSMUSG00000107567,12.664480848976197,999.9996118275051,1.0,0.001,21.242160447875666,0.0010000164458053775,0.013038776106137627,100,100
ENSMUSG00000107576,11.40979948361311,448.27601697969425,1.0,0.6655186943885182,30.146928697081975,0.0010106115264194506,0.008996287746025296,100,100
ENSMUSG00000107577,0.001,66.84427540036525,1.0,0.001,0.0010000000000000005,0.0017890106739997453,0.22998081861731356,100,100
ENSMUSG00000107578,0.001,62.31581250733508,1.0,0.001,0.001,0.001875371803601449,0.42100334431315256,100,100
ENSMUSG00000107583,0.001,62.31581250733508,1.0,0.001,0.001,0.0017810662991130468,0.1962424058082122,100,100
ENSMUSG00000107585,0.001,66.84427540036525,1.0,0.001,0.001,0.001666075618765022,0.207619228284253,100,100
ENSMUSG00000107586,0.001,66.84427540036525,1.0,0.001,0.001,0.0019929056626194794,0.13082543439438943,100,100
ENSMUSG00000107593,0.001,62.31581250733508,1.0,0.001,0.001,0.0016843736503120176,0.18714484422370287,100,100
ENSMUSG00000107596,0.001,60.37820284006485,1.0,0.001,0.001,0.001799478353629628,0.15205719226816147,100,100
ENSMUSG00000107600,0.001,61.259704531272526,1.0,0.001,0.001,0.002074187097144852,0.2254278141147778,100,100
ENSMUSG00000107603,5.060326783204891,615.461284003333,1.000129961399874,0.001,16.748602263091954,0.001000000000010264,0.010619766000166527,100,100
ENSMUSG00000107604,0.27213439610239265,65.36421030425801,1.0,0.001,8.273627015022948,0.0010025198027224947,0.06710273978321853,100,100
ENSMUSG00000107608,0.001,62.31581250733508,1.0,0.001,0.001,0.0017478690939034904,0.16122912220997465,100,100
ENSMUSG00000107610,0.057186222211443476,19.40371411172002,18.537486685068476,0.001,15.714472094764483,0.0014359284097178434,78.61220175821506,100,100
ENSMUSG00000107611,0.001,62.31581250733508,1.0,0.001,0.001,0.0018899419292013235,0.3726009548785697,100,100
ENSMUSG00000107612,0.001,62.31581250733508,1.0,0.001,0.001,0.001973701291681418,0.123577250620068,100,100
ENSMUSG00000107624,0.0242309652190094,22.577931677001274,30.94390608347846,0.001,17.27741655652133,0.0010024359087646214,37.314975861914526,100,100
ENSMUSG00000107627,0.001,62.31581250733508,1.0,0.001,0.001,0.0016488648270208354,0.20849143454503116,100,100
ENSMUSG00000107628,0.001,62.31581250733508,1.0,0.001,0.001,0.001617019806783523,0.20508725304081143,100,100
ENSMUSG00000107634,0.001,62.31581250733508,1.0,0.001,0.001,0.001826697338205471,0.1467305960303642,100,100
ENSMUSG00000107638,0.001,61.88525872635182,1.0,0.001,0.001,0.0015890179701409288,0.19804521792923035,100,100
ENSMUSG00000107639,0.001,61.88525872635182,1.0,0.001,0.001,0.0018210585558875365,0.20456363805082436,100,100
ENSMUSG00000107640,0.001,62.31581250733508,1.0,0.001,0.0010000000000000009,0.0018237039820953311,0.20530280350805707,100,100
ENSMUSG00000107644,0.058989466140755634,18.82276304227011,17.965093914843706,0.001,24.627196208428543,0.0012664044760623762,75.22638210663075,100,100
ENSMUSG00000107647,0.001,62.31581250733508,1.0,0.001,0.001,0.0017275824569878886,0.07069035477042962,100,100
ENSMUSG00000107653,0.001,62.31581250733508,1.0,0.001,0.0010000000000000009,0.0018412577032319928,0.2578331105179744,100,100
ENSMUSG00000107658,0.001,62.31581250733508,1.0,0.001,0.0010000000000000005,0.0016754884339548885,0.17020847522793545,100,100
ENSMUSG00000107659,0.11384618112645052,26.95183298160442,1.0,0.001,9.394801482440808,0.0010000000000169186,0.07454986069410684,100,100
ENSMUSG00000107666,2.2386239439353877,560.8732842949564,1.0391422282568814,0.001,9.687092046734655,0.001000000000061982,0.08916691757818873,100,100
ENSMUSG00000107667,4.132577005576439,999.9999999828615,1.0,0.001,7.479981869555193,0.0012113323089407452,0.11812421011784005,100,100
ENSMUSG00000107668,0.001,62.31581250733508,1.0,0.001,0.001,0.0018195943699073,0.18298490297535336,100,100
ENSMUSG00000107676,0.001,62.31581250733508,1.0,0.001,0.001,0.0018051781160451441,0.09841136682569829,100,100
ENSMUSG00000107680,0.001,62.31581250733508,1.0,0.001,0.001,0.0014174353717901884,0.17145716494690588,100,100
ENSMUSG00000107682,1.6262619868264967,395.3519615968364,1.004113302142248,0.001,9.09173644293326,0.0010000017813830177,0.03962416870499219,100,100
ENSMUSG00000107688,0.001,62.31581250733508,1.0,0.001,0.001,0.0017541459369145114,0.1562909135165056,100,100
ENSMUSG00000107689,0.001,62.31581250733508,1.0,0.001,0.0010000000000000009,0.0018434882750830589,0.1273544657354765,100,100
ENSMUSG00000107690,0.001,58.00999307220888,1.0,0.001,0.001,0.0016628467168320544,0.6821164530737991,100,100
ENSMUSG00000107698,0.03369843267546062,21.64280287585575,23.683797905164592,0.001,6.912385168117707,0.0015324990112404288,54.0552099633956,100,100
ENSMUSG00000107702,4.132577005576439,999.9999999828615,1.0,0.001,11.630898712636338,0.0010836460926100461,0.335719592180114,100,100
ENSMUSG00000107703,0.001,62.31581250733508,1.0,0.001,0.001,0.001708982451536012,0.22564449885453985,100,100
ENSMUSG00000107704,11.292194778578054,897.9162509628209,1.0016070313642347,0.001,21.104779437108803,0.001,0.011326494397453172,100,100
ENSMUSG00000107705,4.859991730479849,612.1249036364125,1.043766306828767,0.001,16.27621567242388,0.0010000077644676153,0.041365064462257045,100,100
ENSMUSG00000107706,0.001,62.31581250733508,1.0,0.001,0.001,0.0017639537344152053,0.3099399521460362,100,100
ENSMUSG00000107709,0.001,61.674132606755,1.0,0.001,0.001,0.001887073072943678,0.12214154785415601,100,100
ENSMUSG00000107713,0.001,60.60768216058454,1.0,0.001,0.0010000000000000005,0.0020147191211780154,0.3945917483674183,100,100
ENSMUSG00000107719,0.001,62.31581250733508,1.0,0.001,0.001,0.0016127390853778838,0.332593773514417,100,100
ENSMUSG00000107720,0.881564516204355,212.83947995384116,1.0,0.001,8.533583620500021,0.0010165421743612867,0.048987914555356726,100,100
ENSMUSG00000107722,4.724841981502479,596.8145557371037,1.044533413498981,0.001,16.745087888564854,0.001,0.060771858345241576,100,100
ENSMUSG00000107723,0.001,62.31581250733508,1.0,0.001,0.001,0.001507682994739116,0.09930422067618326,100,100
ENSMUSG00000107724,0.27213439610239265,65.36421030425801,1.0,0.001,4.1344100044571945,0.0010000000049335078,0.09445319234020552,100,100
ENSMUSG00000107726,0.001,66.84427540036525,1.0,0.001,0.0010000000000000005,0.0015684529414737424,0.2964241691660842,100,100
ENSMUSG00000107728,0.001,62.31581250733508,1.0,0.001,0.0010000000000000005,0.0020543279109757687,0.2195629529660953,100,100
ENSMUSG00000107730,0.001,62.31581250733508,1.0,0.001,0.0010000000000000005,0.0017599074695429334,0.3067596859964208,100,100
ENSMUSG00000107733,0.001,66.84427540036525,1.0,0.001,0.0010000000000000005,0.0014806849748422789,0.20433941787020507,100,100
ENSMUSG00000107734,0.0036698637648459177,9.850894022652497,26.490479285566476,0.001,0.033398019265692386,0.001802522455844812,25.834391692360477,100,100
ENSMUSG00000107736,6.7420224462571,806.9684941036809,1.0,0.001,10.6861812356706,0.001,0.020859922763264493,100,100
ENSMUSG00000107739,0.001,62.31581250733508,1.0,0.001,0.001,0.0018184376147549373,0.21154047118832875,100,100
ENSMUSG00000107741,0.2410448475330813,35.2371265273298,32.48167091041855,0.10940709269867721,0.8218477270358042,0.25228347552978136,2.12958149307007,100,100
ENSMUSG00000107742,0.033842573669614455,21.204288760090915,23.661359056553238,0.001,6.980391639932051,0.0017318818040636345,46.983296796138475,100,100
ENSMUSG00000107745,0.001,62.31581250733508,1.0,0.001,0.001,0.001791276944060316,0.0718903012427054,100,100
ENSMUSG00000107749,16.223978715270665,740.6848634390038,1.0,0.001,30.393093107909053,0.0010000001042523021,0.009174890640616305,100,100
ENSMUSG00000107750,1.67061604863853,398.5402109334709,1.0,0.001,8.668164609928763,0.0011494696011114303,0.07001541516210144,100,100
ENSMUSG00000107753,0.001,62.31581250733508,1.0,0.001,0.001,0.0016108807279865936,0.14084292693686798,100,100
ENSMUSG00000107756,0.02148349196891466,0.20402449857050187,1.0,0.001,0.35134836886076104,0.20627451676625402,91.1146437968376,100,100
ENSMUSG00000107758,3.634046016353861,918.1272007117527,1.0645298810813961,0.001,9.984355277413258,0.0010000000000099502,0.0880972411102328,100,100
ENSMUSG00000107761,0.001,62.31581250733508,1.0,0.001,0.001,0.001715434032292252,0.15225247390181426,100,100
ENSMUSG00000107768,12.540470877337984,993.9894254493798,1.003814584549646,0.001,21.176157900055387,0.001,0.011862619985119302,100,100
ENSMUSG00000107780,0.0242422754334838,21.829971196534792,29.44817821473749,0.001,2.4805101588806093,0.0027350457915440067,44.931287629496794,100,100
ENSMUSG00000107788,9.442880631481922,1000.0,1.0,0.001,16.948153010135123,0.0010000000000028684,0.026912371539667947,100,100
ENSMUSG00000107789,8.3031059072597,1000.0,1.0,0.001,12.443806811617431,0.0010158932760517554,0.015895071812403468,100,100
ENSMUSG00000107792,0.001,62.31581250733508,1.0,0.001,0.001,0.0017774668752446997,0.32623208931551106,100,100
ENSMUSG00000107796,0.001,62.31581250733508,1.0,0.001,0.0010000000000000009,0.0017991583787973207,0.08624417712889187,100,100
ENSMUSG00000107798,0.001,62.31581250733508,1.0,0.001,0.001,0.0015800101676656133,0.07020814960316053,100,100
ENSMUSG00000107800,0.001,62.31581250733508,1.0,0.001,0.001,0.0020416928462599535,0.35538600547017524,100,100
ENSMUSG00000107801,0.001,62.31581250733508,1.0,0.001,0.001,0.0021076130575036554,0.18802153133293775,100,100
ENSMUSG00000107802,0.001,61.674132606755,1.0,0.001,0.001,0.0017777997592894163,0.4475458211430258,100,100
ENSMUSG00000107806,0.06109992917680164,19.171766789892427,7.862727939254117,0.001,19.478590295903906,0.0010253382352883446,13.567859407273993,100,100
ENSMUSG00000107810,0.001,62.31581250733508,1.0,0.001,0.0010000000000000005,0.0017351620326571927,0.0789011220355447,100,100
ENSMUSG00000107812,0.022601029016841398,20.836503603114828,15.152622627553653,0.001,14.139857709558836,0.0012141035156533458,26.31242635034605,100,100
ENSMUSG00000107813,8.331918462400925,999.9999999994735,1.0,0.001,16.815439529438574,0.001,0.12505706874486758,100,100
ENSMUSG00000107814,0.001,62.31581250733508,1.0,0.001,0.001,0.0018136603466771353,0.17688941852813533,100,100
ENSMUSG00000107823,0.001,62.31581250733508,1.0,0.001,0.001,0.0014869754668879287,0.09077965535237989,100,100
ENSMUSG00000107824,0.001,61.88525872635182,1.0,0.001,0.001,0.0014723568721888396,0.1715012732771121,100,100
ENSMUSG00000107835,1.503103188885066,363.25008257950475,1.0,0.001,11.320346789009868,0.001052917306397943,0.06886091302370353,100,100
ENSMUSG00000107841,0.002158688206990861,20.232604411006157,66.80655435960244,0.001,0.056032688544095856,0.0016010106057240843,16.884763216804792,100,100
ENSMUSG00000107842,0.001,66.84427540036525,1.0,0.001,0.001,0.0016958180274093096,0.11326259522849416,100,100
ENSMUSG00000107846,0.002158688206990861,20.232604411006157,66.80655435960244,0.001,0.17322927506916946,0.0016333018166088988,16.87483462319841,100,100
ENSMUSG00000107849,0.001,62.31581250733508,1.0,0.001,0.001,0.0015939207764334704,0.14510058714312582,100,100
ENSMUSG00000107861,0.001,62.31581250733508,1.0,0.001,0.001,0.0015197848924477799,1.1627802440943193,100,100
ENSMUSG00000107862,0.001,61.88525872635182,1.0,0.001,0.001,0.0018949920788807666,0.1553996924885177,100,100
ENSMUSG00000107863,0.001,62.31581250733508,1.0,0.001,0.001,0.0016156205292751796,0.2486174571838385,100,100
ENSMUSG00000107865,0.06205649838100849,24.30391966224078,14.99028445809162,0.001,29.659745744750737,0.0010723662868242052,2.201511468219632,100,100
ENSMUSG00000107868,0.001,0.01594903400868174,1.0,0.001,0.13501208337901388,0.2770402214699589,51.8233458896116,100,100
ENSMUSG00000107876,0.001,62.31581250733508,1.0,0.001,0.0010000000000000009,0.002067481977142258,0.10036678933777052,100,100
ENSMUSG00000107879,0.161051774938612,1.8878126278601024,1.0,0.001,37.71321150976173,0.0014161373253722127,1.5585735160967809,100,100
ENSMUSG00000107881,0.03112776527284064,0.162642694762268,3.751053700704406,0.001,0.14563600541416483,3.7270949229826487,616.5614998443866,100,100
ENSMUSG00000107884,7.420341686333265,593.1203021041094,1.0,0.001,21.789988055619574,0.001,0.017007677746179003,100,100
ENSMUSG00000107892,0.001,62.31581250733508,1.0,0.001,0.001,0.0018542171175854058,0.3681677540931668,100,100
ENSMUSG00000107894,0.001,61.674132606755,1.0,0.001,0.001,0.0019120718005605822,0.23482922125207994,100,100
ENSMUSG00000107909,0.001,61.024058264401226,1.0,0.001,0.0010000000000000005,0.0018126275482870744,0.24163307988275556,100,100
ENSMUSG00000107911,0.0033944282207859157,10.114031991209721,24.719042889784667,0.001,0.040641702311798714,0.0025379244406014256,17.54144182814332,100,100
ENSMUSG00000107917,0.001,62.31581250733508,1.0,0.001,0.001,0.001656157717580831,0.23480238081964644,100,100
ENSMUSG00000107920,0.001,61.45463549419866,1.0,0.001,0.001,0.0014715325411086594,0.08922942062394663,100,100
ENSMUSG00000107928,0.001,61.674132606755,1.0,0.001,0.001,0.0017654637048205928,0.08568691157216363,100,100
ENSMUSG00000107932,8.271395026070293,391.5560679622884,1.0,0.001,23.270491424918696,0.001,0.008982160608033843,100,100
ENSMUSG00000107937,0.001,66.84427540036525,1.0,0.001,0.001,0.001833001236629336,0.3073698937067568,100,100
ENSMUSG00000107942,0.001,62.31581250733508,1.0,0.001,0.0010000000000000009,0.0018415993305100269,0.10654813608297607,100,100
ENSMUSG00000107944,0.001,62.31581250733508,1.0,0.001,0.001,0.001731985054044856,0.26681540071650817,100,100
ENSMUSG00000107945,0.001,66.84427540036525,1.0,0.001,0.001,0.0020041004841901706,0.2143248956521891,100,100
ENSMUSG00000107946,0.04771853336849631,19.91589338481024,14.02431831857272,0.001,13.108531607795397,0.001387626169326759,18.15207113724182,100,100
ENSMUSG00000107951,0.5322546347819823,0.28542342580175145,8.40173367143809,0.055005646897520924,3.3256582342973857,1.8539805794711768,512.9000868872531,100,100
ENSMUSG00000107954,0.001,62.31581250733508,1.0,0.001,0.001,0.001616134902059291,0.13126666331518833,100,100
ENSMUSG00000107955,0.001,61.45463549419866,1.0,0.001,0.001,0.0013891325863734975,0.1920695824699099,100,100
ENSMUSG00000107961,0.006526783026900836,17.11575772077132,42.77086556018447,0.001,5.766384655359811,0.001535011246527347,12.263370159874388,100,100
ENSMUSG00000107962,0.001,66.84427540036525,1.0,0.001,0.001,0.0017508172710661125,0.2029772718848374,100,100
ENSMUSG00000107965,0.001,62.31581250733508,1.0,0.001,0.001,0.001550598275657036,0.0709896743020101,100,100
ENSMUSG00000107966,8.249285131715618,993.5332118624764,1.0,0.001,16.506550856941878,0.0010000000000082007,0.10764735061796854,100,100
ENSMUSG00000107969,0.001,62.31581250733508,1.0,0.001,0.001,0.0017297402516881048,0.15737780496841114,100,100
ENSMUSG00000107970,0.001,62.31581250733508,1.0,0.001,0.001,0.0016385095078594674,0.3671163321440777,100,100
ENSMUSG00000107971,0.13073651780139625,18.090218666950072,6.905675533494663,0.0014453149586238353,34.854443428231306,0.0011793425384497497,22.65326322128276,100,100
ENSMUSG00000107983,0.001,62.31581250733508,1.0,0.001,0.001,0.001753483925333684,0.22507111360490278,100,100
ENSMUSG00000107985,0.027276881412326065,1.5506917088263523,3.13565458969547,0.001,2.613612098934125,0.0017078138099314464,36.836201778603375,100,100
ENSMUSG00000107989,0.001,62.31581250733508,1.0,0.001,0.001,0.001520756547877845,0.4422094250463108,100,100
ENSMUSG00000107990,0.001,62.31581250733508,1.0,0.001,0.0010000000000000009,0.0019209172463150403,0.26151723762812007,100,100
ENSMUSG00000107994,0.1375461880503201,17.799873148757598,8.457357619401657,0.012734700083548073,31.213443726866807,0.0011784471650210268,5.505632392288824,100,100
ENSMUSG00000107995,0.001,62.31581250733508,1.0,0.001,0.001,0.001557462826781216,0.20950276691718267,100,100
ENSMUSG00000107997,1.4264657657904025,341.6272039188167,1.0,0.001,10.771024086813352,0.0010361692185303399,0.022289406166552853,100,100
ENSMUSG00000107999,0.001,48.75449694357401,1.0,0.001,0.001,0.0019508214757352482,0.3497306994387408,100,100
ENSMUSG00000108004,0.001,62.31581250733508,1.0,0.001,0.0010000000000000009,0.0020502654938798544,0.3023123958463865,100,100
ENSMUSG00000108006,0.001,62.31581250733508,1.0,0.001,0.001,0.0017296875811132605,0.16814568143120495,100,100
ENSMUSG00000108010,0.001,61.259704531272526,1.0,0.001,0.001,0.0019972007327089024,0.0739701965527162,100,100
ENSMUSG00000108015,0.001,62.31581250733508,1.0,0.001,0.001,0.001769598308429419,0.14858352240961636,100,100
ENSMUSG00000108024,0.001,61.024058264401226,1.0,0.001,0.001,0.0018631071776294065,0.48061969276600963,100,100
ENSMUSG00000108030,2.66909052794605,634.7305162144502,1.0,0.001,7.727965400097759,0.0011025235708180137,0.06070658464329294,100,100
ENSMUSG00000108033,0.007023934323165783,1.3245774753790325,4.728412998179623,0.001,14.730444295971576,0.001089122018779199,9.005604746348984,100,100
ENSMUSG00000108034,0.001,62.31581250733508,1.0,0.001,0.001,0.001716162934436705,0.17421009619411912,100,100
ENSMUSG00000108036,0.001,62.31581250733508,1.0,0.001,0.001,0.0017472022444586259,0.19692905908013897,100,100
ENSMUSG00000108037,2.4775427603301186,591.623848152653,1.0,0.001,8.406720922512328,0.0010000000000367775,0.07923659896616797,100,100
ENSMUSG00000108042,15.619918714824019,742.9918311873962,1.0,0.4395120168751187,36.32651002136146,0.001,0.008955458073156716,100,100
ENSMUSG00000108046,0.001,62.31581250733508,1.0,0.001,0.001,0.0016518692236860712,0.07800890168073413,100,100
ENSMUSG00000108048,0.001,62.31581250733508,1.0,0.001,0.001,0.0018522945618668612,0.18715901834939108,100,100
ENSMUSG00000108049,1.7516396843847362,416.3850225706921,1.0,0.001,8.442909452520851,0.0011061940509909766,0.04497080211382966,100,100
ENSMUSG00000108053,0.001,61.88525872635182,1.0,0.001,0.001,0.0018281831658322326,0.3168987170487537,100,100
ENSMUSG00000108059,0.001,66.84427540036525,1.0,0.001,0.001,0.0017193459895940492,0.5459152397253895,100,100
ENSMUSG00000108062,0.001,62.31581250733508,1.0,0.001,0.001,0.001938703066840715,0.26893430688221176,100,100
ENSMUSG00000108064,0.001,58.440570410729244,1.0,0.001,0.001,0.0019280342127572434,0.2557602079552038,100,100
ENSMUSG00000108067,0.001,66.84427540036525,1.0,0.001,0.0010000000000000005,0.001762520389622959,0.3141896479058593,100,100
ENSMUSG00000108076,8.206590439687364,657.4612345598125,1.0107936228305012,0.001,24.041981594319722,0.001,0.014708862312394138,100,100
ENSMUSG00000108079,1.503103188885066,363.25008257950475,1.0,0.001,8.302564429771762,0.001,0.042889372534020406,100,100
ENSMUSG00000108080,0.06034117205875795,19.526019805055427,8.007783800032536,0.001,23.18106617770347,0.0010109240960624814,19.763615149685585,100,100
ENSMUSG00000108086,0.001,62.31581250733508,1.0,0.001,0.001,0.0013886446972625447,0.13660013328296924,100,100
ENSMUSG00000108090,0.001,62.31581250733508,1.0,0.001,0.0010000000000000005,0.0018160346005274336,0.15071026866112744,100,100
ENSMUSG00000108096,0.001,62.31581250733508,1.0,0.001,0.001,0.0017022782885481532,0.11257982676385932,100,100
ENSMUSG00000108101,0.001,62.31581250733508,1.0,0.001,0.001,0.0015330960123511456,0.1573683002160099,100,100
ENSMUSG00000108103,0.04578715672817502,20.183985303712333,22.098750401509594,0.001,4.274550800223903,0.001870014689425564,47.72802691692089,100,100
ENSMUSG00000108105,0.022604054223917824,20.859627707484936,15.16702314788784,0.001,16.33710207631477,0.0012326047873312475,10.964513701975939,100,100
ENSMUSG00000108107,11.599351007432423,882.3430423920752,1.0138170189739784,0.001,22.330177246580035,0.001,0.010012916982988927,100,100
ENSMUSG00000108108,0.001,62.31581250733508,1.0,0.001,0.001,0.0021958760320474283,0.11764218178787743,100,100
ENSMUSG00000108109,0.001,62.31581250733508,1.0,0.001,0.001,0.0018511583046880464,0.23346731366487156,100,100
ENSMUSG00000108111,4.132577005576439,999.9999999828615,1.0,0.001,6.550167950913391,0.0012742334189514357,0.11085070183753631,100,100
ENSMUSG00000108113,0.001,62.31581250733508,1.0,0.001,0.001,0.0014380271129829057,0.0737066978159713,100,100
ENSMUSG00000108115,0.001,62.31581250733508,1.0,0.001,0.001,0.0018375895315613784,0.13125181654670032,100,100
ENSMUSG00000108117,0.001,62.31581250733508,1.0,0.001,0.001,0.001783157306773709,0.44900404051805565,100,100
ENSMUSG00000108118,0.001,62.31581250733508,1.0,0.001,0.001,0.0018828538276332981,0.1406995333738409,100,100
ENSMUSG00000108120,2.0813166845897446,503.1765750646759,1.0,0.001,8.976346378496952,0.0010302147320583317,0.143843823639056,100,100
ENSMUSG00000108122,0.001,62.31581250733508,1.0,0.001,0.001,0.0019410143298219328,0.6815884737905413,100,100
ENSMUSG00000108125,0.001,62.31581250733508,1.0,0.001,0.001,0.0017748494091730255,0.1380996654235964,100,100
ENSMUSG00000108129,0.001,62.31581250733508,1.0,0.001,0.001,0.0015700304007438526,0.16244824070823294,100,100
ENSMUSG00000108132,0.001,66.84427540036525,1.0,0.001,0.0010000000000000005,0.001768299548504009,0.19225803450436812,100,100
ENSMUSG00000108137,0.001,61.45463549419866,1.0,0.001,0.0010000000000000009,0.002119712938426234,0.1901760396108692,100,100
ENSMUSG00000108141,0.001,61.88525872635182,1.0,0.001,0.001,0.0015408606860766233,0.1387099489091992,100,100
ENSMUSG00000108143,0.001,61.88525872635182,1.0,0.001,0.001,0.0014883800732385058,0.23806314391904615,100,100
ENSMUSG00000108148,0.001,62.31581250733508,1.0,0.001,0.001,0.0016953009322666572,0.13381110578838004,100,100
ENSMUSG00000108152,0.024039265151101167,22.945510331101573,31.434493956217885,0.001,5.795280007232323,0.0018414303676516919,44.6059841250946,100,100
ENSMUSG00000108154,0.001,62.31581250733508,1.0,0.001,0.0010000000000000005,0.0018634777529682824,0.3754743742539739,100,100
ENSMUSG00000108155,0.001,62.31581250733508,1.0,0.001,0.0010000000000000005,0.0018131953361433173,0.7427691161587955,100,100
ENSMUSG00000108158,0.001,62.31581250733508,1.0,0.001,0.001,0.0013829205359730842,0.14531135332453313,100,100
ENSMUSG00000108161,0.001,62.31581250733508,1.0,0.001,0.001,0.0015907920724392193,0.1294388672419427,100,100
ENSMUSG00000108162,0.001,61.88525872635182,1.0,0.001,0.001,0.0014817276980044125,0.16498055289160007,100,100
ENSMUSG00000108168,2.8043454615252004,678.1527302530274,1.0,0.001,10.509719169163366,0.0010000000042033011,0.03301183786191572,100,100
ENSMUSG00000108169,0.001,61.88525872635182,1.0,0.001,0.001,0.0017137812012465396,0.6355599144744942,100,100
ENSMUSG00000108170,0.001,61.88525872635182,1.0,0.001,0.001,0.0015379839032441756,0.3214002165299774,100,100
ENSMUSG00000108171,4.132577005576439,999.9999999828615,1.0,0.001,8.245355668019581,0.0010009540326711792,0.04494728683998997,100,100
ENSMUSG00000108176,1.6951184992399486,434.6310646958758,1.0591007154072447,0.001,5.147435162100143,0.0010142701844081522,0.10941359536302298,100,100
ENSMUSG00000108177,0.001,62.31581250733508,1.0,0.001,0.001,0.0022196007596702334,0.6362567756920965,100,100
ENSMUSG00000108179,0.001,62.31581250733508,1.0,0.001,0.0010000000000000005,0.0015419292147022725,0.1410682319168705,100,100
ENSMUSG00000108181,0.047940650583042727,19.880077672757277,13.992284189940454,0.001,11.42561878429387,0.0014213463968388183,9.041600165530191,100,100
ENSMUSG00000108190,0.001,61.674132606755,1.0,0.001,0.0010000000000000009,0.0017504186961692335,0.21032456794687715,100,100
ENSMUSG00000108191,0.004073384651961597,11.149609488685988,22.34353119129369,0.001,0.06735190219190575,0.0014750872540521247,14.554503738002342,100,100
ENSMUSG00000108196,0.001,62.31581250733508,1.0,0.001,0.0010000000000000005,0.0017268041917231373,0.5838295807999976,100,100
ENSMUSG00000108197,12.192543444446816,999.9999840876118,1.0248037719927454,0.001,20.188602275429677,0.001,0.045002458538777136,100,100
ENSMUSG00000108199,0.001,62.31581250733508,1.0,0.001,0.001,0.0017803608586858118,0.18203787989188328,100,100
ENSMUSG00000108207,0.10293532753019906,27.868670742671732,42.95018307257651,0.001109277730144998,0.38886380502946694,0.18550198992134825,106.68852223625183,100,100
ENSMUSG00000108210,0.001,62.31581250733508,1.0,0.001,0.001,0.0016913655740894728,0.15869584176062557,100,100
ENSMUSG00000108211,2.8043454615252004,678.1527302530274,1.0,0.001,8.15214999258832,0.0010000000000070129,0.13133647628414558,100,100
ENSMUSG00000108214,0.001,66.84427540036525,1.0,0.001,0.001,0.002190430203447888,0.20173409282235866,100,100
ENSMUSG00000108216,7.912093196845881,632.4676498064656,1.0,0.001,16.882581170121348,0.001,0.05123287201179527,100,100
ENSMUSG00000108218,0.10636381394320615,1.5171819180092003,5.309255283364147,0.014917838994852762,0.24459455072849262,1.0936911209552291,45.54986544508313,100,100
ENSMUSG00000108219,2.684773051267332,649.196933434762,1.0,0.001,12.502050298869309,0.001,0.021961776827600185,100,100
ENSMUSG00000108221,0.022595646680670208,20.80790395843591,15.136343053929183,0.001,8.481725879240518,0.001366331653642088,19.900381186776787,100,100
ENSMUSG00000108224,0.001,62.31581250733508,1.0,0.001,0.001,0.002028464162793772,0.17490273493954114,100,100
ENSMUSG00000108226,0.001,66.84427540036525,1.0,0.001,0.001,0.0016526924797369653,0.1758182792945462,100,100
ENSMUSG00000108227,0.001,62.31581250733508,1.0,0.001,0.001,0.0013605835192541148,0.07301688182367698,100,100
ENSMUSG00000108228,0.01958915647221375,0.9809894867506207,3.7965120738752995,0.001,0.15679555477922102,0.0015674878413497228,21.569231873406157,100,100
ENSMUSG00000108232,0.001,62.31581250733508,1.0,0.001,0.001,0.0015211107261162721,0.24214922620771556,100,100
ENSMUSG00000108238,0.08951072197341925,1.6364046086668587,1.8613130075073858,0.0010733516148981625,0.9841204657535578,0.004838301360419019,12.38135952008744,100,100
ENSMUSG00000108239,0.27213439610239265,65.36421030425801,1.0,0.001,7.945831768126219,0.0010814792115808548,0.01789607544085406,100,100
ENSMUSG00000108244,0.001,62.31581250733508,1.0,0.001,0.001,0.0020241182230362224,0.20253727078737113,100,100
ENSMUSG00000108254,0.001,62.31581250733508,1.0,0.001,0.001,0.0019127560134166817,0.15243694559941606,100,100
ENSMUSG00000108256,0.001,66.84427540036525,1.0,0.001,0.0010000000000000005,0.0017633280340003965,0.2732947014514307,100,100
ENSMUSG00000108258,0.001,62.31581250733508,1.0,0.001,0.001,0.0020468727352113197,0.07680999984417233,100,100
ENSMUSG00000108260,0.001,66.84427540036525,1.0,0.001,0.001,0.001632151788915878,0.1696961851186928,100,100
ENSMUSG00000108266,0.001,62.31581250733508,1.0,0.001,0.0010000000000000005,0.0016482175548455384,0.21516203798167466,100,100
ENSMUSG00000108267,17.6335714594133,578.8697618225003,1.0,2.3818954640331773,41.91744099194347,0.001,0.008971796734057791,100,100
ENSMUSG00000108268,0.881564516204355,212.83947995384116,1.0,0.001,7.377892133080078,0.0010716956981882148,0.13599553681423607,100,100
ENSMUSG00000108269,0.001,62.31581250733508,1.0,0.001,0.001,0.0015145670685974364,0.1449379628746845,100,100
ENSMUSG00000108276,0.001,61.88525872635182,1.0,0.001,0.001,0.0019266059418714832,0.0741005116566148,100,100
ENSMUSG00000108282,0.001,60.80878088638715,1.0,0.001,0.001,0.0017705673003720408,0.23054896356703508,100,100
ENSMUSG00000108291,0.001,62.31581250733508,1.0,0.001,0.001,0.0017074943308160585,0.15975565661896,100,100
ENSMUSG00000108293,2.3992539462854334,631.6350691373558,1.0917831779394422,0.001,8.261906413421015,0.0010007869564043115,0.12502563847987846,100,100
ENSMUSG00000108304,0.001,66.84427540036525,1.0,0.001,0.0010000000000000009,0.0016236215936625779,0.1790158509280277,100,100
ENSMUSG00000108305,0.001,62.31581250733508,1.0,0.001,0.001,0.0014119063067977175,0.10496894726997547,100,100
ENSMUSG00000108306,0.001,62.31581250733508,1.0,0.001,0.001,0.00180698719408612,0.0737690936377027,100,100
ENSMUSG00000108310,0.001,66.84427540036525,1.0,0.001,0.001,0.0015085086679728131,0.23173788380401006,100,100
ENSMUSG00000108311,0.001,61.88525872635182,1.0,0.001,0.001,0.0013653007381714912,0.09125097722353537,100,100
ENSMUSG00000108314,0.19092264494448968,1.3392390695602785,2.545056442358251,0.06524418846262917,0.5584989907045339,0.5305627906019026,5.923501310492903,100,100
ENSMUSG00000108316,0.003272094247093233,10.904616368804046,26.588246441302896,0.001,0.07529765229630081,0.0022574354326006744,16.39156527236146,100,100
ENSMUSG00000108318,0.001,62.31581250733508,1.0,0.001,0.0010000000000000009,0.0019013296685841876,0.18241027057301384,100,100
ENSMUSG00000108319,0.001,66.84427540036525,1.0,0.001,0.001,0.001509052764607244,0.16367961453362956,100,100
ENSMUSG00000108320,0.001,62.31581250733508,1.0,0.001,0.001,0.001667483032248009,0.14266260213407314,100,100
ENSMUSG00000108321,1.6046320348181988,386.05076768576816,1.0,0.001,11.718327185694744,0.0010000008142088187,0.13516143708212375,100,100
ENSMUSG00000108322,0.001,60.188376913276144,1.0,0.001,0.001,0.001654779051945284,0.19481977363718572,100,100
ENSMUSG00000108332,0.881564516204355,212.83947995384116,1.0,0.001,6.374206483538666,0.0015211499123551995,0.09154037568609824,100,100
ENSMUSG00000108333,0.001,62.31581250733508,1.0,0.001,0.001,0.0017689439417406594,0.08448326682479065,100,100
ENSMUSG00000108338,0.001,62.31581250733508,1.0,0.001,0.001,0.0013948028528176174,0.4526297796456608,100,100
ENSMUSG00000108345,0.001,62.31581250733508,1.0,0.001,0.001,0.002207345281372109,0.4085430409662009,100,100
ENSMUSG00000108347,0.001,62.31581250733508,1.0,0.001,0.0010000000000000009,0.0018569871028972225,0.19687851628347483,100,100
ENSMUSG00000108348,0.001,66.84427540036525,1.0,0.001,0.001,0.0017961380270802314,0.21011114816862866,100,100
ENSMUSG00000108350,0.0659330298725219,0.868710492891746,1.0812847751245134,0.0022699803909993713,1.4581982795693162,0.030939769203717972,18.54451098331405,100,100
ENSMUSG00000108352,0.0026317443493825542,6.089193988526488,32.9719735835753,0.001,0.12844792973081118,0.0027101261634240245,39.70704825591138,100,100
ENSMUSG00000108353,4.801587486138402,623.2600492674084,1.0988277480805595,0.001,17.09826001838558,0.001,0.023388536871210855,100,100
ENSMUSG00000108356,0.001,62.31581250733508,1.0,0.001,0.0010000000000000009,0.0017021025842756047,0.23785467038657052,100,100
ENSMUSG00000108357,0.001,62.31581250733508,1.0,0.001,0.0010000000000000009,0.0018047889260291265,0.27558184113034306,100,100
ENSMUSG00000108358,20.345110062903153,782.7676642537022,1.0,1.0024875667872688,36.434529263036254,0.001,0.0076628240554454455,100,100
ENSMUSG00000108359,0.001,62.31581250733508,1.0,0.001,0.001,0.00149011308148821,0.1108376393154267,100,100
ENSMUSG00000108362,0.001,62.31581250733508,1.0,0.001,0.001,0.0018023975397395684,0.19866872076862702,100,100
ENSMUSG00000108365,0.001,62.31581250733508,1.0,0.001,0.001,0.001573105962688525,0.11319562902848282,100,100
ENSMUSG00000108368,0.014899759199059396,24.77511324550502,74.52943354133332,0.001,0.13273728984654876,0.0015164134238901238,57.328693742157746,100,100
ENSMUSG00000108371,0.001,66.84427540036525,1.0,0.001,0.001,0.0017338688719804836,0.17186462044895323,100,100
ENSMUSG00000108372,0.001,62.31581250733508,1.0,0.001,0.001,0.0018165425558593243,0.05804109509339711,100,100
ENSMUSG00000108375,0.001,62.31581250733508,1.0,0.001,0.001,0.0015936349280529542,0.42916151792173707,100,100
ENSMUSG00000108378,5.863479286001522,468.0174502380073,1.0,0.001,19.799129272474413,0.001,0.013003702948728126,100,100
ENSMUSG00000108381,0.01824835442047015,20.106101387483577,49.102831072326865,0.001,20.52482802778864,0.0010000002390679061,118.41387408378543,100,100
ENSMUSG00000108387,20.653424279382172,796.773178650178,1.0,0.001,34.97223971168782,0.001,0.008986742432547854,100,100
ENSMUSG00000108388,0.001,62.31581250733508,1.0,0.001,0.001,0.0015370785011463585,0.052331017889084314,100,100
ENSMUSG00000108389,0.1625728542101252,39.58275213042424,33.206257542388826,0.05663106731323848,0.6100166312137516,0.147409139841216,2.3816070376010128,100,100
ENSMUSG00000108391,0.001,62.31581250733508,1.0,0.001,0.0010000000000000005,0.0020566827966922102,0.1959731806850532,100,100
ENSMUSG00000108394,0.001,61.259704531272526,1.0,0.001,0.001,0.0018061321572964144,0.15818664068339144,100,100
ENSMUSG00000108396,0.001,54.350050264241744,1.0,0.001,0.001,0.0019477952494881604,0.27102026184105976,100,100
ENSMUSG00000108402,2.179983991730886,513.1039379594673,1.0,0.001,8.667035810562709,0.0010000000645964324,0.08931420251971213,100,100
ENSMUSG00000108405,0.001,62.31581250733508,1.0,0.001,0.0010000000000000009,0.0016046978173541557,0.2657725332885961,100,100
ENSMUSG00000108414,1.0985729326436242,2.8290650022057178,25.210138365946026,0.8496484286154944,3.502132049407524,2.4057155066050515,13.272025699539192,100,100
ENSMUSG00000108418,0.001,62.31581250733508,1.0,0.001,0.001,0.0017891410542850072,0.11625044284841121,100,100
ENSMUSG00000108420,0.001,62.31581250733508,1.0,0.001,0.001,0.001660032246073472,0.2926566128649185,100,100
ENSMUSG00000108422,0.001,62.31581250733508,1.0,0.001,0.001,0.00204295647104173,0.5704707642854434,100,100
ENSMUSG00000108423,0.001,62.31581250733508,1.0,0.001,0.001,0.0016905503447774044,0.24735428906505175,100,100
ENSMUSG00000108425,0.001,62.31581250733508,1.0,0.001,0.001,0.0015983556640619657,0.11784511024105443,100,100
ENSMUSG00000108427,0.001,62.31581250733508,1.0,0.001,0.001,0.0015521477485231036,0.1792812257115923,100,100
ENSMUSG00000108434,0.001,62.31581250733508,1.0,0.001,0.001,0.001749252188811212,0.23718749685774035,100,100
ENSMUSG00000108435,0.001,58.655869952050985,1.0,0.001,0.001,0.0017928980545808772,0.16521941211507385,100,100
ENSMUSG00000108436,0.001,62.31581250733508,1.0,0.001,0.001,0.0015104756426895707,0.2361540900261577,100,100
ENSMUSG00000108442,0.05711924937306294,7.950901583178217,32.10770355046331,0.001,0.1210931569099349,1.8442008766857914,774.677479658839,100,100
ENSMUSG00000108443,0.001,61.88525872635182,1.0,0.001,0.0010000000000000005,0.0016447668068500947,0.1415005669686929,100,100
ENSMUSG00000108446,0.001,66.84427540036525,1.0,0.001,0.0010000000000000005,0.0016846072556678453,0.1689210428663112,100,100
ENSMUSG00000108447,8.022376104344188,966.2151407334402,1.0,0.001,12.50638996142688,0.001084036470699175,0.036947993055792716,100,100
ENSMUSG00000108449,0.07686401423034954,4.496666787142118,3.2102836433208566,0.009101974121492901,23.721162048780982,0.0016040667451349055,2.535305929241651,100,100
ENSMUSG00000108452,0.006525591771093041,17.02321242205563,42.54732415636679,0.001,5.063746149141146,0.0014617581596562076,27.22093852450861,100,100
ENSMUSG00000108456,0.08734039115133474,18.921814604634378,6.266137812231277,0.003063325324091837,22.996889465299645,0.0010000000000088298,2.144037636882977,100,100
ENSMUSG00000108460,0.013189876101554919,21.411461557344882,33.69990424504876,0.001,13.949521383165413,0.0012739743585999607,28.612867325152948,100,100
ENSMUSG00000108461,0.001,52.5155361231892,1.0,0.001,0.001,0.002015633054171878,0.647677117313974,100,100
ENSMUSG00000108466,0.001,61.259704531272526,1.0,0.001,0.001,0.00147124273647808,0.24386449362147627,100,100
ENSMUSG00000108470,0.001,62.31581250733508,1.0,0.001,0.001,0.001650954455159624,0.1647515878525819,100,100
ENSMUSG00000108472,0.0021953501391324274,5.916693075525949,31.14888464911012,0.001,0.1504364251327285,0.0020295299254012435,25.83945839841799,100,100
ENSMUSG00000108476,0.001,66.84427540036525,1.0,0.001,0.001,0.0014225446153684068,0.2015528910890937,100,100
ENSMUSG00000108477,2.5852839622765096,617.2738366179137,1.0,0.001,6.689190015592615,0.0011421222927917789,0.07939972932471986,100,100
ENSMUSG00000108478,0.16659581100528256,17.814925804995067,5.967450328765488,0.001,38.10230518979684,0.001118248556146886,3.232800023921867,100,100
ENSMUSG00000108484,0.001,56.07238254938317,1.0,0.001,0.0010000000000000009,0.002641344549696648,0.16893244051318784,100,100
ENSMUSG00000108486,0.001,66.84427540036525,1.0,0.001,0.001,0.0014368808604475589,0.1578741703955543,100,100
ENSMUSG00000108491,0.001,62.31581250733508,1.0,0.001,0.001,0.002050844249607547,0.14097542650109957,100,100
ENSMUSG00000108493,0.0032722498311778913,11.608136378227083,25.819928065945195,0.001,0.11444675183434458,0.002608735112494249,17.20634155691206,100,100
ENSMUSG00000108494,0.02259572785016057,20.774767133675834,15.111002030070452,0.001,6.503163298384162,0.0015791931665723772,12.817434373524852,100,100
ENSMUSG00000108500,0.001,61.674132606755,1.0,0.001,0.0010000000000000005,0.001698331060188869,0.18526294000308074,100,100
ENSMUSG00000108503,0.001,62.31581250733508,1.0,0.001,0.001,0.0016503396582298042,0.23335273987184207,100,100
ENSMUSG00000108507,0.001,62.31581250733508,1.0,0.001,0.001,0.001953513245212802,0.14658909055527442,100,100
ENSMUSG00000108511,0.001,62.31581250733508,1.0,0.001,0.001,0.0017647927398949633,0.13962051057273023,100,100
ENSMUSG00000108518,25.820970392693358,868.7937807510326,1.0,2.0684244012967445,37.92026294085149,0.0010000000000514498,0.00900105564280591,100,100
ENSMUSG00000108520,0.001,66.84427540036525,1.0,0.001,0.001,0.0016998071856392182,0.14762109450592886,100,100
ENSMUSG00000108521,0.0066170307433618455,17.364105656133685,43.30849980904029,0.001,4.184763649701489,0.0010003308147137702,38.24612917668917,100,100
ENSMUSG00000108522,0.001,62.31581250733508,1.0,0.001,0.001,0.0017106470963679067,0.10000154609265802,100,100
ENSMUSG00000108524,0.001,61.88525872635182,1.0,0.001,0.0010000000000000005,0.0015870626761257398,0.20997279507002364,100,100
ENSMUSG00000108526,0.0459319705872151,1.6794968886770707,3.7652946229865814,0.006205283872867575,0.2855622417028361,0.19180282827173212,10.414434029132938,100,100
ENSMUSG00000108530,0.001,66.84427540036525,1.0,0.001,0.001,0.0016929296900591033,0.20231400744009878,100,100
ENSMUSG00000108532,5.655088797407713,678.0910273085151,1.0,0.001,19.063624692117433,0.0010000000000000796,0.028730548481618948,100,100
ENSMUSG00000108536,0.001,66.84427540036525,1.0,0.001,0.0010000000000000005,0.0020662162512927362,0.2597286683686252,100,100
ENSMUSG00000108543,0.001,66.84427540036525,1.0,0.001,0.0010000000000000005,0.0018807266013145748,0.11639232908011886,100,100
ENSMUSG00000108547,0.001,62.31581250733508,1.0,0.001,0.0010000000000000005,0.0016216958416324257,0.20096229199712817,100,100
ENSMUSG00000108551,0.0035081207006241234,11.067924658837743,27.07304229989746,0.001,0.07120439869305652,0.002320255474730382,18.004946138994207,100,100
ENSMUSG00000108555,0.001,62.31581250733508,1.0,0.001,0.0010000000000000005,0.0018771440153720117,0.277085669704987,100,100
ENSMUSG00000108560,0.001,61.45463549419866,1.0,0.001,0.0010000000000000009,0.001884668158939386,0.23642866178100236,100,100
ENSMUSG00000108563,0.001,61.45463549419866,1.0,0.001,0.001,0.002022419247797151,0.19685917653482699,100,100
ENSMUSG00000108569,0.001,62.31581250733508,1.0,0.001,0.001,0.0020144141548300355,0.20281078253039986,100,100
ENSMUSG00000108571,0.001,62.31581250733508,1.0,0.001,0.001,0.002272372563868692,0.09991855595621117,100,100
ENSMUSG00000108573,0.001,61.88525872635182,1.0,0.001,0.001,0.0014878375775847017,0.13158726206642715,100,100
ENSMUSG00000108574,2.5907410382107376,610.913212841718,1.0,0.001,10.757138583527007,0.0010000000000157496,0.025778337647483638,100,100
ENSMUSG00000108591,0.039481763863419596,20.203724867001505,10.66562501766904,0.006893442565667854,18.103661697222314,0.0010000000000174078,2.2790680713014435,100,100
ENSMUSG00000108592,0.001,62.31581250733508,1.0,0.001,0.0010000000000000005,0.0016404423653378145,0.21682609472544523,100,100
ENSMUSG00000108596,0.001,62.31581250733508,1.0,0.001,0.001,0.0016023954271254153,0.10113588530853754,100,100
ENSMUSG00000108599,2.2386239439353877,560.8732842949564,1.0391422282568814,0.001,14.451886437135435,0.0010204558758376875,0.11418727338452889,100,100
ENSMUSG00000108601,2.057570098692107,480.7261219297534,1.0,0.001,8.796237485783688,0.0010000001053696865,0.2260930672106843,100,100
ENSMUSG00000108607,2.867152843803597,686.0406369234706,1.002516036849355,0.001,10.26615705010107,0.0010083716674518233,0.03285117047257608,100,100
ENSMUSG00000108610,0.001,62.31581250733508,1.0,0.001,0.001,0.0017034076358101932,0.11862455816717415,100,100
ENSMUSG00000108615,0.09514256408833242,18.122091051381258,10.847648372912507,0.001,9.095559756097806,0.001932437266392962,54.45390816110876,100,100
ENSMUSG00000108617,0.001,61.259704531272526,1.0,0.001,0.001,0.0018692148433862186,0.343503130293978,100,100
ENSMUSG00000108618,0.001,66.84427540036525,1.0,0.001,0.001,0.0014829265773240344,0.4491547714427283,100,100
ENSMUSG00000108621,0.24983316872578384,0.8914561356969846,1.5230715785024025,0.08517596077306697,1.0649007804776396,0.3012445592530273,5.844411062827866,100,100
ENSMUSG00000108622,0.001,66.84427540036525,1.0,0.001,0.0010000000000000005,0.0015960685880713134,0.21390326804912213,100,100
ENSMUSG00000108624,16.55453967649999,793.7916977627988,1.0072095239708494,0.001,31.470157379778883,0.0010029074953613083,0.009026177336506014,100,100
ENSMUSG00000108633,0.001804240186294082,23.819886406810518,252.60174817128473,0.001,0.009144389126364273,0.0018604984090403146,47.345371453459805,100,100
ENSMUSG00000108635,0.001,61.674132606755,1.0,0.001,0.001,0.0017420423578043262,0.09220768740195884,100,100
ENSMUSG00000108640,0.001,66.84427540036525,1.0,0.001,0.001,0.002077623656737539,0.21371680639212381,100,100
ENSMUSG00000108643,0.001,61.45463549419866,1.0,0.001,0.001,0.001667234293703229,0.10676577136569097,100,100
ENSMUSG00000108645,0.001,62.31581250733508,1.0,0.001,0.001,0.0016138495542066778,0.6323533780286245,100,100
ENSMUSG00000108648,0.001,62.31581250733508,1.0,0.001,0.001,0.0016277905625414154,0.06627648765801121,100,100
ENSMUSG00000108650,0.001,62.31581250733508,1.0,0.001,0.001,0.001769877984499425,0.2762728583067524,100,100
ENSMUSG00000108652,0.003198908387085948,9.479116397141851,24.04844202957141,0.001,0.05412031871466655,0.0027841138147601746,22.027669684105298,100,100
ENSMUSG00000108655,4.168661867290639,999.99992240305,1.0,0.001,7.81647765324331,0.0010000707497124272,0.04273206010134898,100,100
ENSMUSG00000108657,0.001,62.31581250733508,1.0,0.001,0.001,0.0016471621327254688,0.30178125672456807,100,100
ENSMUSG00000108659,0.013085230064452062,21.584804245498923,33.962074299738305,0.001,10.256841718260928,0.0010000291029994806,15.855477503494932,100,100
ENSMUSG00000108660,0.001,61.674132606755,1.0,0.001,0.0010000000000000005,0.001582619275485112,0.08985580626006143,100,100
ENSMUSG00000108668,0.001,56.28768294784985,1.0,0.001,0.001,0.0017884062507699883,0.17904258588081662,100,100
ENSMUSG00000108678,0.05683919869424932,41.112352992382064,39.65819195571008,0.002294942471376745,29.823480764828368,0.001188982500108677,4.28286285416565,100,100
ENSMUSG00000108681,4.983891690835597,590.1459319648386,1.0,0.001,21.253019196776904,0.001,0.06082739804256865,100,100
ENSMUSG00000108686,0.001,62.31581250733508,1.0,0.001,0.001,0.0019529371252059548,0.28447612400911715,100,100
ENSMUSG00000108688,0.001,62.31581250733508,1.0,0.001,0.001,0.0021964092554629883,0.7509030718611243,100,100
ENSMUSG00000108689,0.010780417602527128,20.11550168982216,22.93017630571442,0.001,4.153814877713753,0.0013594887283798597,12.979671108085821,100,100
ENSMUSG00000108693,0.010774028249012007,19.37613415595248,22.197770878685414,0.001,4.8238953062258965,0.001809509369243862,16.92169265365459,100,100
ENSMUSG00000108695,0.001,62.31581250733508,1.0,0.001,0.001,0.0016501453064213514,0.12512905804702673,100,100
ENSMUSG00000108699,0.001,62.31581250733508,1.0,0.001,0.001,0.00200778451779789,0.14476425639231777,100,100
ENSMUSG00000108700,1.962277371549482,468.48058284406227,1.0,0.001,5.1291226912248336,0.0010358941655764778,0.06461546408685523,100,100
ENSMUSG00000108701,0.022604122528526664,20.90803993427554,15.203232407119113,0.001,8.717022881732287,0.0013447850686036118,11.477071633609286,100,100
ENSMUSG00000108702,0.001,55.42650537347377,1.0,0.001,0.001,0.0019564820288404897,0.4354962366263512,100,100
ENSMUSG00000108703,0.001,62.31581250733508,1.0,0.001,0.001,0.0016035221435032056,0.23848338495695817,100,100
ENSMUSG00000108704,0.010854169186230752,19.131448242245273,21.84091251016564,0.001,3.0186473727327696,0.0015012006238575499,11.534878481868809,100,100
ENSMUSG00000108709,2.1571940611220364,521.5346265951073,1.0,0.001,10.04665513844927,0.00111823870903026,0.028016401237312298,100,100
ENSMUSG00000108717,1.841988715766862,443.41926254649763,1.0,0.001,7.150274199384695,0.001000000000000909,0.0108866086928299,100,100
ENSMUSG00000108720,6.569594729540135,791.1329088098473,1.0,0.001,15.707186913232363,0.0010123094874432764,0.028573059254639467,100,100
ENSMUSG00000108723,0.0873338940415075,18.9307603519056,6.269562791747258,0.004114053955783442,26.425175556476162,0.0010092743874119594,1.6785596019821778,100,100
ENSMUSG00000108724,0.001,62.31581250733508,1.0,0.001,0.001,0.0014901832090062897,0.06907584260762364,100,100
ENSMUSG00000108726,0.001,62.31581250733508,1.0,0.001,0.001,0.0015169323966233803,0.24414346087033684,100,100
ENSMUSG00000108729,0.001,62.31581250733508,1.0,0.001,0.0010000000000000005,0.001723176522205008,0.17905966769593373,100,100
ENSMUSG00000108732,0.0048320556545632136,10.951526849474021,62.80905724216815,0.001,0.01818809032985411,0.002292803837780318,67.77151060218368,100,100
ENSMUSG00000108736,0.037501351987394446,2.1873699887090012,5.404367743522182,0.002022517219595301,0.3541470088586936,0.017345592341690197,16.977534011286803,100,100
ENSMUSG00000108737,0.0033058642782392445,9.593113961086509,23.455643293894205,0.001,0.03332994028579012,0.0016513386021084911,17.006501983712603,100,100
ENSMUSG00000108738,16.443111052739045,999.9999999625031,1.0221248252245188,0.001,26.47094673201508,0.0010047774235108604,0.008999408043523956,100,100
ENSMUSG00000108739,0.001,62.31581250733508,1.0,0.001,0.001,0.0019092479590948376,0.2831136435703481,100,100
ENSMUSG00000108740,0.001,66.84427540036525,1.0,0.001,0.0010000000000000009,0.0016468698799678226,0.16014416261921033,100,100
ENSMUSG00000108741,1.841988715766862,443.41926254649763,1.0,0.001,8.047849190673702,0.0010000000000674007,0.0903758702717693,100,100
ENSMUSG00000108749,0.001,62.31581250733508,1.0,0.001,0.001,0.0015538455418366006,0.08312723572554047,100,100
ENSMUSG00000108750,0.001,62.31581250733508,1.0,0.001,0.001,0.0015359510032954909,0.1741953027393367,100,100
ENSMUSG00000108752,0.001,62.31581250733508,1.0,0.001,0.001,0.0016275654495581592,0.22404087080888546,100,100
ENSMUSG00000108753,5.5020148228776,439.6519672810848,1.0,0.12096963392183593,21.019117682310256,0.001,0.01415059000532435,100,100
ENSMUSG00000108761,0.001,61.88525872635182,1.0,0.001,0.0010000000000000005,0.0017095305073562403,0.4168713614578894,100,100
ENSMUSG00000108763,0.039156707526244054,20.38649795733367,10.76154433207256,0.001,15.88435926669526,0.0010026449834567171,2.7420202114502032,100,100
ENSMUSG00000108767,0.001,61.674132606755,1.0,0.001,0.001,0.0018702555844996047,0.19815038960736406,100,100
ENSMUSG00000108777,0.001,62.31581250733508,1.0,0.001,0.001,0.0014801714029883289,0.1483309089796631,100,100
ENSMUSG00000108780,0.02269368613547058,20.72940507461009,15.074683050821756,0.001,6.761304271960801,0.0016245047783011784,2.2147442577824856,100,100
ENSMUSG00000108783,0.001,62.31581250733508,1.0,0.001,0.001,0.001728028400114988,0.20421297451083975,100,100
ENSMUSG00000108784,0.18991925859535697,17.61073889642323,6.804039262641907,0.026795547406320945,7.971615612998849,0.0040368830506644065,2.539041903169928,100,100
ENSMUSG00000108791,0.001,62.31581250733508,1.0,0.001,0.001,0.0014892782128413148,0.1816329732552725,100,100
ENSMUSG00000108795,0.001,66.84427540036525,1.0,0.001,0.001,0.0018448561200699195,0.23220763194956712,100,100
ENSMUSG00000108799,1.537159365200562,331.5209059123935,1.0,0.001,14.024729691222927,0.0010266343395243583,0.13072817286677926,100,100
ENSMUSG00000108801,0.4440359333123034,112.72984466237499,128.87683552251835,0.0010155374877316564,0.8061071468482766,0.576091621485412,739.5563098354583,100,100
ENSMUSG00000108806,0.001,62.31581250733508,1.0,0.001,0.0010000000000000005,0.0016518928263927314,0.22460397048062164,100,100
ENSMUSG00000108808,0.001,62.31581250733508,1.0,0.001,0.001,0.0016104483682438816,0.48543140393869477,100,100
ENSMUSG00000108812,3.07783631307003,741.2598198343227,1.0,0.001,8.777151083811592,0.0010000000000040135,0.05935157520238811,100,100
ENSMUSG00000108813,0.001,52.51336921168107,1.0,0.001,0.001,0.0020082986618499,0.19189750797877278,100,100
ENSMUSG00000108814,0.001,62.31581250733508,1.0,0.001,0.001,0.0015971357226654192,0.12333857093209025,100,100
ENSMUSG00000108822,0.001,62.31581250733508,1.0,0.001,0.001,0.0019339995107907453,0.11888841845632797,100,100
ENSMUSG00000108823,0.004169931613766451,8.200124814919352,20.040281927698302,0.001,0.0723052602955369,0.0019401253712611954,19.73982124199601,100,100
ENSMUSG00000108825,0.019441708593125745,18.723658976779202,35.64696162695646,0.001,0.6530321390689375,0.0023787013840197786,51.23334168587989,100,100
ENSMUSG00000108832,0.001,62.31581250733508,1.0,0.001,0.001,0.0016050873236747177,0.3633389248847768,100,100
ENSMUSG00000108840,0.001,66.84427540036525,1.0,0.001,0.001,0.0019033456123117667,0.2269226614940005,100,100
ENSMUSG00000108842,0.001,62.31581250733508,1.0,0.001,0.001,0.0019451253331309155,0.08865168306452814,100,100
ENSMUSG00000108850,0.001,62.31581250733508,1.0,0.001,0.0010000000000000005,0.0018059602285685102,0.18383865727422039,100,100
ENSMUSG00000108854,0.001,66.84427540036525,1.0,0.001,0.0010000000000000005,0.001824634911250358,0.11419577639883519,100,100
ENSMUSG00000108864,0.001,62.31581250733508,1.0,0.001,0.001,0.0019008777158047946,0.12142273059671477,100,100
ENSMUSG00000108866,0.001,62.31581250733508,1.0,0.001,0.001,0.0016523893553738681,0.18550233884166112,100,100
ENSMUSG00000108868,0.001,66.84427540036525,1.0,0.001,0.001,0.0015917416608512433,0.15261968227180667,100,100
ENSMUSG00000108871,0.001,62.31581250733508,1.0,0.001,0.001,0.0016738958344041871,0.20445350052047828,100,100
ENSMUSG00000108872,0.001,62.31581250733508,1.0,0.001,0.001,0.0013449185353034494,0.12446430451459214,100,100
ENSMUSG00000108873,0.001,61.88525872635182,1.0,0.001,0.0010000000000000005,0.0021624108061949715,0.22690673921629195,100,100
ENSMUSG00000108874,0.10243062216449468,3.097191443204097,3.6849849917083457,0.022829138192717473,0.612290366021345,0.12234869199689219,4.332160477433504,100,100
ENSMUSG00000108875,0.001,61.674132606755,1.0,0.001,0.001,0.0018571714651504213,0.08563352166468875,100,100
ENSMUSG00000108878,0.27213439610239265,65.36421030425801,1.0,0.001,8.190850294911412,0.0010000000113531318,0.04004254973817479,100,100
ENSMUSG00000108880,0.001,61.88525872635182,1.0,0.001,0.001,0.0018391762350038966,0.8462289486563758,100,100
ENSMUSG00000108883,0.001,62.31581250733508,1.0,0.001,0.0010000000000000005,0.001602996743628389,0.2852164537273759,100,100
ENSMUSG00000108886,0.001,62.31581250733508,1.0,0.001,0.001,0.001691318913605469,0.12880061096794926,100,100
ENSMUSG00000108888,0.6271465480030781,154.92719237319113,1.0725811857353496,0.001,10.441754910319947,0.0010029147585703057,0.04099988354206827,100,100
ENSMUSG00000108889,0.001,62.31581250733508,1.0,0.001,0.0010000000000000005,0.0017341086043798787,0.47357465913537655,100,100
ENSMUSG00000108897,0.001,62.31581250733508,1.0,0.001,0.001,0.0015934165468219075,0.3985741641515854,100,100
ENSMUSG00000108900,0.001,62.31581250733508,1.0,0.001,0.001,0.0016318156061055048,0.5585009498577354,100,100
ENSMUSG00000108909,0.001,62.31581250733508,1.0,0.001,0.001,0.0016810495816525935,0.18219301015863504,100,100
ENSMUSG00000108910,0.001,61.88525872635182,1.0,0.001,0.001,0.0021010538851040706,0.15719568146086466,100,100
ENSMUSG00000108912,0.08893263835596149,18.825957683450444,6.226009955820079,0.001,27.936573172903103,0.0010128632132385732,5.629404931745092,100,100
ENSMUSG00000108923,0.001,62.31581250733508,1.0,0.001,0.001,0.0016772706626899476,0.13442683213509385,100,100
ENSMUSG00000108926,3.3467679826601007,809.4058638924901,1.0,0.001,11.363304599369167,0.0010011484112349995,0.06493201759264328,100,100
ENSMUSG00000108929,0.001,62.31581250733508,1.0,0.001,0.001,0.00206193436153904,0.30519588487672483,100,100
ENSMUSG00000108930,6.723279110463062,802.8659687960443,1.0,0.001,14.80250470451179,0.001,0.03616740434260917,100,100
ENSMUSG00000108935,1.503103188885066,363.25008257950475,1.0,0.001,9.822551741770985,0.0010342426741237103,0.054899590168258766,100,100
ENSMUSG00000108940,0.001,61.88525872635182,1.0,0.001,0.001,0.001960794958248084,0.20200332204010674,100,100
ENSMUSG00000108943,1.4264657657904025,341.6272039188167,1.0,0.001,8.27918121210851,0.0010749433636954653,0.07549186339326269,100,100
ENSMUSG00000108949,0.001,0.011964827002433384,1.01392303979728,0.001,0.28411976028765784,0.09161877206214036,111.09610840311042,100,100
ENSMUSG00000108954,0.08234593825706603,18.861094635098027,9.49245203595593,0.0021668824542944065,15.203920854470269,0.001197705610907302,2.1592027368899314,100,100
ENSMUSG00000108955,2.337569118418018,573.9891342931422,1.0176277045143687,0.001,7.502114317553623,0.0010000000038095796,0.06908429927459254,100,100
ENSMUSG00000108957,0.001,62.31581250733508,1.0,0.001,0.001,0.0016437140668513059,0.22842436222385593,100,100
ENSMUSG00000108960,0.001,62.31581250733508,1.0,0.001,0.001,0.0023024117711379927,0.26070412958650485,100,100
ENSMUSG00000108964,0.001,62.31581250733508,1.0,0.001,0.001,0.0016213096958354357,0.275925033543757,100,100
ENSMUSG00000108976,1.4264657657904025,341.6272039188167,1.0,0.001,8.544077148673596,0.0012095545466191005,0.07536303168993261,100,100
ENSMUSG00000108979,0.001,62.31581250733508,1.0,0.001,0.0010000000000000005,0.0017105531674264634,0.1887901381567417,100,100
ENSMUSG00000108980,1.5172437438947775,363.64103982169183,1.0,0.001,8.11129591532164,0.001067945108585025,0.0317757832868251,100,100
ENSMUSG00000108984,0.07393588162283517,18.79181521215893,12.831734571568148,0.001,19.39521131222392,0.0012250422728411433,52.65898553177584,100,100
ENSMUSG00000108987,0.007735414943980285,1.3210756568365907,4.715897667454881,0.001,13.19492259454611,0.0010000000000050472,14.052749642642045,100,100
ENSMUSG00000108990,0.001,62.31581250733508,1.0,0.001,0.0010000000000000009,0.0017195246758531816,0.3719462523048882,100,100
ENSMUSG00000108991,0.001,62.31581250733508,1.0,0.001,0.001,0.0018778661738215745,0.16083143194932487,100,100
ENSMUSG00000109005,1.6046320348181988,386.05076768576816,1.0,0.001,9.489695470229586,0.001,0.030172889562032644,100,100
ENSMUSG00000109008,22.604578230107922,660.6508860427673,1.0,0.001,41.24744443596106,0.0010000003306341353,0.008984172989786848,100,100
ENSMUSG00000109010,0.001,61.88525872635182,1.0,0.001,0.001,0.002028002913605615,0.2670966949004229,100,100
ENSMUSG00000109015,0.04397310895353095,9.814130221879907,7.410843604886119,0.001,23.616752316465046,0.001112946955696483,3.511908368265581,100,100
ENSMUSG00000109016,0.001,66.84427540036525,1.0,0.001,0.0010000000000000005,0.0018510069221293198,0.10842445347822968,100,100
ENSMUSG00000109021,0.001,62.31581250733508,1.0,0.001,0.0010000000000000005,0.0016613991271365435,0.15563264152452833,100,100
ENSMUSG00000109031,0.001,62.31581250733508,1.0,0.001,0.0010000000000000005,0.001832266421386978,0.14432096992594773,100,100
ENSMUSG00000109032,0.2143220730987573,17.772061603651338,3.481749351467073,0.010139785496565006,38.38533045604146,0.0011285211933972181,0.8808960321572319,100,100
ENSMUSG00000109035,0.001,62.31581250733508,1.0,0.001,0.0010000000000000009,0.0018151497250420473,0.20553955445043065,100,100
ENSMUSG00000109036,0.001,62.31581250733508,1.0,0.001,0.0010000000000000005,0.0015202994443643666,0.1965269100829758,100,100
ENSMUSG00000109038,7.739568037307816,455.89140787507284,1.0,0.001,24.308815981331463,0.0010000000000000005,0.010872379085712147,100,100
ENSMUSG00000109045,4.132577005576439,999.9999999828615,1.0,0.001,10.456664109051305,0.0010000000000040465,0.07587103949777822,100,100
ENSMUSG00000109046,0.001,62.31581250733508,1.0,0.001,0.001,0.001827816193489998,0.20979062390106545,100,100
ENSMUSG00000109051,0.11490292041806976,5.1688827510083675,4.651872267744991,0.001,3.476961125419639,0.005242381200582776,56.66995710559041,100,100
ENSMUSG00000109054,0.001,62.31581250733508,1.0,0.001,0.001,0.0015181351896988956,0.2466594261523074,100,100
ENSMUSG00000109055,0.001,62.31581250733508,1.0,0.001,0.001,0.0022288148676511783,0.2417230945176128,100,100
ENSMUSG00000109061,0.001,66.84427540036525,1.0,0.001,0.001,0.0020373545768604976,0.1479591777528022,100,100
ENSMUSG00000109080,0.001,62.31581250733508,1.0,0.001,0.001,0.0015365938350716214,0.18301163210917915,100,100
ENSMUSG00000109090,0.001,62.31581250733508,1.0,0.001,0.001,0.0019566114809198253,0.3505881124960959,100,100
ENSMUSG00000109095,0.001,62.31581250733508,1.0,0.001,0.0010000000000000005,0.0016020691449478766,0.0901515885075479,100,100
ENSMUSG00000109096,0.001,62.31581250733508,1.0,0.001,0.001,0.0016333278170820318,0.17065067518930022,100,100
ENSMUSG00000109097,0.001,66.84427540036525,1.0,0.001,0.001,0.0020559717622197823,0.17032711602415118,100,100
ENSMUSG00000109101,0.001,62.31581250733508,1.0,0.001,0.0010000000000000009,0.0015899540039228178,0.25603211175378304,100,100
ENSMUSG00000109102,0.001,62.31581250733508,1.0,0.001,0.001,0.0018991793976211645,0.5900866742545513,100,100
ENSMUSG00000109104,3.338165727611042,807.3831051292377,1.0,0.001,8.297769278358999,0.0010000000001185744,0.09899971062379559,100,100
ENSMUSG00000109105,0.001,62.31581250733508,1.0,0.001,0.0010000000000000009,0.00197495188006823,0.23234509637601447,100,100
ENSMUSG00000109108,0.0228800212591293,20.553849434200057,14.950258226291185,0.001,15.837029101186051,0.001084916729438546,27.86691513093987,100,100
ENSMUSG00000109109,0.010778637803381605,19.62720808879298,22.371041290265044,0.001,6.311727573236604,0.0012937443597402297,20.99637150977395,100,100
ENSMUSG00000109110,0.001,62.31581250733508,1.0,0.001,0.001,0.0019698674592995686,0.28748451616287496,100,100
ENSMUSG00000109111,1.2306323030945594,16.91910471417168,1.0446653237263865,0.05192946491084051,65.44635856540962,0.0010549404938190194,0.458460964376213,100,100
ENSMUSG00000109115,0.001,62.31581250733508,1.0,0.001,0.0010000000000000005,0.001584617746167514,0.18295311338861975,100,100
ENSMUSG00000109118,0.012683944470686109,0.035552369757065855,1.1444009360096914,0.0013072801318484728,0.48991810521665324,0.5742507650897399,323.6124382588439,100,100
ENSMUSG00000109119,0.001,58.8711705984019,1.0,0.001,0.001,0.0015081403901335611,0.1685157050849722,100,100
ENSMUSG00000109122,0.001,61.45463549419866,1.0,0.001,0.001,0.0015889571976342603,0.22265005520493997,100,100
ENSMUSG00000109128,3.9945240253535537,480.83976257352657,1.0,0.001,14.322937667388281,0.0010110605417776493,0.04525320823923393,100,100
ENSMUSG00000109130,12.505424959608218,999.9998806289159,1.0,0.001,21.74852980149057,0.0010000000000018874,0.009967236261308438,100,100
ENSMUSG00000109136,0.001,66.84427540036525,1.0,0.001,0.0010000000000000005,0.0017493412636108243,0.5418759260638071,100,100
ENSMUSG00000109141,0.00327325717561304,9.762087363893112,23.798195662918165,0.001,0.034881147287974396,0.001756281439302922,15.041304480602198,100,100
ENSMUSG00000109143,0.001,66.84427540036525,1.0,0.001,0.001,0.00180291622546584,0.19628394025101262,100,100
ENSMUSG00000109145,0.001,61.674132606755,1.0,0.001,0.001,0.0016447379569492718,0.2797566638335898,100,100
ENSMUSG00000109147,0.16188794008224738,17.728615108372068,7.581183707906703,0.0397392532054639,23.331145372471248,0.001790825591673463,1.8734560611822724,100,100
ENSMUSG00000109149,0.001,62.31581250733508,1.0,0.001,0.001,0.0015321833819485972,0.1199467954100003,100,100
ENSMUSG00000109154,0.001,62.31581250733508,1.0,0.001,0.001,0.0014958255908091248,0.2191480764743927,100,100
ENSMUSG00000109157,0.1627167648316884,18.113184049892055,4.17614119464636,0.004378491326499138,30.922407854638273,0.0011826143193661178,6.85257073777715,100,100
ENSMUSG00000109165,0.001,61.45463549419866,1.0,0.001,0.0010000000000000005,0.0016549158753409558,0.1130650586452072,100,100
ENSMUSG00000109167,0.001,62.31581250733508,1.0,0.001,0.001,0.0018407477305588892,0.09421826647838745,100,100
ENSMUSG00000109171,0.001,61.45463549419866,1.0,0.001,0.001,0.0018675949360069215,0.17743173055960645,100,100
ENSMUSG00000109176,0.001,62.31581250733508,1.0,0.001,0.001,0.0014612279887298916,0.14620806103227846,100,100
ENSMUSG00000109179,17.27793496530277,574.6007750768466,1.0,0.001,43.24765895134062,0.0010125462154395957,0.008976084488184636,100,100
ENSMUSG00000109194,0.001,62.31581250733508,1.0,0.001,0.001,0.0015926204137996594,0.5116964047042194,100,100
ENSMUSG00000109198,0.001,61.88525872635182,1.0,0.001,0.001,0.0017806770423574106,0.4085233769748505,100,100
ENSMUSG00000109205,0.5859669846437596,17.21703187951619,1.7947655850843824,0.01081672731016062,56.211706900903906,0.0011849549055949731,0.6482212181729825,100,100
ENSMUSG00000109206,0.010906886628159083,19.552533726774953,22.302671706443242,0.001,5.821504358613614,0.0015680284037223778,18.176913986333236,100,100
ENSMUSG00000109216,0.006525982119716147,17.29180446170483,43.225161571342035,0.001,3.2705477357179333,0.0017797435185714916,34.0492859961385,100,100
ENSMUSG00000109218,0.001,62.31581250733508,1.0,0.001,0.001,0.0015703828569176926,0.49713161355667473,100,100
ENSMUSG00000109224,0.001,62.31581250733508,1.0,0.001,0.0010000000000000005,0.001738313131063846,0.2933850223396974,100,100
ENSMUSG00000109225,0.001,62.31581250733508,1.0,0.001,0.001,0.0015923140653822062,0.607293564350216,100,100
ENSMUSG00000109227,0.001,66.84427540036525,1.0,0.001,0.001,0.0013817095212423332,0.17753441771521264,100,100
ENSMUSG00000109231,2.0813166845897446,503.1765750646759,1.0,0.001,6.681777611206883,0.001048323736952466,0.028319606852140772,100,100
ENSMUSG00000109232,0.001,62.31581250733508,1.0,0.001,0.001,0.001509499669600432,0.09251537874258675,100,100
ENSMUSG00000109243,0.001,66.84427540036525,1.0,0.001,0.0010000000000000002,0.002039085466416124,0.19973990678506004,100,100
ENSMUSG00000109244,0.01081549571238541,19.492617054570907,22.23829595223756,0.001,3.9241231373681247,0.0016890380373218328,11.175100692953198,100,100
ENSMUSG00000109245,0.001,62.31581250733508,1.0,0.001,0.001,0.0016470773891331687,0.13952225760294187,100,100
ENSMUSG00000109251,0.001,61.45463549419866,1.0,0.001,0.0010000000000000005,0.002213407706991817,0.5034346532609352,100,100
ENSMUSG00000109255,3.4663489853982146,396.39397915310957,1.0,0.001,17.60059759926183,0.0010000000000333182,0.04113504089373668,100,100
ENSMUSG00000109257,0.001,66.84427540036525,1.0,0.001,0.001,0.001844624903958121,0.5002296745518979,100,100
ENSMUSG00000109266,0.001,59.52330063774062,1.0,0.001,0.0010000000000000005,0.001545304520669266,0.18692638064627917,100,100
ENSMUSG00000109268,0.04492575515053864,12.775010223371986,9.515597298984773,0.001,24.768742622956637,0.0010783796006309755,3.977680285401857,100,100
ENSMUSG00000109274,0.0457970350682525,21.376251872606513,41.26263663986695,0.0015274494357717231,17.168928708103188,0.001769746153332808,24.914860884015972,100,100
ENSMUSG00000109277,0.001,66.84427540036525,1.0,0.001,0.001,0.0020196059711134477,0.2508159868181467,100,100
ENSMUSG00000109279,0.2222290168515972,0.892089140092417,1.4650630015249457,0.02958385690320655,0.9173419453995539,0.3738189580541099,157.58588302565337,100,100
ENSMUSG00000109282,0.001,62.31581250733508,1.0,0.001,0.001,0.0015492604969083233,0.19784522421496675,100,100
ENSMUSG00000109284,15.008477562813313,710.8955827593679,1.0,0.001,28.668580210744988,0.001,0.010294857784131695,100,100
ENSMUSG00000109286,0.001,62.31581250733508,1.0,0.001,0.001,0.001551783608248696,0.11461601887233545,100,100
ENSMUSG00000109291,0.001,62.31581250733508,1.0,0.001,0.0010000000000000009,0.0014930676693768715,0.14609979450445587,100,100
ENSMUSG00000109293,0.006638980156087533,17.171561997181485,42.88361445901782,0.001,6.154012015729949,0.0013395653074159681,13.39386491801233,100,100
ENSMUSG00000109297,0.047491641720592226,1.3842956349366418,8.476470176412187,0.02317175670364845,0.0996696553588137,1.672962811515907,17.300790439361784,100,100
ENSMUSG00000109299,0.001,62.31581250733508,1.0,0.001,0.001,0.0017765310504888137,0.19951052700567762,100,100
ENSMUSG00000109302,0.001,66.84427540036525,1.0,0.001,0.001,0.0021592521870509034,0.15972643217035354,100,100
ENSMUSG00000109303,0.03893403645059938,20.243628793606582,10.706585126112207,0.001,15.951246412448427,0.0010021184498947584,3.9613331918328956,100,100
ENSMUSG00000109304,2.1461883628863268,516.8437340473623,1.0,0.001,7.40149685219181,0.0010379445567761487,0.17342483903128592,100,100
ENSMUSG00000109307,5.003644210934343,599.0016003478237,1.0,0.001,14.73096471275754,0.001,0.011928088496183003,100,100
ENSMUSG00000109314,0.21324186830556757,17.782788403277646,3.486762620281393,0.03814830468322643,37.042328229174316,0.001069358919437621,1.0809537051018165,100,100
ENSMUSG00000109316,0.001,62.31581250733508,1.0,0.001,0.0010000000000000009,0.001447239381410382,0.14194948800013307,100,100
ENSMUSG00000109317,0.001,62.31581250733508,1.0,0.001,0.001,0.0016941958117287497,0.09984932438529313,100,100
ENSMUSG00000109321,0.001,61.88525872635182,1.0,0.001,0.001,0.002006868046019316,0.15524082103027464,100,100
ENSMUSG00000109323,0.001,62.31581250733508,1.0,0.001,0.001,0.0014950771597068923,0.10592331466449723,100,100
ENSMUSG00000109324,2.57193089167989,254.7827702905929,833.3585921421093,1.9616539314590176,4.925821866203252,1.5362603818736944,5.166644649824357,100,100
ENSMUSG00000109326,0.001,60.80878088638715,1.0,0.001,0.0010000000000000009,0.0018590115609884892,0.19966521438959184,100,100
ENSMUSG00000109331,0.001,62.31581250733508,1.0,0.001,0.001,0.0015785279800736571,0.3288701250466785,100,100
ENSMUSG00000109336,2.563753243536498,11.229355187924295,37.08147525983131,1.7554464129976937,4.87527857013605,1.389737791010307,6.187533438675028,100,100
ENSMUSG00000109337,0.001,62.31581250733508,1.0,0.001,0.001,0.0015174895657840302,0.27833449507633307,100,100
ENSMUSG00000109338,0.001,62.31581250733508,1.0,0.001,0.001,0.001733768764388125,0.15460882310062868,100,100
ENSMUSG00000109341,0.001,53.96529354175793,1.0,0.001,0.001,0.0018224997548444938,0.1759859933657314,100,100
ENSMUSG00000109342,0.001,62.31581250733508,1.0,0.001,0.001,0.001585476032525061,0.08658315870537982,100,100
ENSMUSG00000109351,0.001,62.31581250733508,1.0,0.001,0.001,0.001753769258971824,0.17951059505548123,100,100
ENSMUSG00000109358,0.001,66.84427540036525,1.0,0.001,0.001,0.0015222778023374337,0.3035325906346437,100,100
ENSMUSG00000109362,0.001,62.31581250733508,1.0,0.001,0.0010000000000000005,0.0015846083726939405,0.26961994798164457,100,100
ENSMUSG00000109363,1.421002959611816,340.4393560865186,1.0,0.001,6.82555801802376,0.0010104812514526783,0.363408539316026,100,100
ENSMUSG00000109366,0.020812076560600298,20.27320327359044,49.08985183087557,0.001,0.26826028260966844,0.0021659496046853408,56.47833420642441,100,100
ENSMUSG00000109367,0.001,62.31581250733508,1.0,0.001,0.001,0.0018753668793850898,0.1935251336914678,100,100
ENSMUSG00000109372,0.27213439610239265,65.36421030425801,1.0,0.001,6.47828994203398,0.0010212294993929018,0.07458162752670905,100,100
ENSMUSG00000109378,0.04938857432244444,0.25386263093404626,1.1601461867035725,0.001,0.5396804201903593,0.2106090081517589,217.59389124654717,100,100
ENSMUSG00000109379,9.989903237848543,788.6943723808938,1.0,0.28826296801554496,20.98030371517283,0.001,0.009001294444173967,100,100
ENSMUSG00000109383,0.001,62.31581250733508,1.0,0.001,0.001,0.001708264082335354,0.08145664882384127,100,100
ENSMUSG00000109390,0.001,61.259704531272526,1.0,0.001,0.0010000000000000009,0.0017015405208785411,0.20188157555916636,100,100
ENSMUSG00000109392,0.001,66.84427540036525,1.0,0.001,0.001,0.0017517189912984877,0.09736795869905768,100,100
ENSMUSG00000109393,0.001,62.31581250733508,1.0,0.001,0.001,0.00187814081529521,0.23743914110235595,100,100
ENSMUSG00000109394,0.001,58.440570410729244,1.0,0.001,0.001,0.0018540117233562135,0.2217905703078986,100,100
ENSMUSG00000109398,0.013204018066805703,21.5500828635499,33.87877950444147,0.001,8.717283828630142,0.0013251284208520369,12.26541388408074,100,100
ENSMUSG00000109399,0.001,66.84427540036525,1.0,0.001,0.001,0.0019952505883483605,0.13444521439294863,100,100
ENSMUSG00000109401,0.022783088109652044,20.60682950274693,14.990474417857593,0.001,8.371533844447443,0.0010131450131592372,2.291003251347191,100,100
ENSMUSG00000109408,0.022687645526239503,20.64433423797534,15.017796123725418,0.001,12.786601389990107,0.0012050252405299247,8.33122160759509,100,100
ENSMUSG00000109414,0.001,62.31581250733508,1.0,0.001,0.001,0.0014479705599716281,0.26558217497152936,100,100
ENSMUSG00000109416,0.001,62.31581250733508,1.0,0.001,0.0010000000000000005,0.0017837048791724593,0.12713596589268716,100,100
ENSMUSG00000109420,0.001,61.88525872635182,1.0,0.001,0.001,0.0014964390910524065,0.22049482629824985,100,100
ENSMUSG00000109421,0.001,62.31581250733508,1.0,0.001,0.001,0.0020590556757978332,0.1389441805017582,100,100
ENSMUSG00000109422,0.020121536740027854,20.400809275207955,66.16087013670817,0.001,0.19891861633668076,0.17465438865792318,80.14568085890652,100,100
ENSMUSG00000109427,0.001,62.31581250733508,1.0,0.001,0.001,0.0016260879485157204,0.3858436323107102,100,100
ENSMUSG00000109428,0.001,62.31581250733508,1.0,0.001,0.001,0.0017288035807934878,0.07366080849359133,100,100
ENSMUSG00000109429,0.1236894788785602,18.358917052766405,5.020988411246741,0.01952434001679739,31.120097931266002,0.001043910898566247,1.9228699578204052,100,100
ENSMUSG00000109432,0.001,66.84427540036525,1.0,0.001,0.001,0.0019496821260925174,0.20418389570384188,100,100
ENSMUSG00000109436,0.001,66.84427540036525,1.0,0.001,0.001,0.00216550374471658,0.32299882622892195,100,100
ENSMUSG00000109438,8.30350613908725,1000.0,1.0,0.001,13.24417784146206,0.001000000000018019,0.015432527248667225,100,100
ENSMUSG00000109441,0.001,62.31581250733508,1.0,0.001,0.0010000000000000009,0.0019255350325099322,0.23479632370484982,100,100
ENSMUSG00000109445,0.001,62.31581250733508,1.0,0.001,0.001,0.0017124291284366369,0.08689285325151419,100,100
ENSMUSG00000109450,1.4567771929458773,342.86552954263067,1.0,0.001,7.409258490260665,0.0010805488483437325,0.09930355068338759,100,100
ENSMUSG00000109452,0.001,62.31581250733508,1.0,0.001,0.001,0.0015703377478362228,0.43379917223684716,100,100
ENSMUSG00000109455,0.001,56.50294908788235,1.0,0.001,0.001,0.0016133356647154945,0.06331028380374475,100,100
ENSMUSG00000109459,0.001,62.31581250733508,1.0,0.001,0.001,0.00180983998840463,0.2796131853845274,100,100
ENSMUSG00000109460,1.7178725469336784,403.20531279498044,1.0,0.001,8.551622277456453,0.0010000000000005768,0.0685361011151613,100,100
ENSMUSG00000109462,0.001,61.259704531272526,1.0,0.001,0.001,0.001670760312701955,0.2918648524345848,100,100
ENSMUSG00000109464,0.001,62.31581250733508,1.0,0.001,0.001,0.001710011271580825,0.5081898310544436,100,100
ENSMUSG00000109468,0.001,62.31581250733508,1.0,0.001,0.001,0.0017122143186310739,0.1437857523579278,100,100
ENSMUSG00000109479,0.001,62.31581250733508,1.0,0.001,0.001,0.0017009428479667524,0.17112620065600492,100,100
ENSMUSG00000109482,0.001,62.31581250733508,1.0,0.001,0.001,0.0018031166187303946,0.1705766046636353,100,100
ENSMUSG00000109485,0.001,62.31581250733508,1.0,0.001,0.001,0.0022016730101962223,0.19535569414082685,100,100
ENSMUSG00000109491,0.001,61.259704531272526,1.0,0.001,0.001,0.002060468930514125,0.11644677246662127,100,100
ENSMUSG00000109492,0.001,62.31581250733508,1.0,0.001,0.0010000000000000005,0.00173365892956379,0.11665019665899229,100,100
ENSMUSG00000109495,0.001,60.80878088638715,1.0,0.001,0.001,0.001686441478080235,0.11504237404104431,100,100
ENSMUSG00000109498,3.056214351663582,736.0513408990713,1.0,0.001,7.924765855870666,0.0010000014014456943,0.06389913376405117,100,100
ENSMUSG00000109499,0.001,62.31581250733508,1.0,0.001,0.0010000000000000005,0.0015952087226260448,0.4495902343300148,100,100
ENSMUSG00000109501,0.001,61.88525872635182,1.0,0.001,0.001,0.0015568538810110596,0.19755911144095414,100,100
ENSMUSG00000109505,0.001,62.31581250733508,1.0,0.001,0.001,0.001723052878655246,0.13230260362108023,100,100
ENSMUSG00000109510,0.001,62.31581250733508,1.0,0.001,0.0010000000000000009,0.0015145167584428515,0.20129560588370732,100,100
ENSMUSG00000109511,1.347444555343911,3.4002342479598395,19.517213417765074,1.0020776441441877,2.489993649252561,2.2250132634692124,8.85216978848366,100,100
ENSMUSG00000109513,0.001,66.84427540036525,1.0,0.001,0.0010000000000000005,0.0014670209300635493,0.19148758418578013,100,100
ENSMUSG00000109522,0.001,62.31581250733508,1.0,0.001,0.001,0.0015199826011969345,0.08593292278654602,100,100
ENSMUSG00000109528,0.001,61.88525872635182,1.0,0.001,0.001,0.0018443356051128887,0.2481896656444635,100,100
ENSMUSG00000109536,0.37556529895367996,25.03711722644245,24.634378164771626,0.08336148799612264,0.672999399916544,0.4959976754861355,6.852142900780426,100,100
ENSMUSG00000109539,2.5852839622765096,617.2738366179137,1.0,0.001,10.940991560725298,0.0010391779222828105,0.07530313951862896,100,100
ENSMUSG00000109541,0.001,62.31581250733508,1.0,0.001,0.001,0.0014577608764726852,0.16945480477791308,100,100
ENSMUSG00000109545,0.001,62.31581250733508,1.0,0.001,0.001,0.0017644008220694923,0.13429419631653317,100,100
ENSMUSG00000109549,0.001,62.31581250733508,1.0,0.001,0.001,0.0015422951231052386,0.20294961020115318,100,100
ENSMUSG00000109554,0.001,66.84427540036525,1.0,0.001,0.0010000000000000005,0.00158751779900051,0.0657692178240729,100,100
ENSMUSG00000109555,0.013148724676861945,22.233335349473084,34.97084801725452,0.001,14.853197264073033,0.0010000000000039578,51.76184758148656,100,100
ENSMUSG00000109556,0.001,62.31581250733508,1.0,0.001,0.001,0.0016443648741808195,0.21218887863087937,100,100
ENSMUSG00000109561,0.001,62.31581250733508,1.0,0.001,0.001,0.0016953335287057023,0.13121727551058607,100,100
ENSMUSG00000109565,0.001,60.37820284006485,1.0,0.001,0.001,0.0019669519128304915,0.06884107895373112,100,100
ENSMUSG00000109566,0.001,62.31581250733508,1.0,0.001,0.001,0.0016793299718571076,0.11112080655878226,100,100
ENSMUSG00000109568,0.001,61.674132606755,1.0,0.001,0.001,0.00134061308639007,0.39509665960129003,100,100
ENSMUSG00000109570,0.001,61.88525872635182,1.0,0.001,0.001,0.0017046794206053767,0.2957833537325052,100,100
ENSMUSG00000109572,0.001,0.03586301385621914,1.3668101493913538,0.001,2.7878776249559767,0.00240270523295292,50.997254543892,100,100
ENSMUSG00000109574,0.001,62.31581250733508,1.0,0.001,0.001,0.001617924309897457,0.24183610220674623,100,100
ENSMUSG00000109576,0.001,62.31581250733508,1.0,0.001,0.0010000000000000009,0.0017838882489301035,0.20807102136795277,100,100
ENSMUSG00000109579,0.001,62.31581250733508,1.0,0.001,0.001,0.0018053213587844797,0.10520839952262147,100,100
ENSMUSG00000109587,0.29237949733601587,33.71833124698613,10.029075443164125,0.02012368362057021,53.05207819557795,0.001140650617424097,1.2529163225643465,100,100
ENSMUSG00000109588,0.001,62.31581250733508,1.0,0.001,0.001,0.001521826926513692,0.3135640621644722,100,100
ENSMUSG00000109589,0.001,62.31581250733508,1.0,0.001,0.0010000000000000009,0.0019762841259381354,0.18335864769193427,100,100
ENSMUSG00000109600,0.0071406935462932425,0.21100504562744268,1.5097083535733533,0.001,0.6982738032226818,0.0016900685460444144,71.20957993989855,100,100
ENSMUSG00000109602,0.001,61.674132606755,1.0,0.001,0.001,0.0015451138911660865,0.19308240737509894,100,100
ENSMUSG00000109603,0.001,59.75744064589286,1.0,0.001,0.0010000000000000005,0.0020015798576964333,0.5612367437632125,100,100
ENSMUSG00000109604,6.934553336056632,831.0762694383242,1.0,0.001,14.36330976538108,0.0010000047141519083,0.03507547608410365,100,100
ENSMUSG00000109606,4.132577005576439,999.9999999828615,1.0,0.001,9.627282225651298,0.0010000000000138251,0.02812472282766858,100,100
ENSMUSG00000109608,6.616822531925105,794.3376854222247,1.0,0.001,14.326761230620468,0.001,0.10687708370756555,100,100
ENSMUSG00000109609,0.001,66.84427540036525,1.0,0.001,0.001,0.001544307868117665,0.27666408351401284,100,100
ENSMUSG00000109610,0.001,34.13110421827449,1.0,0.001,0.001,0.0023215981048662995,0.4648704405792634,100,100
ENSMUSG00000109611,3.3119647849738665,787.757646340598,1.0,0.001,8.454938185831338,0.0013084997235020355,0.048787497553087,100,100
ENSMUSG00000109617,0.001,60.80878088638715,1.0,0.001,0.001,0.001711226970945326,0.25664620278662764,100,100
ENSMUSG00000109619,0.001,62.31581250733508,1.0,0.001,0.001,0.0015658908118683238,0.19021102409774907,100,100
ENSMUSG00000109624,0.001,62.31581250733508,1.0,0.001,0.0010000000000000005,0.0015125389317209494,0.1019229204253714,100,100
ENSMUSG00000109628,0.001,66.84427540036525,1.0,0.001,0.001,0.0015498920248263244,0.22720566909679574,100,100
ENSMUSG00000109632,0.001,62.31581250733508,1.0,0.001,0.001,0.0015135758166565406,0.06051934458445027,100,100
ENSMUSG00000109635,1.9084349789585087,457.80829610882074,1.0,0.001,6.152443231620181,0.0013601500957698403,0.06111591296207021,100,100
ENSMUSG00000109636,0.001,62.31581250733508,1.0,0.001,0.001,0.0016670608647726157,0.18235218635045344,100,100
ENSMUSG00000109637,0.001,66.84427540036525,1.0,0.001,0.001,0.00209898521550467,0.11733411598945129,100,100
ENSMUSG00000109638,0.001,66.84427540036525,1.0,0.001,0.001,0.0017781671990698997,0.28647233746969275,100,100
ENSMUSG00000109640,6.623200527132869,520.627556155391,1.015793005316978,0.001,21.314644505532307,0.001,0.011336623422801308,100,100
ENSMUSG00000109642,2.2386239439353877,560.8732842949564,1.0391422282568814,0.001,7.146410581805189,0.0010345910095032576,0.12347370300816297,100,100
ENSMUSG00000109644,0.015936427331915987,19.96164312196021,59.65623410091332,0.001,0.6945818761556464,0.0022809173953930156,65.7366822862713,100,100
ENSMUSG00000109647,0.27213439610239265,65.36421030425801,1.0,0.001,7.921649913094072,0.001107262591128273,0.04477311050339177,100,100
ENSMUSG00000109649,0.001,62.31581250733508,1.0,0.001,0.0010000000000000005,0.0016926677701141544,0.07123616245843337,100,100
ENSMUSG00000109651,0.001,66.84427540036525,1.0,0.001,0.001,0.0019101729279338625,1.0466365816305,100,100
ENSMUSG00000109652,0.001,61.88525872635182,1.0,0.001,0.001,0.001618561543449863,0.45701916896214734,100,100
ENSMUSG00000109656,0.001,62.31581250733508,1.0,0.001,0.0010000000000000009,0.0017012466982048928,0.14027495488437897,100,100
ENSMUSG00000109663,0.001,45.10428676674468,1.0,0.001,0.0010000000000000005,0.002411189983500275,0.171571676540756,100,100
ENSMUSG00000109666,0.001,62.31581250733508,1.0,0.001,0.001,0.002275474559441434,0.1690837402186623,100,100
ENSMUSG00000109669,0.001,62.31581250733508,1.0,0.001,0.001,0.0017734126671719208,0.11181423471939053,100,100
ENSMUSG00000109673,0.001,61.88525872635182,1.0,0.001,0.001,0.001587990643119445,0.20899096337132328,100,100
ENSMUSG00000109674,0.001,66.84427540036525,1.0,0.001,0.001,0.0017384777600620834,0.11158160185797553,100,100
ENSMUSG00000109675,0.001,62.31581250733508,1.0,0.001,0.001,0.0018161651280556388,0.12795967456258778,100,100
ENSMUSG00000109678,0.001,62.31581250733508,1.0,0.001,0.001,0.0017254504025059634,0.8292762120263518,100,100
ENSMUSG00000109679,0.3154818232921656,33.80874692674033,12.013959391719942,0.009456265037965707,3.1136976425507807,0.0036951509307657443,2.41426453071353,100,100
ENSMUSG00000109684,0.055766263125912326,2.5364021242552357,2.3059999973586147,0.006566563818503091,22.017874159265382,0.0012961427502838924,2.914951882073091,100,100
ENSMUSG00000109693,0.010823792214273606,19.767344137373605,22.533778244508103,0.001,3.460497954979371,0.0012503170446365851,19.079043253746384,100,100
ENSMUSG00000109695,0.06768587191236569,1.058908121759671,1.1940790852631977,0.001,23.034365816437294,0.0012811701697577195,25.61450900202612,100,100
ENSMUSG00000109698,2.7968977494920817,670.7392088866607,1.0,0.001,7.9967552551139605,0.0010933430539597424,0.08392836184319602,100,100
ENSMUSG00000109700,5.276554645939288,630.0463148893614,1.0,0.001,15.57798053605675,0.001,0.039169503638243924,100,100
ENSMUSG00000109701,0.001,66.84427540036525,1.0,0.001,0.001,0.0015776585128337449,0.1072451503089466,100,100
ENSMUSG00000109708,10.142511513680724,805.283682538079,1.0,0.001,19.897938800530746,0.001,0.01694870094602214,100,100
ENSMUSG00000109709,0.001,61.88525872635182,1.0,0.001,0.001,0.0015714621375406343,0.14918246304426336,100,100
ENSMUSG00000109710,0.001,66.84427540036525,1.0,0.001,0.001,0.001747689808865581,0.13943663222505778,100,100
ENSMUSG00000109713,0.001,62.31581250733508,1.0,0.001,0.001,0.001453591780712134,0.12987247720811973,100,100
ENSMUSG00000109714,0.001,61.45463549419866,1.0,0.001,0.001,0.0017066007185220938,0.14036987888440322,100,100
ENSMUSG00000109715,4.219504931279212,999.9999999606476,1.0,0.001,9.75612152247168,0.0010000000000080073,0.04670655633809055,100,100
ENSMUSG00000109717,0.001,62.31581250733508,1.0,0.001,0.001,0.001641263510597677,0.195578669187652,100,100
ENSMUSG00000109719,0.001,61.88525872635182,1.0,0.001,0.001,0.001728755553205516,0.19791431895307937,100,100
ENSMUSG00000109721,0.001,62.31581250733508,1.0,0.001,0.0010000000000000005,0.0018111543072139198,0.196690347021098,100,100
ENSMUSG00000109722,0.001,61.88525872635182,1.0,0.001,0.001,0.0016922181945547316,0.17258099338224228,100,100
ENSMUSG00000109724,0.001,66.84427540036525,1.0,0.001,0.0010000000000000005,0.0019155705001851053,0.07873974858490243,100,100
ENSMUSG00000109726,0.001,62.31581250733508,1.0,0.001,0.001,0.0017653970078315355,0.1022453215487834,100,100
ENSMUSG00000109727,5.205945063955672,623.0037660432878,1.0,0.001,19.938783857423132,0.0010000000000029631,0.04096097573854025,100,100
ENSMUSG00000109729,0.001,62.31581250733508,1.0,0.001,0.001,0.002143528554774136,0.11003112625987652,100,100
ENSMUSG00000109731,0.001,62.31581250733508,1.0,0.001,0.0010000000000000009,0.0017509181635528394,0.2124752386968107,100,100
ENSMUSG00000109732,0.001,62.31581250733508,1.0,0.001,0.001,0.001759819060092664,0.36874093400216346,100,100
ENSMUSG00000109735,2.398468794745146,577.0230940414881,1.0,0.001,8.337512782986789,0.0010000000000120006,0.023714909181146656,100,100
ENSMUSG00000109739,0.0053240638755204074,14.924594876086422,58.0774720809351,0.001,0.1887606860670425,0.002018611368485849,46.20847642942775,100,100
ENSMUSG00000109751,0.001,66.84427540036525,1.0,0.001,0.0010000000000000009,0.001711207367976979,0.25096586991792547,100,100
ENSMUSG00000109754,2.470709759413573,592.9845901044847,1.0,0.001,10.653089073593708,0.001100939327421109,0.02727371081581125,100,100
ENSMUSG00000109755,0.001,62.31581250733508,1.0,0.001,0.001,0.0017212063689214527,0.17030047253130304,100,100
ENSMUSG00000109761,0.0685198944604247,19.21936763716103,14.065802815758866,0.001,43.537636673001444,0.0011042529277194013,2.5008843965618324,100,100
ENSMUSG00000109764,0.001,62.31581250733508,1.0,0.001,0.001,0.002247281510161802,0.064600356583263,100,100
ENSMUSG00000109765,0.001,62.31581250733508,1.0,0.001,0.001,0.0016185630510006709,0.19416467574872326,100,100
ENSMUSG00000109768,0.001,62.31581250733508,1.0,0.001,0.0010000000000000005,0.001827386774690974,0.1416529064232453,100,100
ENSMUSG00000109770,0.035005541031556064,0.2559627809965169,1.2626691401851733,0.001,0.4013336364958153,0.17304609586232406,181.66300586931646,100,100
ENSMUSG00000109771,0.06371082061930639,19.300280323060566,11.374998027365866,0.001,21.876812068198983,0.0012034545082080265,49.31027087682291,100,100
ENSMUSG00000109776,0.001,66.84427540036525,1.0,0.001,0.0010000000000000005,0.0017700928991116224,0.2649797852636613,100,100
ENSMUSG00000109780,19.842292841894484,453.85984973011904,1.0,1.1625377419838523,54.54241872416619,0.0010093063155783059,0.00899871753050929,100,100
ENSMUSG00000109781,0.021016361298910265,0.8581459265407206,2.498498217205064,0.001,3.4807184503937876,0.001701212000404363,64.70411266327432,100,100
ENSMUSG00000109782,0.001,66.84427540036525,1.0,0.001,0.0010000000000000009,0.0017247847840239495,0.15738068054029525,100,100
ENSMUSG00000109783,0.13962302371937488,30.358090043238004,34.35859124949425,0.001,0.23970860658605708,0.6533608014238783,201.2196583205975,100,100
ENSMUSG00000109784,0.08772679648624067,18.87380294566197,6.248805040370761,0.006422661032469716,29.9264256701985,0.0010005316565475353,5.528574334689436,100,100
ENSMUSG00000109785,0.001,62.31581250733508,1.0,0.001,0.001,0.0016772830634417752,0.2394883972827045,100,100
ENSMUSG00000109787,0.001,61.88525872635182,1.0,0.001,0.001,0.0016368003915024228,0.20925397174870386,100,100
ENSMUSG00000109790,0.001,62.31581250733508,1.0,0.001,0.001,0.0016917896985921602,0.07100652991829595,100,100
ENSMUSG00000109795,0.001,61.88525872635182,1.0,0.001,0.001,0.0019469113822442319,0.14741695374121958,100,100
ENSMUSG00000109799,4.180883730162051,501.19853755783635,1.0,0.001,15.91361175577596,0.0010000000000065623,0.03369414970541501,100,100
ENSMUSG00000109807,0.001,62.31581250733508,1.0,0.001,0.001,0.0018628243173317198,0.1264943727528869,100,100
ENSMUSG00000109809,0.001,62.31581250733508,1.0,0.001,0.001,0.002029530381702376,0.2043199025255144,100,100
ENSMUSG00000109810,0.001,62.31581250733508,1.0,0.001,0.001,0.002085742258986289,0.22556700034185886,100,100
ENSMUSG00000109812,0.002463107706709106,0.03443755884172443,3.4235015045141504,0.001,0.1763839565110698,0.6562204551937241,358.31980806916124,100,100
ENSMUSG00000109814,0.001,62.31581250733508,1.0,0.001,0.001,0.0021018893215859697,0.1177867624625491,100,100
ENSMUSG00000109819,0.001,62.31581250733508,1.0,0.001,0.001,0.001798425460273128,0.201029257329156,100,100
ENSMUSG00000109824,0.001,62.31581250733508,1.0,0.001,0.001,0.0016248959744586,0.1402871747510751,100,100
ENSMUSG00000109828,0.001,62.31581250733508,1.0,0.001,0.001,0.0017081419591652592,0.2216858837940746,100,100
ENSMUSG00000109836,22.470295948475584,877.2465353549001,1.0094200300007043,0.001,33.05282761801742,0.00105201217143576,0.011017185501259102,100,100
ENSMUSG00000109841,2.684773051267332,649.196933434762,1.0,0.001,8.54653710346619,0.001026025045846779,0.041403576655588296,100,100
ENSMUSG00000109842,0.001,62.31581250733508,1.0,0.001,0.0010000000000000005,0.0015420841763984362,0.32939199794228996,100,100
ENSMUSG00000109847,0.001,66.84427540036525,1.0,0.001,0.0010000000000000005,0.0019226031137385539,0.21287121964399797,100,100
ENSMUSG00000109849,0.001,62.31581250733508,1.0,0.001,0.001,0.0015600552477853355,0.21860693283368848,100,100
ENSMUSG00000109854,0.004204847837714939,13.831174129226653,19.884656824807006,0.001,0.01767212167245784,0.0017665062426222174,18.011351185507518,100,100
ENSMUSG00000109855,0.001,62.31581250733508,1.0,0.001,0.001,0.0021210197652034215,0.30136885812905495,100,100
ENSMUSG00000109857,0.03411047569160342,20.1301540364583,17.46955597832742,0.001,2.893897696852239,0.00253782058285886,48.6471938241162,100,100
ENSMUSG00000109863,0.001,61.88525872635182,1.0,0.001,0.001,0.001577973319130797,0.06721429254958014,100,100
ENSMUSG00000109864,0.04034557369189236,19.935394314147363,10.51981823238509,0.001,12.937732139058026,0.001,7.079525152319034,100,100
ENSMUSG00000109865,3.04498950007639,321.032922806732,344.83301238172083,1.3758501666031258,4.740224347883204,0.6289663619780361,4.28399002774507,100,100
ENSMUSG00000109866,0.001,62.31581250733508,1.0,0.001,0.001,0.0020534346745555094,0.3638360324007207,100,100
ENSMUSG00000109867,0.001,62.31581250733508,1.0,0.001,0.001,0.0018768630241023435,0.14851495840317497,100,100
ENSMUSG00000109869,0.001,62.31581250733508,1.0,0.001,0.001,0.0021959780396953498,0.2470519738685916,100,100
ENSMUSG00000109872,0.001,62.31581250733508,1.0,0.001,0.0010000000000000009,0.0018137792045458422,0.5640950160636062,100,100
ENSMUSG00000109873,0.060350776100801674,19.555510079269848,8.01817535812971,0.001,18.441757233381203,0.0013867033048368485,2.2461335237122744,100,100
ENSMUSG00000109876,0.001,62.31581250733508,1.0,0.001,0.001,0.0016626546380420566,0.2788155433063866,100,100
ENSMUSG00000109877,1.421002959611816,340.4393560865186,1.0,0.001,11.023451934960363,0.001161864443526578,0.032528011319227335,100,100
ENSMUSG00000109879,0.001,62.31581250733508,1.0,0.001,0.001,0.001610868895853064,0.12484142176158439,100,100
ENSMUSG00000109880,0.001,62.31581250733508,1.0,0.001,0.001,0.0015910586031461216,0.20155476207470036,100,100
ENSMUSG00000109881,0.001,62.31581250733508,1.0,0.001,0.001,0.0014856235990599433,0.16716314438863225,100,100
ENSMUSG00000109887,2.1461883628863268,516.8437340473623,1.0,0.001,9.751412429991495,0.001,0.04697707760151562,100,100
ENSMUSG00000109894,0.0033110781700887203,9.163966524604824,23.178233558120358,0.001,0.041232484749525275,0.0019013172165658436,5.819401926042536,100,100
ENSMUSG00000109899,0.001,66.84427540036525,1.0,0.001,0.001,0.0017126273058550106,0.10504022890610054,100,100
ENSMUSG00000109901,2.5999212409749486,142.08546194182813,181.95247359399852,0.7048157652839573,4.141078636402153,0.81051982237679,14.222361574225,100,100
ENSMUSG00000109902,0.001,62.31581250733508,1.0,0.001,0.001,0.0016852676149974313,0.11677412543530813,100,100
ENSMUSG00000109903,0.001,61.259704531272526,1.0,0.001,0.001,0.0016812845476829482,0.3450298833351413,100,100
ENSMUSG00000109904,0.001,62.31581250733508,1.0,0.001,0.001,0.0015604222183105464,0.15072368069815545,100,100
ENSMUSG00000109905,11.093433155341103,487.5858337338657,1.0,0.001,35.3309406575796,0.0010007817953678266,0.009238496606474555,100,100
ENSMUSG00000109910,0.001,62.31581250733508,1.0,0.001,0.0010000000000000005,0.0017947382298111993,0.21604859770409407,100,100
ENSMUSG00000109913,0.001,66.84427540036525,1.0,0.001,0.001,0.0018666018574430604,0.426611878236938,100,100
ENSMUSG00000109917,0.001,62.31581250733508,1.0,0.001,0.0010000000000000005,0.0020392205550158436,0.1787820818785406,100,100
ENSMUSG00000109923,0.001,59.52330063774062,1.0,0.001,0.001,0.0016530499508677556,0.36219427796996284,100,100
ENSMUSG00000109930,0.001,62.31581250733508,1.0,0.001,0.001,0.0015429633552963402,0.17075039246018336,100,100
ENSMUSG00000109931,4.840973494709388,650.3394438679537,1.1409539861447227,0.001,17.173194691155075,0.0010000000000094543,0.07065284957125276,100,100
ENSMUSG00000109936,0.001,66.84427540036525,1.0,0.001,0.001,0.0016002333525876199,0.35939827322842466,100,100
ENSMUSG00000109938,0.001,62.31581250733508,1.0,0.001,0.001,0.0017390828244572784,0.21118262000573734,100,100
ENSMUSG00000109940,0.001,62.31581250733508,1.0,0.001,0.001,0.0018793904794905886,0.24927124179646973,100,100
ENSMUSG00000109946,1.0096899907320582,6.619190102369573,6.692524416662997,0.002782792668445356,1.546391449281305,0.5905686180774203,941.819920937628,100,100
ENSMUSG00000109947,0.011040737954020089,19.051970920087115,21.738938450870137,0.001,4.814432957237002,0.0014392428837005351,22.797225147304477,100,100
ENSMUSG00000109954,4.129182022932288,483.0408196268077,1.0047697220099643,0.001,17.235957663989964,0.0010000000000041072,0.035432738742774694,100,100
ENSMUSG00000109956,0.001,62.31581250733508,1.0,0.001,0.001,0.0016643772828538513,0.13044610514731522,100,100
ENSMUSG00000109957,0.001,66.84427540036525,1.0,0.001,0.001,0.0014824833095197364,0.17938159679998156,100,100
ENSMUSG00000109959,4.168917566870232,1000.0,1.0,0.001,8.485065470678304,0.0010000000041100424,0.029803981084553108,100,100
ENSMUSG00000109967,0.001,62.31581250733508,1.0,0.001,0.0010000000000000005,0.0017040582120775346,0.21911174825139001,100,100
ENSMUSG00000109968,0.001,62.31581250733508,1.0,0.001,0.001,0.0018038346621534911,0.14296681755229507,100,100
ENSMUSG00000109970,0.001,62.31581250733508,1.0,0.001,0.001,0.0019855163979282755,0.12221417991052255,100,100
ENSMUSG00000109973,4.1336179629762935,999.9999943156627,1.0,0.001,7.66648485623478,0.001003949223863907,0.10054183370420117,100,100
ENSMUSG00000109975,0.463150237150544,0.4664714973230209,4.660708334247456,0.13837129565854037,1.4037827509675092,1.996819171439153,39.098059602235075,100,100
ENSMUSG00000109980,0.001,66.84427540036525,1.0,0.001,0.0010000000000000005,0.001619913943690784,0.31987969296463614,100,100
ENSMUSG00000109984,0.001,60.80878088638715,1.0,0.001,0.001,0.0020468046453859814,0.12203746944440554,100,100
ENSMUSG00000109997,0.001,66.84427540036525,1.0,0.001,0.0010000000000000009,0.0016684894169199738,0.3630216597067375,100,100
ENSMUSG00000110001,0.001,62.31581250733508,1.0,0.001,0.001,0.0016748409168886513,0.10146456174685826,100,100
ENSMUSG00000110010,0.08412356854810449,18.319031102484168,9.218228547850428,0.001,20.013890139786373,0.0013213006778943362,22.699810514148222,100,100
ENSMUSG00000110013,0.001,62.31581250733508,1.0,0.001,0.001,0.0019317873383567726,0.10324314129256625,100,100
ENSMUSG00000110015,0.001,62.31581250733508,1.0,0.001,0.0010000000000000005,0.001525326279588251,0.16800839592158656,100,100
ENSMUSG00000110016,0.001,62.31581250733508,1.0,0.001,0.0010000000000000009,0.0018694083258620402,0.31128081031710714,100,100
ENSMUSG00000110017,0.001,62.31581250733508,1.0,0.001,0.001,0.001588315670655898,0.264039774681652,100,100
ENSMUSG00000110018,2.1571940611220364,521.5346265951073,1.0,0.001,8.323558484851215,0.001107782124144711,0.07972876728732384,100,100
ENSMUSG00000110020,1.199794901012333,285.0503522831836,1.0,0.001,7.295496464991555,0.0011343739415015214,0.024139329841350223,100,100
ENSMUSG00000110030,11.423475201398265,901.9512096048437,1.0,0.001,28.074329803388046,0.001000000000001539,0.008165177509376014,100,100
ENSMUSG00000110038,0.001,62.31581250733508,1.0,0.001,0.001,0.001766922460413664,0.2596032572400138,100,100
ENSMUSG00000110040,0.001,62.31581250733508,1.0,0.001,0.001,0.0016701956478717144,0.19657403141951865,100,100
ENSMUSG00000110046,0.001,66.84427540036525,1.0,0.001,0.001,0.002016636512950909,0.5498367388146594,100,100
ENSMUSG00000110052,0.001,62.31581250733508,1.0,0.001,0.001,0.0018546680737813168,0.12900713407046738,100,100
ENSMUSG00000110058,0.001,62.31581250733508,1.0,0.001,0.001,0.0019277618224052165,0.27754299758121187,100,100
ENSMUSG00000110062,0.12369213595145832,18.367829980365148,5.0233352919827166,0.001,32.33377975543555,0.0010770087405313628,1.3716144863107993,100,100
ENSMUSG00000110063,0.001,62.31581250733508,1.0,0.001,0.001,0.0021761185995411024,0.21046983923175594,100,100
ENSMUSG00000110065,0.001,61.88525872635182,1.0,0.001,0.001,0.0014958768992999554,0.1550024493521293,100,100
ENSMUSG00000110067,0.001,66.84427540036525,1.0,0.001,0.001,0.002025862687052892,0.12575513969027108,100,100
ENSMUSG00000110068,0.001,66.84427540036525,1.0,0.001,0.0010000000000000005,0.0017378442642741363,0.2003633982155902,100,100
ENSMUSG00000110070,0.001,62.31581250733508,1.0,0.001,0.001,0.0017558971338857354,0.34640543918660804,100,100
ENSMUSG00000110077,0.001,66.84427540036525,1.0,0.001,0.001,0.0018056660782029747,0.35013596418565557,100,100
ENSMUSG00000110079,22.99755826093835,774.8180126542499,1.0,1.9659647542105176,41.99374011929291,0.001,0.009012088535790205,100,100
ENSMUSG00000110080,0.001,62.31581250733508,1.0,0.001,0.001,0.0016189577092322266,0.304821159400822,100,100
ENSMUSG00000110081,0.001,62.31581250733508,1.0,0.001,0.0010000000000000005,0.0019830393502815627,0.3356383509131594,100,100
ENSMUSG00000110084,0.039797780094072005,19.900066789583047,10.511510004159835,0.001,18.07209467963106,0.0013328710696566596,14.697636427709657,100,100
ENSMUSG00000110087,0.001,62.31581250733508,1.0,0.001,0.001,0.001668933618915128,0.2351103896103644,100,100
ENSMUSG00000110088,12.192961231111058,974.8360166620431,1.0,0.001,25.878608559484142,0.0010053948751979865,0.008990202599926058,100,100
ENSMUSG00000110089,0.001,62.31581250733508,1.0,0.001,0.001,0.0015710757009629352,0.12744989365681092,100,100
ENSMUSG00000110102,3.338165727611042,807.3831051292377,1.0,0.001,6.638303504469501,0.001000229655905102,0.12608170464866475,100,100
ENSMUSG00000110109,0.001,62.31581250733508,1.0,0.001,0.001,0.0017546940529398266,0.18693987505131976,100,100
ENSMUSG00000110110,0.001,62.31581250733508,1.0,0.001,0.001,0.001481555685568006,0.11562206089066451,100,100
ENSMUSG00000110120,0.015929538786137877,16.394082181839014,39.86727358948496,0.001,2.0723634626480703,0.0018123502025895347,69.08689223963206,100,100
ENSMUSG00000110123,0.07666327138140122,4.8213081617954865,1.913698011638234,0.001,24.51788785037445,0.0011123088966211432,4.345810077575872,100,100
ENSMUSG00000110124,0.001,61.674132606755,1.0,0.001,0.001,0.0019898448157735,0.22842836320595128,100,100
ENSMUSG00000110127,0.001,61.88525872635182,1.0,0.001,0.0010000000000000009,0.001967239663679554,0.14351813841100036,100,100
ENSMUSG00000110129,0.001,62.31581250733508,1.0,0.001,0.001,0.0017165298088950359,0.4881633216968366,100,100
ENSMUSG00000110138,8.302907533841555,1000.0,1.0,0.001,18.920900382367677,0.001,0.02205274970695148,100,100
ENSMUSG00000110140,0.001,66.84427540036525,1.0,0.001,0.001,0.0019209418265059475,0.15154977456684632,100,100
ENSMUSG00000110144,0.001,62.31581250733508,1.0,0.001,0.001,0.0016214101503959585,0.28190068785915945,100,100
ENSMUSG00000110148,0.2145960754060199,26.66261333778624,23.75091156264298,0.0012180480596179284,0.4207754297831221,0.4610012396753694,240.22320265407384,100,100
ENSMUSG00000110154,0.001,62.31581250733508,1.0,0.001,0.001,0.0019643394241704096,0.17387277486387276,100,100
ENSMUSG00000110156,0.2190853002506887,0.5245518923303248,1.0,0.10596166554560077,1.4160632484514657,0.2044213797757093,4.727815585499986,100,100
ENSMUSG00000110159,0.086613944885091,18.47494899607084,9.264206593677619,0.004128907682837314,11.911498900989702,0.0017238426346306368,7.562943407586767,100,100
ENSMUSG00000110161,0.001,62.31581250733508,1.0,0.001,0.001,0.0014792117897102718,0.24617168965994388,100,100
ENSMUSG00000110165,1.421002959611816,340.4393560865186,1.0,0.001,10.823195525920493,0.001,0.13578008926251448,100,100
ENSMUSG00000110167,0.001,66.84427540036525,1.0,0.001,0.001,0.0016653227385362004,0.35331691056314274,100,100
ENSMUSG00000110170,0.001,62.31581250733508,1.0,0.001,0.0010000000000000009,0.0020065692668879177,0.19030601937252817,100,100
ENSMUSG00000110176,0.001,62.31581250733508,1.0,0.001,0.001,0.0018651291796327883,0.19734728186597034,100,100
ENSMUSG00000110179,0.001,66.84427540036525,1.0,0.001,0.0010000000000000009,0.0015202133929958857,0.18048073989622182,100,100
ENSMUSG00000110181,1.2942464081253242,312.7073817864961,1.0,0.001,10.315364513549913,0.0010000000001235737,0.08640808542722031,100,100
ENSMUSG00000110183,3.338165727611042,807.3831051292377,1.0,0.001,10.050215053208804,0.0010001105366556225,0.0652578645958432,100,100
ENSMUSG00000110185,1.4113761110389094,311.4132076772552,1.0,0.001,9.094650900317877,0.001000000000042102,0.07459697000663215,100,100
ENSMUSG00000110187,0.001,62.31581250733508,1.0,0.001,0.001,0.0017541311296181321,0.12943098615277382,100,100
ENSMUSG00000110193,0.001,62.31581250733508,1.0,0.001,0.0010000000000000005,0.0018700895695157372,0.2110368009266525,100,100
ENSMUSG00000110195,0.001,62.31581250733508,1.0,0.001,0.001,0.0020312147896692865,0.1438044600019751,100,100
ENSMUSG00000110197,0.001,62.31581250733508,1.0,0.001,0.001,0.0016450972521539385,0.11001211950568632,100,100
ENSMUSG00000110201,0.001,62.31581250733508,1.0,0.001,0.001,0.0015981251390918033,0.16862325183915972,100,100
ENSMUSG00000110202,0.001,61.88525872635182,1.0,0.001,0.001,0.0017560845621956886,0.24352187757086963,100,100
ENSMUSG00000110206,0.04611235863404719,16.695620631031936,26.040056288965896,0.001,0.2325048917813895,0.07339635230976792,103.78542028542878,100,100
ENSMUSG00000110208,0.001,62.31581250733508,1.0,0.001,0.001,0.0019310079533118728,0.16260273108503373,100,100
ENSMUSG00000110213,0.001,62.31581250733508,1.0,0.001,0.001,0.0015731707412485268,0.1213762101999195,100,100
ENSMUSG00000110218,12.692221687764507,975.0642435910449,1.0005706020419645,0.001,23.15778559241229,0.001,0.01760150724343045,100,100
ENSMUSG00000110221,0.001,62.31581250733508,1.0,0.001,0.001,0.0019398987557786005,0.2512286175430404,100,100
ENSMUSG00000110230,0.001,62.31581250733508,1.0,0.001,0.001,0.0017416231001115686,0.08843043070066574,100,100
ENSMUSG00000110234,0.001,59.52330063774062,1.0,0.001,0.001,0.00175438779252009,0.09136061554542035,100,100
ENSMUSG00000110237,0.6271465480030781,154.92719237319113,1.0725811857353496,0.001,7.147966642602984,0.0010022970873104675,0.15685312104335936,100,100
ENSMUSG00000110238,0.001,62.31581250733508,1.0,0.001,0.0010000000000000009,0.0021032043158521695,0.19855927863462836,100,100
ENSMUSG00000110239,3.515802310580829,835.7109520225664,1.0,0.001,4.618828557575483,0.0010083867132796504,0.0378718418618341,100,100
ENSMUSG00000110244,0.001,61.674132606755,1.0,0.001,0.001,0.0015823284704699113,0.26597709360741645,100,100
ENSMUSG00000110247,0.001,62.31581250733508,1.0,0.001,0.001,0.0015804495975034294,0.1586890267408242,100,100
ENSMUSG00000110248,0.001,62.31581250733508,1.0,0.001,0.001,0.001818036856045347,0.16439387549298867,100,100
ENSMUSG00000110256,16.957328383976613,1000.0,1.0,0.02465130716538487,24.897455316522546,0.001,0.008975581316304864,100,100
ENSMUSG00000110258,0.001,61.674132606755,1.0,0.001,0.001,0.0018555836417500763,0.25596015770370056,100,100
ENSMUSG00000110261,0.001,62.31581250733508,1.0,0.001,0.001,0.0017465170355101798,0.1756357424258077,100,100
ENSMUSG00000110266,1.2942464081253242,312.7073817864961,1.0,0.001,12.244454431035082,0.0010527008001417148,0.04187225082575494,100,100
ENSMUSG00000110269,7.971463344092236,642.2621016857499,1.0159912866398861,0.001,25.387070341633056,0.001,0.014994625527033633,100,100
ENSMUSG00000110270,0.001,62.31581250733508,1.0,0.001,0.001,0.002152663497545322,0.5797715980955549,100,100
ENSMUSG00000110273,3.4076388400966033,410.11119977517893,1.0,0.001,12.329032510560136,0.001031431714034115,0.03672930570223841,100,100
ENSMUSG00000110275,0.001,37.56958603453568,1.0,0.001,0.001,0.002419873714147097,0.32368899066910606,100,100
ENSMUSG00000110277,0.36370991113092066,6.425045291320656,2.6222074427856192,0.145864983616222,76.482964909722,0.0015175197493410633,0.9252517443343935,100,100
ENSMUSG00000110278,0.001,62.31581250733508,1.0,0.001,0.0010000000000000009,0.0020078355554842397,0.17950298792856856,100,100
ENSMUSG00000110279,1.8855242048223924,454.9597606392765,1.0,0.001,8.302925140712032,0.00101975713272566,0.059762780673887045,100,100
ENSMUSG00000110282,0.35982757376281077,17.453570960006424,2.495908631079124,0.05553748669315163,35.49935600698814,0.001087475056523169,0.5846019607399497,100,100
ENSMUSG00000110287,0.001,62.31581250733508,1.0,0.001,0.0010000000000000005,0.0017832660716173283,0.2048076670136778,100,100
ENSMUSG00000110298,0.001,66.84427540036525,1.0,0.001,0.001,0.0018979745842964493,0.1773308910111175,100,100
ENSMUSG00000110303,0.0035153189958338324,11.459522831816152,22.638819099550066,0.001,0.0773596683650336,0.0015706883691625267,12.847378984968538,100,100
ENSMUSG00000110313,0.001,61.88525872635182,1.0,0.001,0.001,0.001945048086994715,0.18061564904784994,100,100
ENSMUSG00000110315,0.001,62.31581250733508,1.0,0.001,0.001,0.00195769633044428,0.10832787075617967,100,100
ENSMUSG00000110317,0.05082299733912233,6.554439645809219,10.974934852601374,0.001,0.14914155638860588,0.1864176098088241,111.95083465819624,100,100
ENSMUSG00000110318,0.001,61.88525872635182,1.0,0.001,0.001,0.002167017696232997,0.12444378725571366,100,100
ENSMUSG00000110320,0.001,66.84427540036525,1.0,0.001,0.0010000000000000005,0.001597347004118252,0.11251072681785557,100,100
ENSMUSG00000110325,0.3655254681891759,83.69693330812075,1.0,0.001,6.998535179896971,0.0010000000013078419,0.050261216508152184,100,100
ENSMUSG00000110329,0.001,62.31581250733508,1.0,0.001,0.001,0.0019320136970497831,0.08981085490230725,100,100
ENSMUSG00000110332,0.010860768664700399,19.377622560078464,22.1045264570441,0.001,3.0659206102838645,0.0016662089976624728,19.837716355593862,100,100
ENSMUSG00000110335,0.001,62.31581250733508,1.0,0.001,0.0010000000000000005,0.001610452004019368,0.09474419855446325,100,100
ENSMUSG00000110340,0.012735601763209285,17.48007979722729,74.32390645129372,0.001,0.5756974047146113,0.004905509055465059,79.32444165229191,100,100
ENSMUSG00000110341,8.077579221210014,999.9999998905215,1.0325576189831691,0.001,15.943166007028442,0.0010000000000034916,0.019603887754925886,100,100
ENSMUSG00000110344,0.001,61.88525872635182,1.0,0.001,0.001,0.0017355608322362805,0.29921795397879836,100,100
ENSMUSG00000110350,0.021339323641370096,8.743112472580528,30.14119460015501,0.001,3.0249518609914947,0.0022905677339322018,107.87204935809748,100,100
ENSMUSG00000110351,0.001,62.31581250733508,1.0,0.001,0.0010000000000000005,0.0018126721213629418,0.2932015867155923,100,100
ENSMUSG00000110355,0.001,62.31581250733508,1.0,0.001,0.001,0.001843651898330262,0.18427857971009026,100,100
ENSMUSG00000110357,0.2721244381584311,3.4824001129594735,1.0,0.08775486439167483,59.74249665777069,0.0012856656102731652,0.5446433623009324,100,100
ENSMUSG00000110360,0.09446906205435059,18.28526908043824,6.023293743034041,0.011604876286210876,26.720202334211976,0.0010909008552668752,1.4701654799628965,100,100
ENSMUSG00000110366,0.001,62.31581250733508,1.0,0.001,0.001,0.00157102744785089,0.20105588768191154,100,100
ENSMUSG00000110371,0.001,59.32355257794531,1.0,0.001,0.001,0.0016785919521545816,0.18294188884468476,100,100
ENSMUSG00000110377,0.4282965282830732,103.14966607220127,1.0,0.001,9.722229985045676,0.0010168520527689497,0.06381639479424968,100,100
ENSMUSG00000110378,3.911252269710252,958.3332849426147,1.0208715821848182,0.001,4.410329656857587,0.001201454863487099,0.11760403498560326,100,100
ENSMUSG00000110386,0.001,45.37980714614509,1.0,0.001,0.001,0.002044751537656643,0.09607841967610398,100,100
ENSMUSG00000110388,0.001,62.31581250733508,1.0,0.001,0.001,0.0019034779440458061,0.1004029631890569,100,100
ENSMUSG00000110390,0.001,66.84427540036525,1.0,0.001,0.001,0.001589881361262042,0.5271926409091592,100,100
ENSMUSG00000110393,0.033270332160833964,20.60654324796982,17.87304489710591,0.001,12.508658578308383,0.001350598475318882,2.445173246320812,100,100
ENSMUSG00000110400,0.001,62.31581250733508,1.0,0.001,0.001,0.0017936457687622311,0.3630052615674923,100,100
ENSMUSG00000110404,8.077579221210014,999.9999998905215,1.0325576189831691,0.001,12.71468307179464,0.0010020128551141462,0.01829155274561,100,100
ENSMUSG00000110405,0.001,62.31581250733508,1.0,0.001,0.001,0.0018734784059581812,0.05988596245303317,100,100
ENSMUSG00000110407,0.001,61.45463549419866,1.0,0.001,0.0010000000000000005,0.0017138441450073347,0.13612216845559047,100,100
ENSMUSG00000110408,0.001,62.31581250733508,1.0,0.001,0.001,0.001605876557376935,0.2799111203467203,100,100
ENSMUSG00000110409,0.11241857911124117,29.02049590137726,51.368527721824,0.05349342632548132,11.42851637247793,0.00922637014872136,5.589825943875326,100,100
ENSMUSG00000110410,0.001,62.31581250733508,1.0,0.001,0.001,0.0015784697544483878,0.1234819220732441,100,100
ENSMUSG00000110411,0.001,62.31581250733508,1.0,0.001,0.001,0.0017733063334600075,0.1912498911418339,100,100
ENSMUSG00000110416,0.001,62.31581250733508,1.0,0.001,0.0010000000000000005,0.0016198924289198883,0.22007611974559438,100,100
ENSMUSG00000110417,0.001,62.31581250733508,1.0,0.001,0.001,0.0018228361861580096,0.2285855308898464,100,100
ENSMUSG00000110419,3.565377335886521,427.11731671900776,1.0,0.001,18.174462033136493,0.001,0.04402520877620705,100,100
ENSMUSG00000110422,0.001,62.31581250733508,1.0,0.001,0.001,0.0020803957734612504,0.07660711070337504,100,100
ENSMUSG00000110423,0.001,61.88525872635182,1.0,0.001,0.0010000000000000005,0.0017034715442641405,0.30417241707109743,100,100
ENSMUSG00000110424,0.08734979127992822,17.63137689819623,19.690315980805508,0.001,0.2335446736064279,0.3204593057188813,127.50404145514901,100,100
ENSMUSG00000110433,0.001,62.31581250733508,1.0,0.001,0.001,0.0016389419536574977,0.1412937037519023,100,100
ENSMUSG00000110435,8.61178643202228,653.5601675457775,1.0,0.001,22.156372691945272,0.001,0.008963990440908242,100,100
ENSMUSG00000110440,0.001,59.94762576822368,1.0,0.001,0.001,0.002001639758063428,0.08821531874590138,100,100
ENSMUSG00000110442,3.056214351663582,736.0513408990713,1.0,0.001,8.294470770366079,0.0010065901826724587,0.06475432387081945,100,100
ENSMUSG00000110444,0.09701378535546751,0.4281892349339962,1.3714495154306459,0.029674366960657908,0.6014501207412046,0.39088935564148575,12.675724073387,100,100
ENSMUSG00000110453,4.131519129298434,1000.0,1.000247281024765,0.001,10.898821858940433,0.001,0.07313273173580849,100,100
ENSMUSG00000110456,0.001,62.31581250733508,1.0,0.001,0.001,0.0018543442372862362,0.4530050153680669,100,100
ENSMUSG00000110457,0.001,62.31581250733508,1.0,0.001,0.001,0.001679100825972345,0.13946547350995983,100,100
ENSMUSG00000110462,0.001,62.31581250733508,1.0,0.001,0.001,0.001760901714186016,0.08479850959395649,100,100
ENSMUSG00000110463,0.001,62.31581250733508,1.0,0.001,0.0010000000000000005,0.0019773654996341357,0.11151404696055997,100,100
ENSMUSG00000110471,0.001,62.31581250733508,1.0,0.001,0.001,0.0016423747431234359,0.12249151256747699,100,100
ENSMUSG00000110474,0.001,62.31581250733508,1.0,0.001,0.001,0.001942102944984646,0.13637010548493667,100,100
ENSMUSG00000110475,0.001,62.31581250733508,1.0,0.001,0.001,0.0018404669065074757,0.1264194795950916,100,100
ENSMUSG00000110486,0.001,62.31581250733508,1.0,0.001,0.001,0.0015854041682451911,0.14320621591141328,100,100
ENSMUSG00000110489,0.001,62.31581250733508,1.0,0.001,0.0010000000000000005,0.0016879853397740218,0.16451102321270664,100,100
ENSMUSG00000110495,0.001,62.31581250733508,1.0,0.001,0.0010000000000000005,0.0020255830504965835,0.1662694877289993,100,100
ENSMUSG00000110498,0.001,62.31581250733508,1.0,0.001,0.001,0.0015478663596659521,0.07572483475559934,100,100
ENSMUSG00000110499,0.08734189708619666,18.927836828019686,6.267987422639054,0.01749478632870218,26.257987478666806,0.0010113245589324445,1.6059465528588068,100,100
ENSMUSG00000110500,0.001,62.31581250733508,1.0,0.001,0.001,0.001527445365746248,0.1603324163444983,100,100
ENSMUSG00000110501,0.001,61.88525872635182,1.0,0.001,0.001,0.0015923050291319423,0.15809825986117532,100,100
ENSMUSG00000110504,0.016924996168199796,2.083955188089511,3.121342984715108,0.001,13.646326272504389,0.0010000000000052432,9.427650113212419,100,100
ENSMUSG00000110505,0.001,62.31581250733508,1.0,0.001,0.001,0.0023362282432241167,0.11175806094708624,100,100
ENSMUSG00000110507,0.001,62.31581250733508,1.0,0.001,0.001,0.0015909249985236584,0.14493777091189647,100,100
ENSMUSG00000110514,0.001,66.84427540036525,1.0,0.001,0.001,0.0016358508079733925,0.15026934284608004,100,100
ENSMUSG00000110515,0.001,61.674132606755,1.0,0.001,0.001,0.001420679719062257,0.19326048501343046,100,100
ENSMUSG00000110516,0.026345693290012552,20.463799610430215,40.84311065656074,0.001,3.5599644207830576,0.0017241698577101566,97.90105678974714,100,100
ENSMUSG00000110521,0.001,62.31581250733508,1.0,0.001,0.001,0.0016019737750808814,0.10859466300941586,100,100
ENSMUSG00000110528,0.10705506462325001,20.084853987398187,16.283487475723245,0.001,0.6437782888071111,0.10478684280905375,112.83092524338099,100,100
ENSMUSG00000110529,0.001,61.88525872635182,1.0,0.001,0.0010000000000000005,0.0018319803345504951,0.1297381466228812,100,100
ENSMUSG00000110530,0.001,66.84427540036525,1.0,0.001,0.001,0.0018530127578143109,0.40894483829662714,100,100
ENSMUSG00000110537,0.001,30.883269917399403,1.0,0.001,0.001,0.0027986478480990884,0.5225600864266444,100,100
ENSMUSG00000110538,0.001,62.31581250733508,1.0,0.001,0.001,0.0016266633703011855,0.4181981207129821,100,100
ENSMUSG00000110540,12.649372772406922,999.9999999822298,1.0,0.001,24.242803742559694,0.001,0.00902984343965798,100,100
ENSMUSG00000110545,0.001,13.596412732960566,1.0,0.001,0.001,0.03565222718535252,3.1903572219739296,100,100
ENSMUSG00000110547,0.001,59.101841166386166,1.0,0.001,0.001,0.001895224337972927,0.12325491154974372,100,100
ENSMUSG00000110548,0.001,62.31581250733508,1.0,0.001,0.001,0.001651956020253561,0.19097242667051229,100,100
ENSMUSG00000110549,0.001,62.31581250733508,1.0,0.001,0.001,0.0015417766524383426,0.18045416257393307,100,100
ENSMUSG00000110556,0.022684982929948996,20.595703744073063,14.984545694468867,0.001,8.337339625045631,0.001,19.07692205212863,100,100
ENSMUSG00000110569,0.001,61.88525872635182,1.0,0.001,0.0010000000000000005,0.0015104783759635884,0.1456342652867096,100,100
ENSMUSG00000110570,0.001,62.31581250733508,1.0,0.001,0.001,0.0018017260989092322,0.06505719253492963,100,100
ENSMUSG00000110575,1.618864577899538,432.24481884438677,1.1086793463881914,0.001,6.982978171696834,0.0010006486337774804,0.06895093388274848,100,100
ENSMUSG00000110580,0.21172807221738651,5.270678207594102,3.9717837898894173,0.009179436931953727,0.6469475351175309,0.14896813474350773,9.948557697182913,100,100
ENSMUSG00000110581,0.001,62.31581250733508,1.0,0.001,0.001,0.001615252915872581,0.10770788122085657,100,100
ENSMUSG00000110582,0.001,62.31581250733508,1.0,0.001,0.001,0.0015298868795175708,0.11078179822066754,100,100
ENSMUSG00000110586,0.001,66.84427540036525,1.0,0.001,0.001,0.0015744755994161063,0.13356928133534204,100,100
ENSMUSG00000110588,0.001,66.84427540036525,1.0,0.001,0.001,0.0015464817090136574,0.08437220417005978,100,100
ENSMUSG00000110592,0.001,62.31581250733508,1.0,0.001,0.001,0.0017798686527567384,0.15323541442351146,100,100
ENSMUSG00000110593,0.001,66.84427540036525,1.0,0.001,0.001,0.001841423934150466,0.13761525481845854,100,100
ENSMUSG00000110594,1.4794348014843814,357.52131026778807,1.0,0.001,8.80244473131562,0.0010026321834951646,0.04894748164745094,100,100
ENSMUSG00000110596,0.001,62.31581250733508,1.0,0.001,0.001,0.001611765042045644,0.0765794091178231,100,100
ENSMUSG00000110598,16.814891315911066,999.9975940316049,1.0,0.001,24.478082416691347,0.001,0.009913227287798785,100,100
ENSMUSG00000110605,0.1797065335867279,10.252883509168893,8.1560790591571,0.07681863136371658,1.0516853489772604,0.10597311703379243,1.9167298796016963,100,100
ENSMUSG00000110608,0.0035153189958338324,11.459522831816152,22.638819099550066,0.001,0.12626297634167985,0.0016857752834170167,8.324567104217444,100,100
ENSMUSG00000110611,0.001,62.31581250733508,1.0,0.001,0.001,0.0015958993481616389,0.2595615112601881,100,100
ENSMUSG00000110612,0.001,62.31581250733508,1.0,0.001,0.001,0.0015630167633954336,0.2270148892229886,100,100
ENSMUSG00000110613,0.001,62.31581250733508,1.0,0.001,0.001,0.0016111842098640535,0.10394433636437872,100,100
ENSMUSG00000110615,0.21494224207260865,30.16993305887385,26.997701191844715,0.07705010436549475,0.5111232136490547,0.26079146976835355,2.2327078855692064,100,100
ENSMUSG00000110618,0.001,62.31581250733508,1.0,0.001,0.001,0.001742210793809903,0.06479989741155073,100,100
ENSMUSG00000110622,0.001,62.31581250733508,1.0,0.001,0.0010000000000000005,0.0016096054997476101,0.07202978101140933,100,100
ENSMUSG00000110625,0.001,66.84427540036525,1.0,0.001,0.0010000000000000005,0.0017344809129267867,0.18649594566040867,100,100
ENSMUSG00000110626,0.001,62.31581250733508,1.0,0.001,0.001,0.001566016625259087,0.15482656847148413,100,100
ENSMUSG00000110630,0.1177177794053071,1.8140380090725323,5.1121304892650326,0.030061751196138554,0.260482799198274,1.00534312056862,13.611088171208163,100,100
ENSMUSG00000110635,0.001,66.84427540036525,1.0,0.001,0.001,0.0016173527866883246,0.16269513857563117,100,100
ENSMUSG00000110636,0.001,66.84427540036525,1.0,0.001,0.0010000000000000009,0.0018401336376406836,0.07313437856151761,100,100
ENSMUSG00000110642,0.001,62.31581250733508,1.0,0.001,0.001,0.001988306459040617,0.12054310711250951,100,100
ENSMUSG00000110644,0.001,52.46404042838654,1.0,0.001,0.001,0.0020031983723226496,0.197697984164925,100,100
ENSMUSG00000110647,8.30293388431171,1000.0,1.0,0.001,16.857648223067653,0.001,0.009081266011179517,100,100
ENSMUSG00000110648,0.001,61.88525872635182,1.0,0.001,0.0010000000000000005,0.0016273343665896222,0.20637826890559788,100,100
ENSMUSG00000110649,5.881743333085429,1000.0,1.0000910818851758,0.001,13.520376619341256,0.0010975186634442254,0.039561733045653864,100,100
ENSMUSG00000110652,0.001,66.84427540036525,1.0,0.001,0.001,0.0016763649157902026,0.08786075457863282,100,100
ENSMUSG00000110654,0.001,62.31581250733508,1.0,0.001,0.0010000000000000005,0.0020224379171083348,0.07266712584192855,100,100
ENSMUSG00000110656,7.8605592530370565,946.9157809579618,1.0,0.001,17.23352645717729,0.0010000000000426818,0.01627705779551193,100,100
ENSMUSG00000110657,0.001,62.31581250733508,1.0,0.001,0.001,0.0018525766921061932,0.2215640269940081,100,100
ENSMUSG00000110661,0.27213439610239265,65.36421030425801,1.0,0.001,10.509649644907512,0.001,0.12760346020192254,100,100
ENSMUSG00000110662,0.001,62.31581250733508,1.0,0.001,0.001,0.001921320745209842,0.16616130175899785,100,100
ENSMUSG00000110666,0.001,62.31581250733508,1.0,0.001,0.001,0.0016532101158633122,0.23993316202755682,100,100
ENSMUSG00000110669,0.10986122406554702,0.29775744687369504,3.2244065743532535,0.001,0.48754761803330515,2.1834494102310256,1617.3387773865013,100,100
ENSMUSG00000110673,0.001,60.80878088638715,1.0,0.001,0.001,0.0021461435423281057,0.14874577629515223,100,100
ENSMUSG00000110676,0.001,62.31581250733508,1.0,0.001,0.001,0.0020352269121083734,0.09783769096417641,100,100
ENSMUSG00000110682,0.001,62.31581250733508,1.0,0.001,0.001,0.0017894956412438123,0.16691083796293202,100,100
ENSMUSG00000110683,0.001,62.31581250733508,1.0,0.001,0.001,0.0017218298703538912,0.09351977141636378,100,100
ENSMUSG00000110686,0.001,0.004876242102669972,3.9279449334921406,0.001,0.1034429724946703,0.16579364110687683,3922.3718111541193,100,100
ENSMUSG00000110689,0.001,61.024058264401226,1.0,0.001,0.0010000000000000005,0.0017302737815673356,0.20209474657559373,100,100
ENSMUSG00000110690,0.001,66.84427540036525,1.0,0.001,0.001,0.0017479378384890392,0.16552045825745865,100,100
ENSMUSG00000110692,2.134303477002954,511.7325357528449,1.0,0.001,10.55068541390802,0.001065933279435992,0.07263603262562104,100,100
ENSMUSG00000110697,30.924454369196255,883.850450393156,1.1001192066742054,0.7870794257149796,48.7020463179379,0.001038695635471095,0.007665288204849001,100,100
ENSMUSG00000110702,0.001,62.31581250733508,1.0,0.001,0.0010000000000000009,0.0018913799919879834,0.23503108530623987,100,100
ENSMUSG00000110706,0.001,62.31581250733508,1.0,0.001,0.001,0.0015199120726878566,0.11558423429688797,100,100
ENSMUSG00000110711,0.001,66.84427540036525,1.0,0.001,0.001,0.00159345110440614,0.24938540996451086,100,100
ENSMUSG00000110712,0.010864367549483665,19.666516339790384,22.431649292914965,0.001,6.574303393289409,0.0014750500649912575,22.241643145761202,100,100
ENSMUSG00000110715,6.836163118025788,771.976780033754,1.0,0.001,18.250647592692967,0.0010000000000092782,0.009010549891604889,100,100
ENSMUSG00000110723,0.001,62.31581250733508,1.0,0.001,0.001,0.0017684086721652956,0.2381122443009981,100,100
ENSMUSG00000110727,0.001,62.31581250733508,1.0,0.001,0.001,0.0015619164504023435,0.1009473017092698,100,100
ENSMUSG00000110729,0.001,62.31581250733508,1.0,0.001,0.0010000000000000009,0.0022458301366866415,0.5162747362992507,100,100
ENSMUSG00000110730,0.001,62.31581250733508,1.0,0.001,0.001,0.0015897709488251872,0.1873214418009984,100,100
ENSMUSG00000110738,0.001,62.31581250733508,1.0,0.001,0.0010000000000000009,0.0018313705873733489,0.19796181070698965,100,100
ENSMUSG00000110740,0.001,62.31581250733508,1.0,0.001,0.001,0.0014650877517440404,0.1891418842667688,100,100
ENSMUSG00000110744,4.706671067849742,486.6367197135169,1.0,0.001,14.359971562298679,0.00100724405824685,0.022670332044097914,100,100
ENSMUSG00000110751,4.131519129298434,1000.0,1.000247281024765,0.001,5.967252492037005,0.0012791910305203211,0.03027846059272586,100,100
ENSMUSG00000110752,2.0358908095832726,509.95623053691645,1.0510701205171693,0.001,8.783397179951063,0.0011831438582748247,0.09402379051736516,100,100
ENSMUSG00000110758,0.001,62.31581250733508,1.0,0.001,0.0010000000000000005,0.0017478554454592571,0.13270963523217666,100,100
ENSMUSG00000110761,0.001,59.52330063774062,1.0,0.001,0.0010000000000000009,0.0017215378471166208,0.07364844485456093,100,100
ENSMUSG00000110772,8.302773791844396,1000.0,1.0,0.001,11.859060786440411,0.0010000000000082415,0.025652252622966713,100,100
ENSMUSG00000110773,1.735624225052969,395.2203152163817,1.0,0.001,10.336581882514954,0.001031416041182581,0.1217358243933376,100,100
ENSMUSG00000110774,0.07107234267781595,5.218207440679321,3.0793963320144324,0.007679634069004264,27.766700673903287,0.0010817964376560797,2.5886501896508776,100,100
ENSMUSG00000110790,0.001,62.31581250733508,1.0,0.001,0.001,0.0021056847591915677,0.15085710315599873,100,100
ENSMUSG00000110791,0.001,62.31581250733508,1.0,0.001,0.001,0.0018268868321644088,0.11803779439039647,100,100
ENSMUSG00000110793,0.001,62.31581250733508,1.0,0.001,0.001,0.0020292085821197394,0.18370277391965192,100,100
ENSMUSG00000110795,0.001,61.674132606755,1.0,0.001,0.001,0.0015541417478622868,0.22266484537285558,100,100
ENSMUSG00000110801,0.001,66.84427540036525,1.0,0.001,0.001,0.0017282264410538788,0.26051092301747214,100,100
ENSMUSG00000110803,0.001,66.84427540036525,1.0,0.001,0.001,0.0016157888508417121,0.4646531669750551,100,100
ENSMUSG00000110808,0.001,62.31581250733508,1.0,0.001,0.001,0.0016493811889180597,0.19672847534118373,100,100
ENSMUSG00000110814,0.001,62.31581250733508,1.0,0.001,0.0010000000000000005,0.001886548154045867,0.34617809996383475,100,100
ENSMUSG00000110816,0.001,62.31581250733508,1.0,0.001,0.001,0.0018797440618302246,0.24695625502165092,100,100
ENSMUSG00000110824,0.001,66.84427540036525,1.0,0.001,0.001,0.0016199159959626474,0.2517594031783119,100,100
ENSMUSG00000110825,0.001,52.84301763644715,1.0,0.001,0.001,0.0018174956030557652,0.18714196912791917,100,100
ENSMUSG00000110826,0.001,62.31581250733508,1.0,0.001,0.001,0.0020065943563826794,0.20408240064428537,100,100
ENSMUSG00000110829,0.001,62.31581250733508,1.0,0.001,0.001,0.0019094846871265986,0.16882854984036105,100,100
ENSMUSG00000110830,0.001,62.31581250733508,1.0,0.001,0.001,0.0019521225929941466,0.22979041832339175,100,100
ENSMUSG00000110840,0.001,61.674132606755,1.0,0.001,0.001,0.0016791771222608395,0.13198604712925285,100,100
ENSMUSG00000110845,0.001,61.88525872635182,1.0,0.001,0.001,0.002102024063479924,0.1843744953505021,100,100
ENSMUSG00000110847,0.001,66.84427540036525,1.0,0.001,0.0010000000000000005,0.0015934012935352117,0.16124374472835962,100,100
ENSMUSG00000110862,0.001,60.37820284006485,1.0,0.001,0.001,0.0016808736275886155,0.3181611210407239,100,100
ENSMUSG00000110863,0.010779439556186973,19.946112020672864,22.725336791701785,0.001,5.0531966432546405,0.0012302871493201596,21.233199757139495,100,100
ENSMUSG00000110864,0.001,62.31581250733508,1.0,0.001,0.0010000000000000005,0.0016833632654382664,0.22270599294954702,100,100
ENSMUSG00000110869,0.013857638722832388,0.10961739344894876,1.0,0.001,0.3539496353275789,0.00659026619821353,148.83006439041344,100,100
ENSMUSG00000110874,0.001,66.84427540036525,1.0,0.001,0.001,0.001865590328276061,0.1993148879757703,100,100
ENSMUSG00000110885,0.881564516204355,212.83947995384116,1.0,0.001,7.319076211971533,0.0010000000252478364,0.06919667335115275,100,100
ENSMUSG00000110893,0.001,62.31581250733508,1.0,0.001,0.001,0.0018440200785309318,0.08949188005743323,100,100
ENSMUSG00000110894,6.868985598800563,892.1096392321363,1.077174590847307,0.001,20.367494776605675,0.001,0.009011359425913908,100,100
ENSMUSG00000110895,0.001,62.31581250733508,1.0,0.001,0.001,0.0016917468195536394,0.17096198743589136,100,100
ENSMUSG00000110899,0.001,66.84427540036525,1.0,0.001,0.001,0.0019046277095895242,0.11840558422785269,100,100
ENSMUSG00000110903,0.001,66.84427540036525,1.0,0.001,0.001,0.0017831304955219997,0.0942330104080632,100,100
ENSMUSG00000110910,0.610901319112346,146.1179810336442,1.0,0.001,8.02714275464054,0.0010000000000441043,0.07839836689483418,100,100
ENSMUSG00000110914,6.842762724589892,824.051084069243,1.0,0.001,20.764209435313447,0.0010000000000004072,0.03643872302115734,100,100
ENSMUSG00000110915,0.06706397453853662,18.81733152241163,7.673111636621448,0.001,23.742923874779002,0.001,2.791001919617874,100,100
ENSMUSG00000110917,0.001,62.31581250733508,1.0,0.001,0.001,0.00163453485181059,0.20937834610488001,100,100
ENSMUSG00000110928,0.001,66.84427540036525,1.0,0.001,0.001,0.0015692498895022353,0.09571543692169898,100,100
ENSMUSG00000110932,4.132577005576439,999.9999999828615,1.0,0.001,12.50559796030704,0.0010000000000748074,0.06676700711929905,100,100
ENSMUSG00000110945,1.640714656604827,20.416509874397942,1.0,0.24002566470488618,79.52938079235457,0.0011793828529405319,0.2917951020253928,100,100
ENSMUSG00000110949,2.187463911949642,125.82191127532664,1.0,0.001,24.723025162661877,0.0010000000000073247,0.009575495492537316,100,100
ENSMUSG00000110950,0.001,62.31581250733508,1.0,0.001,0.001,0.0018848631260963843,0.10415861099125434,100,100
ENSMUSG00000110960,0.7685849706011655,3.396411948072686,4.058099568238379,0.001127867066353443,0.9358471423333217,0.8547048756309761,1394.8807790163953,100,100
ENSMUSG00000110966,4.224220404893749,499.5619439597988,1.0,0.001,12.540456792730819,0.001,0.017317212792282776,100,100
ENSMUSG00000110972,12.38636398479175,999.9984422054185,1.0091460155216014,0.001,22.11024565691757,0.001,0.009088881412661752,100,100
ENSMUSG00000110976,0.001,62.31581250733508,1.0,0.001,0.001,0.0015536269195001143,0.20912935895943338,100,100
ENSMUSG00000110980,18.601900731024045,608.0544695004093,1.0,1.6767630852012796,41.02235635514837,0.001,0.00888536456385218,100,100
ENSMUSG00000110981,0.001,44.446620010032944,1.0,0.001,0.001,0.0019241328848439165,0.21205381902459866,100,100
ENSMUSG00000110993,3.1447317136423227,373.75249025791703,1.0,0.001,13.000602981768706,0.0010000000016882847,0.05314171071404444,100,100
ENSMUSG00000110997,0.05596830677817489,19.793935027780265,18.920548147378728,0.001565741104631434,7.489341852058574,0.0031866208715326753,33.08657556196931,100,100
ENSMUSG00000111001,0.001,66.84427540036525,1.0,0.001,0.001,0.0018193065684554447,0.28568910159815963,100,100
ENSMUSG00000111004,0.001,62.31581250733508,1.0,0.001,0.001,0.0015353965170678925,0.08859348346332702,100,100
ENSMUSG00000111015,0.001,62.31581250733508,1.0,0.001,0.001,0.0017845296644312246,0.19208461138352131,100,100
ENSMUSG00000111016,0.001,62.31581250733508,1.0,0.001,0.0010000000000000005,0.0019173860573682654,0.12135825632832604,100,100
ENSMUSG00000111017,5.297054143095047,638.3732177233989,1.001119788129668,0.001,14.710928782446757,0.001000000000009211,0.036783022528571685,100,100
ENSMUSG00000111028,0.001,62.31581250733508,1.0,0.001,0.001,0.0018667436684037776,0.3194112041556252,100,100
ENSMUSG00000111030,0.001,62.31581250733508,1.0,0.001,0.0010000000000000009,0.0018233150070158257,0.1590790568988455,100,100
ENSMUSG00000111035,0.001,66.84427540036525,1.0,0.001,0.001,0.0014904595346197163,0.16720187489743835,100,100
ENSMUSG00000111036,0.001,62.31581250733508,1.0,0.001,0.001,0.0016030884780461475,0.3978781964869921,100,100
ENSMUSG00000111039,0.001,62.31581250733508,1.0,0.001,0.001,0.0018015917602572573,0.24742522284118104,100,100
ENSMUSG00000111041,0.001,62.31581250733508,1.0,0.001,0.001,0.0016399453911264588,0.23658683444512538,100,100
ENSMUSG00000111045,0.001,62.31581250733508,1.0,0.001,0.001,0.001885170297922251,0.1576427870920032,100,100
ENSMUSG00000111050,0.001,62.31581250733508,1.0,0.001,0.0010000000000000005,0.001491730525954283,0.13173562418101298,100,100
ENSMUSG00000111052,0.001,66.84427540036525,1.0,0.001,0.001,0.0015600994804016448,0.10056531439258526,100,100
ENSMUSG00000111053,0.001,62.31581250733508,1.0,0.001,0.001,0.0015257682029719542,0.30495048153893456,100,100
ENSMUSG00000111055,0.001,62.31581250733508,1.0,0.001,0.001,0.0014442815525765212,0.2358703477575761,100,100
ENSMUSG00000111058,0.2840947536976278,17.45569141407219,4.1445488868143805,0.07134021897792382,41.88526017852962,0.0013875202125939218,0.7590092551351736,100,100
ENSMUSG00000111059,0.001,57.79469271457354,1.0,0.001,0.001,0.0016752080993367407,0.16072305406814594,100,100
ENSMUSG00000111061,0.001,66.84427540036525,1.0,0.001,0.001,0.0018280016014561849,0.06912191641894386,100,100
ENSMUSG00000111062,0.001,66.84427540036525,1.0,0.001,0.001,0.0018072394266673557,0.32221375547763265,100,100
ENSMUSG00000111063,0.001,61.674132606755,1.0,0.001,0.001,0.001582146822429498,0.62862167043705,100,100
ENSMUSG00000111067,0.001,62.31581250733508,1.0,0.001,0.001,0.0013802993152269467,0.22608660504062814,100,100
ENSMUSG00000111069,0.001,62.31581250733508,1.0,0.001,0.001,0.0016106340030199345,0.19809406796996284,100,100
ENSMUSG00000111075,0.001,62.31581250733508,1.0,0.001,0.001,0.0014773606864862416,0.31222542430532724,100,100
ENSMUSG00000111077,0.001,62.31581250733508,1.0,0.001,0.001,0.002067176783016423,0.6409002980943959,100,100
ENSMUSG00000111079,0.001,61.674132606755,1.0,0.001,0.0010000000000000005,0.001784849633999313,0.07242073995779226,100,100
ENSMUSG00000111080,1.0506252108630227,35.121051879511825,4.753562112845915,0.15247435952352167,80.6848597049425,0.0016325313819566612,1.0339410536940985,100,100
ENSMUSG00000111082,0.022064798735815433,22.417446079461083,24.966918543281732,0.001,5.46654837742681,0.0017528762659817637,33.71959244884012,100,100
ENSMUSG00000111088,0.009036020999897858,1.5514805859572431,43.55271045228885,0.001,30.887908559932622,0.0011034943833457505,2.934189574208787,100,100
ENSMUSG00000111090,8.301760138018471,997.5940378320618,1.0101054908458262,0.001,16.96201845793711,0.001,0.18319747713125412,100,100
ENSMUSG00000111103,2.0813166845897446,503.1765750646759,1.0,0.001,5.682568647038811,0.001004925729922821,0.053117477182130134,100,100
ENSMUSG00000111104,0.001,53.49421221855202,1.0,0.001,0.0010000000000000009,0.002084303422860849,0.19450237938880555,100,100
ENSMUSG00000111118,0.001,62.31581250733508,1.0,0.001,0.001,0.0014147008812274093,0.10197882468831035,100,100
ENSMUSG00000111128,0.8459170046037771,21.85967176171568,7.187730643759579,0.274125936345453,57.690294490995754,0.006726138652403736,1.4787163567734403,100,100
ENSMUSG00000111131,3.106797770869736,373.8755383327413,1.0,0.001,12.505551109799804,0.001,0.04746211551709641,100,100
ENSMUSG00000111133,0.001,62.31581250733508,1.0,0.001,0.001,0.00150378556476773,0.23921980010974966,100,100
ENSMUSG00000111147,1.503103188885066,363.25008257950475,1.0,0.001,13.593693012988867,0.001012159454076298,0.05505307892825823,100,100
ENSMUSG00000111148,0.001,62.31581250733508,1.0,0.001,0.001,0.0015407930691747496,0.09951753794617908,100,100
ENSMUSG00000111149,0.001,62.31581250733508,1.0,0.001,0.001,0.0016469270596974452,0.1959186350748316,100,100
ENSMUSG00000111151,0.001,61.88525872635182,1.0,0.001,0.001,0.001643929080510212,0.22119589695013522,100,100
ENSMUSG00000111156,0.004210085667779014,9.929041602097605,23.681452859012772,0.001,0.06605571385133155,0.0030371079697098504,16.217509197517693,100,100
ENSMUSG00000111157,0.001,62.31581250733508,1.0,0.001,0.001,0.0016618697177631398,0.3340759846138959,100,100
ENSMUSG00000111158,1.962277371549482,468.48058284406227,1.0,0.001,8.497726273090976,0.001000000000016969,0.03995639013323592,100,100
ENSMUSG00000111160,0.12821043736124038,13.778500189922621,6.98334178342677,0.031710834770368256,37.01955987066678,0.0012736400555613528,1.5420437044520254,100,100
ENSMUSG00000111162,0.06527898367088247,6.884462327629575,6.4354375471143355,0.012353340885139086,17.46989760783107,0.0013719831894860647,2.9141982095088332,100,100
ENSMUSG00000111165,0.001,62.31581250733508,1.0,0.001,0.001,0.0017654118683043496,0.1313661349644463,100,100
ENSMUSG00000111171,0.001,66.84427540036525,1.0,0.001,0.001,0.0016647929017496593,0.19019663322500585,100,100
ENSMUSG00000111172,5.321916041206062,123.71936617258788,1.0,0.001,57.576146482069134,0.0010436408545435923,0.00899821810295759,100,100
ENSMUSG00000111187,0.001,66.84427540036525,1.0,0.001,0.001,0.0017248365166994389,0.17121236067798373,100,100
ENSMUSG00000111189,0.001,62.31581250733508,1.0,0.001,0.001,0.0016055900014438202,0.18362959344947907,100,100
ENSMUSG00000111195,0.001,62.31581250733508,1.0,0.001,0.001,0.0014498048062883983,0.20296839267044914,100,100
ENSMUSG00000111197,0.001,35.18910162919102,1.0,0.001,0.001,0.00229125006461112,0.16336918938242567,100,100
ENSMUSG00000111201,0.001,62.31581250733508,1.0,0.001,0.001,0.002250051936418308,0.13902769963837236,100,100
ENSMUSG00000111204,4.132577005576439,999.9999999828615,1.0,0.001,8.259181837190829,0.0010000000016453492,0.07253248561382862,100,100
ENSMUSG00000111205,5.805567341676552,690.4586052675775,1.0,0.001,16.528778870560544,0.0010059976110911085,0.011982891060415288,100,100
ENSMUSG00000111211,0.001,62.31581250733508,1.0,0.001,0.001,0.001979561284721052,0.07620323304523108,100,100
ENSMUSG00000111212,17.159529157578238,994.7484068237274,1.0,0.001,25.103717809692505,0.0010000000000103498,0.013101738560571514,100,100
ENSMUSG00000111213,0.001,62.31581250733508,1.0,0.001,0.0010000000000000009,0.0016860074191488502,0.07601783774844155,100,100
ENSMUSG00000111215,0.001,62.31581250733508,1.0,0.001,0.0010000000000000009,0.0016153269934100914,0.3676908140059342,100,100
ENSMUSG00000111229,0.001,61.45463549419866,1.0,0.001,0.001,0.0022792672903191617,0.19817412037879775,100,100
ENSMUSG00000111232,0.6271465480030781,154.92719237319113,1.0725811857353496,0.001,8.308287220791197,0.0010538030528002334,0.13153459863243933,100,100
ENSMUSG00000111241,17.479433703304043,831.5048313570138,1.0,0.0480367316870632,32.23817634280098,0.0010000000000001937,0.008973406612383824,100,100
ENSMUSG00000111246,8.302146233137401,999.999999977889,1.0,0.001,18.857889812901426,0.001,0.011137483162242168,100,100
ENSMUSG00000111254,0.001,61.259704531272526,1.0,0.001,0.0010000000000000009,0.00205835488662328,0.14758369468796137,100,100
ENSMUSG00000111256,0.001,62.31581250733508,1.0,0.001,0.001,0.0015640125249196733,0.10361535687826885,100,100
ENSMUSG00000111258,0.001,62.31581250733508,1.0,0.001,0.0010000000000000005,0.00147644268160193,0.3138691319021331,100,100
ENSMUSG00000111264,0.10356983922509114,27.04408125574374,1.1202310798824295,0.001,6.761039476720143,0.001080007981057288,0.09099525500298733,100,100
ENSMUSG00000111266,0.001,62.31581250733508,1.0,0.001,0.001,0.0015986683510117374,0.3958133028998275,100,100
ENSMUSG00000111280,0.001,62.31581250733508,1.0,0.001,0.0010000000000000009,0.0016238746338909501,0.17666206528152853,100,100
ENSMUSG00000111290,0.001,66.84427540036525,1.0,0.001,0.0010000000000000009,0.001725918458026469,0.20750561086779293,100,100
ENSMUSG00000111291,3.9704970192534192,458.09146466127015,1.0,0.001,19.755051399821113,0.001,0.0634612828162324,100,100
ENSMUSG00000111292,2.3992539462854334,631.6350691373558,1.0917831779394422,0.001,11.376143282441,0.0010000012835846154,0.022485849412491953,100,100
ENSMUSG00000111293,0.026777493513429552,21.859681829816928,44.564030517473554,0.001,6.843471974235271,0.0015893176078711883,38.397332524867934,100,100
ENSMUSG00000111301,2.018411678437292,483.99366341008954,1.0,0.001,7.0204971964567,0.0013050156568011329,0.05699230186993468,100,100
ENSMUSG00000111303,0.001,62.31581250733508,1.0,0.001,0.001,0.0017347697444149617,0.15384948327845988,100,100
ENSMUSG00000111312,4.168917566870232,1000.0,1.0,0.001,10.588559109422025,0.0010000000000410852,0.07473603145117236,100,100
ENSMUSG00000111313,0.001,62.31581250733508,1.0,0.001,0.001,0.0013939576801242168,0.24227322916474925,100,100
ENSMUSG00000111325,0.001,61.88525872635182,1.0,0.001,0.0010000000000000009,0.0017185655017398483,0.1406512219561779,100,100
ENSMUSG00000111329,0.20060886183742915,45.44492945152168,1.0,0.001,6.766720284922457,0.0011587730347823904,0.17301450326442808,100,100
ENSMUSG00000111334,0.001,61.259704531272526,1.0,0.001,0.001,0.001570736702012928,0.23790507292570592,100,100
ENSMUSG00000111337,0.001,54.99590512765986,1.0,0.001,0.001,0.0022902805292297794,0.27895591919341783,100,100
ENSMUSG00000111341,0.001,61.88525872635182,1.0,0.001,0.0010000000000000005,0.001555782762872339,0.1768570635459362,100,100
ENSMUSG00000111343,0.8252481660231752,25.227766731237768,4.857024453212588,0.2503168473536106,53.683771624005715,0.003514040863653757,0.5275811614691673,100,100
ENSMUSG00000111345,0.001,61.45463549419866,1.0,0.001,0.0010000000000000005,0.001637377007836248,0.23755968188372922,100,100
ENSMUSG00000111348,0.039128537888244025,20.0764492275836,10.606314116082032,0.001,20.033516979528045,0.0010000014821953088,23.887953419119782,100,100
ENSMUSG00000111349,0.001,62.31581250733508,1.0,0.001,0.001,0.0018538924552591756,0.08205256576687255,100,100
ENSMUSG00000111353,0.001,62.31581250733508,1.0,0.001,0.001,0.0016268863462854182,0.07704415563865717,100,100
ENSMUSG00000111356,0.001,33.03619149116789,1.0,0.001,0.001,0.0029919633419165006,0.2374502719846042,100,100
ENSMUSG00000111358,0.001,62.31581250733508,1.0,0.001,0.001,0.0015887917805712578,0.5422184498371309,100,100
ENSMUSG00000111361,0.21664441906321594,17.53240720562989,6.166253607666491,0.05843472615319023,12.596620910808122,0.0022857076864874967,1.3309942910792105,100,100
ENSMUSG00000111365,0.13016641113543567,18.194850785469395,6.94661569465536,0.016946349370651335,27.562075406003324,0.001106417470114952,3.3211776198166225,100,100
ENSMUSG00000111368,0.001,62.31581250733508,1.0,0.001,0.001,0.001730017167484456,0.06291138278713786,100,100
ENSMUSG00000111369,0.001,62.31581250733508,1.0,0.001,0.001,0.001984556537087437,0.13784736249123036,100,100
ENSMUSG00000111375,42.98559856956451,801.8722118749376,1.0,0.9167504054448504,62.354215744955674,0.0010531776220270325,0.009853268474866391,100,100
ENSMUSG00000111378,0.001,62.31581250733508,1.0,0.001,0.001,0.0021905117511254553,0.19870157351855589,100,100
ENSMUSG00000111388,0.001,61.674132606755,1.0,0.001,0.001,0.001997637352597305,0.238250724575299,100,100
ENSMUSG00000111389,0.001,62.31581250733508,1.0,0.001,0.001,0.001319804971867852,0.12932595148795273,100,100
ENSMUSG00000111390,0.001,61.45463549419866,1.0,0.001,0.001,0.0020200467218022358,0.4068565325882235,100,100
ENSMUSG00000111394,0.33910100798126147,28.5375100346294,25.43827685817696,0.0016886749024458826,0.6432606823609094,0.4868100126924067,225.54845375132618,100,100
ENSMUSG00000111409,3.07783631307003,741.2598198343227,1.0,0.001,8.72363827838712,0.0010005791978238492,0.07950613765490747,100,100
ENSMUSG00000111415,0.001,61.259704531272526,1.0,0.001,0.0010000000000000009,0.002018318071263097,0.17108505583085357,100,100
ENSMUSG00000111417,0.001,62.31581250733508,1.0,0.001,0.001,0.0020436093284877392,0.13392812722849978,100,100
ENSMUSG00000111421,0.001,62.31581250733508,1.0,0.001,0.0010000000000000005,0.0014627268610174049,0.11634651600955032,100,100
ENSMUSG00000111424,0.01094711740658484,19.472048272095208,22.22275272511615,0.001,5.782927969335254,0.0010095744387011048,13.711156208044972,100,100
ENSMUSG00000111425,0.001,66.84427540036525,1.0,0.001,0.001,0.0016985479717829596,0.07004244638329851,100,100
ENSMUSG00000111431,0.001,62.31581250733508,1.0,0.001,0.001,0.002169038168365855,0.1036344594427481,100,100
ENSMUSG00000111432,0.001,62.31581250733508,1.0,0.001,0.0010000000000000005,0.0018179215376479397,0.10832254440769544,100,100
ENSMUSG00000111434,0.001,66.84427540036525,1.0,0.001,0.001,0.0016632911109639862,0.17546939218415972,100,100
ENSMUSG00000111442,0.001,66.84427540036525,1.0,0.001,0.001,0.0020872404707361226,0.2740104877050329,100,100
ENSMUSG00000111446,0.001,56.07238254938317,1.0,0.001,0.0010000000000000005,0.001839018897197976,0.1723372920101841,100,100
ENSMUSG00000111447,0.001,66.84427540036525,1.0,0.001,0.001,0.0016461947484825265,0.3830554918430691,100,100
ENSMUSG00000111451,0.001,62.31581250733508,1.0,0.001,0.001,0.001705267094664714,0.27824013808380516,100,100
ENSMUSG00000111465,0.001,62.31581250733508,1.0,0.001,0.0010000000000000005,0.002187578533271818,0.22214435180686598,100,100
ENSMUSG00000111466,0.001,62.31581250733508,1.0,0.001,0.0010000000000000005,0.001850674096206992,0.0689035418825833,100,100
ENSMUSG00000111471,0.001,61.88525872635182,1.0,0.001,0.001,0.0015299287213613863,0.09849523722878753,100,100
ENSMUSG00000111478,4.132577005576439,999.9999999828615,1.0,0.001,11.392994130051939,0.0010022910499665517,0.37633887132178184,100,100
ENSMUSG00000111481,0.001,62.31581250733508,1.0,0.001,0.001,0.0016338122502050018,0.19499755555091547,100,100
ENSMUSG00000111488,0.07028958351545746,0.45344841129904,2.374012723701521,0.027588270698111816,0.26698425216323407,0.8737775997137434,16.694300878720117,100,100
ENSMUSG00000111490,3.3467679826601007,809.4058638924901,1.0,0.001,7.497957440424772,0.0010156902118933506,0.06354919678205156,100,100
ENSMUSG00000111491,1.77889767106868,435.05565630393556,1.0337441480290168,0.001,6.950940456431573,0.0010028141811413516,0.033749889218729845,100,100
ENSMUSG00000111495,0.001,62.31581250733508,1.0,0.001,0.0010000000000000005,0.0017755852883159407,0.4725198974155823,100,100
ENSMUSG00000111496,0.1656588662673191,39.53920567850924,1.0,0.001,10.234330606009964,0.0010055577009631632,0.06520699183948411,100,100
ENSMUSG00000111497,5.397841873277492,647.3558835958307,1.0,0.001,14.650472218242182,0.001,0.03582500063647031,100,100
ENSMUSG00000111504,0.005391316880864675,0.11806939962404257,1.0,0.001,1.0274551257812174,0.0018745161323200491,48.26970133304967,100,100
ENSMUSG00000111505,0.001,61.88525872635182,1.0,0.001,0.001,0.00200689661641468,0.15738080548009392,100,100
ENSMUSG00000111511,0.21538538386372216,17.712693030675304,3.4677456794639827,0.001,41.17459569097095,0.001090764264256296,1.2351436173775516,100,100
ENSMUSG00000111512,0.001,62.31581250733508,1.0,0.001,0.001,0.002032662251048724,0.24943525310082854,100,100
ENSMUSG00000111514,0.001,62.31581250733508,1.0,0.001,0.001,0.0017481441454630768,0.1432160015023213,100,100
ENSMUSG00000111515,0.001,60.80878088638715,1.0,0.001,0.0010000000000000009,0.0014514181211172947,0.5291522881072939,100,100
ENSMUSG00000111521,0.08837459938666416,5.5165523567917765,7.6459685877676105,0.001,0.2890392728470442,0.12739451633947801,82.4600786786593,100,100
ENSMUSG00000111529,0.001,62.31581250733508,1.0,0.001,0.001,0.0016811689203101825,0.2102873529722078,100,100
ENSMUSG00000111530,0.12074042005747349,28.25432923463963,1.0,0.001,5.4384627113765704,0.00103627253225279,0.06316775756960998,100,100
ENSMUSG00000111537,0.001,61.45463549419866,1.0,0.001,0.001,0.002017388245166926,0.4953502240724577,100,100
ENSMUSG00000111539,0.001,62.31581250733508,1.0,0.001,0.0010000000000000009,0.0016701521712731656,0.24370527876466153,100,100
ENSMUSG00000111545,0.001,62.31581250733508,1.0,0.001,0.001,0.002017589483731406,1.0095687871485497,100,100
ENSMUSG00000111547,0.0221267778108233,21.445922923419023,23.91792018579635,0.001,3.8970649812761886,0.0018471193578005914,36.362765807267735,100,100
ENSMUSG00000111548,4.328954766763008,565.1189131919496,1.1254299384929562,0.001,19.34845464409193,0.001,0.01564762887697291,100,100
ENSMUSG00000111556,0.001,62.31581250733508,1.0,0.001,0.001,0.0016807790986621547,0.5150648918632993,100,100
ENSMUSG00000111577,0.001,62.31581250733508,1.0,0.001,0.001,0.0017011104569385612,0.158240539153772,100,100
ENSMUSG00000111583,0.013242674380886613,21.824903144674998,33.618605059638064,0.001,1.8177396710303495,0.002799643131564754,36.11142379479902,100,100
ENSMUSG00000111593,1.4264657657904025,341.6272039188167,1.0,0.001,11.535133312667252,0.0010931574704532866,0.04120337687755089,100,100
ENSMUSG00000111594,0.001,39.83236008677109,1.0,0.001,0.0010000000000000009,0.0024445313885482307,0.680095606682704,100,100
ENSMUSG00000111596,0.001,61.88525872635182,1.0,0.001,0.001,0.0016376810210183244,0.16044700445305038,100,100
ENSMUSG00000111598,0.001,62.31581250733508,1.0,0.001,0.001,0.0018251875786592868,0.15673079645482652,100,100
ENSMUSG00000111605,16.473364671035217,999.9999999996734,1.0240371438560594,0.001,24.89292755122666,0.001,0.008914924219970784,100,100
ENSMUSG00000111610,0.0023287831751122915,0.414122900788757,3.728819624598886,0.001,6.025123856169887,0.0016200002768466258,17.577342343055534,100,100
ENSMUSG00000111613,0.001,57.79469271457354,1.0,0.001,0.001,0.001941081268599217,0.15806074874471499,100,100
ENSMUSG00000111617,0.001,62.31581250733508,1.0,0.001,0.0010000000000000005,0.0016182396032984629,0.3068541608034272,100,100
ENSMUSG00000111620,0.001,62.31581250733508,1.0,0.001,0.0010000000000000009,0.0015503190386058894,0.22310195980561426,100,100
ENSMUSG00000111626,0.001,61.88525872635182,1.0,0.001,0.001,0.0017473432646944954,0.36728361604707205,100,100
ENSMUSG00000111631,0.001,62.31581250733508,1.0,0.001,0.001,0.0019484201979190284,0.12896066929145497,100,100
ENSMUSG00000111632,0.001,62.31581250733508,1.0,0.001,0.0010000000000000005,0.0019008341931407201,0.21549333324726944,100,100
ENSMUSG00000111637,0.043904735743197795,20.586948978947074,19.30006936025013,0.001,22.487521099560873,0.001200346425770508,24.41154652064103,100,100
ENSMUSG00000111639,0.001,66.84427540036525,1.0,0.001,0.001,0.002237515955446699,1.027119414999666,100,100
ENSMUSG00000111654,0.001,66.84427540036525,1.0,0.001,0.001,0.0017762494452416553,0.22106060573841518,100,100
ENSMUSG00000111655,0.001,62.31581250733508,1.0,0.001,0.001,0.001605245555623646,0.17153257080123918,100,100
ENSMUSG00000111656,0.003299297613668841,9.424455536498167,22.98556541318205,0.001,0.09899791059125229,0.0020210965160184485,16.95406006590442,100,100
ENSMUSG00000111658,0.001,66.84427540036525,1.0,0.001,0.001,0.002000326694541406,0.1520527926823409,100,100
ENSMUSG00000111662,0.061603925258164764,2.0704800840416686,1.0,0.0034716495079251007,36.999032770202874,0.001000000000004038,2.188743306635865,100,100
ENSMUSG00000111664,0.001,62.31581250733508,1.0,0.001,0.001,0.0017284460805908628,0.08609970855333063,100,100
ENSMUSG00000111665,0.001,62.31581250733508,1.0,0.001,0.001,0.0016091017275154634,0.22535921676911838,100,100
ENSMUSG00000111671,2.1799522459192953,474.25837997130924,1.0,0.001,12.90620252276658,0.0010038706867990146,0.07211050149364531,100,100
ENSMUSG00000111673,0.001,62.31581250733508,1.0,0.001,0.001,0.0018122525891490502,0.09823794014655045,100,100
ENSMUSG00000111681,4.1336179629762935,999.9999943156627,1.0,0.001,8.301881753899771,0.0010345863495394743,0.03550721292668292,100,100
ENSMUSG00000111684,0.001,27.483129362465593,1.0,0.001,0.001,0.0036477976280019407,0.875171502699001,100,100
ENSMUSG00000111685,2.2847492689943922,578.7622526003178,1.0770843335328297,0.001,8.252499819162304,0.0010000000000081322,0.04482915591415299,100,100
ENSMUSG00000111686,0.001,36.696134188030484,1.0,0.001,0.001,0.002563121187544241,0.22645585976579058,100,100
ENSMUSG00000111692,0.001,62.31581250733508,1.0,0.001,0.0010000000000000005,0.0018500115783844995,0.14153187032508363,100,100
ENSMUSG00000111697,0.001,66.84427540036525,1.0,0.001,0.0010000000000000005,0.0016032277691670667,0.19752530128600332,100,100
ENSMUSG00000111699,0.001,62.31581250733508,1.0,0.001,0.001,0.0016053523074141783,0.16582913727515597,100,100
ENSMUSG00000111712,0.001,62.31581250733508,1.0,0.001,0.0010000000000000005,0.0016736715565208518,0.09890095026220574,100,100
ENSMUSG00000111713,0.001,61.674132606755,1.0,0.001,0.001,0.002210095498242688,0.1159659984840731,100,100
ENSMUSG00000111722,0.001,62.31581250733508,1.0,0.001,0.001,0.002038169488431247,0.539746217355622,100,100
ENSMUSG00000111725,0.001,62.31581250733508,1.0,0.001,0.001,0.0017119682789298988,0.5345024033761039,100,100
ENSMUSG00000111730,0.001,62.31581250733508,1.0,0.001,0.001,0.001657192271639048,0.10178471502898147,100,100
ENSMUSG00000111731,0.0823506558375395,18.85141749629951,9.48683049560767,0.001,26.018934905236506,0.0010942064720601587,24.321454367883945,100,100
ENSMUSG00000111737,0.001,62.31581250733508,1.0,0.001,0.001,0.0017981096614471002,0.2399299327959804,100,100
ENSMUSG00000111738,0.001,62.31581250733508,1.0,0.001,0.001,0.0014153366889220267,0.23005647305826482,100,100
ENSMUSG00000111740,4.2201346171440015,505.7234363117636,1.0,0.001,16.595585307022194,0.001,0.027405804857103245,100,100
ENSMUSG00000111748,0.001,62.31581250733508,1.0,0.001,0.001,0.0014898965632755554,0.3303143473168052,100,100
ENSMUSG00000111757,0.001,66.84427540036525,1.0,0.001,0.001,0.001529399478931727,0.9655499058000481,100,100
ENSMUSG00000111758,12.882409755520765,1000.0,1.0,0.001,18.8024865971761,0.001,0.009808362608322215,100,100
ENSMUSG00000111760,0.001,62.31581250733508,1.0,0.001,0.001,0.001559216172622344,0.15949436446290183,100,100
ENSMUSG00000111761,0.001,66.84427540036525,1.0,0.001,0.001,0.001617372930859111,0.5347205663673482,100,100
ENSMUSG00000111774,0.001,62.31581250733508,1.0,0.001,0.001,0.0017378851301456755,0.14307283495072,100,100
ENSMUSG00000111777,0.001,66.84427540036525,1.0,0.001,0.001,0.0017340479282012974,0.06135281710322091,100,100
ENSMUSG00000111785,0.001,62.31581250733508,1.0,0.001,0.001,0.001803218300067553,0.2158841698875563,100,100
ENSMUSG00000111792,0.001,62.31581250733508,1.0,0.001,0.001,0.0017068665604129045,0.14600329215899938,100,100
ENSMUSG00000111793,3.709741876458564,437.2479802580911,1.0,0.001,12.738907528438055,0.0010117953719682078,0.027363793335805978,100,100
ENSMUSG00000111794,0.001,62.31581250733508,1.0,0.001,0.001,0.0017271783698755245,0.23189433572943996,100,100
ENSMUSG00000111797,0.001,62.31581250733508,1.0,0.001,0.0010000000000000005,0.0016356231804748396,1.080698584608405,100,100
ENSMUSG00000111808,0.1656588662673191,39.53920567850924,1.0,0.001,4.206907658369204,0.0013852949330024748,0.04259053775435147,100,100
ENSMUSG00000111809,0.001,62.31581250733508,1.0,0.001,0.001,0.0014589699929957792,0.20267338136220892,100,100
ENSMUSG00000111812,4.1336179629762935,999.9999943156627,1.0,0.001,8.302831200089123,0.0011478195346160394,0.12880115517082988,100,100
ENSMUSG00000111816,0.2018318912095899,17.673352418177764,5.251556696532826,0.001,35.93371032717019,0.0011732290902088027,2.2486702641124596,100,100
ENSMUSG00000111817,0.001,61.674132606755,1.0,0.001,0.001,0.0012458577588771533,0.27622000931305807,100,100
ENSMUSG00000111818,0.001,61.88525872635182,1.0,0.001,0.001,0.0016541135255862744,0.18576800853965525,100,100
ENSMUSG00000111821,0.001,62.31581250733508,1.0,0.001,0.001,0.0016678580369735153,0.16090498153521798,100,100
ENSMUSG00000111825,0.001,62.31581250733508,1.0,0.001,0.001,0.0017925597020578194,0.1462080526186011,100,100
ENSMUSG00000111833,0.001,62.31581250733508,1.0,0.001,0.001,0.0014118991619422251,0.3224961934571716,100,100
ENSMUSG00000111836,0.001,62.31581250733508,1.0,0.001,0.0010000000000000009,0.0021260468085203973,0.25048920728052887,100,100
ENSMUSG00000111837,0.001,62.31581250733508,1.0,0.001,0.001,0.0016664092807395212,0.13889491408169327,100,100
ENSMUSG00000111840,0.001,62.31581250733508,1.0,0.001,0.001,0.001918596019005611,0.25351686631923154,100,100
ENSMUSG00000111844,0.001,66.84427540036525,1.0,0.001,0.001,0.0016208744372377894,0.17915847844867672,100,100
ENSMUSG00000111846,2.8982073136870765,683.3359225423952,1.0,0.001,8.352849748736748,0.0010661635379465603,0.040173606003748995,100,100
ENSMUSG00000111847,0.08196351763017623,18.915554415629806,9.524815583577487,0.001,24.283526188037044,0.0012370748886967211,4.993843464741175,100,100
ENSMUSG00000111849,0.001,62.31581250733508,1.0,0.001,0.001,0.0016130893091769413,0.059989856667441235,100,100
ENSMUSG00000111852,0.4282965282830732,103.14966607220127,1.0,0.001,9.466554083098643,0.0010157158566534278,0.04842680663146373,100,100
ENSMUSG00000111854,0.001,0.2334294802136557,4.244284076351852,0.001,0.018449782543557752,0.0017527479099875606,35.5328917761801,100,100
ENSMUSG00000111856,0.003272094247093233,10.904616368804046,26.588246441302896,0.001,0.09792661424522704,0.0021643739823245154,17.00625459638367,100,100
ENSMUSG00000111858,0.001,62.31581250733508,1.0,0.001,0.001,0.0015909605920552518,0.29066617989350885,100,100
ENSMUSG00000111864,0.001,62.31581250733508,1.0,0.001,0.0010000000000000009,0.0016411747656953511,0.21554900322067677,100,100
ENSMUSG00000111868,0.001,66.84427540036525,1.0,0.001,0.001,0.001821067531957814,0.279498970580361,100,100
ENSMUSG00000111870,0.001,62.31581250733508,1.0,0.001,0.001,0.0016410797052903337,0.10632953211045904,100,100
ENSMUSG00000111871,0.001,62.31581250733508,1.0,0.001,0.001,0.0016038711901142167,0.08919873754284847,100,100
ENSMUSG00000111874,3.338165727611042,807.3831051292377,1.0,0.001,9.668483045267251,0.001,0.06892917959490735,100,100
ENSMUSG00000111875,3.8759260257967565,11.421616574326121,40.64261747723551,2.0369661515455326,9.734541931277796,1.1213922894672717,9.336103405423994,100,100
ENSMUSG00000111888,0.001,66.84427540036525,1.0,0.001,0.0010000000000000005,0.0016740584427307635,0.08180032527554351,100,100
ENSMUSG00000111889,0.6271465480030781,154.92719237319113,1.0725811857353496,0.001,8.303217417167332,0.0010000000000438595,0.06359831165644701,100,100
ENSMUSG00000111895,0.001,62.31581250733508,1.0,0.001,0.001,0.0017131451958170762,0.19062177162094368,100,100
ENSMUSG00000111903,0.001,62.31581250733508,1.0,0.001,0.001,0.0018530687581179064,0.33645770320724444,100,100
ENSMUSG00000111905,0.06279592014484896,19.245887192846453,7.877586636449819,0.001,17.314375859911785,0.0010149670899509435,2.2638018697756346,100,100
ENSMUSG00000111912,0.001,66.84427540036525,1.0,0.001,0.001,0.0020363021743454494,0.148607968896462,100,100
ENSMUSG00000111916,7.896569946564488,955.7341732634085,1.0044984255574154,0.001,17.95689568586113,0.001,0.025933052731460838,100,100
ENSMUSG00000111920,0.001,66.84427540036525,1.0,0.001,0.001,0.0018761585802079884,0.1580436042536186,100,100
ENSMUSG00000111925,0.001,62.31581250733508,1.0,0.001,0.001,0.0017741484178010784,0.21211050500051493,100,100
ENSMUSG00000111926,0.001,62.31581250733508,1.0,0.001,0.001,0.001792425694857241,0.5068373664057568,100,100
ENSMUSG00000111927,0.001,62.31581250733508,1.0,0.001,0.001,0.0015919926616719798,0.15982492588105013,100,100
ENSMUSG00000111929,0.001,62.31581250733508,1.0,0.001,0.001,0.0018696092272821577,0.17221797947514916,100,100
ENSMUSG00000111933,2.867152843803597,686.0406369234706,1.002516036849355,0.001,8.089472013469493,0.0010090509436243853,0.09508311790978867,100,100
ENSMUSG00000111937,0.001,61.024058264401226,1.0,0.001,0.001,0.001880769999637051,0.1359056966051878,100,100
ENSMUSG00000111938,0.001,62.31581250733508,1.0,0.001,0.001,0.0023191672729173966,0.569483074744402,100,100
ENSMUSG00000111942,0.001,49.189649470338075,1.0,0.001,0.001,0.002525783977328204,0.3853935377646571,100,100
ENSMUSG00000111943,0.001,62.31581250733508,1.0,0.001,0.0010000000000000005,0.0015164944927952596,0.23179673042436466,100,100
ENSMUSG00000111947,3.341672157923726,398.8316789359639,1.0,0.001,12.605908949591548,0.0010000000000109106,0.04278886300257438,100,100
ENSMUSG00000111952,0.001,62.31581250733508,1.0,0.001,0.0010000000000000005,0.0014838762933195504,0.12289225021645495,100,100
ENSMUSG00000111966,0.26658966213538654,6.842889643229039,7.436007381144271,0.001,0.7197944829875769,0.42308463620723236,496.8466173242161,100,100
ENSMUSG00000111968,0.001,62.31581250733508,1.0,0.001,0.001,0.0017094467185893103,0.0502857777759914,100,100
ENSMUSG00000111970,0.001,66.84427540036525,1.0,0.001,0.0010000000000000005,0.0018106310286509217,0.058845068601813565,100,100
ENSMUSG00000111971,0.001,62.31581250733508,1.0,0.001,0.0010000000000000009,0.0017370446309128034,0.1669960773901445,100,100
ENSMUSG00000111973,0.001,62.31581250733508,1.0,0.001,0.001,0.0015727988313437634,0.3362364575647493,100,100
ENSMUSG00000111977,0.022722322283210052,21.600743210301108,24.053985994827922,0.001,4.632929983700034,0.0014060737476577793,46.310055767772745,100,100
ENSMUSG00000111983,0.001,62.31581250733508,1.0,0.001,0.001,0.0018885303305500867,0.11004238378162888,100,100
ENSMUSG00000111985,2.018411678437292,483.99366341008954,1.0,0.001,10.403161774510096,0.0010000000000226887,0.044623857962757835,100,100
ENSMUSG00000111987,0.001,62.31581250733508,1.0,0.001,0.001,0.0014426348252391545,0.3433455653194242,100,100
ENSMUSG00000111992,0.001,62.31581250733508,1.0,0.001,0.001,0.0018278465328904348,0.19799060099849988,100,100
ENSMUSG00000111997,0.013345580832594253,21.701192913408576,33.45622997130881,0.001,3.2957084228766096,0.001552249512035506,23.436823269420707,100,100
ENSMUSG00000112000,0.001,62.31581250733508,1.0,0.001,0.0010000000000000005,0.001428181549720224,0.11413789640826516,100,100
ENSMUSG00000112003,0.001,61.674132606755,1.0,0.001,0.0010000000000000009,0.0021141834661303725,0.09607723896010074,100,100
ENSMUSG00000112006,0.001,62.31581250733508,1.0,0.001,0.001,0.0016142744058368571,0.1128613587773021,100,100
ENSMUSG00000112007,0.001,62.31581250733508,1.0,0.001,0.001,0.001606683137033176,0.13064014000324672,100,100
ENSMUSG00000112008,2.1461883628863268,516.8437340473623,1.0,0.001,7.669885336106742,0.0012353688749839734,0.03509313860943228,100,100
ENSMUSG00000112009,0.001,62.31581250733508,1.0,0.001,0.001,0.0017702753551632508,0.061460255837101026,100,100
ENSMUSG00000112020,0.001,66.84427540036525,1.0,0.001,0.001,0.0018529206793516562,0.1309229426799605,100,100
ENSMUSG00000112021,0.001,62.31581250733508,1.0,0.001,0.0010000000000000005,0.0019798480677767987,0.6463585727887643,100,100
ENSMUSG00000112023,0.001,62.31581250733508,1.0,0.001,0.001,0.0015784477140217603,0.11892137889437487,100,100
ENSMUSG00000112026,0.001,62.31581250733508,1.0,0.001,0.001,0.001654802722195133,0.19100305094267056,100,100
ENSMUSG00000112028,0.001,62.31581250733508,1.0,0.001,0.0010000000000000009,0.0017568879017788451,0.23770922662486013,100,100
ENSMUSG00000112030,0.001,62.31581250733508,1.0,0.001,0.0010000000000000007,0.001612696873899036,0.17129316813961265,100,100
ENSMUSG00000112033,0.001,62.31581250733508,1.0,0.001,0.0010000000000000005,0.0017748101183708018,0.3814058271805798,100,100
ENSMUSG00000112035,0.001,62.31581250733508,1.0,0.001,0.0010000000000000009,0.0016089833444253388,0.17549402247243323,100,100
ENSMUSG00000112045,0.001,62.31581250733508,1.0,0.001,0.001,0.002078221592830517,0.2633565616822502,100,100
ENSMUSG00000112057,0.003278745494802053,11.907628964341697,29.167348987211728,0.001,0.09608054501295,0.0019486984226752327,27.158440799668227,100,100
ENSMUSG00000112058,0.001,62.31581250733508,1.0,0.001,0.001,0.0017328332841805134,0.1574390290459805,100,100
ENSMUSG00000112064,0.001,62.31581250733508,1.0,0.001,0.001,0.001665361658744084,0.2414678997058313,100,100
ENSMUSG00000112065,0.001,62.31581250733508,1.0,0.001,0.0010000000000000005,0.0017935015816374967,0.11520508154901707,100,100
ENSMUSG00000112067,0.15498325760376702,32.67958892170576,26.106666815946507,0.001,0.36386663552508647,0.26494426238550745,163.86590636744717,100,100
ENSMUSG00000112068,0.001,62.31581250733508,1.0,0.001,0.0010000000000000009,0.0019294117367118792,0.09906343216522567,100,100
ENSMUSG00000112071,0.001,66.84427540036525,1.0,0.001,0.001,0.0016354231736381937,0.1206741420173105,100,100
ENSMUSG00000112082,0.001,62.31581250733508,1.0,0.001,0.001,0.001373574411614111,0.1676532437379256,100,100
ENSMUSG00000112084,0.1621145682515077,31.831489402548907,19.72246344346914,0.008036060794041993,3.302063959345401,0.012403882130454855,6.35713281927924,100,100
ENSMUSG00000112090,0.001,62.31581250733508,1.0,0.001,0.001,0.0016321419333324826,0.18387331134147586,100,100
ENSMUSG00000112093,0.001,62.31581250733508,1.0,0.001,0.001,0.0015114661739031102,0.19798213262989944,100,100
ENSMUSG00000112096,19.67208221039276,508.7695234359244,1.0,3.1966061848447365,44.40666878651297,0.0010001149625495586,0.00901866674272651,100,100
ENSMUSG00000112100,0.012739323260558877,11.733190215563305,18.897147858689298,0.001,18.874659155753676,0.0010027223717945784,11.358974022991328,100,100
ENSMUSG00000112104,0.001,61.45463549419866,1.0,0.001,0.001,0.001982573588379022,0.25178987857956564,100,100
ENSMUSG00000112105,0.001,61.45463549419866,1.0,0.001,0.001,0.0020024033815657567,0.07292476671290749,100,100
ENSMUSG00000112109,0.001,62.31581250733508,1.0,0.001,0.0010000000000000005,0.0017618435939026717,0.20754258948419796,100,100
ENSMUSG00000112110,0.001,56.50294908788235,1.0,0.001,0.001,0.002043569563611981,0.0960900229372508,100,100
ENSMUSG00000112117,0.001,62.31581250733508,1.0,0.001,0.0010000000000000005,0.0016997729304013228,0.35012271713880727,100,100
ENSMUSG00000112129,0.001318388111924775,223.75323557610218,5610.69645618042,0.001,0.005700875444389581,0.0018950751618307142,20.64285890155245,100,100
ENSMUSG00000112134,8.338018386030063,1000.0,1.0,0.001,16.815330665168382,0.001,0.07151892939303339,100,100
ENSMUSG00000112137,0.001,62.31581250733508,1.0,0.001,0.001,0.0018029270055191693,0.109051720495633,100,100
ENSMUSG00000112138,0.001,62.31581250733508,1.0,0.001,0.0010000000000000009,0.0014934350142214255,0.19899421275826285,100,100
ENSMUSG00000112140,0.001,61.45463549419866,1.0,0.001,0.001,0.0018441125488338006,0.5784951305580756,100,100
ENSMUSG00000112141,0.001,62.31581250733508,1.0,0.001,0.001,0.0017904691763194589,0.10103037770030895,100,100
ENSMUSG00000112143,0.001,62.31581250733508,1.0,0.001,0.001,0.0020483772931804865,0.6546031021796898,100,100
ENSMUSG00000112144,0.001,66.84427540036525,1.0,0.001,0.0010000000000000005,0.0014843709096696686,0.17895818731655083,100,100
ENSMUSG00000112146,0.001,66.84427540036525,1.0,0.001,0.0010000000000000009,0.001760805660747127,0.21094534478601118,100,100
ENSMUSG00000112148,0.001,62.31581250733508,1.0,0.001,0.0010000000000000005,0.0017643563809024597,0.1010267214485778,100,100
ENSMUSG00000112150,0.9896035575648802,232.9710925737043,1.0,0.001,9.711725103024051,0.0010000001588172517,0.04695092290825052,100,100
ENSMUSG00000112160,0.18661826930839526,31.037662982953343,16.202033879800144,0.019936006433051597,0.9756670996738791,0.05938089246798223,4.22389893988249,100,100
ENSMUSG00000112163,0.011088917145926459,19.04035236987172,21.726709999253572,0.001,5.106331139376306,0.0016154878057000805,9.349200068077241,100,100
ENSMUSG00000112166,0.001,62.31581250733508,1.0,0.001,0.001,0.0019050095407231573,0.07524164786477296,100,100
ENSMUSG00000112167,0.001,62.31581250733508,1.0,0.001,0.0010000000000000005,0.0019501993826833495,0.18638955289197445,100,100
ENSMUSG00000112168,0.001,62.31581250733508,1.0,0.001,0.001,0.001407910250198614,0.40374412409888605,100,100
ENSMUSG00000112173,0.001,62.31581250733508,1.0,0.001,0.001,0.0021225318850483657,0.21820698726918425,100,100
ENSMUSG00000112175,0.001,62.31581250733508,1.0,0.001,0.001,0.0015363423748949994,0.22294299943730617,100,100
ENSMUSG00000112184,0.001,62.31581250733508,1.0,0.001,0.001,0.0015752539148616517,0.15721633160521353,100,100
ENSMUSG00000112188,0.27816318288054465,17.558284369233288,2.938665819641779,0.022271821132571062,47.70445085809571,0.0010487767630801156,0.9758565066618674,100,100
ENSMUSG00000112195,0.001,62.31581250733508,1.0,0.001,0.001,0.0015173073475628828,0.1717585994889505,100,100
ENSMUSG00000112198,0.001,62.31581250733508,1.0,0.001,0.001,0.0016588604777817897,0.23559801808204825,100,100
ENSMUSG00000112202,0.001,62.31581250733508,1.0,0.001,0.001,0.0014791507611256233,0.10308310473475917,100,100
ENSMUSG00000112203,0.001,62.31581250733508,1.0,0.001,0.001,0.0015116709487047143,0.0806589604326807,100,100
ENSMUSG00000112204,0.001,66.84427540036525,1.0,0.001,0.0010000000000000009,0.0017578640627252554,0.2674269509171287,100,100
ENSMUSG00000112209,0.001,66.84427540036525,1.0,0.001,0.001,0.00177780583846276,0.13608422628263864,100,100
ENSMUSG00000112218,0.001,61.45463549419866,1.0,0.001,0.0010000000000000009,0.0025133254146951648,0.20748629188504347,100,100
ENSMUSG00000112220,0.001,61.45463549419866,1.0,0.001,0.0010000000000000009,0.0019836729926764507,0.1394368518178885,100,100
ENSMUSG00000112222,0.001,61.674132606755,1.0,0.001,0.0010000000000000005,0.0015972208467034742,0.3314093590297288,100,100
ENSMUSG00000112229,3.1500396389033876,730.3048431097204,1.0,0.001,8.66474433070579,0.0010007436599267332,0.05771013856705533,100,100
ENSMUSG00000112233,0.001,62.31581250733508,1.0,0.001,0.001,0.001736796174486125,0.27954219668966684,100,100
ENSMUSG00000112237,0.32324161608570673,34.61613086356821,10.761084782243994,0.04972679629561452,3.3772954282661507,0.011204576628685018,1.7239820600341313,100,100
ENSMUSG00000112239,0.061636567601686676,18.89552589428881,14.791579230074856,0.001,13.969634892904566,0.0019134741397273593,74.63819140135978,100,100
ENSMUSG00000112241,0.001,62.31581250733508,1.0,0.001,0.001,0.0019942911404733795,0.6331112010654957,100,100
ENSMUSG00000112249,2.3992539462854334,631.6350691373558,1.0917831779394422,0.001,6.636300973189645,0.0011541911689524958,0.02740628971421017,100,100
ENSMUSG00000112254,0.001,62.31581250733508,1.0,0.001,0.001,0.0018118528545198822,0.10847328986272003,100,100
ENSMUSG00000112255,10.517178197194898,833.8767488326304,1.0,0.001,22.86773602349537,0.001,0.009026147849583312,100,100
ENSMUSG00000112257,0.001,62.31581250733508,1.0,0.001,0.001,0.001595677114662466,0.5110850592926454,100,100
ENSMUSG00000112259,0.001,66.84427540036525,1.0,0.001,0.0010000000000000009,0.0015451488635892803,0.22784031658890558,100,100
ENSMUSG00000112261,1.8855242048223924,454.9597606392765,1.0,0.001,8.300218357999277,0.0010000000000604445,0.1192733753327622,100,100
ENSMUSG00000112263,2.8043454615252004,678.1527302530274,1.0,0.001,9.769280566067284,0.0010000000194198826,0.025915328021880978,100,100
ENSMUSG00000112273,0.001,61.024058264401226,1.0,0.001,0.0010000000000000005,0.0017535327784306163,0.23857797113774837,100,100
ENSMUSG00000112274,0.022228811615861654,21.540017434356866,24.00891299915138,0.001,1.4022017850058188,0.0015988010339353076,37.589223515721926,100,100
ENSMUSG00000112276,0.003688055505897071,0.03196356487364951,1.0,0.001,0.3271139934861764,0.10983966771184124,119.22286391715016,100,100
ENSMUSG00000112278,0.01196555755847744,14.600267435641312,35.97963254168472,0.001,0.7640863756024062,0.001607767357487719,46.058475655182846,100,100
ENSMUSG00000112280,10.152162395330437,825.7957086098612,1.0207328985441597,0.001,22.34112981421583,0.001,0.020865305299205057,100,100
ENSMUSG00000112286,0.001,62.31581250733508,1.0,0.001,0.001,0.0016741091508276312,0.34502453743063743,100,100
ENSMUSG00000112287,0.001,62.31581250733508,1.0,0.001,0.001,0.002063002522188577,0.19862342324881513,100,100
ENSMUSG00000112288,0.001,66.84427540036525,1.0,0.001,0.001,0.0016720218901097005,0.5644934317878444,100,100
ENSMUSG00000112289,0.001,62.31581250733508,1.0,0.001,0.0010000000000000005,0.0020289374146919854,0.16902077081170236,100,100
ENSMUSG00000112294,0.001,62.31581250733508,1.0,0.001,0.001,0.0016972937100823353,0.3169357717744372,100,100
ENSMUSG00000112297,2.380651630645838,559.0000786084458,1.0,0.001,7.647887306856132,0.0010000000000038715,0.07336778647299401,100,100
ENSMUSG00000112298,0.001,57.79469271457354,1.0,0.001,0.001,0.001741562087963491,0.3466646413267136,100,100
ENSMUSG00000112301,5.472075700551683,653.2589673703964,1.0,0.001,18.935473154480885,0.001,0.05008703096931446,100,100
ENSMUSG00000112302,11.669410569622546,690.897375345191,1.0,0.001,23.945631963605397,0.001,0.01037058825035254,100,100
ENSMUSG00000112307,0.001,62.31581250733508,1.0,0.001,0.0010000000000000005,0.0013800494076766146,0.17237450625556452,100,100
ENSMUSG00000112308,0.001,62.31581250733508,1.0,0.001,0.001,0.0020364144331373947,0.15006753676148943,100,100
ENSMUSG00000112309,3.6091938342199996,434.4049037676964,1.0,0.001,16.74496283272602,0.0010000000000000885,0.02888787414341457,100,100
ENSMUSG00000112310,0.001,62.31581250733508,1.0,0.001,0.0010000000000000005,0.0018502390487381512,0.23632099869543313,100,100
ENSMUSG00000112314,17.202630703118153,829.6236636658454,1.0180334930795625,0.24245890599703712,24.594556209336233,0.001,0.009014706889691295,100,100
ENSMUSG00000112317,3.9276406581767263,942.1623723314058,1.0,0.001,6.713172800812106,0.0011151800047597112,0.05297320066155482,100,100
ENSMUSG00000112323,1.4264657657904025,341.6272039188167,1.0,0.001,8.015342444594102,0.001,0.19512695305779973,100,100
ENSMUSG00000112332,2.8043454615252004,678.1527302530274,1.0,0.001,6.917307556786869,0.0010050251456295229,0.06321226875734669,100,100
ENSMUSG00000112336,1.8919350210788073,445.1132588648499,1.0,0.001,5.034506379106833,0.0012103369090294353,0.04370534893559948,100,100
ENSMUSG00000112338,3.893598318270953,468.6633697085732,1.0,0.001,14.582813601368164,0.0010000000000014372,0.023802123015072015,100,100
ENSMUSG00000112345,0.001,66.84427540036525,1.0,0.001,0.001,0.0015803015584733965,0.10411830105442192,100,100
ENSMUSG00000112346,0.06111721693933743,19.26683207285316,7.89927715679698,0.001,24.479689870387418,0.001,1.2515719119984319,100,100
ENSMUSG00000112347,0.001,62.31581250733508,1.0,0.001,0.001,0.0017779406384788182,0.13458449378990192,100,100
ENSMUSG00000112348,0.001,62.31581250733508,1.0,0.001,0.001,0.0016468555328456726,0.27339410737696285,100,100
ENSMUSG00000112350,0.001,62.31581250733508,1.0,0.001,0.001,0.0016342937144016732,0.22433242848068463,100,100
ENSMUSG00000112352,1.503103188885066,363.25008257950475,1.0,0.001,13.677735324980896,0.0010000000000028062,0.056765643132270734,100,100
ENSMUSG00000112354,0.001,62.31581250733508,1.0,0.001,0.001,0.0019592058398061447,0.09269716232479948,100,100
ENSMUSG00000112356,0.001,62.31581250733508,1.0,0.001,0.001,0.002003114289921792,0.31839520901907714,100,100
ENSMUSG00000112357,0.001,62.31581250733508,1.0,0.001,0.001,0.0017380252638951924,0.19058840569985874,100,100
ENSMUSG00000112365,0.001,62.31581250733508,1.0,0.001,0.0010000000000000005,0.0015376480357344906,0.23411944441947674,100,100
ENSMUSG00000112368,0.001,58.440570410729244,1.0,0.001,0.001,0.001806329652172193,0.0768301676078755,100,100
ENSMUSG00000112371,0.001,62.31581250733508,1.0,0.001,0.001,0.002100862327560007,0.11566471722872701,100,100
ENSMUSG00000112375,0.001,61.674132606755,1.0,0.001,0.001,0.0020060519139070425,0.3417910590082018,100,100
ENSMUSG00000112379,0.001,62.31581250733508,1.0,0.001,0.001,0.0016248095065540913,0.14413804421908738,100,100
ENSMUSG00000112381,0.001,60.188376913276144,1.0,0.001,0.001,0.001482611421154419,0.11198435529888262,100,100
ENSMUSG00000112384,0.001,59.94762576822368,1.0,0.001,0.001,0.001529503170756519,0.3113989098016037,100,100
ENSMUSG00000112388,2.1571940611220364,521.5346265951073,1.0,0.001,8.490596466679186,0.001000001229477639,0.06052255456469012,100,100
ENSMUSG00000112393,0.001,62.31581250733508,1.0,0.001,0.001,0.0019780168819334854,0.0902844747383664,100,100
ENSMUSG00000112400,0.0022375106074131648,10.218016392002717,50.7586377553459,0.001,0.151919093227643,0.0026076626660636406,25.88707997130398,100,100
ENSMUSG00000112404,0.001,62.31581250733508,1.0,0.001,0.001,0.001607358205447952,0.18504477416848314,100,100
ENSMUSG00000112410,0.001,62.31581250733508,1.0,0.001,0.001,0.0017179591384405674,0.10592787859498606,100,100
ENSMUSG00000112411,1.0412593922483107,249.40287378335123,1.0,0.001,8.372213496043356,0.001,0.04366449662465347,100,100
ENSMUSG00000112412,0.001,66.84427540036525,1.0,0.001,0.001,0.0019305366792012149,0.12597387750007358,100,100
ENSMUSG00000112417,0.001,62.31581250733508,1.0,0.001,0.001,0.0018008324834464736,0.36706761707327495,100,100
ENSMUSG00000112426,0.001,62.31581250733508,1.0,0.001,0.001,0.0018798644033736526,0.582177333777342,100,100
ENSMUSG00000112429,0.001,62.31581250733508,1.0,0.001,0.001,0.0019190418628439428,0.3131857669635905,100,100
ENSMUSG00000112430,12.703297670223883,758.5040460038467,1.0,0.001,25.637243950048173,0.001,0.008877555994825006,100,100
ENSMUSG00000112433,10.208876441035308,399.3352292196987,1.0,0.001,33.54952086976858,0.0010159049588308452,0.008972777675714702,100,100
ENSMUSG00000112436,0.001,62.31581250733508,1.0,0.001,0.001,0.0016974772733528002,0.15407751534419445,100,100
ENSMUSG00000112441,0.001,66.84427540036525,1.0,0.001,0.001,0.0018864365125832495,0.110046326117789,100,100
ENSMUSG00000112442,0.001,62.31581250733508,1.0,0.001,0.0010000000000000005,0.0019574999165866257,0.09884630817903217,100,100
ENSMUSG00000112445,11.566795455351361,860.0022623017129,1.0,0.001,22.502121703605376,0.0010124755580264318,0.018212099175385767,100,100
ENSMUSG00000112448,0.001,62.31581250733508,1.0,0.001,0.001,0.0016603929164513802,0.23174904267104415,100,100
ENSMUSG00000112454,0.001,61.024058264401226,1.0,0.001,0.001,0.0019961516760708758,0.4532732383767955,100,100
ENSMUSG00000112458,0.001,62.31581250733508,1.0,0.001,0.001,0.0015891758567012555,0.18783969433280492,100,100
ENSMUSG00000112459,0.001,62.31581250733508,1.0,0.001,0.0010000000000000005,0.0017537190035960737,0.19625086458542454,100,100
ENSMUSG00000112462,0.001,61.88525872635182,1.0,0.001,0.001,0.0023089893701464586,0.1766547854909576,100,100
ENSMUSG00000112470,0.001,62.31581250733508,1.0,0.001,0.0010000000000000005,0.0018295586600423587,0.13829376706369811,100,100
ENSMUSG00000112471,0.001,66.84427540036525,1.0,0.001,0.0010000000000000009,0.0020031645745954988,0.14462918958270862,100,100
ENSMUSG00000112474,0.001,13.147732610051081,1.0,0.001,0.001,0.1076180535488313,5.865049397188122,100,100
ENSMUSG00000112481,0.03348627361796363,0.7881230184821013,4.641414985223919,0.0015698464839508214,0.10527573537703946,1.0941647122071632,49.73970020821575,100,100
ENSMUSG00000112483,0.001,62.31581250733508,1.0,0.001,0.001,0.0018719963719311416,0.07467818968222346,100,100
ENSMUSG00000112489,0.001,62.31581250733508,1.0,0.001,0.001,0.0020664820166068024,0.15048268524674985,100,100
ENSMUSG00000112498,0.001,62.31581250733508,1.0,0.001,0.001,0.00162472293825506,0.14567185673395144,100,100
ENSMUSG00000112500,0.001,62.31581250733508,1.0,0.001,0.001,0.0020356896584024695,0.24996584547359613,100,100
ENSMUSG00000112505,0.001,61.45463549419866,1.0,0.001,0.001,0.0018725923573369488,0.13518596781409767,100,100
ENSMUSG00000112506,0.001,62.31581250733508,1.0,0.001,0.001,0.0017126705123139026,0.06729770544512745,100,100
ENSMUSG00000112510,0.001,62.31581250733508,1.0,0.001,0.001,0.0017990634624518768,0.1537647644271829,100,100
ENSMUSG00000112512,0.001,62.31581250733508,1.0,0.001,0.001,0.0022282522465153524,0.22024281506656032,100,100
ENSMUSG00000112513,0.001,62.31581250733508,1.0,0.001,0.001,0.0015525568683659545,0.06821230169039064,100,100
ENSMUSG00000112519,0.001,62.31581250733508,1.0,0.001,0.001,0.0019485004531792994,0.19481774930162538,100,100
ENSMUSG00000112523,0.001,62.31581250733508,1.0,0.001,0.001,0.0018334471853809053,0.20865160038661826,100,100
ENSMUSG00000112527,0.001,62.31581250733508,1.0,0.001,0.001,0.0018920585038089764,0.08040877966716896,100,100
ENSMUSG00000112530,0.001,62.31581250733508,1.0,0.001,0.001,0.001728128881671399,0.13671173344111287,100,100
ENSMUSG00000112532,1.8855242048223924,454.9597606392765,1.0,0.001,7.8680234933188675,0.0010000000000011152,0.07512607461876808,100,100
ENSMUSG00000112533,0.001,62.31581250733508,1.0,0.001,0.001,0.00147293327858799,0.8121727704557691,100,100
ENSMUSG00000112535,0.001,66.84427540036525,1.0,0.001,0.001,0.0017372469589321691,0.18243792225751804,100,100
ENSMUSG00000112543,0.001,62.31581250733508,1.0,0.001,0.001,0.001455490564776451,0.10295400475556493,100,100
ENSMUSG00000112544,0.001,66.84427540036525,1.0,0.001,0.001,0.0018092007623526,0.169295956795951,100,100
ENSMUSG00000112545,13.470994413578442,804.416174169277,1.0,0.001,25.4962989558749,0.001,0.008505367241213285,100,100
ENSMUSG00000112546,1.6085914265548362,126.33516395875218,61.554598537034174,0.023116280993561264,3.0700539711371757,0.28021007622557625,124.19605552787019,100,100
ENSMUSG00000112547,0.6437621963837976,154.64850262092747,1.0,0.001,5.840847120787048,0.001043362603110469,0.1838860059255282,100,100
ENSMUSG00000112553,0.001,61.674132606755,1.0,0.001,0.0010000000000000005,0.00166783795961822,0.16943319669451617,100,100
ENSMUSG00000112556,0.001,61.88525872635182,1.0,0.001,0.0010000000000000005,0.0016540137745863553,0.2157055275487155,100,100
ENSMUSG00000112558,14.662994843754202,578.6796466482172,1.0,0.001,34.64397946205265,0.001,0.009001303903673149,100,100
ENSMUSG00000112566,0.001,66.84427540036525,1.0,0.001,0.0010000000000000005,0.0014775669685518382,0.34954212802368423,100,100
ENSMUSG00000112567,0.001,66.84427540036525,1.0,0.001,0.001,0.0018036749393000107,0.5191180029193648,100,100
ENSMUSG00000112570,0.001,62.31581250733508,1.0,0.001,0.001,0.0016389664264409155,0.1439718081040182,100,100
ENSMUSG00000112571,0.001,62.31581250733508,1.0,0.001,0.001,0.0016126668104385984,0.13313650052109205,100,100
ENSMUSG00000112572,0.001,62.31581250733508,1.0,0.001,0.001,0.0018291347699779367,0.34802195025847316,100,100
ENSMUSG00000112574,1.4264657657904025,341.6272039188167,1.0,0.001,8.302577370798685,0.0010000001944685231,0.058783320908437395,100,100
ENSMUSG00000112580,0.001,62.31581250733508,1.0,0.001,0.0010000000000000005,0.0014546420804493238,0.12600252349987723,100,100
ENSMUSG00000112581,0.001,66.84427540036525,1.0,0.001,0.001,0.0016459882148601376,0.24610215204422145,100,100
ENSMUSG00000112592,0.001,61.45463549419866,1.0,0.001,0.001,0.002323781459624765,0.21853568738952567,100,100
ENSMUSG00000112593,5.423483247098056,654.3534266888788,1.044379262010664,0.001,18.514268620471825,0.001,0.012851908162144012,100,100
ENSMUSG00000112595,8.022376104344188,966.2151407334402,1.0,0.001,16.701547762681127,0.0010000000000165606,0.01983833423010857,100,100
ENSMUSG00000112596,0.001,61.88525872635182,1.0,0.001,0.001,0.0017305772845887936,0.14406680600121294,100,100
ENSMUSG00000112597,4.382832158422144,792.8398470228623,1.0,0.001,16.48351100873743,0.001,0.08012979537752728,100,100
ENSMUSG00000112612,0.001,62.31581250733508,1.0,0.001,0.001,0.00183627813586429,0.0855943914364453,100,100
ENSMUSG00000112613,0.001,62.31581250733508,1.0,0.001,0.001,0.0018985199756886987,0.4598148228883969,100,100
ENSMUSG00000112627,0.27715637060781245,1.0669377918280405,2.625877973844416,0.05499634638680428,0.7496185303428236,0.6272387520544734,17.324163034647512,100,100
ENSMUSG00000112630,0.001,62.31581250733508,1.0,0.001,0.0010000000000000009,0.0016792706503048582,0.14237321097767827,100,100
ENSMUSG00000112637,0.001,66.84427540036525,1.0,0.001,0.0010000000000000005,0.0020219766086598204,0.28714140110912495,100,100
ENSMUSG00000112639,0.21610328081258795,8.002544131880345,3.4575296014625936,0.04194011535090727,38.53729328794468,0.0019202374948251223,1.867155471115776,100,100
ENSMUSG00000112652,0.1459974090429914,2.571248026050626,1.0999190703125323,0.014258691896058214,30.565210512001862,0.0013201383391048568,2.6526723906367566,100,100
ENSMUSG00000112654,0.001,61.88525872635182,1.0,0.001,0.001,0.0018409270827526966,0.2256968883075948,100,100
ENSMUSG00000112657,0.001,62.31581250733508,1.0,0.001,0.001,0.0017343940156573534,0.695991261113369,100,100
ENSMUSG00000112662,0.001,62.31581250733508,1.0,0.001,0.001,0.0018252876288474538,0.18124817767236936,100,100
ENSMUSG00000112669,0.001,62.31581250733508,1.0,0.001,0.001,0.0016047627798296447,0.11906582955290405,100,100
ENSMUSG00000112670,0.001,62.31581250733508,1.0,0.001,0.001,0.002572033395779166,0.20689240783311524,100,100
ENSMUSG00000112677,0.001,62.31581250733508,1.0,0.001,0.0010000000000000009,0.0014155567854794893,0.4453978730803992,100,100
ENSMUSG00000112682,0.001,61.674132606755,1.0,0.001,0.0010000000000000009,0.0017304555571050124,0.2782093312080723,100,100
ENSMUSG00000112684,0.001,66.84427540036525,1.0,0.001,0.001,0.0017132456651328177,0.1300826950046561,100,100
ENSMUSG00000112694,0.001,62.31581250733508,1.0,0.001,0.001,0.001626689479632842,0.12831150855750523,100,100
ENSMUSG00000112698,0.001,66.84427540036525,1.0,0.001,0.001,0.0018356518416666988,0.17185308880688382,100,100
ENSMUSG00000112700,0.001,66.84427540036525,1.0,0.001,0.001,0.0017652317722578028,0.2803254556379013,100,100
ENSMUSG00000112705,0.001,66.84427540036525,1.0,0.001,0.0010000000000000005,0.0015252548038615014,0.27559779921825395,100,100
ENSMUSG00000112706,3.338165727611042,807.3831051292377,1.0,0.001,8.032523026020014,0.0011971589048786154,0.10557948077131421,100,100
ENSMUSG00000112708,0.001,62.31581250733508,1.0,0.001,0.001,0.0016806897269484012,0.21157325297235435,100,100
ENSMUSG00000112710,0.001,62.31581250733508,1.0,0.001,0.001,0.0018229679997962562,0.29349341853265254,100,100
ENSMUSG00000112716,22.00927962485946,954.6432932962778,1.0,0.25057428964744444,32.913855617398525,0.0010000000000083514,0.009000728606002376,100,100
ENSMUSG00000112728,0.001,66.84427540036525,1.0,0.001,0.001,0.0016315016518247097,0.18174000316047192,100,100
ENSMUSG00000112734,0.013485557588017574,25.358009589165285,61.864750178350164,0.001,0.5312554102057242,0.0020400083632353657,56.50960868974639,100,100
ENSMUSG00000112742,0.001,58.238635741216,1.0,0.001,0.001,0.0018080496347267956,0.33042455513666935,100,100
ENSMUSG00000112744,0.02998812275912884,6.284108067812229,6.06723019414045,0.004271508248644138,22.1368076803948,0.0010023618350283809,4.0755335178906655,100,100
ENSMUSG00000112745,28.86212859981222,832.8782427509967,1.0,3.0443447618142057,46.9418190035411,0.001006667663469138,0.00887322268283043,100,100
ENSMUSG00000112746,0.001,62.31581250733508,1.0,0.001,0.001,0.0017024229185318325,0.0717678927727119,100,100
ENSMUSG00000112753,0.001,62.31581250733508,1.0,0.001,0.001,0.0016124304698728708,0.15713368362164873,100,100
ENSMUSG00000112755,0.001,61.45463549419866,1.0,0.001,0.001,0.0014930134857457755,0.07290269680697259,100,100
ENSMUSG00000112756,0.13139257885849437,18.146241231434274,6.921151183133775,0.03810839513556631,30.27051350553288,0.001227840517035274,1.5143342194893035,100,100
ENSMUSG00000112758,0.001,62.31581250733508,1.0,0.001,0.001,0.0015437508284624696,0.17009583973484907,100,100
ENSMUSG00000112759,0.001,66.84427540036525,1.0,0.001,0.001,0.002180750352284975,0.2417595175930498,100,100
ENSMUSG00000112764,0.001,62.31581250733508,1.0,0.001,0.001,0.0017869132572695273,0.21485248807196525,100,100
ENSMUSG00000112765,0.001,66.84427540036525,1.0,0.001,0.001,0.0018457807430902803,0.1666548289963928,100,100
ENSMUSG00000112771,0.001,62.31581250733508,1.0,0.001,0.001,0.002044985468333686,0.2374332089440071,100,100
ENSMUSG00000112773,0.001,62.31581250733508,1.0,0.001,0.0010000000000000009,0.0014471797195955394,0.25610098237098206,100,100
ENSMUSG00000112776,0.001,62.31581250733508,1.0,0.001,0.0010000000000000009,0.002133716792880467,0.15915436266069022,100,100
ENSMUSG00000112779,0.001,62.31581250733508,1.0,0.001,0.0010000000000000005,0.0015261258503233136,0.10189628966791583,100,100
ENSMUSG00000112784,0.001,62.31581250733508,1.0,0.001,0.001,0.0016369692278168696,0.31435016921063796,100,100
ENSMUSG00000112790,1.6262619868264967,395.3519615968364,1.004113302142248,0.001,9.701116154618902,0.0010361764071576936,0.05811510959190354,100,100
ENSMUSG00000112792,1.4275905501715376,345.13246017114864,1.0,0.001,8.361301325851173,0.001000064504367093,0.05249675299156985,100,100
ENSMUSG00000112794,25.107680943828694,730.742108807578,1.0,0.9581639315193633,37.053318768617146,0.001025551784674037,0.009053240720703168,100,100
ENSMUSG00000112795,0.001,62.31581250733508,1.0,0.001,0.001,0.0021663426016223057,0.16587045313803223,100,100
ENSMUSG00000112797,0.001,62.31581250733508,1.0,0.001,0.0010000000000000005,0.0014157554868715555,0.0715385164823775,100,100
ENSMUSG00000112798,0.001,62.31581250733508,1.0,0.001,0.0010000000000000009,0.0016335742490697993,0.3579442753993942,100,100
ENSMUSG00000112799,0.001,62.31581250733508,1.0,0.001,0.001,0.0017042099143140489,0.06947272831012274,100,100
ENSMUSG00000112802,0.001,62.31581250733508,1.0,0.001,0.001,0.0017476656959360738,0.22275180040554027,100,100
ENSMUSG00000112803,0.001,61.88525872635182,1.0,0.001,0.001,0.0017843936026287546,0.15082301920986807,100,100
ENSMUSG00000112805,0.001,66.84427540036525,1.0,0.001,0.001,0.0016723611244010578,0.2125178201552823,100,100
ENSMUSG00000112806,0.04793650674290151,14.379111950601443,26.199173006372902,0.005518759231987409,6.87421976769409,0.002295057566618827,5.914322347849355,100,100
ENSMUSG00000112807,0.001,62.31581250733508,1.0,0.001,0.0010000000000000009,0.0014563384520913671,0.28175096989306486,100,100
ENSMUSG00000112815,0.001,62.31581250733508,1.0,0.001,0.001,0.0014775557034249378,0.21547767895936346,100,100
ENSMUSG00000112816,0.001,66.84427540036525,1.0,0.001,0.0010000000000000005,0.0018819691262094203,0.49160751047831863,100,100
ENSMUSG00000112819,0.001,62.31581250733508,1.0,0.001,0.001,0.0014447942715266273,0.31104712230077625,100,100
ENSMUSG00000112820,0.001,61.88525872635182,1.0,0.001,0.0010000000000000002,0.0016834787091804118,0.13968810293921344,100,100
ENSMUSG00000112822,12.111804495835656,970.2696814095398,1.001396109959282,0.001,22.659524197885716,0.0010000000000009903,0.013960164764608218,100,100
ENSMUSG00000112824,0.001,62.31581250733508,1.0,0.001,0.001,0.0017736219764697115,0.19267490828535527,100,100
ENSMUSG00000112825,0.001,17.828122907488957,1.0,0.001,0.001,0.006578471335860748,1.017680411868708,100,100
ENSMUSG00000112828,0.001,62.31581250733508,1.0,0.001,0.001,0.0014724597035440422,0.06407573374100786,100,100
ENSMUSG00000112830,0.001,62.31581250733508,1.0,0.001,0.001,0.0016554234892422132,0.09356051875192106,100,100
ENSMUSG00000112831,0.001,62.31581250733508,1.0,0.001,0.0010000000000000009,0.0016103664770801373,0.22198377810342404,100,100
ENSMUSG00000112832,0.001,62.31581250733508,1.0,0.001,0.001,0.001582507505323354,0.2251058195298219,100,100
ENSMUSG00000112833,3.6798704859081064,444.70131365698893,1.0,0.001,16.647366482289865,0.0010000000000125369,0.02116932901023835,100,100
ENSMUSG00000112837,0.13667016748237243,0.631050264976997,7.069444713082656,0.0703533851529384,0.23014185713084012,5.287230306299065,23.498209338860626,100,100
ENSMUSG00000112847,13.377079319116318,633.5690962538936,1.0,0.2911944313148224,32.01793811093353,0.0010000000000003108,0.009014421065655889,100,100
ENSMUSG00000112848,0.001,62.31581250733508,1.0,0.001,0.001,0.0015591648311821691,0.17476064931472973,100,100
ENSMUSG00000112850,0.001,62.31581250733508,1.0,0.001,0.0010000000000000005,0.0018356454755459888,0.1388903887638761,100,100
ENSMUSG00000112852,0.001,62.31581250733508,1.0,0.001,0.001,0.0014685724422123841,0.13857004283527732,100,100
ENSMUSG00000112854,35.29806699840356,931.1057238302017,1.014023164211955,3.3115052161491745,57.40700892430098,0.0010118905742458927,0.008979999664935352,100,100
ENSMUSG00000112858,3.338165727611042,807.3831051292377,1.0,0.001,11.215996563470695,0.0010896047349111375,0.4783032834181232,100,100
ENSMUSG00000112860,0.013190648902477474,21.328472869564177,33.56760623170189,0.001,9.697512797493722,0.0010694241185036611,24.6727762726699,100,100
ENSMUSG00000112879,0.001,62.31581250733508,1.0,0.001,0.001,0.0019444366947349663,0.17805410192460852,100,100
ENSMUSG00000112880,0.054968354842834834,22.946931165781553,34.74990667684365,0.019510536507987918,22.415541030902048,0.0015308199289926735,4.344306454856598,100,100
ENSMUSG00000112881,0.4282965282830732,103.14966607220127,1.0,0.001,8.298039355142668,0.0010000000057503238,0.1657296520773704,100,100
ENSMUSG00000112883,0.001,62.31581250733508,1.0,0.001,0.001,0.0017145453244019645,0.28837978874029696,100,100
ENSMUSG00000112889,0.001,62.31581250733508,1.0,0.001,0.001,0.0017514532166004746,0.17559135590269315,100,100
ENSMUSG00000112891,0.001,61.259704531272526,1.0,0.001,0.0010000000000000005,0.0018825623844534434,0.1633610232437316,100,100
ENSMUSG00000112894,2.961200185399535,721.6290393901162,1.0064427689282454,0.001,8.301205493374855,0.0010000002384136352,0.03557430319185308,100,100
ENSMUSG00000112900,0.001,62.31581250733508,1.0,0.001,0.001,0.0016054179490920424,0.12073974397923773,100,100
ENSMUSG00000112918,1.503103188885066,363.25008257950475,1.0,0.001,8.298791346140693,0.001000000000000019,0.0908013846555012,100,100
ENSMUSG00000112920,0.001,62.31581250733508,1.0,0.001,0.001,0.002036432369347054,0.1706274905473517,100,100
ENSMUSG00000112922,0.1267128225006762,18.282995746290663,4.986656385182647,0.011030626948257675,27.927618797213814,0.001009854441408952,2.2632790567842065,100,100
ENSMUSG00000112925,3.9999619148753114,477.4926715811481,1.0,0.001,13.972477958796656,0.0010000000000015986,0.06575262365721267,100,100
ENSMUSG00000112926,0.001,29.18861707037529,1.0,0.001,0.001,0.0026271119313195273,0.23097864682089125,100,100
ENSMUSG00000112927,0.001,62.31581250733508,1.0,0.001,0.0010000000000000005,0.001863734024040201,0.17582796836486775,100,100
ENSMUSG00000112928,4.293735812037902,999.999999981949,1.0,0.001,7.0178810540645085,0.0010011789483842033,0.07913132324681592,100,100
ENSMUSG00000112929,0.001,61.88525872635182,1.0,0.001,0.0010000000000000005,0.0018507237189864607,0.16071553994024623,100,100
ENSMUSG00000112932,0.001,62.31581250733508,1.0,0.001,0.001,0.0017391376758370885,0.09138273916011824,100,100
ENSMUSG00000112937,0.006527400087463438,17.256642999647045,43.12199867021962,0.001,3.728670886485743,0.0016168728289521757,12.714340443977981,100,100
ENSMUSG00000112941,0.960930168200427,221.4729618815413,1.0,0.001,12.515862696486991,0.0010000000000053662,0.06851320417998402,100,100
ENSMUSG00000112942,0.001,62.31581250733508,1.0,0.001,0.001,0.002186190967968791,0.1350425511197591,100,100
ENSMUSG00000112944,0.001,62.31581250733508,1.0,0.001,0.001,0.001482240127226501,0.130384314689438,100,100
ENSMUSG00000112948,0.001,61.88525872635182,1.0,0.001,0.0010000000000000005,0.0014118320473370664,0.22013804952760102,100,100
ENSMUSG00000112950,0.001,62.31581250733508,1.0,0.001,0.001,0.0016874508636563756,0.1514681666510117,100,100
ENSMUSG00000112955,4.132577005576439,999.9999999828615,1.0,0.001,10.43847880227811,0.0010000000000102809,0.1024743250610586,100,100
ENSMUSG00000112957,0.001,62.31581250733508,1.0,0.001,0.0010000000000000009,0.001560024874612991,0.3977338523917449,100,100
ENSMUSG00000112959,3.3490881904583993,403.06877803941194,1.0,0.001,16.736044302155115,0.0010000000000159046,0.03264096631780486,100,100
ENSMUSG00000112963,3.3467679826601007,809.4058638924901,1.0,0.001,7.98683529786012,0.0010000000797025276,0.02646108891067374,100,100
ENSMUSG00000112964,0.26322421197256496,31.42567200182571,16.043726192266284,0.001,1.6815713030720705,0.004718743209358246,3.4324128975181627,100,100
ENSMUSG00000112971,0.001,66.84427540036525,1.0,0.001,0.001,0.0015865543407514078,0.19695574135149313,100,100
ENSMUSG00000112977,0.001,62.31581250733508,1.0,0.001,0.001,0.0020259117991324183,0.10770115466665775,100,100
ENSMUSG00000112980,0.06678525810036974,1.8911602531679934,6.164461082044813,0.007925619745532006,0.17614664319233092,1.2219649562581067,14.394957003326535,100,100
ENSMUSG00000112981,0.001,62.31581250733508,1.0,0.001,0.001,0.0017189110491582127,0.07070238338239718,100,100
ENSMUSG00000112983,4.134300499511258,1000.0,1.0,0.001,8.64450887421209,0.00100635042647575,0.048812911266390965,100,100
ENSMUSG00000112985,0.001,62.31581250733508,1.0,0.001,0.001,0.001687609225302813,0.4017025458725355,100,100
ENSMUSG00000112989,0.001,62.31581250733508,1.0,0.001,0.0010000000000000009,0.0015327576598758125,0.2719789656683365,100,100
ENSMUSG00000112990,0.001,66.84427540036525,1.0,0.001,0.001,0.0017829943308633033,0.19846130079209176,100,100
ENSMUSG00000112991,0.010779814095189055,20.21985709833073,23.052858561282633,0.001,10.964489204767435,0.0010000000000000143,11.148575572340143,100,100
ENSMUSG00000113002,0.001,61.674132606755,1.0,0.001,0.001,0.0015508199372294357,0.0870786289790763,100,100
ENSMUSG00000113003,4.073992741447176,493.47885874224903,1.0072179933524583,0.001,8.302783916331858,0.001007245865305034,0.08654136905136103,100,100
ENSMUSG00000113005,0.001,66.84427540036525,1.0,0.001,0.001,0.0018650893248017405,0.11614532920037024,100,100
ENSMUSG00000113010,0.001,61.45463549419866,1.0,0.001,0.001,0.001689402602436431,0.2036056570373203,100,100
ENSMUSG00000113012,0.001,62.31581250733508,1.0,0.001,0.001,0.0018046041711264412,0.15211618466690718,100,100
ENSMUSG00000113015,0.003454400582733214,10.750035435290481,23.78892126639577,0.001,0.0751913275240095,0.001771030611818463,13.802452199182401,100,100
ENSMUSG00000113017,0.001,62.31581250733508,1.0,0.001,0.001,0.0015610799892693647,0.18899281498188059,100,100
ENSMUSG00000113018,0.001,62.31581250733508,1.0,0.001,0.001,0.0021300603121731723,0.133381254921863,100,100
ENSMUSG00000113019,1.7871870239889371,398.0684587491854,1.0169196171475225,0.001,8.485332930620636,0.0010532332084985246,0.07549223851208248,100,100
ENSMUSG00000113020,0.001,66.84427540036525,1.0,0.001,0.001,0.001722629396382454,0.19129461097173875,100,100
ENSMUSG00000113027,0.001,55.42650537347377,1.0,0.001,0.001,0.0016721928039906092,0.26982743980210544,100,100
ENSMUSG00000113035,0.02298094252261858,20.55639699747281,14.948426913138,0.001,12.710071575634018,0.0011579062085797067,21.34709331588497,100,100
ENSMUSG00000113036,0.001,61.88525872635182,1.0,0.001,0.001,0.001875133923997877,0.21362243823173666,100,100
ENSMUSG00000113041,0.03898422631953993,20.361254206418227,10.750756258345023,0.001,17.94230129932881,0.001000000000021518,28.00380091507936,100,100
ENSMUSG00000113042,0.001,62.31581250733508,1.0,0.001,0.0010000000000000009,0.0022526644175205794,0.09524811344421391,100,100
ENSMUSG00000113045,3.056214351663582,736.0513408990713,1.0,0.001,8.333976389914518,0.0010003509295918285,0.07445489077901501,100,100
ENSMUSG00000113047,16.415809713442204,780.9314332281203,1.002161846036173,0.001,31.303562689878902,0.001,0.012928876975713124,100,100
ENSMUSG00000113052,0.05781481046070408,19.35907372289225,15.213095334920409,0.001,9.147303228522777,0.0029126477504662837,59.95394717407389,100,100
ENSMUSG00000113054,0.001,62.31581250733508,1.0,0.001,0.001,0.001554036763097318,0.12617310816050584,100,100
ENSMUSG00000113058,0.001,62.31581250733508,1.0,0.001,0.0010000000000000009,0.0018237825276384287,0.34146851037785436,100,100
ENSMUSG00000113059,0.001,66.84427540036525,1.0,0.001,0.001,0.0016064156108980343,0.21102803241603624,100,100
ENSMUSG00000113061,0.001,26.801138440773038,1.0,0.001,0.001,0.0029569520781310065,0.3881996517459535,100,100
ENSMUSG00000113063,0.001,66.84427540036525,1.0,0.001,0.001,0.0016881194587225184,0.20199358561377354,100,100
ENSMUSG00000113065,0.001,61.88525872635182,1.0,0.001,0.001,0.0019041466021233009,0.0649660972390352,100,100
ENSMUSG00000113067,0.001,62.31581250733508,1.0,0.001,0.001,0.001903739943929,0.27307060666277183,100,100
ENSMUSG00000113068,0.001,62.31581250733508,1.0,0.001,0.0010000000000000005,0.0017746315011006215,0.14345038479146832,100,100
ENSMUSG00000113070,0.001,62.31581250733508,1.0,0.001,0.001,0.001967428609575608,0.1727098466433985,100,100
ENSMUSG00000113072,0.001,62.31581250733508,1.0,0.001,0.001,0.0013620018089094325,0.07048191050895108,100,100
ENSMUSG00000113076,4.132577005576439,999.9999999828615,1.0,0.001,6.232955648869652,0.0011624328699913265,0.06615418501677386,100,100
ENSMUSG00000113079,0.001,66.84427540036525,1.0,0.001,0.001,0.0018101178871499156,0.43738412731130805,100,100
ENSMUSG00000113088,0.001,61.674132606755,1.0,0.001,0.001,0.001539664360244684,0.04230531060177159,100,100
ENSMUSG00000113093,0.001,62.31581250733508,1.0,0.001,0.001,0.0018668282777610514,0.18252069818074643,100,100
ENSMUSG00000113094,0.1656588662673191,39.53920567850924,1.0,0.001,8.613140532046948,0.0013906282074256236,0.051799599472166474,100,100
ENSMUSG00000113096,0.001,62.31581250733508,1.0,0.001,0.001,0.001630666292152771,0.1663930355455389,100,100
ENSMUSG00000113100,0.001,61.674132606755,1.0,0.001,0.0010000000000000005,0.001793083458258223,0.1814636204875671,100,100
ENSMUSG00000113102,0.001,62.31581250733508,1.0,0.001,0.0010000000000000009,0.0018745919654126414,0.20933540969045025,100,100
ENSMUSG00000113104,0.001,62.31581250733508,1.0,0.001,0.001,0.001646905090036727,0.11184424024091072,100,100
ENSMUSG00000113106,8.298563684394894,999.9999999562726,1.0,0.001,19.22345662902881,0.001,0.022211604849609535,100,100
ENSMUSG00000113119,0.001,62.31581250733508,1.0,0.001,0.0010000000000000005,0.0017001071985291352,0.21610262043724082,100,100
ENSMUSG00000113121,0.001,66.84427540036525,1.0,0.001,0.0010000000000000005,0.0018589609243740205,0.22757904041592916,100,100
ENSMUSG00000113126,0.001,62.31581250733508,1.0,0.001,0.001,0.0017828036336990064,0.04242977157938497,100,100
ENSMUSG00000113128,8.33749907437395,1000.0,1.0,0.001,14.538379582164737,0.0010481699612840654,0.026173708269064153,100,100
ENSMUSG00000113137,0.041846213535639123,0.04759740019623424,1.4396335149068564,0.001,0.9069088835105247,0.7549818407970007,1269.8100844301332,100,100
ENSMUSG00000113140,0.001,62.31581250733508,1.0,0.001,0.001,0.0014774045338925347,0.1259079378533281,100,100
ENSMUSG00000113141,0.001,62.31581250733508,1.0,0.001,0.001,0.0016930427085631262,0.11422704488936043,100,100
ENSMUSG00000113143,0.001,62.31581250733508,1.0,0.001,0.0010000000000000005,0.0018622895987925174,0.0675585177890388,100,100
ENSMUSG00000113146,0.001,62.31581250733508,1.0,0.001,0.001,0.0017660920417476706,0.23825430554113747,100,100
ENSMUSG00000113147,0.001,62.31581250733508,1.0,0.001,0.001,0.0015266210290423635,0.11117654577044105,100,100
ENSMUSG00000113149,0.001,62.31581250733508,1.0,0.001,0.001,0.0017928376532682724,0.412779000489775,100,100
ENSMUSG00000113151,4.146906333238779,999.9999999237627,1.0,0.001,7.733107364470433,0.001000000000019184,0.21861132280203385,100,100
ENSMUSG00000113155,0.001,61.88525872635182,1.0,0.001,0.0010000000000000009,0.0016808179614931833,0.2795666823309204,100,100
ENSMUSG00000113157,0.001,61.259704531272526,1.0,0.001,0.001,0.001957132716119365,0.1797832470490473,100,100
ENSMUSG00000113159,8.337339830797543,1000.0,1.0,0.001,12.55823676891329,0.001000000000001444,0.009343385941086187,100,100
ENSMUSG00000113165,0.001,0.23685885603815193,3.077614154144127,0.001,0.16826903477297242,0.0029576267938848377,25.902842313764275,100,100
ENSMUSG00000113168,0.001,61.45463549419866,1.0,0.001,0.001,0.0016155329979200177,0.07029762782187221,100,100
ENSMUSG00000113170,0.022017146767148,2.706926684496283,5.1311862448334145,0.001,12.646693037486804,0.0011836037662020832,15.17931284924941,100,100
ENSMUSG00000113177,0.001,62.31581250733508,1.0,0.001,0.0010000000000000009,0.0017873632726103893,0.32487730839089574,100,100
ENSMUSG00000113179,0.001,62.31581250733508,1.0,0.001,0.001,0.0015216354303520577,0.20512089035048897,100,100
ENSMUSG00000113181,0.001,62.31581250733508,1.0,0.001,0.001,0.001549497574159408,0.16335675342746842,100,100
ENSMUSG00000113183,0.001,62.31581250733508,1.0,0.001,0.001,0.0018204721012836926,0.12604968440516023,100,100
ENSMUSG00000113184,0.001,62.31581250733508,1.0,0.001,0.0010000000000000009,0.0021809639208722788,0.3688951690472725,100,100
ENSMUSG00000113185,0.001,66.84427540036525,1.0,0.001,0.0010000000000000005,0.001698989964779063,0.20489170356714517,100,100
ENSMUSG00000113188,0.001,57.620632314225304,1.0,0.001,0.001,0.002007405076239417,0.19874743047637305,100,100
ENSMUSG00000113190,0.001,66.84427540036525,1.0,0.001,0.001,0.002050757846873951,0.314595376151395,100,100
ENSMUSG00000113191,0.001,62.31581250733508,1.0,0.001,0.001,0.001644468761024016,0.3597447192391353,100,100
ENSMUSG00000113193,0.5589463582676405,139.38998167111998,1.1423196774714812,0.001,7.861776679321499,0.0011014536480117836,0.14994040579457862,100,100
ENSMUSG00000113195,0.001,62.31581250733508,1.0,0.001,0.0010000000000000009,0.0018419003408745717,0.06490456399732075,100,100
ENSMUSG00000113196,0.001,61.88525872635182,1.0,0.001,0.001,0.0016211125445848922,0.16442111844649296,100,100
ENSMUSG00000113200,4.132577005576439,999.9999999828615,1.0,0.001,8.301706961426481,0.0010000039033010268,0.045970151911862656,100,100
ENSMUSG00000113202,0.001,62.31581250733508,1.0,0.001,0.001,0.0017532896789558229,0.2128892118315237,100,100
ENSMUSG00000113204,0.2634405478087656,27.40140579708618,31.76716297896188,0.001,0.3906068805749492,0.7247020311247265,450.03629051114115,100,100
ENSMUSG00000113209,0.001,62.31581250733508,1.0,0.001,0.0010000000000000005,0.0014448355669671466,0.275519250974561,100,100
ENSMUSG00000113212,0.001,62.31581250733508,1.0,0.001,0.0010000000000000005,0.001717545599593247,0.10282985316525335,100,100
ENSMUSG00000113216,2.9054273164315245,691.0128784415205,1.0,0.001,8.575505123020967,0.0010214625743705666,0.16369286502606192,100,100
ENSMUSG00000113217,16.996474137417827,488.6101148491686,1.1063242094713497,1.121694977758372,48.59563249265267,0.0010032519657150827,0.008909804096857567,100,100
ENSMUSG00000113223,0.001,62.31581250733508,1.0,0.001,0.001,0.0015439922573970157,0.18623539871485026,100,100
ENSMUSG00000113224,4.132577005576439,999.9999999828615,1.0,0.001,8.336938565173737,0.0010000000000386926,0.07483988725249646,100,100
ENSMUSG00000113235,0.001,62.31581250733508,1.0,0.001,0.001,0.0018050809136504697,0.05146102018906411,100,100
ENSMUSG00000113236,0.026895758229316145,22.536358183081816,34.282096157403025,0.001,1.2393076417887336,0.0065464387659528635,68.46113733945712,100,100
ENSMUSG00000113237,0.001,17.69491829209777,1.0,0.001,0.001,0.009607002125884024,0.7153727090066506,100,100
ENSMUSG00000113238,0.001,62.31581250733508,1.0,0.001,0.001,0.001393373712268345,0.23088522574600723,100,100
ENSMUSG00000113239,0.001,62.31581250733508,1.0,0.001,0.001,0.0022617569852777914,0.11417653566434041,100,100
ENSMUSG00000113246,0.001,62.31581250733508,1.0,0.001,0.001,0.0018536127273497236,0.08013410498581838,100,100
ENSMUSG00000113249,0.001,61.45463549419866,1.0,0.001,0.0010000000000000009,0.001677438333323151,0.11519343126963114,100,100
ENSMUSG00000113250,1.4264657657904025,341.6272039188167,1.0,0.001,9.095575023289133,0.0010000000022256225,0.10883183726002027,100,100
ENSMUSG00000113252,0.001,62.31581250733508,1.0,0.001,0.001,0.001734535812173112,0.14420226865955738,100,100
ENSMUSG00000113255,0.001,39.93455743398977,1.0,0.001,0.0010000000000000009,0.0024094212936610114,0.5600982218149193,100,100
ENSMUSG00000113262,0.010959708699185515,19.69427051951811,22.45026967219197,0.001,4.203687788162064,0.001000075690449873,13.036165229716168,100,100
ENSMUSG00000113265,0.001,62.31581250733508,1.0,0.001,0.001,0.0020515192230958906,0.12634182845434394,100,100
ENSMUSG00000113275,4.528771863643603,999.9999998978242,1.0,0.001,8.76734781944656,0.0010002545442821067,0.07899085594416484,100,100
ENSMUSG00000113290,0.001,62.31581250733508,1.0,0.001,0.001,0.0019769509531021266,0.27041571501578465,100,100
ENSMUSG00000113294,0.7975136662668774,190.70639373502934,1.000000000002808,0.001,8.51386099025748,0.0010000000000347441,0.05978253080842121,100,100
ENSMUSG00000113295,0.001,62.31581250733508,1.0,0.001,0.001,0.00152238685474672,0.17726830286644915,100,100
ENSMUSG00000113298,0.001,62.31581250733508,1.0,0.001,0.001,0.0015327074939910708,0.19888094747865137,100,100
ENSMUSG00000113300,0.001,62.31581250733508,1.0,0.001,0.001,0.0016866694804245704,0.2009716374632177,100,100
ENSMUSG00000113302,0.31835174886935996,1.7637116117672254,8.267185045417524,0.057772213786230396,0.4997017585522737,2.604590741690477,35.19284032779955,100,100
ENSMUSG00000113303,0.001,62.31581250733508,1.0,0.001,0.001,0.0020280415961197477,0.154284272128425,100,100
ENSMUSG00000113310,0.001,62.31581250733508,1.0,0.001,0.001,0.0017410869972512605,0.5970113817967035,100,100
ENSMUSG00000113311,0.001,30.237409327554133,1.0,0.001,0.001,0.003138776674599972,0.2709057333802216,100,100
ENSMUSG00000113313,0.001,62.31581250733508,1.0,0.001,0.001,0.0017949543141493542,0.10189038519351014,100,100
ENSMUSG00000113315,0.001,62.31581250733508,1.0,0.001,0.001,0.0015841733980356768,0.08648227363671827,100,100
ENSMUSG00000113318,0.020065592510211953,0.9420792239679938,1.0,0.001,14.727779865362738,0.001000061783326312,10.028643948001076,100,100
ENSMUSG00000113321,0.001,66.84427540036525,1.0,0.001,0.001,0.0016803284483383136,0.2685137028787908,100,100
ENSMUSG00000113326,0.21653038337388364,0.7551289114205549,3.7772044407442444,0.01704771422316648,0.5896756771511731,1.4600465542957426,164.58013161056965,100,100
ENSMUSG00000113328,0.12416456826024339,18.321159372679418,7.372610806401624,0.03199755962124963,35.74143691196262,0.0011668555602304177,1.8411131840126769,100,100
ENSMUSG00000113332,0.001,62.31581250733508,1.0,0.001,0.001,0.0023526944363126637,0.26248251528146066,100,100
ENSMUSG00000113334,1.9751834003142985,475.50700159073045,1.0,0.001,8.34062836271089,0.001000000003558126,0.11935481743593959,100,100
ENSMUSG00000113335,0.001,62.31581250733508,1.0,0.001,0.001,0.001618640908654665,0.39133500686127465,100,100
ENSMUSG00000113338,0.12600296633541722,3.6583899901557526,1.9844795265928512,0.0020704283774068853,27.921024446498706,0.0014631328873834113,27.37791503508172,100,100
ENSMUSG00000113341,3.338165727611042,807.3831051292377,1.0,0.001,8.22341510023388,0.001,0.049987769631095885,100,100
ENSMUSG00000113346,0.001,62.31581250733508,1.0,0.001,0.001,0.0017326107773793869,0.27508791233395613,100,100
ENSMUSG00000113349,0.001,62.31581250733508,1.0,0.001,0.001,0.001667033995834111,0.156466191366743,100,100
ENSMUSG00000113357,0.001,62.31581250733508,1.0,0.001,0.001,0.0022438286742180367,0.17231734410001687,100,100
ENSMUSG00000113359,0.001,66.84427540036525,1.0,0.001,0.001,0.001827878590916735,0.08655486475512143,100,100
ENSMUSG00000113360,0.001,62.31581250733508,1.0,0.001,0.001,0.0017261391508373524,0.41219209806269913,100,100
ENSMUSG00000113361,0.27167151099842346,17.466819696199245,5.4430399501729525,0.07777566713716245,59.418830385512464,0.0013805126484832879,0.9170481737853728,100,100
ENSMUSG00000113362,1.4264657657904025,341.6272039188167,1.0,0.001,8.292796696760309,0.0012483777013507294,0.08002276141360848,100,100
ENSMUSG00000113366,0.001,62.31581250733508,1.0,0.001,0.001,0.001601182715534419,0.08494584326261266,100,100
ENSMUSG00000113370,0.001,62.31581250733508,1.0,0.001,0.001,0.0015471025964896006,0.12012720263197174,100,100
ENSMUSG00000113379,6.137110353326569,741.0836400080597,1.0093443587554405,0.001,14.271297949402756,0.0010000000000308293,0.03475600100917994,100,100
ENSMUSG00000113380,0.011087324129108646,18.906171456527666,21.580935370600457,0.001,2.5694825508849424,0.0016139456607131449,24.067000122996802,100,100
ENSMUSG00000113383,0.001,62.31581250733508,1.0,0.001,0.001,0.0016984249201616067,0.2304354892371865,100,100
ENSMUSG00000113385,0.001,61.88525872635182,1.0,0.001,0.001,0.0015509011034506308,0.35269263009028484,100,100
ENSMUSG00000113387,4.132577005576439,999.9999999828615,1.0,0.001,9.437002284063603,0.0010195338024263532,0.07332498297303434,100,100
ENSMUSG00000113390,0.001,62.31581250733508,1.0,0.001,0.0010000000000000005,0.0018028558357826002,0.12675813599166758,100,100
ENSMUSG00000113392,0.001,61.674132606755,1.0,0.001,0.001,0.0019470320514645139,0.15761874886327532,100,100
ENSMUSG00000113404,0.001,62.31581250733508,1.0,0.001,0.001,0.0017299356051950071,0.5232389837580497,100,100
ENSMUSG00000113411,0.001,66.84427540036525,1.0,0.001,0.0010000000000000005,0.001649788229354354,0.3992550446124473,100,100
ENSMUSG00000113413,0.001,61.674132606755,1.0,0.001,0.001,0.0017278858024597009,0.07204047705703917,100,100
ENSMUSG00000113419,0.001,66.84427540036525,1.0,0.001,0.001,0.0017010001525546215,0.13954522158604918,100,100
ENSMUSG00000113423,0.001,62.31581250733508,1.0,0.001,0.001,0.001981721615663741,0.15072978999874298,100,100
ENSMUSG00000113424,0.001,60.60768216058454,1.0,0.001,0.001,0.0017914527760880515,0.07232937661335145,100,100
ENSMUSG00000113425,0.01323746392155594,21.80442110554535,33.61059846924557,0.001,1.3176130479370702,0.0030346757422819496,38.1862114766882,100,100
ENSMUSG00000113427,0.001,62.31581250733508,1.0,0.001,0.001,0.0021385056856501753,1.0829665194618348,100,100
ENSMUSG00000113428,0.001,35.848363551018835,1.0,0.001,0.001,0.0029543975982318366,0.16455868334258994,100,100
ENSMUSG00000113430,0.001,62.31581250733508,1.0,0.001,0.0010000000000000005,0.001885128866968819,0.07787593201926007,100,100
ENSMUSG00000113431,11.342674612449658,555.3742845692798,1.0347904912042938,0.001,31.05811138427055,0.001,0.008924839129645673,100,100
ENSMUSG00000113432,0.001,66.84427540036525,1.0,0.001,0.001,0.0018077089126472081,0.11882159894685856,100,100
ENSMUSG00000113434,0.001,66.84427540036525,1.0,0.001,0.001,0.0020907625291608258,0.18041694944529363,100,100
ENSMUSG00000113439,0.001,62.31581250733508,1.0,0.001,0.001,0.0015253217916232798,0.15887600079479114,100,100
ENSMUSG00000113449,0.001,62.31581250733508,1.0,0.001,0.001,0.001541361935346645,0.08791174014324049,100,100
ENSMUSG00000113450,0.26912742842453824,0.881924131409836,2.3726528664134894,0.001,0.6760262243635881,0.8786506153001064,1096.1919630317539,100,100
ENSMUSG00000113454,0.001,62.31581250733508,1.0,0.001,0.001,0.001503828151755629,0.1557631081537736,100,100
ENSMUSG00000113455,0.001,66.84427540036525,1.0,0.001,0.0010000000000000005,0.001846368700776949,0.36932796844702664,100,100
ENSMUSG00000113462,0.001,62.31581250733508,1.0,0.001,0.001,0.0016229195321707315,0.12837402833983508,100,100
ENSMUSG00000113466,0.013222804332758856,21.453301044967294,33.117421423241474,0.001,1.5531413830821263,0.0020301765419886214,26.312221374768235,100,100
ENSMUSG00000113467,5.876119951007304,714.6535840616135,1.017782823937638,0.001,16.659288265686172,0.0010000176735159964,0.02682459731829771,100,100
ENSMUSG00000113472,0.25795818388049935,17.419343760992547,5.537731509441995,0.015347698485014936,35.96738620941121,0.0012747690135863944,1.7196384928999464,100,100
ENSMUSG00000113473,0.001,62.31581250733508,1.0,0.001,0.001,0.0015382049820364704,0.14453969224703941,100,100
ENSMUSG00000113478,0.001,62.31581250733508,1.0,0.001,0.001,0.001439735596139139,0.3233474609195488,100,100
ENSMUSG00000113479,0.001,66.84427540036525,1.0,0.001,0.001,0.0016241474675569032,0.3182930520276721,100,100
ENSMUSG00000113488,0.001,62.31581250733508,1.0,0.001,0.001,0.001962658718576663,0.15643650850263838,100,100
ENSMUSG00000113491,0.05963409007609192,0.5792374842163414,1.0,0.001,0.5648879667763098,0.11477684183781933,73.38864138936262,100,100
ENSMUSG00000113492,0.001,62.31581250733508,1.0,0.001,0.001,0.002066216982045544,0.10980229160271338,100,100
ENSMUSG00000113494,0.001,62.31581250733508,1.0,0.001,0.001,0.001884716639155004,0.14765445450908962,100,100
ENSMUSG00000113497,0.001,62.31581250733508,1.0,0.001,0.001,0.001866419411080197,0.10329144612615573,100,100
ENSMUSG00000113500,0.001,62.31581250733508,1.0,0.001,0.0010000000000000005,0.001682172355394859,0.1111458129757178,100,100
ENSMUSG00000113504,0.001,13.596412732960566,1.0,0.001,0.001,0.03011722594234853,4.5541139712693095,100,100
ENSMUSG00000113506,0.001,61.45463549419866,1.0,0.001,0.001,0.0018178209456069763,0.21112423204920597,100,100
ENSMUSG00000113510,0.001,66.84427540036525,1.0,0.001,0.001,0.001446408990293963,0.21973148811798998,100,100
ENSMUSG00000113511,0.001,66.84427540036525,1.0,0.001,0.001,0.0018766302425210306,0.24364189360113128,100,100
ENSMUSG00000113514,0.001,62.31581250733508,1.0,0.001,0.0010000000000000005,0.0014863247401834304,0.22477158912243808,100,100
ENSMUSG00000113515,2.785449991810826,662.422900792494,1.0,0.001,7.724406603662315,0.00100490490426383,0.07557350986875763,100,100
ENSMUSG00000113519,0.001,61.88525872635182,1.0,0.001,0.0010000000000000009,0.001506588435765453,0.11804123508601955,100,100
ENSMUSG00000113521,12.79036855908566,688.8972216553678,1.0169050189798323,0.04256970545337898,32.20364965580381,0.001,0.009010558331875841,100,100
ENSMUSG00000113524,0.001,62.31581250733508,1.0,0.001,0.001,0.0018872659519914947,0.19549024390711417,100,100
ENSMUSG00000113527,1.827408594187776,433.33200259696997,1.0,0.001,8.052401303842933,0.0010751744046339428,0.10976177086818027,100,100
ENSMUSG00000113528,2.019629474404797,483.97752178544295,1.0030151681659596,0.001,14.055638683658312,0.0010000000000137282,0.06141987795722023,100,100
ENSMUSG00000113529,11.489200773906715,696.0866200383866,1.0190108696821414,0.001,28.398781008233662,0.001,0.02288482438664578,100,100
ENSMUSG00000113535,0.001,61.45463549419866,1.0,0.001,0.001,0.001773168849242578,0.20681694477037282,100,100
ENSMUSG00000113536,1.3621601581396314,320.9700734799249,1.0,0.001,6.709831233268147,0.0011623803967428753,0.08443695495206277,100,100
ENSMUSG00000113555,0.001,29.806820499156235,1.0,0.001,0.0010000000000000009,0.0031369079667193005,0.29906990796941607,100,100
ENSMUSG00000113557,0.001,62.31581250733508,1.0,0.001,0.001,0.0017587628422252766,0.3410915537477241,100,100
ENSMUSG00000113566,0.001,66.84427540036525,1.0,0.001,0.0010000000000000005,0.0018690374464246373,0.3948824962162063,100,100
ENSMUSG00000113569,2.4775427603301186,591.623848152653,1.0,0.001,7.011538741831587,0.0012460165052656136,0.1718454432221649,100,100
ENSMUSG00000113570,0.001,60.37820284006485,1.0,0.001,0.0010000000000000005,0.0017859578499105004,0.559996112486473,100,100
ENSMUSG00000113571,0.001,66.84427540036525,1.0,0.001,0.001,0.0016075614642456632,0.21633002714639396,100,100
ENSMUSG00000113574,0.001,61.88525872635182,1.0,0.001,0.0010000000000000005,0.0016577956300152846,0.1171278624688036,100,100
ENSMUSG00000113581,0.3543195993300458,7.559481171180595,46.56477242367068,0.2151701027197485,0.4505608809660644,4.81997049335802,12.27958548048452,100,100
ENSMUSG00000113584,4.132577005576439,999.9999999828615,1.0,0.001,6.433437196088047,0.0010062032350033594,0.06517658981602936,100,100
ENSMUSG00000113585,0.008435541206487377,20.86232032984779,71.37554003709585,0.001,1.886597082088812,0.0014870666021847218,41.45183570623217,100,100
ENSMUSG00000113586,0.001,61.88525872635182,1.0,0.001,0.001,0.0018267893719424735,0.2952118204854175,100,100
ENSMUSG00000113587,0.001,62.31581250733508,1.0,0.001,0.0010000000000000005,0.002006956092858259,0.10499125899819098,100,100
ENSMUSG00000113589,0.001,66.84427540036525,1.0,0.001,0.001,0.001511658359404428,0.5395851321081955,100,100
ENSMUSG00000113591,0.001,62.31581250733508,1.0,0.001,0.001,0.0017049731098162323,0.18255314498851882,100,100
ENSMUSG00000113592,0.001,62.31581250733508,1.0,0.001,0.001,0.001676418649854993,0.1564170782501145,100,100
ENSMUSG00000113596,0.001,62.31581250733508,1.0,0.001,0.001,0.001682040975155453,0.5095746698935596,100,100
ENSMUSG00000113600,0.12611378054791209,16.02040612323705,27.052370788752526,0.001,0.23420837952359905,0.810536264492091,310.19537208364807,100,100
ENSMUSG00000113601,0.001,66.84427540036525,1.0,0.001,0.0010000000000000005,0.001665516085377323,0.20945393917254146,100,100
ENSMUSG00000113603,0.001,62.31581250733508,1.0,0.001,0.001,0.0017379823624949307,0.1721154708703932,100,100
ENSMUSG00000113611,0.001,23.348072830583654,1.0,0.001,0.001,0.003791613787999218,0.6708782675424954,100,100
ENSMUSG00000113612,0.0025632295128746848,7.5223393240663246,33.75333452229299,0.001,0.023295977791962214,0.0026341663326659966,28.44574958087499,100,100
ENSMUSG00000113623,0.001,61.45463549419866,1.0,0.001,0.0010000000000000005,0.002125255440116188,0.18385125763641996,100,100
ENSMUSG00000113625,0.001,19.90340172306599,1.0,0.001,0.001,0.00460100564779639,0.7700784398687177,100,100
ENSMUSG00000113626,0.0033129450696355337,9.376565894230945,23.411888322183614,0.001,0.07871621675725285,0.0019051624944398495,21.895421521360483,100,100
ENSMUSG00000113629,1.4264657657904025,341.6272039188167,1.0,0.001,6.542859765659587,0.001000000022022612,0.04058076147191242,100,100
ENSMUSG00000113634,0.001,62.31581250733508,1.0,0.001,0.001,0.001681049069770634,0.2285287982421856,100,100
ENSMUSG00000113640,0.02287962889962047,20.504144821327017,14.914040730297275,0.001,14.780187352915044,0.0011060418192596262,32.96298698710163,100,100
ENSMUSG00000113642,0.001,60.60768216058454,1.0,0.001,0.001,0.0015343062297091085,0.17434262864924896,100,100
ENSMUSG00000113645,0.001,62.31581250733508,1.0,0.001,0.001,0.0016176477854733117,0.18620486104887535,100,100
ENSMUSG00000113647,0.0032079960951040534,9.289832689011513,23.399263341457136,0.001,0.0811787870676289,0.0016309426784382917,16.75789171072823,100,100
ENSMUSG00000113648,0.001,62.31581250733508,1.0,0.001,0.001,0.001731156170245234,0.27549597552214133,100,100
ENSMUSG00000113650,0.001,66.84427540036525,1.0,0.001,0.001,0.0014332889324872033,0.15595323370524794,100,100
ENSMUSG00000113656,0.001,62.31581250733508,1.0,0.001,0.001,0.0016254304587151975,0.15687176709957723,100,100
ENSMUSG00000113660,0.001,58.00999307220888,1.0,0.001,0.001,0.0016596671236202135,0.1378815534681632,100,100
ENSMUSG00000113662,0.01667952126960816,2.0952628864790626,3.130403223515299,0.001,8.748661658975989,0.0012712249593075317,4.180674135672149,100,100
ENSMUSG00000113665,0.4056281046251921,12.164161336979683,23.79570507764126,0.18637527777683047,0.6222667305242155,1.1823328659594474,4.826123232978662,100,100
ENSMUSG00000113666,0.001,62.31581250733508,1.0,0.001,0.0010000000000000009,0.001923560314781599,0.13250494934164894,100,100
ENSMUSG00000113679,0.001,62.31581250733508,1.0,0.001,0.0010000000000000005,0.0017299839641485622,0.1602682821838589,100,100
ENSMUSG00000113680,0.001,62.31581250733508,1.0,0.001,0.0010000000000000009,0.0017679754879392304,0.20534779725758406,100,100
ENSMUSG00000113683,0.1062258001875348,18.409816092446487,8.014076683517562,0.009220493513629992,27.326576870803514,0.0012687107275088565,3.7656734147442883,100,100
ENSMUSG00000113687,0.001,62.31581250733508,1.0,0.001,0.001,0.0019513295393030117,0.16072602642911366,100,100
ENSMUSG00000113688,0.001,66.84427540036525,1.0,0.001,0.001,0.001839780644126803,0.07965845329316854,100,100
ENSMUSG00000113689,0.001,62.31581250733508,1.0,0.001,0.0010000000000000005,0.002160397465947167,0.1276210280485886,100,100
ENSMUSG00000113690,9.010182238494918,936.5678220887477,1.0,0.001,19.431504677416083,0.001,0.009626443506549858,100,100
ENSMUSG00000113691,0.001,60.188376913276144,1.0,0.001,0.0010000000000000009,0.00196034753129871,0.21747698404731491,100,100
ENSMUSG00000113692,0.001,62.31581250733508,1.0,0.001,0.0010000000000000005,0.001738266536795006,0.10808711638735627,100,100
ENSMUSG00000113696,0.001,62.31581250733508,1.0,0.001,0.001,0.0020435541231932962,0.0800241366915197,100,100
ENSMUSG00000113699,14.561288811251934,865.9886203823163,1.0,0.001,26.802100018801063,0.0010000000001417107,0.00896374436210776,100,100
ENSMUSG00000113701,9.9943060989002,581.7231553678266,1.0,0.001,23.164627413449644,0.001,0.009446955288432382,100,100
ENSMUSG00000113706,2.2909001878826274,546.7058370600222,1.0,0.001,7.406760823137239,0.0010099138686685519,0.04476409533248599,100,100
ENSMUSG00000113707,0.011301451485817732,1.6513747616529335,48.82654659167482,0.001,0.15181715516261812,0.3423641450329572,78.05765585263232,100,100
ENSMUSG00000113711,0.8851908330809943,212.44662419193685,1.0,0.001,11.676865910397122,0.00108073262818273,0.18252630576997217,100,100
ENSMUSG00000113716,0.001,62.31581250733508,1.0,0.001,0.001,0.0017038795310188432,0.35266327622125315,100,100
ENSMUSG00000113722,0.4978465513101963,4.012215259636344,2.8223139961353643,0.031076480851633656,1.0186606568748937,0.3267193872346539,16.545879585633152,100,100
ENSMUSG00000113732,4.151342993858895,1000.0,1.0,0.001,12.246277915361201,0.0010000000000119414,0.11342802180919953,100,100
ENSMUSG00000113737,0.6437621963837976,154.64850262092747,1.0,0.001,9.299016370630087,0.001000000000001877,0.07120303735574582,100,100
ENSMUSG00000113741,0.8351502032981986,199.10283567453752,1.0,0.001,5.39894471361826,0.001206650363366056,0.1485744537410188,100,100
ENSMUSG00000113743,0.001,60.188376913276144,1.0,0.001,0.001,0.002167776112249709,0.1340221849402473,100,100
ENSMUSG00000113746,0.001,61.88525872635182,1.0,0.001,0.0010000000000000009,0.0017392005889671912,0.20385651371083807,100,100
ENSMUSG00000113749,0.008433782267349792,7.341383050623499,41.522152482867135,0.001,10.357690332273588,0.0010061172022494621,85.46946307682904,100,100
ENSMUSG00000113750,3.264319570137979,389.6815781198777,1.0312254183434875,0.001,12.840967545443805,0.0010000000004871362,0.03675419951863563,100,100
ENSMUSG00000113752,21.10745841388985,1000.0,1.0,0.001,35.80253824108517,0.001,0.008675748676940813,100,100
ENSMUSG00000113753,0.001,58.440570410729244,1.0,0.001,0.0010000000000000005,0.0018049106805473412,0.13399385910042028,100,100
ENSMUSG00000113754,0.001,62.31581250733508,1.0,0.001,0.001,0.0016008097479418,0.07762923586242443,100,100
ENSMUSG00000113755,0.001,62.31581250733508,1.0,0.001,0.001,0.0015991054270473924,0.11768586529227643,100,100
ENSMUSG00000113757,0.040522521031617235,19.862145928256606,10.479325724517915,0.001,19.6702581789586,0.001021956640672208,8.240720521230038,100,100
ENSMUSG00000113766,0.001,62.31581250733508,1.0,0.001,0.001,0.0016877730926832164,0.2373790692568581,100,100
ENSMUSG00000113769,0.022601247609480155,20.822040577788496,15.142117978773767,0.001,12.045126698338219,0.0010402465743206484,12.813429068800321,100,100
ENSMUSG00000113771,0.001,62.31581250733508,1.0,0.001,0.001,0.0014663126030297973,0.11864830715671959,100,100
ENSMUSG00000113774,0.09069164545153123,2.644626654510094,1.0,0.0034481017877631024,30.832740358821834,0.001123541978872418,1.2560330634876677,100,100
ENSMUSG00000113775,0.8926463179638354,213.73449413116046,1.0,0.001,8.099096956706212,0.0010361585868439926,0.03255259004023883,100,100
ENSMUSG00000113776,0.039671518371497405,20.35865666198796,10.741519501987655,0.001,22.023777266323407,0.0010117526102334656,2.3598421337389777,100,100
ENSMUSG00000113780,0.001,61.88525872635182,1.0,0.001,0.001,0.0017701922158757035,0.16131022476980925,100,100
ENSMUSG00000113781,0.001,62.31581250733508,1.0,0.001,0.0010000000000000005,0.001983386948501181,0.33517963518953564,100,100
ENSMUSG00000113784,0.001,62.31581250733508,1.0,0.001,0.001,0.0016807937250926143,0.39373770955885157,100,100
ENSMUSG00000113786,0.001,62.31581250733508,1.0,0.001,0.001,0.0016707741240187552,0.11671298010641801,100,100
ENSMUSG00000113789,0.061970209696937964,6.740545988135892,6.404732962638303,0.005328791384580211,25.495892931395964,0.0013171342251689004,4.04298771600726,100,100
ENSMUSG00000113790,0.001,60.80878088638715,1.0,0.001,0.001,0.002322188874598118,0.17262282911470758,100,100
ENSMUSG00000113791,2.684773051267332,649.196933434762,1.0,0.001,7.338229768170395,0.0011025678776942775,0.05907535224237741,100,100
ENSMUSG00000113792,0.001,62.31581250733508,1.0,0.001,0.0010000000000000005,0.0016178498539101455,0.1269465590137185,100,100
ENSMUSG00000113796,0.001,62.31581250733508,1.0,0.001,0.001,0.0020297659865952,0.10277967283055084,100,100
ENSMUSG00000113800,0.001,61.024058264401226,1.0,0.001,0.0010000000000000009,0.0018901254149211707,0.16481546361236782,100,100
ENSMUSG00000113804,8.30227979909083,999.999999943638,1.0,0.001,17.612452345587094,0.001,0.01917834966650852,100,100
ENSMUSG00000113811,0.001,60.188376913276144,1.0,0.001,0.001,0.0015747261321153218,0.14610856692476779,100,100
ENSMUSG00000113814,0.001,62.31581250733508,1.0,0.001,0.001,0.0018847207982590976,0.13221266321189107,100,100
ENSMUSG00000113816,0.001,62.31581250733508,1.0,0.001,0.001,0.0016498974810623995,0.2135926103999226,100,100
ENSMUSG00000113817,0.001,62.31581250733508,1.0,0.001,0.001,0.0019115595915383578,0.1878942381276834,100,100
ENSMUSG00000113819,0.001,62.31581250733508,1.0,0.001,0.001,0.0015397688563867896,0.1384109783304422,100,100
ENSMUSG00000113821,0.001,62.31581250733508,1.0,0.001,0.001,0.0018260645666304414,0.11464493146497698,100,100
ENSMUSG00000113831,0.16189634858132712,18.05979763418711,4.167609398974065,0.001,36.86405054129517,0.001043415921247476,1.0307402118149176,100,100
ENSMUSG00000113835,0.001,62.31581250733508,1.0,0.001,0.001,0.001779955203397513,0.30340525201738683,100,100
ENSMUSG00000113836,1.2376808717085583,295.4495942554862,1.029948899840649,0.001,4.965741795747071,0.0010723072385636476,0.1829438046006113,100,100
ENSMUSG00000113841,0.4605994226325655,17.31433348406745,2.1167537231396967,0.028499492312576966,49.550042535043715,0.0012028947237067698,0.786573621630838,100,100
ENSMUSG00000113842,0.001,62.31581250733508,1.0,0.001,0.001,0.0015072274492852812,0.28823023427286154,100,100
ENSMUSG00000113845,0.001,60.80878088638715,1.0,0.001,0.001,0.0018010435449721885,0.2638955721541893,100,100
ENSMUSG00000113848,0.001,62.31581250733508,1.0,0.001,0.0010000000000000009,0.0014287336967641014,0.11977240635461589,100,100
ENSMUSG00000113852,0.01319210916601494,21.37159210862442,33.63216473393034,0.001,4.541561785758953,0.0015853893193047254,21.6140955430741,100,100
ENSMUSG00000113853,18.087376945457958,528.5409928096246,1.0,1.0580553389343053,49.811125593170374,0.001,0.008997760801890447,100,100
ENSMUSG00000113857,0.001,66.84427540036525,1.0,0.001,0.001,0.001770865268393602,0.2280210301307482,100,100
ENSMUSG00000113859,0.001,60.80878088638715,1.0,0.001,0.0010000000000000005,0.0014028688513390156,1.0303578094970305,100,100
ENSMUSG00000113864,0.001,66.84427540036525,1.0,0.001,0.001,0.0015816944358539855,0.12006578343208563,100,100
ENSMUSG00000113865,0.09061047795669559,0.43978412472847656,5.681007449814626,0.007533983536250899,0.20482433932536206,4.408714060896887,115.64256950503425,100,100
ENSMUSG00000113867,0.001,62.31581250733508,1.0,0.001,0.001,0.0018675675753410989,0.10710433030137587,100,100
ENSMUSG00000113868,0.12462433320606811,4.896500827428989,9.511942919284358,0.0023351045330525233,0.23824697333037276,0.8780300358085269,115.34056833147804,100,100
ENSMUSG00000113869,0.001,66.84427540036525,1.0,0.001,0.001,0.0019048836157144304,0.2010615750429975,100,100
ENSMUSG00000113871,16.263549605004027,999.9999999918795,1.02836797960788,0.001,24.28864301886695,0.001,0.008994903911654507,100,100
ENSMUSG00000113875,0.1920746181924755,9.3586945834456,3.6845850378936036,0.059165040555378995,45.18028170939129,0.0012626817335609918,1.172793669961127,100,100
ENSMUSG00000113877,0.001,62.31581250733508,1.0,0.001,0.001,0.001558390853307445,0.2340961775561412,100,100
ENSMUSG00000113878,0.001,62.31581250733508,1.0,0.001,0.001,0.0016945575336997064,0.12419633926876672,100,100
ENSMUSG00000113880,0.06168936442671788,19.38889498183481,7.941767233707989,0.001,18.00909716793123,0.0010005039776830797,8.291014890050738,100,100
ENSMUSG00000113883,0.001,66.84427540036525,1.0,0.001,0.0010000000000000005,0.00172199689023201,0.15037872537476307,100,100
ENSMUSG00000113885,0.001,61.88525872635182,1.0,0.001,0.001,0.0014517230028600761,0.11368209436574633,100,100
ENSMUSG00000113886,0.001,62.31581250733508,1.0,0.001,0.001,0.001797971483695682,0.060811277092241,100,100
ENSMUSG00000113891,0.001,62.31581250733508,1.0,0.001,0.001,0.001677308400330679,0.20998715618309466,100,100
ENSMUSG00000113894,17.755139458501272,830.4312386244359,1.0,0.001,25.122222176793297,0.0010000000000097943,0.00891851603759269,100,100
ENSMUSG00000113895,0.001,61.88525872635182,1.0,0.001,0.001,0.0016143986832508192,0.07580763939261731,100,100
ENSMUSG00000113898,0.001,66.84427540036525,1.0,0.001,0.001,0.0017981889093181681,0.14703345037607024,100,100
ENSMUSG00000113900,0.001,66.84427540036525,1.0,0.001,0.001,0.0018763332411673448,0.4554513487088383,100,100
ENSMUSG00000113902,2.49871778823083,2.145475406126015,26.056130692837144,1.6852136940628606,7.045019527968995,2.0137213465194845,20.67471453019208,100,100
ENSMUSG00000113905,4.132577005576439,999.9999999828615,1.0,0.001,8.315366125375242,0.00100071488072657,0.06134683368827404,100,100
ENSMUSG00000113907,0.4093354898662945,34.505782900355776,10.390535201740171,0.08594808653085803,9.825129187807045,0.006422445715884661,1.176146903976246,100,100
ENSMUSG00000113909,0.001,62.31581250733508,1.0,0.001,0.0010000000000000005,0.0016623158891758485,0.19317334036126033,100,100
ENSMUSG00000113910,4.165242867676982,993.2841871673811,1.0110861425037663,0.001,6.484990286821635,0.0011298881300090562,0.031959020060056055,100,100
ENSMUSG00000113913,0.008229690913302737,13.20347369329909,59.205521401833025,0.001,2.920799432675662,0.0019906847566610584,67.80403134873356,100,100
ENSMUSG00000113917,1.4275905501715376,345.13246017114864,1.0,0.001,7.195480122843213,0.0012715791500878578,0.04505984252930133,100,100
ENSMUSG00000113918,0.001,61.674132606755,1.0,0.001,0.001,0.0019171974772149102,0.14672014452506332,100,100
ENSMUSG00000113919,0.001,62.31581250733508,1.0,0.001,0.001,0.0022134041451761207,0.30390579960181485,100,100
ENSMUSG00000113922,0.001,66.84427540036525,1.0,0.001,0.001,0.001742070650369109,0.10986241990292017,100,100
ENSMUSG00000113927,0.001,62.31581250733508,1.0,0.001,0.001,0.0018833581585139775,0.24407409127849639,100,100
ENSMUSG00000113930,0.001,62.31581250733508,1.0,0.001,0.001,0.0016630779815512337,0.06174985837363681,100,100
ENSMUSG00000113931,0.001,61.674132606755,1.0,0.001,0.0010000000000000005,0.0017886502006798088,0.4845795665426403,100,100
ENSMUSG00000113935,0.001,62.31581250733508,1.0,0.001,0.001,0.0015389845457558812,0.0942899464667919,100,100
ENSMUSG00000113937,0.001,62.31581250733508,1.0,0.001,0.001,0.0016464844950416654,0.11033737400126355,100,100
ENSMUSG00000113946,0.001,62.31581250733508,1.0,0.001,0.001,0.0017524618606388222,0.24929893113785023,100,100
ENSMUSG00000113949,0.0029678991597622013,0.004633946081976999,1.7404269907139225,0.001,0.598479800662372,1.2704489913879908,1345.8565901079257,100,100
ENSMUSG00000113959,0.001,58.238635741216,1.0,0.001,0.0010000000000000005,0.0015513330592173634,0.0770150793336762,100,100
ENSMUSG00000113960,0.001,62.31581250733508,1.0,0.001,0.001,0.0018993036289662684,0.5098114366748548,100,100
ENSMUSG00000113965,2.6988729564803453,631.0265151882354,1.0,0.001,9.077112774848032,0.0010065829915454655,0.06135376580430276,100,100
ENSMUSG00000113966,0.001,61.88525872635182,1.0,0.001,0.001,0.0018051563699537864,0.1262140586644055,100,100
ENSMUSG00000113974,1.2942464081253242,312.7073817864961,1.0,0.001,4.5970141885038505,0.001,0.21577479620030687,100,100
ENSMUSG00000113975,0.001,61.88525872635182,1.0,0.001,0.001,0.0018163510664105259,0.09436008747550287,100,100
ENSMUSG00000113977,0.001,66.84427540036525,1.0,0.001,0.001,0.001503828687698446,0.1103355549039786,100,100
ENSMUSG00000113983,0.001,66.84427540036525,1.0,0.001,0.0010000000000000009,0.0014977721804430378,0.1743539767809257,100,100
ENSMUSG00000113984,15.6250468660665,517.3562229041813,1.0,0.001,37.997676053967965,0.0010000000000256254,0.00897076561957455,100,100
ENSMUSG00000113985,0.00807127038881333,1.1295087384622866,5.303342591119957,0.001,3.7172440392621526,0.0014604795465335166,52.116464604004406,100,100
ENSMUSG00000113986,0.001,66.84427540036525,1.0,0.001,0.001,0.0015650797206501188,0.1015461248864401,100,100
ENSMUSG00000113987,0.001,66.84427540036525,1.0,0.001,0.001,0.0017568055225508628,0.15824811222041152,100,100
ENSMUSG00000113995,0.010022494040821915,21.052388828604418,51.71134424056648,0.001,4.296321392489911,0.0027738566643566442,34.3329035671101,100,100
ENSMUSG00000114004,5.292520079426763,637.1269363849227,1.016077944117547,0.001,14.545335609336515,0.001,0.016405552344734804,100,100
ENSMUSG00000114005,0.04534555796244266,20.0474494148478,18.376907323861214,0.001,16.21788777946652,0.0013547255408232319,63.66324040535174,100,100
ENSMUSG00000114014,0.001,62.31581250733508,1.0,0.001,0.001,0.0015258834978451475,0.2205871510118002,100,100
ENSMUSG00000114016,0.7427257464401398,17.121251638798544,1.5158464932493436,0.02255694091172266,59.89986893377477,0.0010805463230896782,0.6636640723954581,100,100
ENSMUSG00000114017,0.001,62.31581250733508,1.0,0.001,0.001,0.0019153133111726784,0.4698697764352423,100,100
ENSMUSG00000114018,0.012000002828075394,0.13565769217309864,1.0,0.001,0.32274028932904225,0.008139262219760461,83.07545373261377,100,100
ENSMUSG00000114019,3.2723815131161427,722.210680514907,1.0173427408138636,0.001,9.126918080377127,0.0010000000001406763,0.04839221099553141,100,100
ENSMUSG00000114024,0.006527275743017802,17.094792993636926,42.716964033480686,0.001,3.7060128130481083,0.0011803232389552129,36.541409945127924,100,100
ENSMUSG00000114025,0.18890332432559395,17.589118572653327,6.802767487968948,0.001,8.68799504529486,0.0014992013504462652,1.974383789803192,100,100
ENSMUSG00000114033,0.001,62.31581250733508,1.0,0.001,0.0010000000000000009,0.0016536873409965331,0.1964607305472625,100,100
ENSMUSG00000114041,0.001,61.674132606755,1.0,0.001,0.001,0.0016152957833417297,0.16755384898456127,100,100
ENSMUSG00000114045,16.27525788720643,744.9034244113385,1.0,0.001,34.1713405433057,0.001,0.008992647845848259,100,100
ENSMUSG00000114048,0.001,66.84427540036525,1.0,0.001,0.001,0.0018731214239358328,0.8312077812484018,100,100
ENSMUSG00000114049,0.001,62.31581250733508,1.0,0.001,0.001,0.0017603738848887358,0.3408517901158151,100,100
ENSMUSG00000114050,0.001,62.31581250733508,1.0,0.001,0.001,0.002174518404310429,0.2537296866281056,100,100
ENSMUSG00000114051,0.001,61.88525872635182,1.0,0.001,0.0010000000000000005,0.0015343433338547163,0.2633593910740492,100,100
ENSMUSG00000114053,0.001,51.35734496823925,1.0,0.001,0.001,0.0016402456346182068,0.13368571298145698,100,100
ENSMUSG00000114055,0.001,62.31581250733508,1.0,0.001,0.0010000000000000005,0.0018425153464191792,0.17639307746277386,100,100
ENSMUSG00000114057,4.1336179629762935,999.9999943156627,1.0,0.001,8.37301491975913,0.0011102731034509784,0.2729644318376904,100,100
ENSMUSG00000114062,0.001,66.84427540036525,1.0,0.001,0.0010000000000000005,0.0017943480347819656,0.2031835493225858,100,100
ENSMUSG00000114068,0.001,61.88525872635182,1.0,0.001,0.001,0.0016683455730226024,0.07971072646888139,100,100
ENSMUSG00000114076,0.001,62.31581250733508,1.0,0.001,0.001,0.0015824038819415504,0.27075552531151426,100,100
ENSMUSG00000114081,0.001,66.84427540036525,1.0,0.001,0.0010000000000000005,0.0022669047447606296,0.24682948306502916,100,100
ENSMUSG00000114086,0.001,62.31581250733508,1.0,0.001,0.0010000000000000005,0.0020924839054613344,0.5891041887152678,100,100
ENSMUSG00000114087,0.001,62.31581250733508,1.0,0.001,0.0010000000000000009,0.0014590884165464626,0.18555416388938484,100,100
ENSMUSG00000114088,0.001,62.31581250733508,1.0,0.001,0.001,0.0016116761573859192,0.06196417726215388,100,100
ENSMUSG00000114094,24.221751528110385,629.2431439148689,1.0,1.7936589406991197,47.15723564209968,0.0010003496930081793,0.00851514227047229,100,100
ENSMUSG00000114095,3.7138733949594833,447.0112944358962,1.0,0.001,16.74673252045349,0.0010000000000255239,0.022020193210123273,100,100
ENSMUSG00000114099,0.001,62.31581250733508,1.0,0.001,0.001,0.0017215444635771955,0.25985041336931075,100,100
ENSMUSG00000114103,4.1281358124415855,528.6009474792796,1.0666459851237116,0.001,12.81135292431211,0.001018355988260275,0.013563788131499718,100,100
ENSMUSG00000114104,0.03281228392348255,8.698069243738288,9.953274811917488,0.0023096460708747994,17.294325577274282,0.0014375229096881014,7.132811005837311,100,100
ENSMUSG00000114106,3.3467679826601007,809.4058638924901,1.0,0.001,8.300865412834032,0.0010000000000366111,0.18375616338731024,100,100
ENSMUSG00000114110,0.001,62.31581250733508,1.0,0.001,0.001,0.0016486285144812368,0.20158290179197164,100,100
ENSMUSG00000114113,0.001,66.84427540036525,1.0,0.001,0.001,0.0016197948170048738,0.12147720786097158,100,100
ENSMUSG00000114115,0.001,62.31581250733508,1.0,0.001,0.001,0.0017990387771379104,0.08353485842447901,100,100
ENSMUSG00000114120,0.8926463179638354,213.73449413116046,1.0,0.001,6.95028608155903,0.0010749020777082096,0.05998558361475748,100,100
ENSMUSG00000114125,0.001,61.88525872635182,1.0,0.001,0.001,0.001415610778048373,0.09679547771314234,100,100
ENSMUSG00000114127,0.001,66.84427540036525,1.0,0.001,0.001,0.0016537087837590653,0.22085967867760484,100,100
ENSMUSG00000114131,0.001,62.31581250733508,1.0,0.001,0.001,0.0017426574546453018,0.12077027575123864,100,100
ENSMUSG00000114133,0.6697542785887732,0.3943633466307119,4.108880875469009,0.17310805841709398,2.8669455430349418,0.9017497827025038,67.72594034633939,100,100
ENSMUSG00000114135,13.52912566585356,756.4842188374486,1.0,0.001,24.186968939032287,0.001,0.013938849152162511,100,100
ENSMUSG00000114136,2.470709759413573,592.9845901044847,1.0,0.001,5.342926619844318,0.0012879332435930774,0.16263352486085364,100,100
ENSMUSG00000114138,0.001,66.84427540036525,1.0,0.001,0.0010000000000000005,0.0016485860231992536,0.22262854476849325,100,100
ENSMUSG00000114140,0.001,66.84427540036525,1.0,0.001,0.001,0.0018148500270427467,0.2408183447043632,100,100
ENSMUSG00000114148,0.001,62.31581250733508,1.0,0.001,0.0010000000000000005,0.0019757902832762326,0.27809883248871325,100,100
ENSMUSG00000114149,0.001,62.31581250733508,1.0,0.001,0.001,0.0018415292191726476,0.45532543770105094,100,100
ENSMUSG00000114150,7.755148649817133,999.9999998980888,1.0736776285244245,0.001,16.957661206185335,0.0010000000000133752,0.011703852239761652,100,100
ENSMUSG00000114154,0.001,62.31581250733508,1.0,0.001,0.0010000000000000005,0.00155731082634392,0.11646766003637031,100,100
ENSMUSG00000114157,0.001,66.84427540036525,1.0,0.001,0.001,0.0017674258819565204,0.3529763356791692,100,100
ENSMUSG00000114158,0.001,66.84427540036525,1.0,0.001,0.001,0.001526533505154378,0.15686980349162943,100,100
ENSMUSG00000114159,16.33630073654818,999.9999999730442,1.0216555659825657,0.001,26.697036414556997,0.001,0.011770449791368605,100,100
ENSMUSG00000114163,0.001,62.31581250733508,1.0,0.001,0.0010000000000000005,0.0016934446564791424,0.15587483851479209,100,100
ENSMUSG00000114165,0.001,61.88525872635182,1.0,0.001,0.001,0.0017030227518215618,0.20734824791813677,100,100
ENSMUSG00000114167,1.618864577899538,432.24481884438677,1.1086793463881914,0.001,14.792528837709527,0.001,0.03995946270631869,100,100
ENSMUSG00000114170,0.001,62.31581250733508,1.0,0.001,0.001,0.0017253627207028774,0.2308982783580551,100,100
ENSMUSG00000114172,0.0531035417273654,0.24620768663962259,1.0,0.001,0.47743211288870024,0.36225977590501307,225.63752048263905,100,100
ENSMUSG00000114175,0.001,62.31581250733508,1.0,0.001,0.001,0.0018223109299171105,0.20081759422347345,100,100
ENSMUSG00000114184,14.998733149018227,0.001,29.00173324395535,0.1111295957465891,31.363003835063335,1.2684242609342131,29014.322507995905,100,100
ENSMUSG00000114193,1.77889767106868,435.05565630393556,1.0337441480290168,0.001,9.684168601697733,0.0010037788317663254,0.0713390102144132,100,100
ENSMUSG00000114205,8.337541335511737,1000.0,1.0,0.001,14.088631988069336,0.001,0.037326939523447365,100,100
ENSMUSG00000114206,0.001,66.84427540036525,1.0,0.001,0.001,0.0014614409422702948,0.2972492355128298,100,100
ENSMUSG00000114210,2.7968977494920817,670.7392088866607,1.0,0.001,7.9697961745682795,0.0014395653488812527,0.07960860277692175,100,100
ENSMUSG00000114212,0.001,62.31581250733508,1.0,0.001,0.0010000000000000009,0.0017710003306327846,0.5405654161052125,100,100
ENSMUSG00000114213,0.001,66.84427540036525,1.0,0.001,0.001,0.001558431325624865,0.11094767820320404,100,100
ENSMUSG00000114220,0.03086589763515416,6.756855837143756,6.470701069194927,0.001,23.24999772883974,0.001,3.9582074347565386,100,100
ENSMUSG00000114235,0.001,62.31581250733508,1.0,0.001,0.0010000000000000005,0.0016592986817231046,0.4538173455401826,100,100
ENSMUSG00000114241,0.003234815616901195,9.843393267803918,25.064376218011514,0.001,0.07909599948815793,0.0017020793869380007,17.023877115201458,100,100
ENSMUSG00000114243,0.001,66.84427540036525,1.0,0.001,0.001,0.0018695337619448983,0.26670112586866024,100,100
ENSMUSG00000114246,4.1336179629762935,999.9999943156627,1.0,0.001,8.00179339507268,0.001,0.10399565005259465,100,100
ENSMUSG00000114253,1.7516396843847362,416.3850225706921,1.0,0.001,7.896942682823609,0.0010118352053848103,0.05703766868299613,100,100
ENSMUSG00000114255,0.22236190448134163,17.750848140244496,3.4537061737761428,0.011822505112407775,47.565435239806604,0.0010449156074004357,1.1348773023045833,100,100
ENSMUSG00000114256,3.911252269710252,958.3332849426147,1.0208715821848182,0.001,9.597552850894157,0.0010000000747920998,0.049566503707660484,100,100
ENSMUSG00000114259,0.001,62.31581250733508,1.0,0.001,0.0010000000000000005,0.0013822821631193087,0.19914005669364537,100,100
ENSMUSG00000114264,0.001,62.31581250733508,1.0,0.001,0.001,0.001541817172666128,0.34576750238483356,100,100
ENSMUSG00000114267,0.001,61.674132606755,1.0,0.001,0.001,0.0016490518937926674,0.13007408047967928,100,100
ENSMUSG00000114270,0.001,62.31581250733508,1.0,0.001,0.001,0.001800074862566421,0.1389850166233554,100,100
ENSMUSG00000114274,0.001,62.31581250733508,1.0,0.001,0.001,0.00192582268885588,0.2630618569880261,100,100
ENSMUSG00000114278,0.001,62.31581250733508,1.0,0.001,0.0010000000000000005,0.0017879367944255288,0.1728635544713617,100,100
ENSMUSG00000114279,0.001,66.84427540036525,1.0,0.001,0.001,0.0016929636000848148,0.2036455995171509,100,100
ENSMUSG00000114280,0.001,62.31581250733508,1.0,0.001,0.001,0.001911169243070134,0.16248988013058432,100,100
ENSMUSG00000114281,0.001,66.84427540036525,1.0,0.001,0.001,0.0015034621658183156,0.13066149781469327,100,100
ENSMUSG00000114282,10.601805770538768,847.6013447141378,1.0,0.001,21.01940302493231,0.001,0.02423188494839895,100,100
ENSMUSG00000114285,0.001,62.31581250733508,1.0,0.001,0.0010000000000000005,0.001490284526894303,0.20409818998467633,100,100
ENSMUSG00000114286,0.001,62.31581250733508,1.0,0.001,0.001,0.0015414736250799147,0.3468897136642839,100,100
ENSMUSG00000114291,0.001,62.31581250733508,1.0,0.001,0.0010000000000000005,0.0017533705778502563,0.06466131021860066,100,100
ENSMUSG00000114299,0.001,62.31581250733508,1.0,0.001,0.001,0.0016813530672215669,0.2199808296706108,100,100
ENSMUSG00000114301,0.001,62.31581250733508,1.0,0.001,0.001,0.001824086332138378,0.06720336534936347,100,100
ENSMUSG00000114302,0.001,62.31581250733508,1.0,0.001,0.001,0.0013251084899589941,0.20907637563498369,100,100
ENSMUSG00000114307,0.001,66.84427540036525,1.0,0.001,0.001,0.0017852048255699478,0.24476651674876299,100,100
ENSMUSG00000114309,0.001,62.31581250733508,1.0,0.001,0.0010000000000000005,0.0017084760064337056,0.18843113583001392,100,100
ENSMUSG00000114310,0.001,61.88525872635182,1.0,0.001,0.0010000000000000005,0.001686380745048164,0.11418858253159367,100,100
ENSMUSG00000114311,0.001,62.31581250733508,1.0,0.001,0.0010000000000000005,0.002054066875739763,0.0858642483530125,100,100
ENSMUSG00000114312,0.001,62.31581250733508,1.0,0.001,0.001,0.0016081279037283508,0.14386832426403673,100,100
ENSMUSG00000114315,0.001,59.101841166386166,1.0,0.001,0.001,0.0018318020055223178,0.2194259172851945,100,100
ENSMUSG00000114329,0.001,62.31581250733508,1.0,0.001,0.001,0.00183503005699035,0.09199262840867367,100,100
ENSMUSG00000114340,0.001,62.31581250733508,1.0,0.001,0.0010000000000000005,0.0016017915692285202,0.6691713468529104,100,100
ENSMUSG00000114347,0.001,62.31581250733508,1.0,0.001,0.001,0.0019432948960137527,0.056575490287760696,100,100
ENSMUSG00000114349,0.07193530554489333,18.308661685455363,7.436186559543605,0.001,26.195089318563042,0.0010020790633072398,1.9920239354556064,100,100
ENSMUSG00000114350,0.001,62.31581250733508,1.0,0.001,0.0010000000000000005,0.0016281349612661902,0.34251902086993724,100,100
ENSMUSG00000114354,0.016358559019766936,23.705413600336602,41.81402314839146,0.001,6.798909266636253,0.0013618684006602051,40.62017691571991,100,100
ENSMUSG00000114355,0.001,62.31581250733508,1.0,0.001,0.001,0.0016459565260516877,0.1423647856632977,100,100
ENSMUSG00000114357,0.001,66.84427540036525,1.0,0.001,0.001,0.0018047175650582642,0.08768952922370395,100,100
ENSMUSG00000114358,0.001,62.31581250733508,1.0,0.001,0.001,0.0018787633397788352,0.6905218950818163,100,100
ENSMUSG00000114359,0.0027647189889454726,0.006474606052085149,1.150614433524995,0.001,0.5108605343586301,0.6828632956703968,618.6890496980545,100,100
ENSMUSG00000114362,0.001,62.31581250733508,1.0,0.001,0.001,0.001613167698725189,0.22527421675000664,100,100
ENSMUSG00000114369,28.81919000140893,927.1985119198677,1.1057255186792132,1.8691750626460326,41.44189289003273,0.0010000000000039812,0.008924366620663433,100,100
ENSMUSG00000114370,6.574018758937897,528.1054458394242,1.0099279616307364,0.001,20.71365112679561,0.001000000000008692,0.009036790514681491,100,100
ENSMUSG00000114373,1.4275905501715376,345.13246017114864,1.0,0.001,10.748213320088695,0.0010000000000450605,0.08641539671889606,100,100
ENSMUSG00000114376,0.001,62.31581250733508,1.0,0.001,0.001,0.0015235455437383194,0.06478735234078849,100,100
ENSMUSG00000114378,0.001,62.31581250733508,1.0,0.001,0.001,0.0015100203936597345,0.2623579714880476,100,100
ENSMUSG00000114380,0.001,62.31581250733508,1.0,0.001,0.001,0.001603595798043898,0.0953246212821275,100,100
ENSMUSG00000114388,0.001,62.31581250733508,1.0,0.001,0.001,0.0016727407405353262,0.23246885082215912,100,100
ENSMUSG00000114389,0.001,62.31581250733508,1.0,0.001,0.001,0.0015933643494063423,0.43857915868439373,100,100
ENSMUSG00000114391,0.001,62.31581250733508,1.0,0.001,0.0010000000000000009,0.0014911985021127234,0.49203565432165147,100,100
ENSMUSG00000114401,0.001,66.84427540036525,1.0,0.001,0.001,0.0016856806895300042,0.5305912547251612,100,100
ENSMUSG00000114409,0.001,66.84427540036525,1.0,0.001,0.001,0.0013906058981232802,0.13019665889239315,100,100
ENSMUSG00000114416,0.001,62.31581250733508,1.0,0.001,0.0010000000000000009,0.0016627795886239392,1.1301805356535326,100,100
ENSMUSG00000114417,0.001,62.31581250733508,1.0,0.001,0.001,0.0017678419165889567,0.24508190248583944,100,100
ENSMUSG00000114418,0.001,62.31581250733508,1.0,0.001,0.001,0.0017971729869059431,0.13872053654115452,100,100
ENSMUSG00000114419,0.001,62.31581250733508,1.0,0.001,0.001,0.001624544287625044,0.19139874824386494,100,100
ENSMUSG00000114422,0.001,62.31581250733508,1.0,0.001,0.001,0.0015836441394226127,0.06054100965185878,100,100
ENSMUSG00000114424,4.134300499511258,1000.0,1.0,0.001,6.531874510700193,0.0010004234883470593,0.0897465128779737,100,100
ENSMUSG00000114430,0.001,60.60768216058454,1.0,0.001,0.001,0.0014367324281063544,0.17970109509276938,100,100
ENSMUSG00000114431,0.001,62.31581250733508,1.0,0.001,0.001,0.0016140130760868257,0.07760109616333216,100,100
ENSMUSG00000114432,0.001,62.31581250733508,1.0,0.001,0.001,0.0018903208148208614,0.2728299012227088,100,100
ENSMUSG00000114433,0.001,66.84427540036525,1.0,0.001,0.0010000000000000009,0.0015815239652453928,0.1761053098282439,100,100
ENSMUSG00000114436,0.08732959700007649,18.922451143427065,6.267309985638841,0.014411246608763494,27.07872747185914,0.0010153727390409208,1.483991581154298,100,100
ENSMUSG00000114438,0.001,62.31581250733508,1.0,0.001,0.001,0.001532064033506229,0.21720116195603312,100,100
ENSMUSG00000114440,0.001,61.88525872635182,1.0,0.001,0.001,0.001934791698300505,0.22608340328060444,100,100
ENSMUSG00000114442,2.0813166845897446,503.1765750646759,1.0,0.001,12.493635040120367,0.0010000000000007024,0.0601581106906137,100,100
ENSMUSG00000114452,8.11303225973062,643.1413190940958,1.0,0.001,22.6564146601519,0.001,0.008989607672319244,100,100
ENSMUSG00000114457,0.001,61.88525872635182,1.0,0.001,0.001,0.001802591781371105,0.07288872182342004,100,100
ENSMUSG00000114458,0.001,59.32355257794531,1.0,0.001,0.001,0.001781843557717933,0.10445565312189532,100,100
ENSMUSG00000114469,0.001,62.31581250733508,1.0,0.001,0.001,0.0018679987931490146,0.18280169610336594,100,100
ENSMUSG00000114470,0.001,66.84427540036525,1.0,0.001,0.001,0.0016430750937286784,0.12087152079354765,100,100
ENSMUSG00000114474,0.001,62.31581250733508,1.0,0.001,0.001,0.0014667692274652026,0.24856904493605214,100,100
ENSMUSG00000114477,0.001,62.31581250733508,1.0,0.001,0.001,0.0015029358784761822,0.1309587046116191,100,100
ENSMUSG00000114479,0.001,62.31581250733508,1.0,0.001,0.001,0.0016682400131276605,0.13030021691191018,100,100
ENSMUSG00000114481,0.001,60.60768216058454,1.0,0.001,0.001,0.002088907016005223,0.20847683704985698,100,100
ENSMUSG00000114483,0.047012242372433344,19.660772250363767,21.50901358545385,0.001,15.012420455105048,0.0017483144280067632,54.20733616279075,100,100
ENSMUSG00000114492,0.001,62.31581250733508,1.0,0.001,0.001,0.001990369091529979,0.16676667876902065,100,100
ENSMUSG00000114493,0.001,61.88525872635182,1.0,0.001,0.001,0.00172041044472266,0.23762981762675545,100,100
ENSMUSG00000114496,0.001,66.84427540036525,1.0,0.001,0.0010000000000000009,0.0013926599513191537,0.22968551296594714,100,100
ENSMUSG00000114501,0.13647755701024,2.213045880025267,1.0,0.001,38.77830768577506,0.0011402274534006755,2.5135672211411295,100,100
ENSMUSG00000114507,0.001,62.31581250733508,1.0,0.001,0.001,0.001646888563176537,0.08719553650924636,100,100
ENSMUSG00000114512,0.001,62.31581250733508,1.0,0.001,0.001,0.0017734750574678751,0.09529417437534173,100,100
ENSMUSG00000114515,1.0412593922483107,249.40287378335123,1.0,0.001,4.629565385841834,0.0010714570888214147,0.06859986944706722,100,100
ENSMUSG00000114516,8.621412790657175,666.2152981623888,1.0,0.001,24.301104665976858,0.0010000000000237536,0.009006217940820689,100,100
ENSMUSG00000114519,0.001,62.31581250733508,1.0,0.001,0.0010000000000000007,0.0016135393520421884,0.23505837181584,100,100
ENSMUSG00000114521,0.001,62.31581250733508,1.0,0.001,0.001,0.0016483078200944781,0.2310603376885742,100,100
ENSMUSG00000114524,0.10917973506013211,8.276575762547228,2.550926797588211,0.001,27.811075805832346,0.0010339297798748113,2.265120406235961,100,100
ENSMUSG00000114529,0.001,61.88525872635182,1.0,0.001,0.001,0.0015170828166698532,0.26763868427186,100,100
ENSMUSG00000114532,0.001,62.31581250733508,1.0,0.001,0.001,0.001444843481857068,0.19703956318394084,100,100
ENSMUSG00000114533,0.001,62.31581250733508,1.0,0.001,0.001,0.0015964954261987485,0.08607503213532622,100,100
ENSMUSG00000114535,0.001,61.88525872635182,1.0,0.001,0.0010000000000000005,0.0017941988292414746,0.28032055852819276,100,100
ENSMUSG00000114536,0.001,62.31581250733508,1.0,0.001,0.001,0.0015531141984944528,0.17163623041949316,100,100
ENSMUSG00000114537,0.001,62.31581250733508,1.0,0.001,0.001,0.0014978194348293104,0.12112925478900322,100,100
ENSMUSG00000114539,0.274471701491809,65.11353644473616,1.0,0.001,7.829195206725066,0.0011078788619745595,0.07198870098967855,100,100
ENSMUSG00000114540,0.20938902454581626,0.14406614284257174,4.8432215531914204,0.003651446034616965,1.4266462444961112,2.179800784268645,3198.964826221476,100,100
ENSMUSG00000114541,0.001,62.31581250733508,1.0,0.001,0.0010000000000000009,0.0018659620228394585,0.13291128144201106,100,100
ENSMUSG00000114545,0.001,66.84427540036525,1.0,0.001,0.0010000000000000009,0.001838022071130696,0.23266416972160237,100,100
ENSMUSG00000114546,0.001,62.31581250733508,1.0,0.001,0.001,0.0016187130975674241,0.21997376331396157,100,100
ENSMUSG00000114547,0.001,13.688377568927335,1.0,0.001,0.001,0.015482683769829999,2.034538819908545,100,100
ENSMUSG00000114553,0.001,62.31581250733508,1.0,0.001,0.001,0.0014449311674673954,0.12179187435449029,100,100
ENSMUSG00000114554,12.26140858492817,736.0293304671965,1.0099901686715544,0.001,27.512407131344823,0.001,0.008994419736343438,100,100
ENSMUSG00000114555,0.881564516204355,212.83947995384116,1.0,0.001,6.445925899183914,0.0011857200188928395,0.042675270759108326,100,100
ENSMUSG00000114558,0.001,61.45463549419866,1.0,0.001,0.001,0.0017949475427788113,0.388138750211812,100,100
ENSMUSG00000114563,0.001,62.31581250733508,1.0,0.001,0.001,0.0020635326767546053,0.3609760761704185,100,100
ENSMUSG00000114568,0.001,62.31581250733508,1.0,0.001,0.001,0.0016972281428865288,0.19237779313405978,100,100
ENSMUSG00000114571,0.001,62.31581250733508,1.0,0.001,0.001,0.0016848067545862711,0.10455213144300435,100,100
ENSMUSG00000114572,0.001,62.31581250733508,1.0,0.001,0.0010000000000000005,0.0017872220776536502,0.2665131644237163,100,100
ENSMUSG00000114575,3.8141469015557066,872.9871975151772,1.0,0.001,7.198610971066598,0.0010721705543719699,0.07161895758151338,100,100
ENSMUSG00000114579,9.29617907405208,999.999999975793,1.001100558457139,0.001,18.771944081718054,0.001,0.009005532157340174,100,100
ENSMUSG00000114581,0.001,62.31581250733508,1.0,0.001,0.001,0.0013929229428002675,0.04829431627649047,100,100
ENSMUSG00000114583,0.001,62.31581250733508,1.0,0.001,0.001,0.0017144201497807973,0.12274370374544487,100,100
ENSMUSG00000114584,1.0752409784945784,280.3448670159383,1.0844986976483493,0.001,8.326419383717731,0.001000918063655089,0.07524567486067377,100,100
ENSMUSG00000114585,0.001,66.84427540036525,1.0,0.001,0.001,0.0017433074629743914,0.10703300005517757,100,100
ENSMUSG00000114590,0.001,62.31581250733508,1.0,0.001,0.001,0.0016354441637786233,0.09008609693594315,100,100
ENSMUSG00000114592,0.001,62.31581250733508,1.0,0.001,0.0010000000000000009,0.0017789753487837594,0.1436701292560647,100,100
ENSMUSG00000114596,0.001,62.31581250733508,1.0,0.001,0.001,0.0017061570033226896,0.14185561058148788,100,100
ENSMUSG00000114598,0.001,62.31581250733508,1.0,0.001,0.001,0.0018715916476250067,0.22739719923696977,100,100
ENSMUSG00000114602,1.503103188885066,363.25008257950475,1.0,0.001,6.592970209946621,0.001393733715901389,0.07320882962147393,100,100
ENSMUSG00000114603,0.001,60.80878088638715,1.0,0.001,0.001,0.001771926803333357,0.1843767317416743,100,100
ENSMUSG00000114605,0.05744539526409912,19.368745739955056,18.498261524260304,0.001,9.307567344280937,0.0015343576695371407,70.88118921889514,100,100
ENSMUSG00000114607,0.001,60.80878088638715,1.0,0.001,0.001,0.001833566137921785,0.14873476406607178,100,100
ENSMUSG00000114610,5.070753975073745,612.8668166265716,1.0041799128000455,0.001,19.675156309767083,0.001,0.01533369235294254,100,100
ENSMUSG00000114612,0.001,62.31581250733508,1.0,0.001,0.0010000000000000009,0.00165998648608717,0.16474254511868425,100,100
ENSMUSG00000114617,0.001,62.31581250733508,1.0,0.001,0.0010000000000000005,0.001939276623219706,0.2235087078409998,100,100
ENSMUSG00000114622,0.49837461359885715,117.6171099226181,1.0,0.001,10.264411651764616,0.0010102268330816023,0.17097033933890227,100,100
ENSMUSG00000114627,0.001,62.31581250733508,1.0,0.001,0.001,0.0015950861633937932,0.29255337640488543,100,100
ENSMUSG00000114633,1.4275905501715376,345.13246017114864,1.0,0.001,9.592348147516798,0.0013196320891495721,0.09781930765080518,100,100
ENSMUSG00000114637,0.001,62.31581250733508,1.0,0.001,0.001,0.001934306967870471,0.14754741486453807,100,100
ENSMUSG00000114638,0.022674445416021066,19.678445679213308,14.770678877055149,0.001,11.795220672398912,0.0015517106413056344,14.931431111693774,100,100
ENSMUSG00000114649,0.001,61.88525872635182,1.0,0.001,0.001,0.0017442150260216826,0.0770796037437437,100,100
ENSMUSG00000114654,0.001,62.31581250733508,1.0,0.001,0.001,0.0014225014996231474,0.08351918846086831,100,100
ENSMUSG00000114656,0.001,62.31581250733508,1.0,0.001,0.001,0.001521103845181144,0.08425772736360321,100,100
ENSMUSG00000114662,0.035037198784431046,21.649955613261003,28.067835560176796,0.001,22.098583686180284,0.0011561252198883484,12.261848505543202,100,100
ENSMUSG00000114670,0.001,62.31581250733508,1.0,0.001,0.0010000000000000005,0.0017560676878119253,0.1439069710749962,100,100
ENSMUSG00000114672,0.001,62.31581250733508,1.0,0.001,0.0010000000000000005,0.0017433809558343553,0.31213501775723507,100,100
ENSMUSG00000114673,0.001,62.31581250733508,1.0,0.001,0.0010000000000000009,0.00166376508320441,0.1494418840792342,100,100
ENSMUSG00000114677,0.001,66.84427540036525,1.0,0.001,0.001,0.001705811494689782,0.18443757436677533,100,100
ENSMUSG00000114678,0.001,62.31581250733508,1.0,0.001,0.0010000000000000009,0.0018988391509868322,0.20864872326929812,100,100
ENSMUSG00000114681,0.004541587195931627,14.58836400748127,17.39203348125328,0.001,0.1173012505542447,0.0017204748612146483,16.238009380133978,100,100
ENSMUSG00000114686,0.001,62.31581250733508,1.0,0.001,0.001,0.001931157732611198,0.36765291809981715,100,100
ENSMUSG00000114687,2.9899745501437103,140.49269657020136,1716.398984620367,2.109713801346034,3.4821898947694696,10.695629670219727,26.247905958857167,100,100
ENSMUSG00000114688,0.001,62.31581250733508,1.0,0.001,0.001,0.0015263170876451285,0.1303459022765617,100,100
ENSMUSG00000114689,0.001,62.31581250733508,1.0,0.001,0.001,0.0018714884224221356,0.29450549772539386,100,100
ENSMUSG00000114691,0.001,62.31581250733508,1.0,0.001,0.001,0.001348509686811743,0.20129883430284445,100,100
ENSMUSG00000114693,0.001,62.31581250733508,1.0,0.001,0.001,0.0018914893198376703,0.14460781057290936,100,100
ENSMUSG00000114694,0.001,62.31581250733508,1.0,0.001,0.001,0.0019037267346141144,0.07613946302735405,100,100
ENSMUSG00000114696,13.458358313010637,999.9893767804865,1.0045981735124592,0.001,23.013317677610793,0.001,0.01696615543304867,100,100
ENSMUSG00000114707,0.0032536967352315435,9.909234870052073,24.344671259044485,0.001,0.043856134173923256,0.001581440046429974,25.988617859954307,100,100
ENSMUSG00000114708,19.608680664462504,755.5043866664352,1.0049804783230096,0.001,33.86170894598422,0.001,0.00900311555069674,100,100
ENSMUSG00000114709,0.039593042259553374,19.577367277665562,10.351006541276865,0.001,21.198530997691623,0.0010020853797170878,3.7412319050783065,100,100
ENSMUSG00000114712,0.001,62.31581250733508,1.0,0.001,0.001,0.0016629065850080954,0.3593964089856141,100,100
ENSMUSG00000114714,0.001,62.31581250733508,1.0,0.001,0.001,0.0014548752087703964,0.3254691426779509,100,100
ENSMUSG00000114715,0.274471701491809,65.11353644473616,1.0,0.001,9.283023235147333,0.0010405437351412132,0.06894613059201517,100,100
ENSMUSG00000114719,0.001,66.84427540036525,1.0,0.001,0.001,0.0019047363822597447,0.13798910288102778,100,100
ENSMUSG00000114722,0.001,62.31581250733508,1.0,0.001,0.001,0.0015465513939162054,0.13668002347571095,100,100
ENSMUSG00000114723,0.001,62.31581250733508,1.0,0.001,0.0010000000000000005,0.0017602059506771973,0.20896924397945488,100,100
ENSMUSG00000114724,0.001,62.31581250733508,1.0,0.001,0.001,0.0018551359093925569,0.06110066288643608,100,100
ENSMUSG00000114732,0.001,62.31581250733508,1.0,0.001,0.001,0.0021262323418724163,0.3428623856963699,100,100
ENSMUSG00000114733,0.6294619607603209,6.181656993055479,4.097274113100967,0.001,1.1271203684418274,0.3497887363510645,836.9353788574175,100,100
ENSMUSG00000114736,0.001,60.80878088638715,1.0,0.001,0.001,0.0016335709315773933,0.38003161928726104,100,100
ENSMUSG00000114737,0.001,61.45463549419866,1.0,0.001,0.0010000000000000005,0.001885396583216633,0.22001440405641703,100,100
ENSMUSG00000114743,0.001,62.31581250733508,1.0,0.001,0.001,0.0014707077038185936,0.0761648984727896,100,100
ENSMUSG00000114749,0.001,62.31581250733508,1.0,0.001,0.001,0.0016076946538474755,0.12596724879809765,100,100
ENSMUSG00000114753,0.001,62.31581250733508,1.0,0.001,0.001,0.0017313916752024591,0.1773992290342178,100,100
ENSMUSG00000114754,0.001,62.31581250733508,1.0,0.001,0.001,0.0018536400903887609,0.25749663951299956,100,100
ENSMUSG00000114761,0.001,62.31581250733508,1.0,0.001,0.001,0.001799765127129429,0.09964200226879713,100,100
ENSMUSG00000114763,0.001,62.31581250733508,1.0,0.001,0.001,0.0017242712202131653,0.5644218703163905,100,100
ENSMUSG00000114765,0.001,62.31581250733508,1.0,0.001,0.001,0.0020952192714167417,0.1564660261548389,100,100
ENSMUSG00000114766,0.001,61.88525872635182,1.0,0.001,0.001,0.0015418725970298996,0.14289367112887774,100,100
ENSMUSG00000114771,0.0019570072092001457,5.020062603488665,39.25438625541086,0.001,0.02216398454211127,0.0020451366154373637,38.53136025411224,100,100
ENSMUSG00000114772,0.001,62.31581250733508,1.0,0.001,0.001,0.0017912919838825756,0.4303103352113592,100,100
ENSMUSG00000114781,0.001,62.31581250733508,1.0,0.001,0.001,0.0015661947738880727,0.1756021963305459,100,100
ENSMUSG00000114783,0.001,62.31581250733508,1.0,0.001,0.001,0.0016010321958525547,0.0816711894794227,100,100
ENSMUSG00000114785,0.001,62.31581250733508,1.0,0.001,0.001,0.0020560538798670308,0.18443206959171393,100,100
ENSMUSG00000114787,0.001,62.31581250733508,1.0,0.001,0.001,0.0016156012198160331,0.06861153693966432,100,100
ENSMUSG00000114788,0.08781943045166014,1.5099577848870178,1.347868964889488,0.03555383883011247,40.37946736811176,0.0012999681337915328,2.0266977239894386,100,100
ENSMUSG00000114791,0.001,62.31581250733508,1.0,0.001,0.0010000000000000009,0.0016179177779982303,0.3313748230553828,100,100
ENSMUSG00000114796,19.003198008337648,908.5866170534688,1.0206205308986651,0.001,31.1575638329479,0.0010000000000001067,0.008811007823163162,100,100
ENSMUSG00000114797,0.1614070193434602,0.32737555423428033,2.3930969605058423,0.025666255232910808,0.7112964172999074,1.0860679808590654,56.993633109169465,100,100
ENSMUSG00000114805,0.001,62.31581250733508,1.0,0.001,0.001,0.001675460045046629,0.2851964375167936,100,100
ENSMUSG00000114807,0.001,62.31581250733508,1.0,0.001,0.001,0.001519394078571629,0.43097057915546566,100,100
ENSMUSG00000114810,0.001,62.31581250733508,1.0,0.001,0.001,0.0016110379577283936,0.09202149676207666,100,100
ENSMUSG00000114812,0.09382261195350096,3.4415999754013287,2.5694586849144865,0.001,0.31237646864746993,0.16393551723989427,86.37749199458516,100,100
ENSMUSG00000114823,0.001,66.84427540036525,1.0,0.001,0.001,0.0018059576938286403,0.27612778472745614,100,100
ENSMUSG00000114827,0.07239299919378475,5.240118276420654,3.0876185280381145,0.001,26.744202327663423,0.0010099018105869972,2.6037873928494273,100,100
ENSMUSG00000114828,0.001,62.31581250733508,1.0,0.001,0.0010000000000000009,0.0018714494803971022,0.2692844768213842,100,100
ENSMUSG00000114829,1.2942464081253242,312.7073817864961,1.0,0.001,11.802277815278035,0.0010614484417732968,0.04495152084378492,100,100
ENSMUSG00000114834,0.001,62.31581250733508,1.0,0.001,0.001,0.001715858271631717,0.16762988311839067,100,100
ENSMUSG00000114835,1.4264657657904025,341.6272039188167,1.0,0.001,11.85462251123884,0.001,0.05115568315439806,100,100
ENSMUSG00000114836,0.001,62.31581250733508,1.0,0.001,0.0010000000000000005,0.0022362144118581303,0.1412318592945829,100,100
ENSMUSG00000114842,0.01087041646203229,19.605021998064938,22.346296474118986,0.001,3.541812136445225,0.0015856355273376694,16.389612689641517,100,100
ENSMUSG00000114843,0.001,66.84427540036525,1.0,0.001,0.001,0.001689695268852712,0.14395474480492285,100,100
ENSMUSG00000114851,2.8043454615252004,678.1527302530274,1.0,0.001,12.156307125901279,0.0010000000000000005,0.09356736486314868,100,100
ENSMUSG00000114857,0.001,62.31581250733508,1.0,0.001,0.001,0.001520199786116757,0.17868310618066774,100,100
ENSMUSG00000114858,0.001,62.31581250733508,1.0,0.001,0.001,0.0015664852204553084,0.24232841085052825,100,100
ENSMUSG00000114863,0.001,62.31581250733508,1.0,0.001,0.001,0.0018508992801426107,0.20524401905580952,100,100
ENSMUSG00000114865,0.001,62.31581250733508,1.0,0.001,0.001,0.0018526153995961382,0.270219501065845,100,100
ENSMUSG00000114869,0.001,61.674132606755,1.0,0.001,0.0010000000000000005,0.0012715802236719978,0.16161222860798785,100,100
ENSMUSG00000114870,0.001,66.84427540036525,1.0,0.001,0.001,0.001447382284987563,0.32199558999342065,100,100
ENSMUSG00000114875,0.001,62.31581250733508,1.0,0.001,0.001,0.0016366378852749534,0.20711115469468028,100,100
ENSMUSG00000114880,4.620970212348796,564.9140061062611,1.0057509294008962,0.001,12.38080528816888,0.0010000003885425306,0.04850323430608738,100,100
ENSMUSG00000114883,0.001,66.84427540036525,1.0,0.001,0.001,0.0016366141926953627,0.7080454641815133,100,100
ENSMUSG00000114888,0.001,62.31581250733508,1.0,0.001,0.001,0.0016532804552925324,0.07962352565743355,100,100
ENSMUSG00000114891,0.001,62.31581250733508,1.0,0.001,0.001,0.0016746063336758384,0.06919714898567823,100,100
ENSMUSG00000114892,0.001,62.31581250733508,1.0,0.001,0.001,0.001555995566294043,0.06875076134384833,100,100
ENSMUSG00000114893,0.001,62.31581250733508,1.0,0.001,0.001,0.001977489181719574,0.06567875654940482,100,100
ENSMUSG00000114898,0.001,62.31581250733508,1.0,0.001,0.001,0.0025500629125011737,0.1159868509245366,100,100
ENSMUSG00000114900,0.001,62.31581250733508,1.0,0.001,0.001,0.0018337790133764534,0.08357506283657934,100,100
ENSMUSG00000114902,0.11799525503919298,1.1822038501166139,1.918912456759874,0.001,0.3946630402158036,0.3993872774854236,212.47824381052533,100,100
ENSMUSG00000114903,0.001,62.31581250733508,1.0,0.001,0.001,0.0016427216817928715,0.16963185915033385,100,100
ENSMUSG00000114907,0.013329662045230749,21.227710583977114,32.77690299757416,0.001,2.6899016074377813,0.0018883097968589767,25.70659085701845,100,100
ENSMUSG00000114911,0.001,62.31581250733508,1.0,0.001,0.001,0.0015247358793201327,0.3672777295949814,100,100
ENSMUSG00000114917,8.256435827439882,654.5086353248569,1.0,0.001,21.383308820043304,0.001,0.03103916830976218,100,100
ENSMUSG00000114921,0.001,62.31581250733508,1.0,0.001,0.001,0.0016603267690582266,0.40437798970540295,100,100
ENSMUSG00000114922,0.001,62.31581250733508,1.0,0.001,0.001,0.0016089621949741827,0.603034746583933,100,100
ENSMUSG00000114923,0.001,62.31581250733508,1.0,0.001,0.001,0.0022127276518942238,0.2364035153073628,100,100
ENSMUSG00000114929,0.001,62.31581250733508,1.0,0.001,0.001,0.0017301864412080706,0.07261051173775684,100,100
ENSMUSG00000114931,0.001,60.80878088638715,1.0,0.001,0.001,0.0016256830892366575,0.22135895649779966,100,100
ENSMUSG00000114932,17.081511503795344,536.3288608855052,1.0,1.1167372988926552,42.37440010228316,0.0010120509935437041,0.01004419892578111,100,100
ENSMUSG00000114934,3.9250524344960955,468.1551473387566,1.0,0.001,13.711042310288079,0.0010000404432209352,0.028844115903979544,100,100
ENSMUSG00000114935,0.004995451108202253,9.751585036383775,39.620237917364335,0.001,4.1857016965946805,0.001408662638676564,52.984004934005874,100,100
ENSMUSG00000114936,1.3852081881343388,321.45383095684684,1.0,0.001,5.612163586178253,0.0012749386750636003,0.054033278635330785,100,100
ENSMUSG00000114937,0.001,62.31581250733508,1.0,0.001,0.001,0.0016796571413942485,0.2088292591483704,100,100
ENSMUSG00000114939,0.001,62.31581250733508,1.0,0.001,0.001,0.0016722351662757,0.19638590337467884,100,100
ENSMUSG00000114942,0.001,62.31581250733508,1.0,0.001,0.001,0.0014344918592251832,0.2135441541697388,100,100
ENSMUSG00000114945,0.001,62.31581250733508,1.0,0.001,0.001,0.0015262113777285628,0.11343190931756819,100,100
ENSMUSG00000114951,0.001,56.71823759891341,1.0,0.001,0.001,0.001731056304190457,0.1728664132392715,100,100
ENSMUSG00000114963,0.001,62.31581250733508,1.0,0.001,0.001,0.0014555834064248097,0.37273368786982497,100,100
ENSMUSG00000114964,0.001,66.84427540036525,1.0,0.001,0.001,0.0016363407339322952,0.24285955052530783,100,100
ENSMUSG00000114968,0.001,62.31581250733508,1.0,0.001,0.001,0.0014938431970426247,0.27586709284548794,100,100
ENSMUSG00000114972,0.001,62.31581250733508,1.0,0.001,0.001,0.0019751889787835964,0.4820660810997911,100,100
ENSMUSG00000114980,0.001,62.31581250733508,1.0,0.001,0.001,0.0016459548045105231,0.11229678517109071,100,100
ENSMUSG00000114981,0.001,62.31581250733508,1.0,0.001,0.001,0.0015982690453084807,0.216667704668978,100,100
ENSMUSG00000114988,0.001,66.84427540036525,1.0,0.001,0.0010000000000000005,0.00217732905707021,0.48658793717306326,100,100
ENSMUSG00000114994,0.001,66.84427540036525,1.0,0.001,0.001,0.002583068832422394,0.19456778313336454,100,100
ENSMUSG00000114995,0.4464093536800795,17.29805121517285,2.135212202950052,0.03818877649275642,52.57731756446267,0.0011093985566200215,0.8568778107826249,100,100
ENSMUSG00000114996,0.001,58.8711705984019,1.0,0.001,0.001,0.0014734028828339678,0.2217719229061249,100,100
ENSMUSG00000114999,0.001,59.32355257794531,1.0,0.001,0.001,0.0016403686645716055,0.06483073335184009,100,100
ENSMUSG00000115002,3.337908053227676,387.4080905725888,1.0,0.001,16.397888152044864,0.0010104022079555652,0.021153588110734714,100,100
ENSMUSG00000115003,0.001,61.88525872635182,1.0,0.001,0.0010000000000000009,0.0015604368011554253,0.17069818586904512,100,100
ENSMUSG00000115007,0.13028943004718596,13.352644633873554,6.451434615138363,0.001,5.218148336173844,0.003476518065808791,22.198573566626884,100,100
ENSMUSG00000115009,0.07288710861954852,24.561852575993505,37.936945392926646,0.001,0.2843981730132396,0.26129279643813613,146.74730785789345,100,100
ENSMUSG00000115015,2.684773051267332,649.196933434762,1.0,0.001,8.302737628416367,0.001,0.056198751303653045,100,100
ENSMUSG00000115016,0.012355328571712372,6.909052379397825,85.87353211330505,0.001,0.036848013099389315,0.39389746378945123,238.78635629984865,100,100
ENSMUSG00000115017,24.608334251307184,926.3871060896319,1.0,1.4829921448904848,40.10813269666827,0.0010000000000269778,0.008438875904957854,100,100
ENSMUSG00000115024,0.001,62.31581250733508,1.0,0.001,0.001,0.0017175640288213205,0.05901848922281544,100,100
ENSMUSG00000115025,2.684773051267332,649.196933434762,1.0,0.001,11.210284133629994,0.0010000000000605956,0.050009437757228825,100,100
ENSMUSG00000115026,0.001,60.60768216058454,1.0,0.001,0.001,0.001475119608226035,0.16420984614190148,100,100
ENSMUSG00000115028,0.001,66.84427540036525,1.0,0.001,0.001,0.001540129994656597,0.1976267343181769,100,100
ENSMUSG00000115037,0.001,62.31581250733508,1.0,0.001,0.001,0.0018015028115388198,0.20874453488413108,100,100
ENSMUSG00000115039,0.001,62.31581250733508,1.0,0.001,0.001,0.0017892219069442629,0.16931120486780513,100,100
ENSMUSG00000115040,0.27213439610239265,65.36421030425801,1.0,0.001,8.292030931259998,0.0010012909349515445,0.057848162434148906,100,100
ENSMUSG00000115041,0.001,66.84427540036525,1.0,0.001,0.0010000000000000005,0.0018230458270400997,0.09879591359778439,100,100
ENSMUSG00000115044,0.001,61.674132606755,1.0,0.001,0.001,0.002238498569563997,0.17248321276231193,100,100
ENSMUSG00000115049,0.08734688404955629,18.931186999327338,6.268816861943045,0.001,23.070107534834158,0.001067707377510375,2.235203267926603,100,100
ENSMUSG00000115062,0.001,62.31581250733508,1.0,0.001,0.001,0.0019120058698700293,0.4101974167862986,100,100
ENSMUSG00000115064,0.001,62.31581250733508,1.0,0.001,0.001,0.0015519703612091687,0.19010219169499798,100,100
ENSMUSG00000115069,0.03945721701567688,18.280602095072233,15.794463756836757,0.001,9.399562603464826,0.0013111941391407722,40.173217303312626,100,100
ENSMUSG00000115070,4.388231688158695,1000.0,1.0,0.001,8.778388885863485,0.0010000000097256352,0.1042342960121029,100,100
ENSMUSG00000115071,0.001,62.31581250733508,1.0,0.001,0.001,0.0016031716564916731,0.5723756939876227,100,100
ENSMUSG00000115082,0.001,62.31581250733508,1.0,0.001,0.001,0.001516437024711264,0.17784946575759697,100,100
ENSMUSG00000115087,0.001,62.31581250733508,1.0,0.001,0.001,0.001702904825458422,0.19843297315887798,100,100
ENSMUSG00000115090,1.618864577899538,432.24481884438677,1.1086793463881914,0.001,8.336708488817743,0.001,0.12712516676881774,100,100
ENSMUSG00000115092,21.013566926991118,999.7643305679202,1.0,0.001,25.181825704043717,0.001000000000013954,0.008981404637564487,100,100
ENSMUSG00000115095,0.001,62.31581250733508,1.0,0.001,0.0010000000000000005,0.00197579316177999,0.16472387416369816,100,100
ENSMUSG00000115096,0.001,62.31581250733508,1.0,0.001,0.001,0.001780136755357258,0.1646279978698838,100,100
ENSMUSG00000115099,21.197062262797115,999.9920899815203,1.0,0.04679672003563193,28.17938769646495,0.001000000000002164,0.012289558671506022,100,100
ENSMUSG00000115100,0.08205721091899762,24.13783644413008,18.62911961164323,0.0181133719530902,34.12331144014709,0.0011279805593205155,3.134665769881857,100,100
ENSMUSG00000115102,2.961200185399535,721.6290393901162,1.0064427689282454,0.001,8.16543700059436,0.0010000000001196482,0.08697783435269626,100,100
ENSMUSG00000115107,0.001,62.31581250733508,1.0,0.001,0.001,0.0019681261970441364,0.623826354281164,100,100
ENSMUSG00000115108,0.001,62.31581250733508,1.0,0.001,0.001,0.0015948824867980053,0.37016072114403764,100,100
ENSMUSG00000115109,0.001,62.31581250733508,1.0,0.001,0.001,0.001645381982493917,0.10013455321450343,100,100
ENSMUSG00000115111,0.001,62.31581250733508,1.0,0.001,0.0010000000000000005,0.0014441629796584283,0.11494662329528496,100,100
ENSMUSG00000115116,0.001,62.31581250733508,1.0,0.001,0.001,0.0019694556252881916,0.2856816514024435,100,100
ENSMUSG00000115124,1.4794348014843814,357.52131026778807,1.0,0.001,6.225857363911826,0.0011771363517172437,0.06694863703852455,100,100
ENSMUSG00000115127,0.001,62.31581250733508,1.0,0.001,0.0010000000000000005,0.002126061859485702,0.12317173297067818,100,100
ENSMUSG00000115138,0.0021532489705895683,5.797962551782091,32.018833428702656,0.001,0.0790886026906461,0.0020017103830286785,39.525791219191106,100,100
ENSMUSG00000115140,6.56204315903611,807.1396181697452,1.0216727910819863,0.001,15.385710987380579,0.0010000000000095124,0.010265183004425284,100,100
ENSMUSG00000115141,0.001,62.31581250733508,1.0,0.001,0.0010000000000000009,0.0015492530348747919,0.17188003328170043,100,100
ENSMUSG00000115144,2.8043454615252004,678.1527302530274,1.0,0.001,7.071013601443674,0.001046218705986072,0.022602287744265898,100,100
ENSMUSG00000115145,0.2828452005369915,17.57693505739724,2.9304424243413805,0.043641727083493245,48.18659610808706,0.0010506529017045411,0.6436965161082047,100,100
ENSMUSG00000115148,0.001,62.31581250733508,1.0,0.001,0.001,0.0016469347308965322,0.3870653807277171,100,100
ENSMUSG00000115149,0.001,0.01656567091601457,1.988159159178035,0.001,0.1526292437067194,0.0331855750488251,148.53965745398824,100,100
ENSMUSG00000115151,0.11384618112645052,26.95183298160442,1.0,0.001,12.365184926512018,0.0010005925851858904,0.044561396803772496,100,100
ENSMUSG00000115153,0.001,66.84427540036525,1.0,0.001,0.001,0.0016023260071107686,0.07891718943527534,100,100
ENSMUSG00000115154,0.001,62.31581250733508,1.0,0.001,0.001,0.0016208069270921507,0.2504255169755765,100,100
ENSMUSG00000115157,0.001,62.31581250733508,1.0,0.001,0.001,0.0020012467895474317,0.3924546531154211,100,100
ENSMUSG00000115161,4.146906333238779,999.9999999237627,1.0,0.001,7.9883692347450745,0.001005534165144518,0.06808467107045872,100,100
ENSMUSG00000115163,0.001,62.31581250733508,1.0,0.001,0.001,0.0016561280914117044,0.23647860533557136,100,100
ENSMUSG00000115164,0.001,62.31581250733508,1.0,0.001,0.0010000000000000005,0.0019619126964966274,0.145717641048898,100,100
ENSMUSG00000115169,0.001,66.84427540036525,1.0,0.001,0.001,0.0015485846221600817,0.18382864054875914,100,100
ENSMUSG00000115170,0.001,66.84427540036525,1.0,0.001,0.001,0.0018456558959591524,0.1832401728490008,100,100
ENSMUSG00000115172,0.03877382418937421,20.149180578335663,10.742111305710983,0.001,12.26099342292853,0.0010238114553370841,6.853020441863336,100,100
ENSMUSG00000115178,0.001,62.31581250733508,1.0,0.001,0.001,0.0017558996491982212,0.2604070721993734,100,100
ENSMUSG00000115183,0.001,62.31581250733508,1.0,0.001,0.0010000000000000009,0.0017131376534896279,0.20662621880075893,100,100
ENSMUSG00000115184,3.056214351663582,736.0513408990713,1.0,0.001,12.211042150257745,0.0010002823793940955,0.09405825944983967,100,100
ENSMUSG00000115186,0.001,62.31581250733508,1.0,0.001,0.001,0.0017224145349593683,0.12750943168038378,100,100
ENSMUSG00000115193,0.17062811218824375,1.338733195178416,1.0000008542086758,0.006681924789624667,2.1231745112528526,0.004821046749900755,1.1420875041710157,100,100
ENSMUSG00000115205,0.001977456279095943,0.001,27.019643499022003,0.001,33.42480272841493,0.238897238819131,27019.667190481407,100,100
ENSMUSG00000115206,0.001,62.31581250733508,1.0,0.001,0.001,0.0018052721522968532,0.21987101019830885,100,100
ENSMUSG00000115209,0.001,62.31581250733508,1.0,0.001,0.001,0.002152648391915884,0.1318382547893837,100,100
ENSMUSG00000115210,0.001,66.84427540036525,1.0,0.001,0.001,0.0016816112167489,0.22356847826230516,100,100
ENSMUSG00000115214,0.001,62.31581250733508,1.0,0.001,0.0010000000000000005,0.0019963516134419565,0.19755880009460713,100,100
ENSMUSG00000115219,0.7071635607218995,5.32264774854436,5.430075457788588,0.19483677962147916,1.7028800630473957,0.32747774989591694,6.668145842981539,100,100
ENSMUSG00000115220,0.05216475804903085,1.0576710059834753,2.7993739120481425,0.0011686114823036453,0.23577250954299328,0.3763415139257238,23.588908863537334,100,100
ENSMUSG00000115221,0.001,62.31581250733508,1.0,0.001,0.001,0.001929947227239913,0.15872097156396672,100,100
ENSMUSG00000115222,0.2704790704904384,9.489863086651921,5.683979909787869,0.041767445928166565,17.378059726326068,0.0068184838389572676,2.3332370447650215,100,100
ENSMUSG00000115224,0.001,62.31581250733508,1.0,0.001,0.001,0.0017976986643291658,0.1917679082407165,100,100
ENSMUSG00000115230,0.001,62.31581250733508,1.0,0.001,0.001,0.001632442936821575,0.12222715936853999,100,100
ENSMUSG00000115232,0.001,62.31581250733508,1.0,0.001,0.001,0.0022603734770171614,0.15687374619811068,100,100
ENSMUSG00000115240,0.001,61.674132606755,1.0,0.001,0.001,0.00168492393147573,1.1081455356099525,100,100
ENSMUSG00000115242,0.001,62.31581250733508,1.0,0.001,0.0010000000000000005,0.0017966998836691519,0.13773103119498656,100,100
ENSMUSG00000115246,0.001,62.31581250733508,1.0,0.001,0.001,0.0015237974953682164,0.11999027642789697,100,100
ENSMUSG00000115247,0.001,62.31581250733508,1.0,0.001,0.001,0.0019552725959251973,0.25818653191663987,100,100
ENSMUSG00000115249,0.3576957516326424,17.434273898764317,2.49726331138731,0.04897857222020869,47.81208333720791,0.0010965687605031566,0.6087342325005222,100,100
ENSMUSG00000115252,0.023072551815958055,20.375283075590563,14.82019638061592,0.001,15.503048773107249,0.0010000000034188629,10.211541466112411,100,100
ENSMUSG00000115270,0.001,61.674132606755,1.0,0.001,0.001,0.0017951244164880298,0.332612880693542,100,100
ENSMUSG00000115275,4.662474484625486,552.4613940731914,1.0,0.001,15.447003044209847,0.0010284228122781117,0.024181593652230115,100,100
ENSMUSG00000115276,0.23601601447897894,31.472890431864467,17.2303469522853,0.010396218991767393,0.8130337385776263,0.08998494512292712,6.546695663992125,100,100
ENSMUSG00000115278,1.457749481852015,407.6017385509011,1.170393506276041,0.001,12.487513425307291,0.0010000000000179934,0.06497810457118014,100,100
ENSMUSG00000115283,0.003234815616901195,9.843393267803918,25.064376218011514,0.001,0.05229899408812379,0.0018341202829160962,18.266064953672526,100,100
ENSMUSG00000115284,0.001,66.84427540036525,1.0,0.001,0.001,0.0016505994578453467,0.14638839040548599,100,100
ENSMUSG00000115289,0.001,61.45463549419866,1.0,0.001,0.001,0.0016166115975478988,0.6908470311576859,100,100
ENSMUSG00000115299,0.001,62.31581250733508,1.0,0.001,0.001,0.0016014748359232662,0.10998109934797827,100,100
ENSMUSG00000115301,0.001,61.45463549419866,1.0,0.001,0.001,0.0017690539728031055,0.16210273796004965,100,100
ENSMUSG00000115306,0.001,66.84427540036525,1.0,0.001,0.0010000000000000005,0.0016499298702401435,0.26398373737576036,100,100
ENSMUSG00000115307,3.587294459550871,865.3617848798796,1.0,0.001,9.804837727643534,0.0010007773620023227,0.05334952677309618,100,100
ENSMUSG00000115312,36.87211745267897,836.299469895257,1.0005924513254494,3.5476664821157486,59.723555271691644,0.0010277048209736007,0.00907197512658736,100,100
ENSMUSG00000115314,0.001,62.31581250733508,1.0,0.001,0.001,0.0014498126820464076,0.38808077231887217,100,100
ENSMUSG00000115316,0.001,62.31581250733508,1.0,0.001,0.001,0.0018415219407895442,0.21762174936017623,100,100
ENSMUSG00000115317,0.30184511865543684,3.4127955659579716,5.056905034656055,0.003175561652206701,0.6374691049281642,0.640679064195977,228.79629244966532,100,100
ENSMUSG00000115324,3.7254033398159994,793.2509358842082,1.0029936841279339,0.001,9.994669692450282,0.001025597486273132,0.017749609373772367,100,100
ENSMUSG00000115325,0.001,62.31581250733508,1.0,0.001,0.0010000000000000005,0.0017379597713983786,0.20875806163069655,100,100
ENSMUSG00000115328,0.001,62.31581250733508,1.0,0.001,0.001,0.0015575797017156126,0.2107070433970017,100,100
ENSMUSG00000115330,0.001,62.31581250733508,1.0,0.001,0.0010000000000000005,0.001857775279893345,0.058742215006759524,100,100
ENSMUSG00000115332,0.001,61.674132606755,1.0,0.001,0.001,0.0015723531883620396,0.2042764150414252,100,100
ENSMUSG00000115333,3.3119647849738665,787.757646340598,1.0,0.001,6.998936926486582,0.0010000601844742528,0.15532533639992543,100,100
ENSMUSG00000115335,0.001,62.31581250733508,1.0,0.001,0.001,0.0019047026708840552,0.4529700739064115,100,100
ENSMUSG00000115338,0.20811516606374095,9.64993216229983,50.6003144210334,0.001,0.3086067684505194,3.548297946013766,1128.149188923118,100,100
ENSMUSG00000115339,0.001,66.84427540036525,1.0,0.001,0.001,0.0014002364623589116,0.39504735009588077,100,100
ENSMUSG00000115340,0.010780905940603736,20.167186283702172,22.988083976178746,0.001,3.82484929665549,0.0015308359039136162,14.029073325862687,100,100
ENSMUSG00000115342,0.001,61.259704531272526,1.0,0.001,0.0010000000000000005,0.0016607652906281644,0.20850634248435312,100,100
ENSMUSG00000115344,0.001,61.88525872635182,1.0,0.001,0.001,0.0015860537406195475,0.15449909651154903,100,100
ENSMUSG00000115347,0.001,66.84427540036525,1.0,0.001,0.001,0.0014223899049754913,0.13267158228584866,100,100
ENSMUSG00000115355,0.001,61.674132606755,1.0,0.001,0.001,0.0016647947830244355,0.1750321679026972,100,100
ENSMUSG00000115356,0.001,62.31581250733508,1.0,0.001,0.001,0.0018485918852165079,0.07108991099838617,100,100
ENSMUSG00000115362,0.001,62.31581250733508,1.0,0.001,0.0010000000000000009,0.0014178553935142333,0.2549895596047702,100,100
ENSMUSG00000115363,0.001,62.31581250733508,1.0,0.001,0.001,0.0016598237512946766,0.1608133187444964,100,100
ENSMUSG00000115370,6.4702369660683265,759.7755015042685,1.0,0.001,20.47265323040904,0.0010000000000049576,0.01994509330881737,100,100
ENSMUSG00000115379,0.001,60.80878088638715,1.0,0.001,0.001,0.0015284382870068744,0.10402633919288026,100,100
ENSMUSG00000115381,12.043338899220815,707.0259093574043,1.0,0.001,24.253121750344448,0.001,0.008980200996481485,100,100
ENSMUSG00000115383,0.001,61.674132606755,1.0,0.001,0.001,0.0017343107900712011,0.05312241898418662,100,100
ENSMUSG00000115384,0.001,66.84427540036525,1.0,0.001,0.001,0.00207812050914101,0.18649214142397993,100,100
ENSMUSG00000115387,0.001,62.31581250733508,1.0,0.001,0.001,0.0021375825805012546,0.24946633614499852,100,100
ENSMUSG00000115388,0.001,61.88525872635182,1.0,0.001,0.0010000000000000009,0.0016225929413198835,0.13049792051172623,100,100
ENSMUSG00000115405,0.001,62.31581250733508,1.0,0.001,0.001,0.0015012909937782899,0.6212325928424962,100,100
ENSMUSG00000115407,0.001,62.31581250733508,1.0,0.001,0.001,0.0016553048118173389,0.3050081641810001,100,100
ENSMUSG00000115410,0.001,56.07238254938317,1.0,0.001,0.001,0.0020706187876412927,0.664196970555184,100,100
ENSMUSG00000115411,0.001,61.88525872635182,1.0,0.001,0.0010000000000000005,0.001633348391833092,0.22769382661493648,100,100
ENSMUSG00000115414,1.904987380173481,512.8252263426539,1.1354335991243487,0.001,6.482841938244689,0.00106894826653501,0.21276594757184777,100,100
ENSMUSG00000115417,0.001,59.52330063774062,1.0,0.001,0.001,0.0017565224654770418,0.504787566160924,100,100
ENSMUSG00000115431,0.001,42.93957609904187,1.0,0.001,0.001,0.002070379727988692,0.2180211711189486,100,100
ENSMUSG00000115433,0.001,66.84427540036525,1.0,0.001,0.001,0.0015278911840319546,0.1094551024670957,100,100
ENSMUSG00000115439,0.022527223389787472,21.709430216323106,24.17869423604098,0.001,6.533498889678298,0.0014626391214052894,43.6651094670132,100,100
ENSMUSG00000115450,0.001,62.31581250733508,1.0,0.001,0.001,0.0016815533860834253,0.15099999023212438,100,100
ENSMUSG00000115451,0.001,62.31581250733508,1.0,0.001,0.001,0.0016356949694654936,0.18781801225466505,100,100
ENSMUSG00000115454,0.001,66.84427540036525,1.0,0.001,0.001,0.0018102032742137513,0.28624515723444866,100,100
ENSMUSG00000115456,0.001,61.88525872635182,1.0,0.001,0.001,0.0014710939532413777,0.22378264661203806,100,100
ENSMUSG00000115457,0.001,38.63375559949078,1.0,0.001,0.001,0.0020979713944186008,0.23473067219306504,100,100
ENSMUSG00000115469,0.001,62.31581250733508,1.0,0.001,0.001,0.0018359447162751815,0.0757209915369392,100,100
ENSMUSG00000115480,0.06526832929165835,0.32541977386981324,1.4444539586513385,0.001,0.3414634047891691,0.5815512940409059,273.09534375559394,100,100
ENSMUSG00000115483,0.001,61.674132606755,1.0,0.001,0.001,0.0017500785911235051,0.22537607357291894,100,100
ENSMUSG00000115484,0.001,61.259704531272526,1.0,0.001,0.001,0.0017492542377495622,0.16303579630552434,100,100
ENSMUSG00000115493,0.001,62.31581250733508,1.0,0.001,0.0010000000000000005,0.0016743012324813731,0.14100140083709323,100,100
ENSMUSG00000115494,0.001,62.31581250733508,1.0,0.001,0.0010000000000000005,0.0017429780816670582,0.34193096005875356,100,100
ENSMUSG00000115503,4.785902447173648,999.8860790847901,1.0,0.001,9.360605144792917,0.0010000000000012566,0.04050850651225712,100,100
ENSMUSG00000115505,2.6377572555352073,258.83799034685086,1348.345016458057,2.0193647625663482,12.47023769634098,1.1074049897430625,9.001412305131511,100,100
ENSMUSG00000115512,8.372351638265355,1000.0,1.0,0.001,13.381873649238146,0.001,0.010988147712996114,100,100
ENSMUSG00000115518,0.001,61.88525872635182,1.0,0.001,0.001,0.0016785616873101518,0.27817741635987503,100,100
ENSMUSG00000115522,2.1505155831353595,560.8317307299595,1.0847189835481421,0.001,6.5764221823101785,0.0010223809980427884,0.051050957454059756,100,100
ENSMUSG00000115523,0.001,62.31581250733508,1.0,0.001,0.001,0.0014790298680412402,0.0824283019313045,100,100
ENSMUSG00000115525,0.001,61.88525872635182,1.0,0.001,0.001,0.0017222630831178957,0.2665772211274822,100,100
ENSMUSG00000115532,0.001,62.31581250733508,1.0,0.001,0.001,0.0018879671924292721,0.3324505661052598,100,100
ENSMUSG00000115537,2.3992539462854334,631.6350691373558,1.0917831779394422,0.001,8.301967697318787,0.0010000000000052337,0.11359026292396782,100,100
ENSMUSG00000115539,0.001,47.24541930748484,1.0,0.001,0.001,0.001861541902805834,0.2529455247743464,100,100
ENSMUSG00000115541,0.001,62.31581250733508,1.0,0.001,0.0010000000000000005,0.0018436278870333938,0.14362918601701524,100,100
ENSMUSG00000115543,0.051160105727890884,19.092733558186463,32.09535684985542,0.001,0.21942225976149798,0.08145145370171732,112.36824662922241,100,100
ENSMUSG00000115545,1.5172437438947775,363.64103982169183,1.0,0.001,8.277527994123146,0.001,0.16795353457728576,100,100
ENSMUSG00000115546,0.001,62.31581250733508,1.0,0.001,0.001,0.0017818686571200106,0.1796231714620431,100,100
ENSMUSG00000115553,0.001,62.31581250733508,1.0,0.001,0.001,0.0018435923360497065,0.2615507147466587,100,100
ENSMUSG00000115555,0.001,66.84427540036525,1.0,0.001,0.001,0.0018395618176121381,0.11102888279793965,100,100
ENSMUSG00000115560,0.001,62.31581250733508,1.0,0.001,0.001,0.0015050980403083284,0.4809131613209336,100,100
ENSMUSG00000115564,0.001,62.31581250733508,1.0,0.001,0.0010000000000000005,0.0017952162557737187,0.22318793083649416,100,100
ENSMUSG00000115568,8.296926765839343,999.9999999532419,1.0,0.001,19.916761294931007,0.0010000000000000306,0.05547734560654055,100,100
ENSMUSG00000115569,0.001,62.31581250733508,1.0,0.001,0.0010000000000000005,0.0018983498890600358,0.12046420723340585,100,100
ENSMUSG00000115570,0.001,62.31581250733508,1.0,0.001,0.001,0.0014793855925998227,0.1898797029718331,100,100
ENSMUSG00000115571,0.10042021436795572,18.239407260667925,5.9708729661874544,0.013448626111771673,24.019823127403527,0.0010000000000019824,1.293914362191122,100,100
ENSMUSG00000115575,0.001,62.31581250733508,1.0,0.001,0.0010000000000000009,0.0015700592817517339,0.16646922708902062,100,100
ENSMUSG00000115577,0.001,62.31581250733508,1.0,0.001,0.001,0.0015928953272052579,0.19287158508967162,100,100
ENSMUSG00000115580,0.001,62.31581250733508,1.0,0.001,0.001,0.0018648951296295992,0.15409799043198044,100,100
ENSMUSG00000115589,0.001,62.31581250733508,1.0,0.001,0.001,0.001956814531184582,0.1855389401959921,100,100
ENSMUSG00000115591,0.001,62.31581250733508,1.0,0.001,0.0010000000000000005,0.0020432376093760182,0.1309912522806159,100,100
ENSMUSG00000115592,0.001,62.31581250733508,1.0,0.001,0.001,0.0013819265489729093,0.18437220670995572,100,100
ENSMUSG00000115593,0.5589463582676405,139.38998167111998,1.1423196774714812,0.001,7.990610519626978,0.0010198611564082977,0.05443880425791958,100,100
ENSMUSG00000115595,0.001,62.31581250733508,1.0,0.001,0.001,0.0015516433205464062,0.15730667359389502,100,100
ENSMUSG00000115596,0.001,66.84427540036525,1.0,0.001,0.0010000000000000005,0.0016780479963953141,0.29821297484589626,100,100
ENSMUSG00000115600,0.001,62.31581250733508,1.0,0.001,0.001,0.0017968343536357931,0.1949095978671533,100,100
ENSMUSG00000115602,0.10747530980772758,13.081308158713254,9.842435758703772,0.001,24.30529061416737,0.001507429139515808,2.448227569235906,100,100
ENSMUSG00000115611,0.001,62.31581250733508,1.0,0.001,0.001,0.0017387615268558664,0.18237864107834534,100,100
ENSMUSG00000115615,0.001,66.84427540036525,1.0,0.001,0.001,0.0019825939157862614,1.083399628944027,100,100
ENSMUSG00000115617,0.001,62.31581250733508,1.0,0.001,0.001,0.0015868795805084074,0.21178460992703885,100,100
ENSMUSG00000115620,0.010868697656819188,19.924975526579313,22.72033101832394,0.001,4.244797207639522,0.0015878415113835908,9.369924127895569,100,100
ENSMUSG00000115624,0.001,61.45463549419866,1.0,0.001,0.001,0.001833774421643974,0.1530198733156934,100,100
ENSMUSG00000115632,0.001,61.88525872635182,1.0,0.001,0.0010000000000000005,0.0015285975555956303,0.19832556867155146,100,100
ENSMUSG00000115634,0.001,62.31581250733508,1.0,0.001,0.001,0.0016569024316823362,0.13721399862115158,100,100
ENSMUSG00000115635,0.001,62.31581250733508,1.0,0.001,0.001,0.0017964287835408345,0.3473998508395079,100,100
ENSMUSG00000115637,0.001,61.45463549419866,1.0,0.001,0.001,0.001669657208530079,0.2003908047727398,100,100
ENSMUSG00000115641,0.001,62.31581250733508,1.0,0.001,0.001,0.0014217277507813362,0.08515346218103922,100,100
ENSMUSG00000115643,0.001,61.674132606755,1.0,0.001,0.0010000000000000005,0.002224990851332389,0.2938838441441583,100,100
ENSMUSG00000115646,0.001,62.31581250733508,1.0,0.001,0.0010000000000000005,0.0017936048137759614,0.23699053244306167,100,100
ENSMUSG00000115647,0.001,61.674132606755,1.0,0.001,0.001,0.0015111963596970372,0.10513532878158739,100,100
ENSMUSG00000115649,0.001,62.31581250733508,1.0,0.001,0.0010000000000000005,0.0016411798408928742,0.12306521925248759,100,100
ENSMUSG00000115656,0.001,62.31581250733508,1.0,0.001,0.0010000000000000009,0.0017921096216826447,0.2747582677292678,100,100
ENSMUSG00000115665,0.001,61.45463549419866,1.0,0.001,0.0010000000000000002,0.001528747085735515,0.1456650453285905,100,100
ENSMUSG00000115667,0.001,61.674132606755,1.0,0.001,0.0010000000000000005,0.0016831297547911812,0.31539969999605716,100,100
ENSMUSG00000115678,3.3490881904583993,403.06877803941194,1.0,0.001,14.645869896017276,0.001,0.020251883347267234,100,100
ENSMUSG00000115680,0.02268984151228739,20.665549576760636,15.032051139730374,0.001,9.158458815422087,0.0011354704110435841,19.998137551569414,100,100
ENSMUSG00000115684,0.001,55.64789659794357,1.0,0.001,0.001,0.0018107041990818745,0.06905675029725014,100,100
ENSMUSG00000115685,0.001,59.94762576822368,1.0,0.001,0.0010000000000000005,0.0016432382472207293,0.31068468753430517,100,100
ENSMUSG00000115686,0.001,66.84427540036525,1.0,0.001,0.001,0.001650327357176208,0.16609510396459698,100,100
ENSMUSG00000115688,0.001,66.84427540036525,1.0,0.001,0.001,0.0014928023624280686,0.09047724790441833,100,100
ENSMUSG00000115691,0.08810781807653116,18.8255963368221,6.231843434420971,0.001,26.53002728961807,0.0010046668543752752,2.3717345455655856,100,100
ENSMUSG00000115693,0.001,61.674132606755,1.0,0.001,0.001,0.0016821786491171683,0.18497595360270042,100,100
ENSMUSG00000115699,0.001,62.31581250733508,1.0,0.001,0.001,0.0014311712608362187,0.2666440743603395,100,100
ENSMUSG00000115704,0.011373350969528304,18.597878793064538,21.23241537081971,0.001,4.339629721490017,0.0011633434671833279,14.972572693811177,100,100
ENSMUSG00000115710,0.001,61.024058264401226,1.0,0.001,0.0010000000000000005,0.0019355255360546672,0.3269381890796233,100,100
ENSMUSG00000115718,0.03635631828101585,19.742298331534712,25.23160339707276,0.001,4.8030001974722385,0.0018936599685656073,67.84407176902126,100,100
ENSMUSG00000115719,2.3992539462854334,631.6350691373558,1.0917831779394422,0.001,6.5606941896438595,0.0010677400558670293,0.07754694405295572,100,100
ENSMUSG00000115723,0.001,61.88525872635182,1.0,0.001,0.0010000000000000005,0.001906556417498245,0.1634921974300727,100,100
ENSMUSG00000115725,0.001,62.31581250733508,1.0,0.001,0.001,0.0018662369539129487,0.1383080171879827,100,100
ENSMUSG00000115726,0.001,62.31581250733508,1.0,0.001,0.001,0.0017553467889951844,0.3346165211745904,100,100
ENSMUSG00000115729,0.001,61.88525872635182,1.0,0.001,0.001,0.002005947868019888,0.1047363155327489,100,100
ENSMUSG00000115730,4.127706639331638,882.832429347546,1.0,0.001,8.754138865747224,0.0010619933940656703,0.07530189110438801,100,100
ENSMUSG00000115736,0.001,61.88525872635182,1.0,0.001,0.0010000000000000007,0.0019149764934922472,0.08583279371090521,100,100
ENSMUSG00000115737,0.001,62.31581250733508,1.0,0.001,0.001,0.0017736225760090463,0.8233151997179529,100,100
ENSMUSG00000115743,0.001,61.88525872635182,1.0,0.001,0.001,0.001591718115151615,0.1225742911899648,100,100
ENSMUSG00000115745,0.001,62.31581250733508,1.0,0.001,0.0010000000000000005,0.0017112680440160043,0.15528276973389105,100,100
ENSMUSG00000115746,0.001,61.88525872635182,1.0,0.001,0.0010000000000000005,0.0016479356876636056,0.24411549180580933,100,100
ENSMUSG00000115752,19.058525593688795,639.3083737293991,1.0,0.6682911883520657,43.398574522928456,0.0010000000000150039,0.008405975228801446,100,100
ENSMUSG00000115754,0.001,62.31581250733508,1.0,0.001,0.001,0.0014338149592964355,0.1565398497287901,100,100
ENSMUSG00000115759,0.001,62.31581250733508,1.0,0.001,0.001,0.002004502099144022,0.23593864436012402,100,100
ENSMUSG00000115760,0.001,62.31581250733508,1.0,0.001,0.0010000000000000005,0.0020242080534744224,0.45543196428955834,100,100
ENSMUSG00000115762,0.022978833802872363,20.501084118640158,14.909707620741933,0.001,16.58100706118353,0.001017281560173399,11.592054886195802,100,100
ENSMUSG00000115767,0.20060886183742915,45.44492945152168,1.0,0.001,9.013993506789447,0.0010000000000037743,0.05605599505120096,100,100
ENSMUSG00000115771,2.9086518221368247,344.1721982655907,1.0,0.001,14.990275607774908,0.001,0.010737902021409666,100,100
ENSMUSG00000115773,0.001,62.31581250733508,1.0,0.001,0.001,0.0016463944350531797,0.1754865422061045,100,100
ENSMUSG00000115779,0.13402344902764995,32.28438078646165,1.0,0.001,7.463536893251274,0.001009283640780813,0.07353711105774717,100,100
ENSMUSG00000115783,0.001,34.543229769843535,1.0,0.001,0.001,0.002516085747757796,0.5351537935765751,100,100
ENSMUSG00000115787,0.001,62.31581250733508,1.0,0.001,0.001,0.0016456149080776856,0.10157339075355581,100,100
ENSMUSG00000115789,0.001,61.45463549419866,1.0,0.001,0.001,0.0016435602376640424,0.2957975398592,100,100
ENSMUSG00000115793,0.001,62.31581250733508,1.0,0.001,0.0010000000000000005,0.0016876516544471788,0.0885996041333281,100,100
ENSMUSG00000115796,0.001,62.31581250733508,1.0,0.001,0.001,0.0016727770707473141,0.25545321440413205,100,100
ENSMUSG00000115802,4.175243469166108,503.8680223074856,1.0025928057731441,0.001,16.581242734488914,0.0010001131505191414,0.08862383183935733,100,100
ENSMUSG00000115806,0.001,62.31581250733508,1.0,0.001,0.0010000000000000009,0.001775962867577741,0.2932283661316048,100,100
ENSMUSG00000115808,0.001,61.259704531272526,1.0,0.001,0.001,0.0014353103131811435,0.15498541391760973,100,100
ENSMUSG00000115810,0.12525663950779736,26.936810128576912,25.170607463551654,0.0029137010459545317,0.3835471506910065,0.08428624269379817,26.932676487809523,100,100
ENSMUSG00000115811,0.001,62.31581250733508,1.0,0.001,0.001,0.0017437098571026577,0.3023228678376442,100,100
ENSMUSG00000115812,0.001,62.31581250733508,1.0,0.001,0.0010000000000000002,0.0020775192345711107,0.06757104129432574,100,100
ENSMUSG00000115813,0.001,61.88525872635182,1.0,0.001,0.001,0.001867231048466813,0.4438258372004815,100,100
ENSMUSG00000115816,0.001,62.31581250733508,1.0,0.001,0.001,0.0017418744170176867,0.15711045664430234,100,100
ENSMUSG00000115817,0.002190377272485905,11.67361533406478,63.47116752675672,0.001,0.06980921024374778,0.0029033817962634415,33.719788662266765,100,100
ENSMUSG00000115823,0.001,62.31581250733508,1.0,0.001,0.001,0.0018348609004119171,0.38460173653217744,100,100
ENSMUSG00000115829,0.001,66.84427540036525,1.0,0.001,0.001,0.0014813116241414587,0.20756878000545637,100,100
ENSMUSG00000115831,0.001,62.31581250733508,1.0,0.001,0.0010000000000000009,0.0017144497090754687,0.2403027337289077,100,100
ENSMUSG00000115833,0.001,62.31581250733508,1.0,0.001,0.001,0.001525187867789518,0.34443598822631966,100,100
ENSMUSG00000115834,0.001,66.84427540036525,1.0,0.001,0.001,0.0017691343015911291,0.15428999036387628,100,100
ENSMUSG00000115837,0.001,60.60768216058454,1.0,0.001,0.001,0.0016687447085686781,0.259707224447465,100,100
ENSMUSG00000115841,0.1954991724339526,4.520722291092542,1.976377626238806,0.04907661000128986,33.04729340113984,0.0017559746532469318,1.51992131934097,100,100
ENSMUSG00000115842,0.001,62.31581250733508,1.0,0.001,0.001,0.0021242744352089216,0.15253512618226978,100,100
ENSMUSG00000115845,0.001,61.88525872635182,1.0,0.001,0.001,0.001680052260423663,0.1312034440394566,100,100
ENSMUSG00000115848,0.001,62.31581250733508,1.0,0.001,0.0010000000000000005,0.0014942449382475981,0.19149340773307622,100,100
ENSMUSG00000115850,0.001,66.84427540036525,1.0,0.001,0.001,0.0016414980018533123,0.21375352618760113,100,100
